1 6628.649 6771.866 6750.92 6759.178 6875.375 6865.106
2 7134.303 7259.139 7245.509 7270.767 7377.719 7355.393
3 6686.514 6754.549 6792.637 6870.751 6939.574 6963.582
4 6669.631 6830.96 6815.693 6838.142 6947.276 6931.871
5 6599.966 6752.325 6732.031 6772.244 6824.633 6811.674
6 6852.7 6951.08 6963.042 6992.51 7033.277 7047.514
7 7054.656 7168.338 7126.327 7230.92 7295.331 7276.551
8 6746.417 6841.345 6857.521 6902.044 6953.636 6966.156
9 6583.685 6710.051 6685.377 6708.834 6792.637 6791.218
10 6862.764 6984.613 6975.44 6961.27 7069.215 7051.152
11 6913.142 7031.068 7041.711 7077.478 7152.506 7146.6
12 7111.431 7235.319 7230 7213.175 7341.571 7309.508
13 7157.826 7210.038 7226.53 7334.412 7370.038 7377.872
14 6589.119 6715.895 6730.645 6829.483 6833.855 6836.108
15 6873.449 6975.524 6968.646 7008.98 7085.88 7081.289
16 7117.503 7179.828 7204.143 7215.184 7270.602 7290.313
17 7169.909 7263.951 7259.463 7238.009 7351.995 7323.729
18 6734.915 6872.881 6834.472 6837.641 6933.212 6907.908
19 6949.022 7065.14 7055.607 7072.611 7165.608 7156.91
20 6838.282 6950.318 6950.71 6911.056 6997.132 7014.29
21 6758.584 6845.219 6852.652 6960.606 7000.421 7003.338
22 6607.702 6717.336 6737.218 6793.907 6833.671 6857.084
23 7178.918 7266.901 7248.492 7297.684 7389.99 7379.203
24 6799.101 6915.781 6926.127 6887.66 6985.156 7003.708
25 6675.684 6807.667 6780.591 6798.458 6900.713 6877.359
26 6625.071 6733.544 6716.998 6745.51 6825.958 6800.267
27 6438.414 6548.384 6550.164 6570.682 6670.177 6676.29
28 6624.679 6723.52 6723.327 6719.716 6820.861 6801.298
29 7245.867 7331.706 7348.732 7457.278 7508.789 7518.784
30 6945.889 7061.473 7059.821 7057.49 7117.562 7122.001
31 7074.631 7195.964 7158.243 7176.712 7289.236 7255.019
32 7055.637 7148.376 7159.519 7263.996 7343.328 7331.601
33 6845.526 6947.388 6936.461 7003.676 7088.901 7073.908
34 6670.836 6838.776 6818.417 6878.64 7005.773 6959.136
35 6933.922 7048.41 7037.818 7143.072 7127.05 7128.962
36 6782.648 6884.345 6861.535 6917.19 7016.936 6999.307
37 6993.017 7091.335 7077.5 7159.193 7226.54 7207.816
38 6789.981 6889.112 6904.7 6841.273 6951.897 6938.642
39 6931.011 7057.372 7038.768 6983.704 7091.164 7078.809
40 6902.411 6998.508 7028.395 7073.887 7136.229 7145.875
41 6862.501 6944.816 6953.274 6971.011 7047.054 7045.418
42 6927.659 7085.487 7089.922 7153.029 7188.716 7168.279
43 7436.53 7503.427 7499.435 7561.671 7593.117 7598.153
44 6951.91 7106.981 7063.317 7093.89 7215.168 7188.326
45 6801.709 6881.679 6849.13 6888.889 6968.205 6935.858
46 6737.313 6816.488 6830.902 6826.894 6904.358 6923.49
47 6727.543 6852.105 6833.533 6875.974 6978.305 6944.638
48 7346.08 7454.236 7448.615 7470.247 7539.554 7538.894
49 6498.518 6600.739 6650.377 6656.604 6736.486 6764.412
50 6864.263 6991.464 6970.458 7030.261 7113.014 7092.291
51 6421.483 6568.431 6567.889 6526.399 6633.461 6623.173
52 6716.592 6828.063 6844.335 6854.386 6927.484 6935.453
53 7136.543 7260.865 7228.282 7254.054 7355.086 7338.776
54 6798.05 6894.584 6924.543 6920.604 6989.188 7011.831
55 6759.638 6861.383 6841.787 6863.281 6965.667 6957.954
56 6669.236 6763.636 6732.479 6789.615 6878.467 6866.754
57 6820.004 6938.415 6913.907 6933.506 7009.895 6999.919
58 6958.059 7007.3 7021.07 7098.588 7141.255 7162.261
59 6570.681 6688.882 6654.96 6761.229 6812.221 6790.757
60 6899.718 7052.63 7027.403 7145.935 7209.479 7188.682
61 6505.683 6638.093 6640.987 6587.196 6694.494 6672.488
62 7065.616 7149.669 7125.32 7200.384 7277.434 7261.175
63 6675.657 6769.162 6778.849 6808.025 6892.629 6890.003
64 6440.979 6558.775 6559.419 6617.185 6716.893 6723.401
65 6739.178 6847.226 6846.44 6937.117 7015.589 7007.131
66 7279.034 7371.882 7369.484 7395.694 7464.82 7451.272
67 6760.56 6877.969 6868.88 6915.806 7002.371 6976.566
68 7163.837 7277.559 7263.935 7353.078 7442.478 7419.762
69 6844.781 6948.988 6926.024 6949.706 7066.243 7061.906
70 6811.228 6939.832 6922.289 6918.302 7051.393 7018.326
71 7127.473 7214.295 7231.375 7244.667 7302.765 7312.677
72 7129.468 7230.7 7202.391 7201.821 7286.84 7260.83
73 6606.242 6707.793 6700.718 6714.636 6804.34 6790.649
74 6947.32 7048.767 7047.286 7032.57 7116.478 7130.734
75 6867.666 6964.741 6954.677 6961.157 7025.743 7028.124
76 6920.275 7032.596 7031.439 7106.132 7202.189 7199.917
77 6646.391 6751.697 6765.824 6835.805 6858.095 6869.04
78 6539.953 6660.08 6680.498 6633.699 6718.045 6724.457
79 7085.278 7156.179 7159.496 7199.065 7261.536 7270.568
80 7012.183 7128.769 7124.142 7153.478 7264.778 7250.885
81 6867.091 6987.065 6977.03 7022.166 7097.498 7086.583
82 6820.683 6900.498 6917.631 7009.769 7074.3 7089.096
83 7179.091 7271.09 7261.264 7335.914 7414.627 7394.668
84 7323.794 7417.747 7404.556 7469.358 7553.975 7545.271
85 6835.333 6945.511 6944.201 7068.023 7143.554 7131.982
86 6387.55 6512.726 6519.516 6523.495 6609.926 6632.866
87 7083.269 7224.15 7195.811 7206.066 7293.636 7277.349
88 7056.867 7147.652 7173.443 7239.165 7312.869 7319.877
89 7226.554 7307.162 7313.259 7402.079 7477.85 7483.963
90 7171.228 7278.295 7256.07 7320.092 7423.507 7400.397
91 6714.366 6821.735 6824.015 6803.972 6882.591 6888.798
92 6632.021 6763.887 6739.245 6754.072 6855.608 6833.657
93 6904.84 6985.635 7000.695 7014.436 7075.193 7079.64
94 6321.306 6396.897 6421.109 6418.813 6578.737 6542.723
95 6536.583 6601.907 6602.483 6666.863 6737.192 6724.97
96 6895.512 6963.518 6964.489 7098.62 7153.508 7158.281
97 6735.005 6877.673 6861.428 6896.289 7019.64 7004.145
98 6762.754 6903.615 6858.705 6811.312 6938.804 6917.527
99 6928.797 7062.801 7060.885 7126.214 7222.445 7204.94
100 6616.194 6700.176 6728.871 6891.642 6931.838 6960.064
