1 6661.632 6801.551 6774.009 6792.161 6905.059 6888.194
2 7167.286 7288.824 7268.597 7303.75 7407.404 7378.481
3 6719.497 6784.234 6815.725 6903.734 6969.259 6986.67
4 6702.614 6860.645 6838.782 6871.125 6976.961 6954.96
5 6632.949 6782.01 6755.119 6805.227 6854.318 6834.762
6 6885.683 6980.765 6986.131 7025.493 7062.961 7070.602
7 7087.64 7198.023 7149.415 7263.903 7325.016 7299.639
8 6779.4 6871.03 6880.609 6935.027 6983.321 6989.244
9 6616.668 6739.735 6708.465 6741.817 6822.322 6814.307
10 6895.747 7014.298 6998.528 6994.253 7098.9 7074.24
11 6946.125 7060.752 7064.799 7110.461 7182.191 7169.688
12 7144.415 7265.004 7253.089 7246.159 7371.256 7332.597
13 7190.809 7239.723 7249.618 7367.395 7399.723 7400.96
14 6622.102 6745.58 6753.733 6862.466 6863.54 6859.197
15 6906.432 7005.209 6991.734 7041.963 7115.565 7104.377
16 7150.487 7209.513 7227.231 7248.168 7300.287 7313.401
17 7202.892 7293.636 7282.551 7270.992 7381.68 7346.818
18 6767.898 6902.566 6857.56 6870.624 6962.897 6930.996
19 6982.005 7094.825 7078.695 7105.594 7195.293 7179.998
20 6871.265 6980.003 6973.798 6944.039 7026.816 7037.378
21 6791.568 6874.904 6875.74 6993.589 7030.106 7026.426
22 6640.685 6747.021 6760.306 6826.89 6863.355 6880.172
23 7211.901 7296.586 7271.58 7330.667 7419.674 7402.291
24 6832.085 6945.465 6949.215 6920.643 7014.841 7026.796
25 6708.667 6837.352 6803.679 6831.441 6930.397 6900.447
26 6658.054 6763.229 6740.086 6778.494 6855.643 6823.355
27 6471.397 6578.069 6573.252 6603.665 6699.862 6699.378
28 6657.662 6753.205 6746.415 6752.699 6850.545 6824.386
29 7278.85 7361.391 7371.82 7490.261 7538.474 7541.872
30 6978.872 7091.158 7082.91 7090.473 7147.247 7145.089
31 7107.614 7225.649 7181.331 7209.695 7318.921 7278.107
32 7088.62 7178.06 7182.607 7296.98 7373.013 7354.689
33 6878.509 6977.073 6959.549 7036.659 7118.586 7096.996
34 6703.819 6868.461 6841.505 6911.623 7035.458 6982.225
35 6966.905 7078.095 7060.906 7176.055 7156.735 7152.05
36 6815.631 6914.03 6884.624 6950.173 7046.621 7022.395
37 7026 7121.02 7100.588 7192.176 7256.225 7230.904
38 6822.964 6918.797 6927.788 6874.256 6981.582 6961.73
39 6963.994 7087.057 7061.856 7016.688 7120.849 7101.897
40 6935.395 7028.192 7051.483 7106.87 7165.914 7168.963
41 6895.484 6974.501 6976.363 7003.994 7076.739 7068.506
42 6960.642 7115.172 7113.01 7186.012 7218.4 7191.367
43 7469.514 7533.112 7522.523 7594.654 7622.802 7621.242
44 6984.894 7136.666 7086.405 7126.873 7244.853 7211.415
45 6834.692 6911.364 6872.218 6921.872 6997.89 6958.946
46 6770.297 6846.173 6853.99 6859.877 6934.043 6946.578
47 6760.526 6881.79 6856.621 6908.957 7007.99 6967.726
48 7379.063 7483.921 7471.703 7503.23 7569.239 7561.982
49 6531.502 6630.424 6673.465 6689.588 6766.171 6787.5
50 6897.246 7021.149 6993.547 7063.244 7142.698 7115.379
51 6454.467 6598.115 6590.978 6559.382 6663.146 6646.262
52 6749.575 6857.748 6867.423 6887.369 6957.169 6958.541
53 7169.526 7290.55 7251.371 7287.037 7384.771 7361.864
54 6831.033 6924.269 6947.631 6953.587 7018.873 7034.919
55 6792.622 6891.068 6864.875 6896.264 6995.352 6981.043
56 6702.22 6793.321 6755.568 6822.598 6908.152 6889.842
57 6852.988 6968.1 6936.995 6966.489 7039.58 7023.007
58 6991.042 7036.985 7044.158 7131.571 7170.94 7185.349
59 6603.664 6718.567 6678.049 6794.213 6841.906 6813.846
60 6932.701 7082.315 7050.491 7178.918 7239.164 7211.77
61 6538.666 6667.778 6664.075 6620.18 6724.179 6695.576
62 7098.599 7179.354 7148.408 7233.368 7307.119 7284.263
63 6708.64 6798.847 6801.937 6841.008 6922.314 6913.091
64 6473.962 6588.46 6582.507 6650.169 6746.578 6746.49
65 6772.162 6876.911 6869.529 6970.1 7045.274 7030.219
66 7312.018 7401.567 7392.572 7428.677 7494.505 7474.36
67 6793.543 6907.654 6891.968 6948.789 7032.056 6999.655
68 7196.82 7307.244 7287.024 7386.061 7472.162 7442.85
69 6877.764 6978.673 6949.112 6982.689 7095.928 7084.994
70 6844.211 6969.517 6945.377 6951.285 7081.078 7041.414
71 7160.456 7243.98 7254.463 7277.65 7332.45 7335.766
72 7162.451 7260.385 7225.479 7234.804 7316.525 7283.918
73 6639.225 6737.478 6723.806 6747.619 6834.025 6813.737
74 6980.303 7078.452 7070.374 7065.553 7146.163 7153.822
75 6900.649 6994.426 6977.765 6994.14 7055.428 7051.212
76 6953.258 7062.281 7054.527 7139.116 7231.874 7223.005
77 6679.375 6781.382 6788.912 6868.788 6887.779 6892.128
78 6572.936 6689.765 6703.586 6666.682 6747.73 6747.546
79 7118.261 7185.864 7182.585 7232.048 7291.221 7293.656
80 7045.166 7158.453 7147.231 7186.461 7294.463 7273.973
81 6900.074 7016.75 7000.118 7055.15 7127.183 7109.672
82 6853.667 6930.183 6940.719 7042.752 7103.985 7112.184
83 7212.074 7300.775 7284.352 7368.897 7444.312 7417.756
84 7356.778 7447.432 7427.644 7502.341 7583.66 7568.359
85 6868.316 6975.196 6967.29 7101.006 7173.239 7155.071
86 6420.533 6542.411 6542.604 6556.478 6639.611 6655.954
87 7116.252 7253.835 7218.899 7239.049 7323.321 7300.437
88 7089.85 7177.337 7196.531 7272.148 7342.554 7342.965
89 7259.537 7336.846 7336.347 7435.062 7507.535 7507.051
90 7204.211 7307.98 7279.158 7353.076 7453.192 7423.485
91 6747.349 6851.42 6847.104 6836.956 6912.276 6911.886
92 6665.004 6793.571 6762.333 6787.055 6885.292 6856.745
93 6937.823 7015.32 7023.784 7047.419 7104.877 7102.728
94 6354.29 6426.582 6444.197 6451.796 6608.421 6565.811
95 6569.566 6631.592 6625.571 6699.846 6766.877 6748.058
96 6928.495 6993.203 6987.577 7131.604 7183.192 7181.369
97 6767.989 6907.357 6884.516 6929.272 7049.325 7027.233
98 6795.737 6933.3 6881.793 6844.295 6968.489 6940.615
99 6961.78 7092.486 7083.973 7159.197 7252.13 7228.028
100 6649.177 6729.861 6751.959 6924.625 6961.523 6983.153
