1 0.51
2 0.455
3 0.525
4 0.53
5 0.515
6 0.515
7 0.485
8 0.495
9 0.52
10 0.52
11 0.46
12 0.45
13 0.485
14 0.54
15 0.525
16 0.485
17 0.48
18 0.52
19 0.47
20 0.485
21 0.535
22 0.555
23 0.455
24 0.5
25 0.53
26 0.53
27 0.555
28 0.515
29 0.475
30 0.49
31 0.49
32 0.47
33 0.53
34 0.56
35 0.475
36 0.515
37 0.51
38 0.515
39 0.45
40 0.5
41 0.515
42 0.48
43 0.445
44 0.495
45 0.495
46 0.485
47 0.52
48 0.465
49 0.53
50 0.535
51 0.56
52 0.535
53 0.46
54 0.51
55 0.53
56 0.53
57 0.54
58 0.485
59 0.545
60 0.455
61 0.55
62 0.495
63 0.535
64 0.555
65 0.535
66 0.445
67 0.53
68 0.45
69 0.48
70 0.515
71 0.5
72 0.505
73 0.505
74 0.48
75 0.495
76 0.485
77 0.545
78 0.56
79 0.47
80 0.465
81 0.52
82 0.49
83 0.46
84 0.455
85 0.525
86 0.555
87 0.465
88 0.455
89 0.5
90 0.45
91 0.535
92 0.525
93 0.505
94 0.57
95 0.55
96 0.515
97 0.525
98 0.535
99 0.51
100 0.52
