1 1000 1000 437 1000 1000 761
2 1000 1000 748 1000 1000 683
3 1000 1000 1000 1000 1000 813
4 1000 1000 492 1000 1000 1000
5 1000 1000 1000 1000 1000 1000
6 1000 1000 706 1000 1000 686
7 1000 1000 1000 1000 1000 915
8 1000 1000 1000 1000 1000 104
9 1000 1000 897 1000 1000 870
10 1000 1000 342 1000 1000 490
11 1000 1000 484 1000 1000 632
12 1000 1000 228 1000 1000 401
13 1000 1000 1000 1000 1000 786
14 1000 1000 966 1000 1000 1000
15 1000 1000 756 1000 1000 1000
16 1000 1000 333 1000 1000 721
17 1000 1000 656 1000 1000 407
18 1000 1000 1000 1000 1000 1000
19 1000 1000 300 1000 1000 1000
20 1000 1000 833 1000 1000 223
21 1000 1000 482 1000 1000 596
22 1000 1000 1000 1000 1000 386
23 1000 1000 817 1000 1000 547
24 1000 1000 874 1000 1000 975
25 1000 1000 1000 1000 1000 889
26 1000 1000 538 1000 1000 1000
27 1000 1000 1000 1000 1000 758
28 1000 1000 466 1000 1000 774
29 1000 1000 711 1000 1000 736
30 1000 1000 460 1000 1000 1000
31 1000 1000 791 1000 1000 1000
32 1000 1000 742 1000 1000 1000
33 1000 1000 1000 1000 1000 676
34 1000 1000 894 1000 1000 218
35 1000 1000 714 1000 1000 1000
36 1000 1000 621 1000 1000 681
37 1000 1000 645 1000 1000 1000
38 1000 1000 919 1000 1000 802
39 1000 1000 493 1000 1000 774
40 1000 1000 960 1000 1000 909
41 1000 1000 1000 1000 1000 819
42 1000 1000 861 1000 1000 666
43 1000 1000 464 1000 1000 862
44 1000 1000 777 1000 1000 392
45 1000 1000 1000 1000 1000 1000
46 1000 1000 882 1000 1000 455
47 1000 1000 885 1000 1000 253
48 1000 1000 511 1000 1000 1000
49 1000 1000 709 1000 1000 901
50 1000 1000 898 1000 1000 574
51 1000 1000 314 1000 1000 303
52 1000 1000 822 1000 1000 185
53 1000 1000 107 1000 1000 930
54 1000 1000 600 1000 1000 815
55 1000 1000 565 1000 1000 330
56 1000 1000 588 1000 1000 924
57 1000 1000 755 1000 1000 1000
58 1000 1000 1000 1000 1000 1000
59 1000 1000 410 1000 1000 1000
60 1000 1000 891 1000 1000 391
61 1000 1000 1000 1000 1000 693
62 1000 1000 808 1000 1000 1000
63 1000 1000 1000 1000 1000 1000
64 1000 1000 287 1000 1000 968
65 1000 1000 322 1000 1000 1000
66 1000 1000 1000 1000 1000 741
67 1000 1000 1000 1000 1000 978
68 1000 1000 826 1000 1000 1000
69 1000 1000 280 1000 1000 633
70 1000 1000 1000 1000 1000 849
71 1000 1000 1000 1000 1000 1000
72 1000 1000 600 1000 1000 1000
73 1000 1000 605 1000 1000 679
74 1000 1000 259 1000 1000 609
75 1000 1000 196 1000 1000 1000
76 1000 1000 964 1000 1000 1000
77 1000 1000 438 1000 1000 1000
78 1000 1000 284 1000 1000 318
79 1000 1000 455 1000 1000 645
80 1000 1000 345 1000 1000 400
81 1000 1000 997 1000 1000 565
82 1000 1000 993 1000 1000 1000
83 1000 1000 987 1000 1000 1000
84 1000 1000 1000 1000 1000 1000
85 1000 1000 997 1000 1000 345
86 1000 1000 1000 1000 1000 1000
87 1000 1000 1000 1000 1000 1000
88 1000 1000 1000 1000 1000 690
89 1000 1000 623 1000 1000 452
90 1000 1000 1000 1000 1000 313
91 1000 1000 483 1000 1000 1000
92 1000 1000 673 1000 1000 580
93 1000 1000 1000 1000 1000 1000
94 1000 1000 1000 1000 496 404
95 1000 1000 1000 1000 1000 831
96 1000 1000 1000 1000 1000 847
97 1000 1000 156 1000 1000 809
98 1000 1000 179 1000 1000 1000
99 1000 1000 491 1000 1000 827
100 1000 1000 997 1000 1000 1000
