1 -3304.324 -3376.933 -3368.46 -3369.589 -3428.687 -3425.553
2 -3557.152 -3620.57 -3615.754 -3625.383 -3679.859 -3670.697
3 -3333.257 -3368.275 -3389.319 -3425.375 -3460.787 -3474.791
4 -3324.816 -3406.48 -3400.847 -3409.071 -3464.638 -3458.936
5 -3289.983 -3367.163 -3359.015 -3376.122 -3403.317 -3398.837
6 -3416.35 -3466.54 -3474.521 -3486.255 -3507.638 -3516.757
7 -3517.328 -3575.169 -3556.163 -3605.46 -3638.666 -3631.276
8 -3363.209 -3411.672 -3421.761 -3441.022 -3467.818 -3476.078
9 -3281.842 -3346.025 -3335.688 -3344.417 -3387.318 -3388.609
10 -3421.382 -3483.306 -3480.72 -3470.635 -3525.607 -3518.576
11 -3446.571 -3506.534 -3513.855 -3528.739 -3567.253 -3566.3
12 -3545.716 -3608.66 -3608 -3596.588 -3661.786 -3647.754
13 -3568.913 -3596.019 -3606.265 -3657.206 -3676.019 -3681.936
14 -3284.559 -3348.948 -3358.322 -3404.742 -3407.927 -3411.054
15 -3426.725 -3478.762 -3477.323 -3494.49 -3533.94 -3533.645
16 -3548.752 -3580.914 -3595.071 -3597.592 -3626.301 -3638.156
17 -3574.954 -3622.975 -3622.732 -3609.004 -3666.998 -3654.865
18 -3357.457 -3427.441 -3410.236 -3408.821 -3457.606 -3446.954
19 -3464.511 -3523.57 -3520.803 -3526.305 -3573.804 -3571.455
20 -3409.141 -3466.159 -3468.355 -3445.528 -3489.566 -3500.145
21 -3369.292 -3413.609 -3419.326 -3470.303 -3491.211 -3494.669
22 -3293.851 -3349.668 -3361.609 -3386.954 -3407.835 -3421.542
23 -3579.459 -3624.451 -3617.246 -3638.842 -3685.995 -3682.601
24 -3389.551 -3448.89 -3456.063 -3433.83 -3483.578 -3494.854
25 -3327.842 -3394.834 -3383.296 -3389.229 -3441.356 -3431.679
26 -3302.535 -3357.772 -3351.499 -3362.755 -3403.979 -3393.133
27 -3209.207 -3265.192 -3268.082 -3275.341 -3326.089 -3331.145
28 -3302.339 -3352.76 -3354.663 -3349.858 -3401.43 -3393.649
29 -3612.934 -3656.853 -3667.366 -3718.639 -3745.394 -3752.392
30 -3462.944 -3521.736 -3522.911 -3518.745 -3549.781 -3554
31 -3527.315 -3588.982 -3572.122 -3578.356 -3635.618 -3620.509
32 -3517.818 -3565.188 -3572.76 -3621.998 -3662.664 -3658.8
33 -3412.763 -3464.694 -3461.23 -3491.838 -3535.45 -3529.954
34 -3325.418 -3410.388 -3402.208 -3429.32 -3493.886 -3472.568
35 -3456.961 -3515.205 -3511.909 -3561.536 -3554.525 -3557.481
36 -3381.324 -3433.173 -3423.768 -3448.595 -3499.468 -3492.654
37 -3486.508 -3536.667 -3531.75 -3569.596 -3604.27 -3596.908
38 -3384.99 -3435.556 -3445.35 -3410.636 -3466.949 -3462.321
39 -3455.506 -3519.686 -3512.384 -3481.852 -3536.582 -3532.404
40 -3441.206 -3490.254 -3507.197 -3526.943 -3559.115 -3565.937
41 -3421.251 -3463.408 -3469.637 -3475.505 -3514.527 -3515.709
42 -3453.83 -3533.743 -3537.961 -3566.514 -3585.358 -3577.139
43 -3708.265 -3742.714 -3742.718 -3770.836 -3787.558 -3792.077
44 -3465.955 -3544.49 -3524.658 -3536.945 -3598.584 -3587.163
45 -3390.855 -3431.84 -3417.565 -3434.444 -3475.103 -3460.929
46 -3358.657 -3399.244 -3408.451 -3403.447 -3443.179 -3454.745
47 -3353.771 -3417.052 -3409.766 -3427.987 -3480.153 -3465.319
48 -3663.04 -3718.118 -3717.308 -3725.123 -3760.777 -3762.447
49 -3239.259 -3291.37 -3318.188 -3318.302 -3359.243 -3375.206
50 -3422.131 -3486.732 -3478.229 -3505.13 -3547.507 -3539.145
51 -3200.742 -3275.215 -3276.945 -3253.199 -3307.73 -3304.587
52 -3348.296 -3405.031 -3415.168 -3417.193 -3454.742 -3460.726
53 -3558.271 -3621.433 -3607.141 -3617.027 -3668.543 -3662.388
54 -3389.025 -3438.292 -3455.271 -3450.302 -3485.594 -3498.915
55 -3369.819 -3421.692 -3413.893 -3421.641 -3473.834 -3471.977
56 -3324.618 -3372.818 -3359.24 -3384.808 -3430.233 -3426.377
57 -3400.002 -3460.207 -3449.953 -3456.753 -3495.947 -3492.96
58 -3469.029 -3494.65 -3503.535 -3539.294 -3561.627 -3574.131
59 -3275.34 -3335.441 -3320.48 -3370.615 -3397.111 -3388.379
60 -3439.859 -3517.315 -3506.702 -3562.967 -3595.739 -3587.341
61 -3242.842 -3310.046 -3313.494 -3283.598 -3338.247 -3329.244
62 -3522.808 -3565.835 -3555.66 -3590.192 -3629.717 -3623.587
63 -3327.828 -3375.581 -3382.424 -3394.012 -3437.315 -3438.001
64 -3210.489 -3270.387 -3272.709 -3298.593 -3349.447 -3354.701
65 -3359.589 -3414.613 -3416.22 -3458.559 -3498.795 -3496.565
66 -3629.517 -3676.941 -3677.742 -3687.847 -3723.41 -3718.636
67 -3370.28 -3429.985 -3427.44 -3447.903 -3492.185 -3481.283
68 -3571.918 -3629.779 -3624.968 -3666.539 -3712.239 -3702.881
69 -3412.39 -3465.494 -3456.012 -3464.853 -3524.121 -3523.953
70 -3395.614 -3460.916 -3454.145 -3449.151 -3516.696 -3502.163
71 -3553.736 -3598.147 -3608.687 -3612.333 -3642.383 -3649.339
72 -3554.734 -3606.35 -3594.195 -3590.91 -3634.42 -3623.415
73 -3293.121 -3344.896 -3343.359 -3347.318 -3393.17 -3388.325
74 -3463.66 -3515.384 -3516.643 -3506.285 -3549.239 -3558.367
75 -3423.833 -3473.371 -3470.338 -3470.578 -3503.872 -3507.062
76 -3450.137 -3507.298 -3508.719 -3543.066 -3592.095 -3592.958
77 -3313.196 -3366.849 -3375.912 -3407.902 -3420.047 -3427.52
78 -3259.976 -3321.04 -3333.249 -3306.85 -3350.023 -3355.229
79 -3532.639 -3569.09 -3572.748 -3589.532 -3621.768 -3628.284
80 -3496.092 -3555.384 -3555.071 -3566.739 -3623.389 -3618.442
81 -3423.545 -3484.532 -3481.515 -3501.083 -3539.749 -3536.292
82 -3400.342 -3441.249 -3451.816 -3494.884 -3528.15 -3537.548
83 -3579.545 -3626.545 -3623.632 -3657.957 -3698.313 -3690.334
84 -3651.897 -3699.873 -3695.278 -3724.679 -3767.987 -3765.636
85 -3407.666 -3463.756 -3465.101 -3524.012 -3562.777 -3558.991
86 -3183.775 -3247.363 -3252.758 -3251.747 -3295.963 -3309.433
87 -3531.634 -3603.075 -3590.905 -3593.033 -3637.818 -3631.674
88 -3518.434 -3564.826 -3579.721 -3609.582 -3647.435 -3652.938
89 -3603.277 -3644.581 -3649.63 -3691.039 -3729.925 -3734.981
90 -3575.614 -3630.148 -3621.035 -3650.046 -3702.754 -3693.199
91 -3347.183 -3401.868 -3405.008 -3391.986 -3432.296 -3437.399
92 -3306.01 -3372.943 -3362.622 -3367.036 -3418.804 -3409.828
93 -3442.42 -3483.818 -3493.348 -3497.218 -3528.596 -3532.82
94 -3150.653 -3189.449 -3203.555 -3199.407 -3280.368 -3264.361
95 -3258.292 -3291.954 -3294.242 -3323.432 -3359.596 -3355.485
96 -3437.756 -3472.759 -3475.245 -3539.31 -3567.754 -3572.14
97 -3357.503 -3429.836 -3423.714 -3438.144 -3500.82 -3495.072
98 -3371.377 -3442.807 -3422.353 -3395.656 -3460.402 -3451.763
99 -3454.399 -3522.401 -3523.443 -3553.107 -3602.222 -3595.47
100 -3298.097 -3341.088 -3357.435 -3435.821 -3456.919 -3473.032
