1 47.49503 46.42773 43.84505 48.0471 46.15489 44.31744
2 55.60229 53.68628 55.67807 55.16105 54.13851 55.97175
3 47.32098 45.50148 45.25884 47.64229 45.55971 45.79832
4 44.98064 43.58717 41.62713 45.36789 44.41872 42.02399
5 46.39076 44.73607 46.17209 46.66078 44.81358 45.88705
6 44.9512 45.83199 44.83758 45.52063 46.32006 45.00517
7 52.99538 50.37162 50.10084 52.52841 50.40968 50.28251
8 49.01095 50.66783 49.28241 49.91983 50.51048 49.27493
9 47.00984 46.26497 44.50938 46.51108 45.67313 44.62372
10 46.5464 45.63573 45.27427 46.14606 46.00738 45.08432
11 55.27236 53.78478 53.67863 55.22342 53.12722 53.83694
12 58.63056 56.09156 56.14016 58.41332 55.57096 56.12003
13 49.99088 51.18689 49.53383 51.27258 51.40535 49.30233
14 42.9032 42.35902 41.817 42.7673 42.42424 42.25816
15 46.49238 45.99452 46.73192 47.05569 45.79664 46.42944
16 50.15375 50.72321 50.28141 50.09422 50.52906 50.04011
17 53.31037 50.58552 53.14048 53.99622 50.49606 53.0252
18 46.04901 44.47257 44.05393 46.52564 44.26522 44.28723
19 51.69202 50.61867 52.68846 51.65747 50.07626 52.88596
20 52.03645 50.14758 48.69835 51.97342 50.05978 48.65542
21 44.16321 42.04717 42.48236 44.65153 42.15712 42.64828
22 42.05496 42.25348 41.46111 42.73538 42.00308 40.95041
23 55.75957 54.5529 54.11189 56.26722 54.77954 53.72127
24 47.68334 47.52387 47.81216 48.17187 47.59842 47.78413
25 43.53945 42.76112 43.75228 44.1927 42.96147 43.62335
26 44.56854 43.00689 42.34068 45.57809 43.55344 42.15719
27 41.45061 41.82666 40.98482 41.34097 41.87911 41.08126
28 47.48925 45.91608 44.70568 47.78267 46.09777 44.85934
29 55.08884 51.61714 52.99512 55.32038 51.57464 52.74631
30 50.87467 48.01014 49.24628 51.76859 48.1656 49.45702
31 49.38892 47.91534 50.4167 49.33312 48.05453 50.42882
32 52.08037 50.8993 51.72972 54.2477 50.52543 51.762
33 45.63734 44.61069 42.2861 45.62826 45.38754 42.32149
34 40.31263 39.23692 40.22302 41.41369 39.56387 40.19249
35 52.52136 49.1188 51.34796 51.96422 49.28717 51.25129
36 46.76315 44.36547 44.72469 47.23216 44.81932 45.00897
37 48.6854 49.54786 49.42096 49.10294 49.28645 48.89455
38 46.82651 43.95433 43.86997 47.35853 43.87199 44.15135
39 55.5897 53.05163 55.78597 56.15499 53.68518 55.54079
40 48.75804 46.28457 48.49433 48.63478 46.45997 48.7574
41 45.94595 44.75729 46.48703 46.1803 44.58214 46.72197
42 50.48609 47.38551 49.34914 51.18183 47.83974 48.99713
43 58.04664 56.27956 56.72529 57.68485 56.24746 56.54511
44 50.86209 49.43759 50.09674 51.75041 49.62425 50.27281
45 49.23162 46.87296 47.23539 49.92085 46.86272 47.17319
46 49.65279 49.55409 48.21222 49.93936 50.05949 48.13156
47 46.02055 44.82683 43.58951 46.4579 44.34286 43.21358
48 53.80728 53.54167 52.39009 54.69978 54.14135 51.41644
49 44.68723 45.01434 42.79949 44.38524 44.72893 42.61892
50 46.15201 45.44297 43.74847 46.06705 45.6633 44.14207
51 43.26156 41.33912 39.97775 43.6661 41.1176 40.19818
52 46.04536 43.69925 42.84497 46.71802 44.09877 42.71436
53 54.75646 51.88955 54.83618 55.42435 51.9811 54.78118
54 48.61272 46.70689 45.70722 48.57234 47.59093 45.91315
55 46.69777 43.76173 44.78612 47.37681 43.7085 45.08303
56 44.72049 45.21099 43.94667 45.13528 44.91593 43.46647
57 44.8378 44.64613 43.29818 44.29228 44.37291 43.42989
58 52.91424 52.93009 50.21813 52.91233 52.37655 50.61
59 42.32087 43.75124 43.31644 42.70576 43.49844 43.76098
60 54.91296 54.83549 55.15667 55.66239 54.67673 55.47477
61 40.60535 42.77435 40.05881 40.40462 43.25008 40.252
62 49.16677 50.48077 48.55252 48.98858 50.16003 48.49258
63 45.18026 43.41209 43.31453 45.15847 43.30606 43.6762
64 40.90669 40.0826 40.68783 41.27303 39.95479 40.98281
65 45.15569 43.26137 44.00828 44.74915 43.32568 43.99195
66 58.68259 58.74397 57.49308 58.74977 58.0127 58.36546
67 44.70872 43.68062 45.77703 45.07867 43.84042 45.8803
68 58.53445 56.03143 59.05586 58.04528 56.37666 59.34007
69 50.89684 48.67854 49.38962 52.28321 49.17452 48.97827
70 47.27368 46.73423 46.52014 47.70661 45.85581 46.73859
71 48.08217 47.24309 48.83488 48.25574 47.40898 48.81598
72 49.3442 48.89548 46.96089 50.15095 49.13412 47.32846
73 48.4387 44.77057 44.97982 48.57083 44.30548 44.77584
74 53.12843 50.35328 51.02348 52.69532 50.33028 51.18768
75 48.70076 46.07724 47.1175 48.44227 46.34726 47.09798
76 50.71899 49.72336 48.74029 51.25781 49.41038 48.43966
77 42.18513 42.29058 42.62921 42.98879 41.90774 42.88197
78 40.24447 40.37249 40.8246 40.62689 40.2454 40.73472
79 52.62111 52.36883 51.3364 52.76556 51.98628 50.75116
80 51.15453 51.1319 50.3421 52.1178 51.22953 51.08799
81 45.11741 46.41332 46.22185 45.99606 45.68653 45.62174
82 49.54307 47.8319 48.76856 49.92303 47.75353 49.29416
83 54.3917 55.17293 54.00853 54.69498 54.70131 54.55747
84 53.43253 54.04499 52.2711 53.07701 54.57187 52.21823
85 46.07018 46.20557 45.17854 46.94375 45.56545 44.73104
86 40.64262 39.52288 40.40167 41.14171 39.57244 40.98016
87 53.45581 51.44949 54.33937 53.9987 51.61591 53.56967
88 59.45538 52.30723 52.32844 60.06271 52.09494 52.54548
89 50.00868 47.72989 47.08034 50.95097 47.58133 47.26212
90 56.30766 53.07961 54.89908 55.59295 53.42267 54.39774
91 43.05788 43.75375 43.73774 44.04696 44.05455 43.43863
92 43.66502 43.59272 43.65324 44.59309 43.91496 43.64558
93 48.22688 48.81768 45.98164 49.4305 48.51212 45.90498
94 41.68416 38.42146 38.89966 42.38305 38.60651 39.07975
95 43.13182 39.83488 41.14643 43.04251 40.07495 41.50506
96 47.85442 46.47396 48.04366 47.93356 46.4478 48.21371
97 45.13546 45.58031 43.77598 45.70715 45.60358 43.39898
98 44.43267 42.12814 44.40667 44.33645 42.29262 44.19224
99 48.61993 46.45037 45.11862 49.33882 46.75549 45.19816
100 45.83383 45.27168 42.87565 45.07362 45.39051 43.01878
