1 3.688821 3.698616 3.577292 3.733513 3.66356 3.625741
2 4.030727 4.030735 4.106237 4.007113 4.072685 4.128701
3 3.531338 3.455381 3.414239 3.532122 3.462552 3.460979
4 3.325839 3.262223 3.22116 3.355839 3.307023 3.241219
5 3.627235 3.615982 3.637821 3.644565 3.590663 3.648454
6 3.769289 3.982991 3.879072 3.72582 3.947554 3.907986
7 3.754448 3.665355 3.648746 3.73116 3.660799 3.676337
8 3.561315 3.667884 3.657341 3.613098 3.690446 3.652023
9 3.235193 3.1954 3.119902 3.201939 3.162189 3.131145
10 3.613458 3.646598 3.63051 3.639238 3.663005 3.638558
11 14.1084 15.75329 15.4405 15.20791 15.45674 15.42995
12 4.011932 3.910227 3.921368 3.990523 3.885267 3.902192
13 3.638839 3.733975 3.706079 3.705953 3.740302 3.670899
14 3.114356 3.11085 3.100802 3.111299 3.110933 3.117619
15 3.320359 3.338578 3.362018 3.347259 3.330177 3.343901
16 3.665157 3.711021 3.715805 3.603714 3.708296 3.704977
17 3.846698 3.812803 3.887115 3.884004 3.817375 3.871898
18 3.356432 3.351086 3.318247 3.379515 3.323403 3.329331
19 3.763882 3.765942 3.8304 3.734342 3.72634 3.827383
20 3.736383 3.664775 3.616792 3.733413 3.665652 3.620232
21 3.264269 3.229161 3.257781 3.288793 3.227006 3.256453
22 3.247131 3.297464 3.288325 3.310771 3.296965 3.258038
23 4.047349 4.099881 4.084122 4.097723 4.110759 4.078099
24 3.448438 3.470772 3.497282 3.482344 3.479071 3.495512
25 4.339504 4.313708 4.357918 4.243998 4.453455 4.347453
26 3.396533 3.37314 3.364387 3.471972 3.413494 3.370224
27 3.018774 3.091522 3.05254 3.020947 3.088735 3.051093
28 3.409142 3.335471 3.316591 3.416396 3.35044 3.312593
29 3.90517 3.787761 3.860835 3.917324 3.770609 3.843125
30 3.619345 3.550004 3.572311 3.674818 3.556619 3.582813
31 3.755107 3.732053 3.828994 3.715136 3.748436 3.806407
32 3.794531 3.784988 3.846252 3.921834 3.782346 3.833471
33 3.470911 3.404146 3.330936 3.451599 3.455295 3.339655
34 3.089336 3.070268 3.116024 3.140401 3.096268 3.118968
35 3.632558 3.512356 3.591985 3.587641 3.515826 3.585141
36 3.399141 3.362879 3.392987 3.42479 3.399416 3.409848
37 3.426508 3.511832 3.509737 3.451073 3.497598 3.476597
38 3.337239 3.214047 3.248258 3.402335 3.253869 3.264238
39 5.022383 4.966476 5.170896 5.14586 5.108848 5.309966
40 3.543536 3.481467 3.55988 3.529291 3.485327 3.573929
41 3.267748 3.294134 3.337363 3.300537 3.276532 3.364389
42 3.678291 3.528692 3.642832 3.698303 3.560325 3.604856
43 4.293254 4.282353 4.305262 4.241265 4.271329 4.276277
44 3.513566 3.47404 3.491855 3.565212 3.477727 3.495525
45 3.355543 3.235649 3.262086 3.403185 3.247051 3.259154
46 3.799711 3.80748 3.809982 3.799799 3.838955 3.813856
47 3.541802 3.545759 3.51272 3.598378 3.523845 3.469432
48 3.695716 3.713126 3.699636 3.741134 3.744196 3.631289
49 3.509489 3.503764 3.446658 3.449047 3.482015 3.426581
50 3.325395 3.301149 3.265707 3.322875 3.335819 3.293218
51 4.089406 4.199789 4.051908 4.120854 4.17111 4.066941
52 3.422817 3.311723 3.296636 3.438398 3.349702 3.303703
53 3.96832 3.895739 3.996542 3.97902 3.875816 4.014819
54 3.542076 3.467744 3.480031 3.546223 3.56 3.491019
55 3.364764 3.295383 3.331645 3.441992 3.301896 3.354126
56 3.118485 3.157285 3.108545 3.132428 3.134224 3.079451
57 3.250315 3.24044 3.189903 3.207759 3.222011 3.211524
58 3.627962 3.653444 3.54586 3.635014 3.61424 3.569263
59 3.047646 3.136651 3.101796 3.050044 3.122244 3.128467
60 3.999966 4.035508 4.034411 4.045349 4.024648 4.06583
61 3.180331 3.353711 3.238361 3.160155 3.386014 3.232047
62 3.560555 3.670967 3.585219 3.540336 3.636427 3.590318
63 3.710715 3.749992 3.742885 3.72746 3.739244 3.75159
64 3.142809 3.195325 3.208192 3.160133 3.19244 3.223981
65 3.208179 3.170792 3.225926 3.181904 3.178414 3.215867
66 3.978713 4.002257 3.938328 3.981527 3.960919 3.993225
67 3.758879 3.734289 3.828214 3.77388 3.759054 3.858518
68 4.209646 4.1338 4.254296 4.152331 4.145091 4.263965
69 3.77048 3.70782 3.705813 3.81301 3.729048 3.690378
70 3.423334 3.472704 3.436012 3.43281 3.410758 3.433488
71 10.68204 11.08804 10.66189 11.09488 11.37851 10.81883
72 3.626645 3.667625 3.601452 3.678753 3.665309 3.621376
73 3.557841 3.44269 3.476719 3.572893 3.437593 3.457538
74 4.011458 3.908393 3.906103 3.939482 3.894086 3.959637
75 3.566472 3.518607 3.550974 3.552019 3.530866 3.558138
76 3.703561 3.675764 3.637146 3.72647 3.646936 3.643306
77 3.200265 3.279179 3.263078 3.263954 3.24742 3.254755
78 3.600623 3.668594 3.756776 3.614268 3.721991 3.709518
79 3.768784 3.826083 3.781507 3.756725 3.794634 3.747496
80 3.637957 3.684665 3.669032 3.677527 3.693849 3.706522
81 3.300651 3.408645 3.382361 3.368012 3.368411 3.33927
82 3.699735 3.712422 3.741937 3.693037 3.689917 3.754841
83 6.136049 6.084597 6.284988 5.913733 6.122112 6.330835
84 4.085504 4.177773 4.118274 4.105848 4.23408 4.113326
85 5.334784 4.905133 4.917611 5.078089 4.828852 4.821693
86 3.116004 3.142238 3.172294 3.145299 3.149867 3.214375
87 3.779363 3.769095 3.885443 3.800083 3.784698 3.837812
88 4.015773 3.709771 3.720905 4.036579 3.708194 3.730055
89 4.917244 4.93 4.834001 4.844151 4.895147 4.849489
90 4.677199 4.643609 4.749502 4.732293 4.66706 4.727395
91 3.18333 3.272127 3.281962 3.2415 3.296135 3.261984
92 3.111897 3.167764 3.195388 3.175366 3.194038 3.195158
93 3.544207 3.607047 3.523806 3.627942 3.604279 3.520853
94 3.078314 2.928449 2.951813 3.114247 2.93381 2.959322
95 3.210047 3.053382 3.130428 3.188871 3.084906 3.145545
96 3.359115 3.342513 3.380571 3.370258 3.326236 3.39125
97 3.228039 3.275958 3.210034 3.264044 3.28393 3.195208
98 3.779397 3.778423 3.779418 3.757212 3.708026 3.766772
99 3.770388 3.741695 3.71243 3.850008 3.766046 3.699263
100 3.602332 3.52137 3.385587 3.532424 3.531544 3.406692
