1 26.29894 2.080903 -0.5366778 4.524875 1.877467 5.865064 -2.024048 -0.0964979 -0.005116181
2 26.2758 2.07268 -0.5449883 4.851217 2.309995 5.833459 -1.710832 -0.8463069 -0.08630021
3 26.53698 2.05864 -0.5075644 4.793494 1.640708 4.754473 -1.733469 -0.5128676 -0.03407057
4 26.80436 1.972852 -0.4992857 4.379538 2.341952 4.114778 -1.884597 -0.2541174 0.0005681721
5 25.96681 1.940981 -0.5296521 4.467458 2.884012 6.446459 -1.939783 -0.1651967 -0.001971185
6 25.65298 2.102191 -0.5537225 5.087972 2.257187 6.527584 -2.040632 -0.39239 -0.01121146
7 26.45498 1.947891 -0.5267827 4.464818 2.331442 5.672931 -2.288007 0.1059964 0.007230366
8 26.59803 2.144344 -0.5156797 4.117068 1.963156 5.490755 -1.725617 -0.4823296 -0.05704635
9 26.68062 1.947504 -0.5159297 4.331029 2.076021 6.791673 -1.989272 -0.2471856 -0.00484555
10 26.18841 1.970958 -0.5241524 5.281689 2.206519 6.860948 -2.053169 -0.2162288 0.002839364
11 26.41796 1.964712 -0.516727 4.243998 1.672188 5.492051 -1.659377 -0.8838702 -0.08226901
12 26.44671 1.936308 -0.5145902 4.756706 1.63209 6.893816 -1.501969 -1.442007 -0.08713925
13 26.31657 2.015535 -0.525512 4.78356 2.506365 4.838159 -2.027397 -0.03447917 -0.0295439
14 26.29446 1.854185 -0.5320679 4.708612 2.573452 5.091766 -1.651393 -0.7380866 -0.04338605
15 26.44424 1.985427 -0.519874 4.79721 2.748689 5.218729 -1.993352 -0.2603151 -0.004509067
16 26.287 2.056587 -0.5285552 4.977834 2.461901 6.353947 -1.760822 -0.4047439 -0.05955132
17 25.86973 1.956961 -0.5518754 4.568736 1.676429 6.523536 -1.83197 -1.318402 -0.06139264
18 26.08585 1.95894 -0.5253574 4.92393 3.663244 6.293131 -1.964457 -0.1971355 0.002556338
19 26.03931 1.904335 -0.5390216 4.797493 2.020901 5.587853 -1.541347 -0.4167305 -0.1151325
20 26.60825 1.975621 -0.5189094 4.969371 1.518853 8.276096 -1.36705 -0.9943726 -0.08887818
21 25.7682 1.88252 -0.548202 5.081797 2.290754 5.609531 -1.701527 -0.7732466 -0.03689063
22 26.54815 2.034258 -0.5140197 4.889241 2.706988 4.865057 -1.649213 -0.9817536 -0.02484264
23 26.20245 2.08696 -0.5383374 4.859773 2.737046 5.264898 -1.693632 -0.7503816 -0.09290101
24 26.49565 2.007271 -0.5108478 5.089863 1.960953 7.104919 -1.75342 -0.3592605 -0.04422123
25 25.81704 1.957398 -0.5459474 5.047513 2.131786 7.140594 -1.89174 -0.5237442 0.00775709
26 25.94652 1.828326 -0.5204473 4.554975 3.908583 6.194739 -1.851645 -0.2943225 0.0006187135
27 26.2026 1.976761 -0.521961 4.293808 2.10621 5.499674 -1.550392 -0.6633799 -0.05965911
28 26.66674 1.958975 -0.511995 4.335995 1.82195 5.91482 -2.011911 -0.1765994 -0.0003630528
29 25.90087 1.872254 -0.536421 4.367031 2.025203 4.507683 -1.995744 -0.6340782 -0.0537498
30 26.08431 1.972453 -0.5231324 5.619467 2.276531 7.994582 -1.45507 -0.7326184 -0.08655992
31 25.85124 1.906454 -0.5488569 5.123454 2.034551 6.012055 -2.244787 0.2783559 -0.002745287
32 26.29952 1.971341 -0.5320878 5.314583 2.654894 6.203501 -1.729315 -0.5249306 -0.08016776
33 26.47295 1.970048 -0.4996346 4.901674 1.975764 4.867626 -1.913831 -0.2870891 -0.001850041
34 25.83527 1.999656 -0.5516624 5.214126 2.629641 5.125221 -1.573175 -0.6259663 -0.08278439
35 26.02859 1.954798 -0.5499297 4.808351 1.912078 6.655473 -1.634881 -0.7687177 -0.07592379
36 25.74851 1.926498 -0.5389904 4.288691 2.785963 5.105178 -2.066116 -0.4619821 0.01283128
37 26.47759 2.072957 -0.519295 4.359167 2.069988 5.281032 -1.930688 -0.9612125 -0.03371711
38 26.17963 1.846756 -0.5309082 5.193773 2.587836 9.285187 -1.969868 -0.3390367 -0.001712441
39 25.98287 1.992617 -0.5335666 4.842415 2.061788 9.419896 -1.41059 -0.9791932 -0.1070349
40 26.04253 1.886214 -0.5413734 4.890216 1.910129 4.876151 -1.684987 -0.4144768 -0.05354882
41 25.88389 1.908526 -0.5567949 4.623187 2.758072 5.490973 -2.089515 -0.8853137 -0.008570197
42 25.79185 1.832829 -0.5448194 4.9416 2.796426 5.564993 -1.188199 -1.262312 -0.1002316
43 26.12494 1.935401 -0.5330541 4.824243 1.576497 6.981267 -1.971623 -0.522 -0.04430826
44 26.65372 1.924095 -0.5011891 4.85371 2.072146 5.171244 -2.213683 0.07624753 0.003230683
45 26.06138 1.699243 -0.5179977 4.105697 2.778324 6.143752 -2.193422 0.2736982 -0.007662052
46 26.42631 2.014145 -0.5119964 4.537677 2.274672 6.021732 -1.910343 -0.1077456 -0.06653497
47 26.43873 1.880447 -0.5256405 4.757269 2.191567 5.604654 -1.932227 -0.1574776 0.001052815
48 26.37283 1.891627 -0.5220535 5.093771 2.600141 6.222006 -1.85721 -0.2546177 -0.04928235
49 26.61617 2.052884 -0.5025788 4.329688 2.670963 5.318708 -1.76448 -0.5164395 -0.02671353
50 26.51243 2.00196 -0.5080358 5.017575 2.452537 6.465181 -2.084963 -0.5352055 0.01622367
51 26.61289 1.972128 -0.5103124 4.93707 1.899204 6.108744 -1.508238 -0.6755148 -0.06313647
52 26.37683 1.921203 -0.5069876 4.945991 2.218498 5.922953 -1.964567 -0.1144168 -0.03825963
53 25.86424 1.957096 -0.5563097 4.855797 2.033145 6.139339 -1.628734 -0.7705285 -0.09726072
54 26.47596 1.983357 -0.5209259 4.677948 2.208994 5.885863 -1.786859 -0.2697229 -0.02882222
55 26.27605 1.898787 -0.5286757 4.405831 2.099327 5.663547 -2.132098 -0.5992245 0.01354954
56 26.8318 1.970655 -0.5044903 4.406581 2.198397 5.416355 -1.901341 -0.297969 -0.001617428
57 26.54813 2.019703 -0.5200348 4.992883 2.116955 6.532202 -1.739091 -0.9532299 -0.0535754
58 26.67537 2.076274 -0.504908 4.292958 2.543907 5.721707 -1.952833 -0.1909109 -0.03902869
59 26.28771 1.987925 -0.5089536 4.512674 2.243187 5.745244 -1.628765 -0.7887284 -0.06669827
60 26.50414 2.040092 -0.5125776 4.451144 1.710925 5.691907 -1.490331 -1.304393 -0.091388
61 26.18286 2.08139 -0.5252317 4.891622 2.369903 7.636748 -1.792691 -0.6800184 0.005898112
62 26.41174 2.029632 -0.5114838 4.220498 2.635595 4.496459 -2.215166 0.2960007 -0.0134964
63 25.82803 1.95937 -0.5362554 4.542733 1.836735 5.349841 -1.785472 -0.5949356 -0.03053595
64 26.05078 2.022437 -0.5567649 4.182639 1.812774 4.049662 -1.749187 -0.6399045 -0.002027643
65 26.06507 2.00146 -0.5512385 4.173019 1.548226 4.314796 -1.979419 -0.6758694 0.009994339
66 26.84632 2.001553 -0.5111762 4.561814 2.122513 6.598644 -1.75574 -1.417557 -0.05755657
67 26.08001 2.012058 -0.5422182 4.566392 2.412681 5.057958 -1.98008 -0.3334598 0.007139075
68 26.30563 1.928468 -0.534421 4.31416 1.774377 5.348217 -1.599731 -1.267375 -0.08763338
69 26.23105 1.873731 -0.5241202 4.12179 2.47 4.594909 -1.263016 -1.06701 -0.1003135
70 26.25927 1.980952 -0.5255198 4.498962 2.095729 4.983586 -2.060731 -0.09238694 0.001251877
71 25.64437 1.89137 -0.5527931 5.169865 1.661003 6.548356 -2.29927 -0.2339205 0.0002151724
72 26.53462 2.068732 -0.5135208 5.447605 1.915582 6.559243 -2.1764 0.2107159 -0.002149191
73 26.21203 1.942388 -0.5365376 4.319215 1.828626 5.324904 -1.976979 -0.1087685 -0.005137242
74 26.0334 2.015237 -0.546605 4.700451 2.164756 7.011711 -1.619448 -0.6779932 -0.0764734
75 25.7603 1.963823 -0.5530633 5.034077 2.633448 6.656124 -1.971137 -0.09513902 -0.01574724
76 26.40123 1.877631 -0.5120557 4.608483 1.833371 4.548511 -1.35276 -0.9936031 -0.09007185
77 26.41901 1.952726 -0.5329496 4.848952 2.122379 5.248499 -1.779893 -0.6445837 -0.007584373
78 25.79475 2.190772 -0.5616744 5.45984 1.734782 6.893835 -1.504351 -1.070979 -0.04968768
79 26.03409 2.074832 -0.5367772 4.654095 2.326216 6.757711 -1.79132 -0.6128349 -0.06418971
80 26.07616 1.924057 -0.5354961 4.513349 2.022746 4.801075 -1.227258 -1.31568 -0.1033865
81 26.26934 2.017037 -0.5141412 4.694555 2.08422 5.372171 -2.207927 -0.2915303 0.01331449
82 26.06131 2.078436 -0.5573673 4.231754 2.123828 4.549198 -1.646298 -0.552132 -0.06406799
83 26.71342 2.013164 -0.5098853 4.407842 3.885053 5.18895 -1.419402 -1.405431 -0.09198024
84 26.10753 2.021746 -0.5279521 5.274653 2.378096 5.005683 -1.588559 -0.7371799 -0.1083571
85 26.32242 2.011401 -0.5238572 4.586835 1.55864 4.097136 -2.020558 -0.2593555 -0.0004367155
86 25.92974 2.072425 -0.5468031 4.456189 2.029679 4.862308 -1.647453 -0.8215761 -0.02353368
87 25.81952 1.905393 -0.5387518 4.688667 2.596675 7.803784 -1.633242 -1.250053 -0.08304515
88 26.36241 1.895841 -0.5286693 4.603673 1.588826 5.681212 -1.96192 -0.3930563 -0.04995217
89 25.90368 2.002584 -0.5466067 4.995606 1.83304 4.698399 -2.144458 -0.5708814 -0.008469429
90 26.26535 1.901061 -0.5412657 4.654466 2.187429 5.145478 -1.597016 -1.260567 -0.08125182
91 26.10377 2.020371 -0.5352242 4.810787 2.403124 6.442569 -1.972323 -0.8339422 0.006480001
92 25.74421 1.975095 -0.5562382 4.241442 1.74963 6.326979 -2.026397 -0.4709576 0.01445799
93 26.50235 1.959367 -0.4949482 4.490426 3.174543 6.117492 -2.034695 0.03682334 -0.02087037
94 26.34635 1.880934 -0.5139407 4.133446 3.510245 4.83092 -1.475917 -0.8361161 -0.05231059
95 25.8068 1.875104 -0.5393428 4.575172 2.251612 5.256978 -1.573611 -1.329511 -0.03245413
96 26.21911 1.974885 -0.5384162 4.009913 1.97246 4.604911 -2.259615 -0.2224138 0.006112888
97 26.44916 2.012976 -0.5214264 4.781162 1.870971 5.365931 -1.903225 -0.2336171 0.0001161524
98 25.79603 1.90167 -0.5540317 5.267118 2.623229 7.51716 -1.918278 -0.5373845 0.008794337
99 26.39084 1.975572 -0.5268308 4.733444 1.999454 4.609142 -2.138609 -0.06089556 0.0007113571
100 26.31001 1.966446 -0.5081875 4.437295 3.084904 4.570135 -1.593934 -0.6855995 -0.05528857
