1 0.2243952 0.0449406 0.01393177 0.4118347 0.3626482 0.9733854 0.2024288 0.255315 0.006469674
2 0.2205102 0.04685651 0.01377045 0.4781738 0.3628324 0.972739 0.188875 NaN 0.003334497
3 0.2330638 0.0447487 0.01347725 0.3744285 0.3946048 0.6885442 0.2885719 NaN 0.007702923
4 0.2553506 0.0417664 0.01342877 0.4975382 0.4562003 0.645434 0.1785151 NaN 0.002409614
5 0.2421455 0.0430413 0.01407808 0.5749937 0.3672476 1.136011 0.2005621 0.3308789 0.007546123
6 0.2297499 0.05000287 0.01501673 0.5008969 0.3904376 1.116604 0.178586 NaN 0.00179393
7 0.2235415 0.04112918 0.01330803 0.4657064 0.3391367 0.9201907 0.2259803 0.3568762 0.008580277
8 0.2234024 0.04318888 0.01257385 0.4130776 0.3321028 0.88647 0.195328 0.09666371 0.003324952
9 0.2258806 0.04062614 0.0132725 0.4225102 0.3321462 1.164123 0.1788401 NaN 0.002539659
10 0.2386996 0.04520711 0.01460724 0.4674276 0.3917282 1.205182 0.1788452 0.05290902 0.003112789
11 0.2124156 0.04011458 0.01288558 0.3615266 0.3355413 0.8865678 0.1992067 NaN 0.003869766
12 0.2162237 0.04083225 0.01338228 0.3549711 0.3470255 1.213506 0.2460402 0.125787 0.005138058
13 0.2342943 0.04470182 0.01358919 0.4891345 0.3753309 0.7236849 0.1886039 NaN 0.003474272
14 0.2424752 0.0412249 0.01468163 0.514229 0.3985556 0.8060534 0.1696305 NaN NaN
15 0.2479624 0.04401051 0.01393199 0.5489336 0.3916955 0.8283209 0.1760447 NaN 0.001448857
16 0.2372959 0.04530865 0.01397457 0.4938524 0.3824636 1.078968 0.1968474 0.07753058 0.003697469
17 0.204178 0.04209461 0.01397672 0.3614739 0.3603846 1.193501 NaN NaN NaN
18 0.2626559 0.04490472 0.01441468 0.6846184 0.3898243 1.109218 0.1741057 NaN 0.0009424545
19 0.2187145 0.04218934 0.01443369 0.4095274 0.3817589 0.9015108 0.2731218 0.2958579 0.008319552
20 0.2203917 0.04254738 0.01364709 0.3537273 0.3517943 1.597478 0.3156728 0.1543977 0.007356436
21 0.2337235 0.04447751 0.01545003 0.4908113 0.4167669 0.9195498 0.1771049 NaN 0.00107458
22 0.2603644 0.0460884 0.01406419 0.5659895 0.4365923 0.76863 0.1676804 NaN 0.002186364
23 0.2353352 0.04607892 0.01399208 0.5233663 0.3773016 0.8324323 0.1106917 NaN NaN
24 0.2418734 0.04496688 0.0140854 0.4243988 0.4029165 1.304244 0.1874298 NaN 0.002847525
25 0.2359134 0.04569196 0.01524624 0.4511281 0.4204805 1.259982 0.1836781 0.08955592 0.002896107
26 0.2609857 0.04081729 0.01438161 0.7350904 0.3775966 1.073883 0.1594912 NaN NaN
27 0.2381747 0.04224876 0.0138071 0.4647542 0.3960132 0.9125187 0.1979354 0.4962889 0.01099131
28 0.2264897 0.04024195 0.0130395 0.3899461 0.3597372 1.013007 0.1786733 NaN 0.002143097
29 0.2107458 0.03938644 0.01357977 0.4001152 0.3442523 0.6468717 NaN NaN NaN
30 0.2450881 0.0471074 0.01517108 0.4784734 0.4174998 1.518907 0.2731134 NaN 0.01037176
31 0.228471 0.04393792 0.0152998 0.4236258 0.4238589 1.03596 0.1909275 NaN 0.004065619
32 0.2391124 0.04634971 0.0147952 0.5427771 0.4069245 1.006589 0.2518291 0.5509055 0.0102618
33 0.2516711 0.04395448 0.01419962 0.4501366 0.4326283 0.7571798 0.1727518 NaN 0.00255761
34 0.2568691 0.04928967 0.01577592 0.5759326 0.4633309 0.8004338 0.1989067 0.2808072 0.007261405
35 0.2192818 0.04393366 0.01436833 0.3990935 0.3846148 1.192235 0.2128227 0.1129073 0.003811479
36 0.2348074 0.04246248 0.01405676 0.5494426 0.3578875 0.8007186 0.2306634 0.1442741 0.003327243
37 0.2315668 0.04362898 0.01312358 0.4142391 0.3474282 0.8323394 0.2148588 0.05132831 0.005197334
38 0.2437711 0.0420699 0.01501449 0.5112451 0.4034216 1.948227 0.1974165 0.1074894 0.003215536
39 0.2189905 0.04356674 0.01403809 0.4099669 0.34458 2.039867 NaN NaN NaN
40 0.2209134 0.04264738 0.01473791 0.411464 0.411412 0.7558203 0.2100602 0.07041027 0.00455815
41 0.2332562 0.04277077 0.01469527 0.5292449 0.3848248 0.8881599 0.1966335 0.08033641 0.003894071
42 0.2311721 0.04240707 0.01491572 0.5638007 0.3763816 0.9191782 NaN NaN NaN
43 0.2074569 0.04135051 0.0138075 0.3322738 0.341142 1.219105 0.2865741 0.1434324 0.006805307
44 0.2383343 0.04160261 0.01347429 0.4286673 0.3833629 0.7923757 0.1215735 NaN NaN
45 0.2299102 0.034937 0.01373751 0.5133628 0.3366347 1.049549 0.1997167 0.08793057 0.003869575
46 0.2385132 0.04288668 0.01330951 0.4558027 0.3791869 1.032027 0.2109121 0.2532824 0.006551224
47 0.2343249 0.04149288 0.01425318 0.4670247 0.3970395 0.9029204 0.1285428 NaN NaN
48 0.239398 0.04193927 0.01401233 0.4769406 0.3788275 1.036573 0.2298148 0.1219138 0.004506911
49 0.248371 0.04324633 0.01293153 0.5385017 0.3541066 0.8432948 0.3221786 0.03857517 0.008514676
50 0.2523644 0.04474279 0.01396924 0.4952756 0.3955823 1.108713 0.2089375 0.1247045 0.00325591
51 0.2475485 0.04452801 0.0144009 0.4420001 0.4193453 1.075974 0.1924162 0.4428163 0.009656266
52 0.2521611 0.04288062 0.01436529 0.481037 0.4181766 1.003867 0.2104604 0.2377921 0.006666923
53 0.2134732 0.04436853 0.01465044 0.4092916 0.3674697 1.025612 0.1763519 NaN 0.003673997
54 0.2350538 0.04321528 0.01368153 0.4537571 0.398949 1.027862 0.1865616 NaN 0.00344612
55 0.2256148 0.04070168 0.01371221 0.4416725 0.360033 0.922362 0.206936 0.1174022 0.003378649
56 0.2433001 0.04190293 0.01337856 0.4468848 0.4032021 0.8828611 0.1686801 NaN NaN
57 0.2406036 0.04473039 0.01409126 0.4475895 0.4031029 1.135125 0.1882177 NaN 0.001656876
58 0.2346244 0.04256111 0.01253641 0.4781904 0.33185 0.9128481 0.1905852 NaN 0.003504486
59 0.2469303 0.04386073 0.01387287 0.4729916 0.3797486 0.9237035 0.2445305 0.9776888 0.02130035
60 0.2180958 0.0420154 0.01288445 0.3642601 0.3369627 0.9063811 0.2432787 NaN 0.006073785
61 0.2492067 0.0470519 0.01427976 0.4910412 0.3944509 1.481541 0.2169269 0.1164345 0.003637391
62 0.2364236 0.04184331 0.01283138 0.5088607 0.3617022 0.683322 0.2192425 0.1249377 0.004027787
63 0.222228 0.04359368 0.01415601 0.4053352 0.3776997 0.8533112 0.1682147 NaN NaN
64 0.2216383 0.04407792 0.0140893 0.4120139 0.4151123 0.5989265 0.1746498 0.03453462 0.002630907
65 0.2102216 0.04246255 0.01392528 0.3585882 0.3817949 0.6351308 0.1866672 0.09440596 0.002847328
66 0.2223171 0.0407154 0.01274829 0.4054784 0.3322009 1.141929 0.2177893 0.09959981 0.004371784
67 0.2291827 0.04445186 0.01407093 0.4957148 0.3870661 0.7993689 0.1816267 0.08008069 0.003016024
68 0.2001575 0.0395365 0.01302167 0.3544934 0.3184628 0.8241568 0.6323646 0.3732523 0.01353494
69 0.2254765 0.03892872 0.01327096 0.4855973 0.3653907 0.7253753 NaN NaN NaN
70 0.2302646 0.0426188 0.01376269 0.4464166 0.3789892 0.7867422 0.1772547 NaN 0.002654613
71 0.211596 0.0434953 0.0152612 0.3730341 0.3820942 1.128629 0.8444804 0.5538276 0.0150045
72 0.242165 0.04766365 0.01427291 0.418556 0.4387257 1.19882 0.1821168 NaN 0.003670032
73 0.2211893 0.04184699 0.01381559 0.4002393 0.4011965 0.9206853 0.2010607 0.2743604 0.006621578
74 0.2195701 0.04390362 0.01390799 0.4261773 0.3492603 1.249799 0.2050955 NaN 0.004809662
75 0.2365877 0.04531309 0.01492336 0.515257 0.4179877 1.201771 NaN NaN NaN
76 0.2259973 0.04049064 0.01368303 0.3957255 0.3969339 0.6801637 0.4298975 0.2155615 0.01071728
77 0.2399271 0.04406962 0.01450442 0.4533668 0.432302 0.8537823 0.170134 NaN 0.002473216
78 0.235816 0.05443411 0.01574285 0.4357996 0.4483604 1.28736 0.1657639 NaN 0.001270435
79 0.2258307 0.04539588 0.01364625 0.4581459 0.3551283 1.140007 0.1952283 NaN 0.003602896
80 0.218956 0.04175587 0.0138083 0.4338375 0.3713671 0.7386092 0.5836662 0.321161 0.01487097
81 0.2423126 0.04425859 0.01383163 0.4327021 0.4111078 0.8891143 0.1982944 0.1126785 0.002791139
82 0.2148083 0.04480168 0.01357362 0.4484863 0.3679905 0.6904285 0.2037584 NaN 0.004522752
83 0.255975 0.04189085 0.01285172 0.6788057 0.3636563 0.8121943 0.3124309 0.09177728 0.008473311
84 0.241075 0.04710303 0.0147576 0.4912795 0.4424134 0.7825175 0.3506097 0.6079384 0.009103646
85 0.2169317 0.04316687 0.01366178 0.3791965 0.37982 0.5740334 0.1731073 NaN NaN
86 0.2348953 0.04716073 0.01458131 0.4712317 0.4345671 0.7751124 0.167721 NaN 0.001707459
87 0.2234507 0.04186154 0.01391666 0.5046381 0.3282558 1.408954 NaN NaN NaN
88 0.2058048 0.04032204 0.01355128 0.3453661 0.3441608 0.8844072 0.1991996 NaN 0.003709528
89 0.222553 0.04621885 0.01489382 0.4362461 0.4182708 0.721333 NaN NaN NaN
90 0.2204527 0.0412481 0.01403093 0.4428149 0.3568925 0.7810507 0.2138563 0.06818144 0.004798466
91 0.2404439 0.04577114 0.01432246 0.4903814 0.3923572 1.146905 0.188274 0.1016947 0.002767563
92 0.2097493 0.04211851 0.01406323 0.3724559 0.3477911 1.064165 0.2092136 0.1213172 0.003267363
93 0.252142 0.04127706 0.01293454 0.6251236 0.3440244 1.027603 0.1926845 0.1004508 0.003111316
94 0.2749784 0.04069431 0.01403938 0.6687413 0.427752 0.7816414 0.1627124 NaN NaN
95 0.2318463 0.04215882 0.01474434 0.4943254 0.3974705 0.8425982 0.1745815 0.05675236 0.003086722
96 0.2213163 0.04056351 0.01348455 0.3946492 0.3596204 0.7077233 0.2048031 0.1025794 0.003954479
97 0.2392023 0.04440468 0.01398945 0.4067745 0.4184224 0.8590862 0.1785603 NaN 0.001720556
98 0.2392464 0.04499236 0.01570484 0.5298234 0.4101517 1.494913 0.1809171 0.08006439 0.003160647
99 0.2328156 0.04366419 0.01416709 0.4334255 0.3980629 0.6798488 0.1966668 0.1021278 0.003320207
100 0.2513377 0.04217345 0.01348652 0.6095116 0.3920186 0.6670719 NaN NaN 0.01063534
