1 26.32241 2.06946 -0.5285933 6.458376 2.303649 -2.038964 -0.08910835 -0.003120289
2 26.12167 2.091613 -0.5499131 6.865836 3.45295 -1.721606 -0.8418727 -0.08484869
3 26.35528 2.039808 -0.5003631 7.738327 2.109452 -1.726637 -0.5289677 -0.03596949
4 26.84077 1.96595 -0.5001489 7.641914 2.984463 -1.880983 -0.2488362 -0.0001285661
5 25.70246 1.913861 -0.5271836 6.014769 4.694478 -1.933357 -0.1699889 -0.002927982
6 25.51545 2.209505 -0.5628995 6.901127 3.072421 -2.043126 -0.3888364 -0.01093381
7 26.1434 1.927005 -0.5257668 6.356449 4.368464 -2.281682 0.1023615 0.006041756
8 26.53912 2.125816 -0.513302 5.938625 3.401019 -1.719764 -0.4820995 -0.05746625
9 26.70663 1.869758 -0.5053259 5.894772 2.606723 -1.988251 -0.2437082 -0.004305118
10 25.90538 2.007366 -0.5301392 6.976808 3.525829 -2.051479 -0.1994543 0.002813011
11 26.32206 1.968372 -0.5137658 6.29721 2.259624 -1.647425 -0.8886456 -0.08383308
12 26.29698 1.90851 -0.5085486 6.565801 2.205241 -1.497255 -1.446432 -0.08749701
13 26.25929 1.966424 -0.52102 7.555634 3.148569 -2.023914 -0.04548272 -0.03024422
14 25.95755 1.83787 -0.5286891 7.090231 3.260955 -1.643219 -0.7690799 -0.04500123
15 26.38134 1.988931 -0.5184614 7.106064 3.589921 -1.989777 -0.2621939 -0.00476167
16 26.04171 2.049318 -0.5305723 7.069816 2.797238 -1.774615 -0.3800834 -0.05837984
17 25.9007 1.968496 -0.5531166 6.432555 2.069006 -1.867457 -1.32767 -0.0580132
18 25.95478 1.975065 -0.5229871 6.6628 4.366407 -1.96645 -0.1980336 0.002640539
19 25.94513 1.90597 -0.5416165 7.006431 2.389251 -1.520947 -0.4206158 -0.1170346
20 26.50245 1.961026 -0.5181389 6.298383 1.811826 -1.389358 -0.9660112 -0.08727312
21 25.59489 1.890925 -0.5485388 7.652203 2.621825 -1.705878 -0.7607921 -0.03596816
22 26.35514 2.0531 -0.5113163 7.404579 4.048768 -1.643181 -1.000375 -0.02562817
23 26.14363 2.164232 -0.5434801 7.127745 3.453027 -1.684974 -0.7559713 -0.09419011
24 26.38636 1.999501 -0.5080966 6.910493 2.397829 -1.767257 -0.3327063 -0.04249261
25 25.73506 1.945881 -0.5429592 7.046881 2.729171 -1.895173 -0.526129 0.008333302
26 25.53671 1.876199 -0.5246563 6.393308 5.184079 -1.85153 -0.292079 0.0007434319
27 25.98455 1.995298 -0.5267972 6.611794 2.618706 -1.55984 -0.6381434 -0.05788644
28 26.49479 1.961687 -0.5134199 6.211726 2.506703 -2.012118 -0.1645775 0.0002554812
29 25.80431 1.862525 -0.5358204 6.96063 3.166527 -2.012333 -0.6249946 -0.05235399
30 26.04866 1.951062 -0.5242566 7.264635 2.702345 -1.461639 -0.7278201 -0.08536703
31 25.90462 1.914038 -0.5474261 7.424475 2.460985 -2.244608 0.279927 -0.002820476
32 26.2366 1.972876 -0.5309093 8.121175 3.258966 -1.736231 -0.516808 -0.07926372
33 26.48681 2.021625 -0.4990245 7.825414 2.830422 -1.918214 -0.2708103 -0.001105543
34 25.82334 2.002007 -0.5559191 8.56715 2.745478 -1.574716 -0.626494 -0.08265836
35 25.89264 1.921252 -0.5477338 6.717913 2.372612 -1.643637 -0.7582112 -0.07525749
36 25.60896 1.981818 -0.5428784 6.577849 4.227258 -2.06857 -0.4581567 0.01293325
37 26.39069 2.128422 -0.525553 6.678448 2.564893 -1.930746 -0.9651708 -0.03358716
38 26.06333 1.868773 -0.5322147 6.685023 3.220424 -1.961144 -0.3288938 -0.003049569
39 25.92125 2.035588 -0.5392822 6.002565 2.421153 -1.42995 -0.9493614 -0.1056071
40 25.86499 1.93571 -0.5444828 7.648337 2.321221 -1.677174 -0.427276 -0.05439266
41 25.69435 1.911082 -0.5575072 6.868561 3.270098 -2.091518 -0.8765797 -0.00830525
42 25.59285 1.80738 -0.5425201 6.900823 4.16997 -1.182458 -1.265246 -0.1006725
43 25.94693 1.956217 -0.5377584 6.624134 1.899425 -1.973916 -0.5424354 -0.04411749
44 26.58456 1.964044 -0.503399 7.220699 2.314958 -2.227611 0.08552521 0.004268861
45 26.04512 1.68493 -0.5152857 5.88993 3.305869 -2.16931 0.2677079 -0.009305076
46 26.40098 2.075995 -0.5179457 6.540748 2.912966 -1.919774 -0.107016 -0.06515886
47 26.17756 1.863725 -0.5250264 7.088587 2.796975 -1.926445 -0.1579512 0.0007158521
48 26.37491 1.915526 -0.5241725 7.251903 2.85176 -1.860137 -0.2702367 -0.04892639
49 26.36243 2.044213 -0.5010162 6.282901 4.847477 -1.765332 -0.5177826 -0.02604287
50 26.36196 2.0213 -0.5067118 7.099449 3.325699 -2.084349 -0.5407006 0.01636925
51 26.49371 2.024791 -0.5149185 6.828347 2.146034 -1.502027 -0.6874196 -0.06431093
52 26.35583 1.944941 -0.5051824 7.139127 3.097956 -1.969099 -0.1146481 -0.03554672
53 25.78818 1.959914 -0.5574748 6.733835 2.80673 -1.613508 -0.7795204 -0.09891933
54 26.31806 2.023507 -0.5217199 6.760772 3.143669 -1.782127 -0.2753087 -0.02977601
55 26.12939 1.901169 -0.5287491 6.419431 3.092155 -2.131979 -0.5980003 0.01372969
56 26.80461 1.939231 -0.5028465 6.798315 3.212556 -1.90295 -0.3005646 -0.001494465
57 26.58691 1.982997 -0.5114478 6.901821 2.524446 -1.738777 -0.9496919 -0.05391411
58 26.61981 1.973525 -0.4945131 6.334203 3.649994 -1.959907 -0.1737175 -0.03775239
59 26.14122 1.961794 -0.5075679 6.693046 3.53969 -1.628738 -0.7792189 -0.06650927
60 26.39409 2.043882 -0.5114921 6.599663 2.322912 -1.491129 -1.30508 -0.09128656
61 25.94797 2.171257 -0.5356924 6.318791 2.918512 -1.793676 -0.6801268 0.005804508
62 26.15399 2.002168 -0.5119869 6.606347 4.23275 -2.224682 0.2987132 -0.01254204
63 25.71071 1.955016 -0.5335591 6.751316 2.495332 -1.780579 -0.6081744 -0.03163681
64 25.78563 2.089617 -0.5633371 7.184433 2.86987 -1.751736 -0.6300077 -0.001765457
65 25.84283 1.953189 -0.5447623 7.186683 2.228163 -1.978847 -0.6698351 0.00998446
66 26.66603 1.972241 -0.5052104 6.248186 3.236396 -1.748259 -1.408799 -0.05865363
67 25.97976 2.092386 -0.5522749 6.954169 3.205791 -1.979483 -0.3356715 0.007265729
68 26.2237 1.94537 -0.5339989 6.507888 2.000975 -1.595917 -1.272561 -0.08752095
69 26.12959 1.914161 -0.5294078 6.631745 3.1689 -1.269053 -1.064625 -0.09982269
70 26.07811 1.976297 -0.5237555 6.759114 2.723281 -2.058939 -0.1059082 0.0006437547
71 25.43957 1.907192 -0.5586711 7.033696 2.108646 -2.294486 -0.237916 -0.000440614
72 26.37183 2.091149 -0.5122924 7.476953 2.146156 -2.178075 0.2176727 -0.002517157
73 26.184 1.961107 -0.5355014 6.462313 2.626963 -1.974927 -0.1077041 -0.005052799
74 25.96181 2.055419 -0.5492881 6.262462 2.686068 -1.643737 -0.6483504 -0.07381322
75 25.66633 1.998898 -0.5558099 6.97854 3.352628 -1.966952 -0.09962485 -0.01656822
76 26.28421 1.884999 -0.5127952 7.583028 2.485775 -1.348787 -0.9965715 -0.09049841
77 25.97044 1.932296 -0.5342341 7.316678 3.111193 -1.777103 -0.6613658 -0.007977919
78 25.65574 2.21754 -0.5662266 7.210641 2.049561 -1.497694 -1.104227 -0.05037897
79 26.02203 2.0243 -0.5291699 6.612795 3.321291 -1.80661 -0.5867153 -0.06222789
80 25.86942 1.965615 -0.5355378 6.918757 3.521123 -1.21853 -1.323429 -0.1036582
81 26.20951 1.952489 -0.5076219 7.246295 2.633338 -2.20609 -0.3055807 0.01354345
82 25.83175 2.127246 -0.5632941 6.777094 3.218328 -1.63467 -0.5691731 -0.0653755
83 26.54379 2.002898 -0.5103218 6.912291 5.193681 -1.416747 -1.397943 -0.09235973
84 25.92459 2.059769 -0.5350504 8.283206 3.626477 -1.591607 -0.7402227 -0.1080306
85 26.25981 2.011886 -0.5166546 7.641818 2.466324 -2.014765 -0.2858679 -0.002160164
86 25.79813 2.100718 -0.5489452 7.070528 2.294232 -1.653948 -0.7981779 -0.02244656
87 25.64126 1.886174 -0.5355351 6.032305 4.045119 -1.625905 -1.250737 -0.08354904
88 26.27923 1.881736 -0.5240419 6.933336 1.984908 -1.965308 -0.382857 -0.04965887
89 25.72601 1.987595 -0.5467845 7.775596 4.347328 -2.150172 -0.5741034 -0.007308924
90 25.98887 1.930915 -0.5508395 7.135211 2.947965 -1.60607 -1.249605 -0.08045799
91 25.90118 2.03982 -0.5404433 6.56729 3.081506 -1.978335 -0.8499847 0.006758048
92 25.52763 2.03802 -0.5681783 6.051892 2.114841 -2.028925 -0.4674431 0.01440292
93 26.15661 1.945771 -0.4953327 6.102741 5.349192 -2.05545 0.04175941 -0.01893902
94 26.0915 1.869223 -0.5092688 6.652853 4.988381 -1.814986 0.1410871 -0.003144377
95 25.68299 1.861055 -0.5358722 6.975033 2.915948 -1.576149 -1.320337 -0.03223337
96 26.1269 1.916981 -0.5317009 6.83152 3.146814 -2.264282 -0.2327802 0.006307177
97 26.61474 1.980898 -0.5136859 7.617613 1.959001 -1.890792 -0.2416096 -0.001143113
98 25.6725 1.931934 -0.559695 6.71162 3.052899 -1.923031 -0.5542534 0.00923569
99 26.15429 1.992912 -0.5286963 7.584016 3.312438 -2.132737 -0.05941017 0.0002326458
100 26.03368 1.991316 -0.5074213 7.653331 4.162229 -1.583758 -0.7028416 -0.05647367
