1 0.2491198 0.04921447 0.01515153 0.4764206 0.3299181 0.203246 0.2568653 0.006509139
2 0.2528643 0.05193391 0.01555655 0.6605106 0.3214967 0.1890902 NaN 0.003271167
3 0.2833508 0.05279474 0.01628793 0.5340877 0.4114999 0.3101349 NaN 0.008603118
4 0.2939305 0.04969249 0.01620765 0.6061091 0.4067349 0.1798432 NaN 0.00245316
5 0.2750132 0.04596501 0.01542772 0.8163934 0.3119004 0.2010582 0.3284545 0.007506405
6 0.2547392 0.05737262 0.0163503 0.6090221 0.3526092 0.178166 NaN 0.00177862
7 0.2665491 0.04550985 0.01507761 0.7487221 0.3080537 0.2282954 0.3689105 0.008773477
8 0.2611514 0.04795178 0.01399764 0.6611719 0.2964385 0.1952806 0.09550026 0.003377601
9 0.2523181 0.04154054 0.01439611 0.5157967 0.3061536 0.1786875 NaN 0.002389543
10 0.2713518 0.05050372 0.01619278 0.6431237 0.3581805 0.1783035 0.04893509 0.003079676
11 0.2400523 0.0451458 0.01460566 0.4616507 0.2973189 0.2000897 NaN 0.003912574
12 0.243788 0.04440451 0.01482971 0.4669152 0.3047518 0.2498574 0.1256665 0.00534786
13 0.2675613 0.04991262 0.01620866 0.5757179 0.3660299 0.1891354 NaN 0.003469659
14 0.2728229 0.04691187 0.01699665 0.680221 0.3872847 0.1711903 NaN NaN
15 0.2783472 0.04953714 0.01587244 0.6833713 0.3699454 0.1760291 NaN 0.001291609
16 0.2546715 0.05095368 0.01575694 0.5431966 0.34171 0.1966859 0.07992235 0.003664062
17 0.2229286 0.04684461 0.01549571 0.4252619 0.3047949 NaN NaN NaN
18 0.2843054 0.04922318 0.01586837 0.8108529 0.3495768 0.1744695 NaN 0.0008590531
19 0.2393516 0.04741617 0.01638969 0.486151 0.3378083 0.2850829 0.2983369 0.008692364
20 0.2360511 0.04486508 0.0147125 0.3955164 0.3078064 0.2914491 0.1423414 0.006628417
21 0.2601412 0.05056394 0.01791456 0.6053325 0.4100935 0.1770336 NaN 0.0007350111
22 0.3072695 0.05350293 0.01624007 0.8780162 0.4179414 0.1676661 NaN 0.002182145
23 0.2582688 0.05447388 0.01565654 0.6785202 0.3361491 0.07321972 NaN NaN
24 0.2640869 0.04852269 0.0153846 0.4935646 0.3476464 0.1866859 NaN 0.002919596
25 0.2588914 0.04998361 0.01680014 0.5350785 0.3727684 0.1836843 0.09086373 0.002876997
26 0.2892505 0.04702148 0.01616244 0.9320076 0.3428802 0.1583852 NaN NaN
27 0.2641915 0.04920763 0.01598632 0.576308 0.3705491 0.1962977 0.4722239 0.01048604
28 0.2542847 0.04511893 0.01483907 0.5060607 0.3208805 0.178196 NaN 0.002024486
29 0.2491917 0.04588963 0.01618879 0.6268179 0.3294934 NaN NaN NaN
30 0.2596562 0.04927172 0.01628989 0.5513887 0.3596142 0.2661265 NaN 0.009774424
31 0.2468137 0.04913628 0.01700417 0.502287 0.362594 0.1912079 NaN 0.00407629
32 0.2722965 0.05234729 0.01712985 0.6354093 0.3929472 0.2496329 0.5525027 0.01038082
33 0.297586 0.05268136 0.01626882 0.6514899 0.4161854 0.1725137 NaN 0.002509567
34 0.2811099 0.05700035 0.01878854 0.6191544 0.4835174 0.1987047 0.280652 0.007243246
35 0.2357256 0.04700894 0.01610393 0.47581 0.3226908 0.2136001 0.1141698 0.003815637
36 0.2715941 0.04960278 0.01617273 0.7307174 0.3376225 0.2345883 0.1475292 0.003402965
37 0.2554433 0.05074225 0.01494125 0.5148604 0.3310064 0.2147149 0.05128267 0.005197882
38 0.2607236 0.04579546 0.01610783 0.5863441 0.3439667 0.1951319 0.1045545 0.003208014
39 0.2269651 0.04706332 0.01468985 0.4592466 0.280865 NaN NaN NaN
40 0.2516901 0.0507699 0.01723533 0.4986508 0.3836306 0.2124899 0.07059393 0.004646384
41 0.2547745 0.04858819 0.01683022 0.6198152 0.3500353 0.1965819 0.07999233 0.003865134
42 0.2658868 0.04596018 0.01681482 0.8022013 0.3374869 NaN NaN NaN
43 0.2225627 0.04636482 0.01522331 0.3918766 0.2971786 0.2809436 0.1397586 0.006661122
44 0.2664069 0.04778461 0.01549917 0.5069214 0.3591953 0.154682 NaN NaN
45 0.2534263 0.03843434 0.01525366 0.6299054 0.2931561 0.1968491 0.08076845 0.003809334
46 0.2605117 0.04947785 0.01499033 0.5468233 0.324733 0.2105445 0.2530263 0.006534572
47 0.2647608 0.04682164 0.01643379 0.6171451 0.3730746 0.1143269 NaN NaN
48 0.2557131 0.04704093 0.0157108 0.5323999 0.3370886 0.2281414 0.1200746 0.004495749
49 0.2978874 0.0490469 0.01487265 0.9623538 0.3399052 0.3120591 0.0284709 0.008124937
50 0.2845526 0.05020893 0.01565805 0.7082392 0.3743588 0.2090771 0.12507 0.003247842
51 0.2694986 0.04963502 0.01572362 0.5262765 0.3927529 0.1924166 0.4485922 0.00979807
52 0.285572 0.04863484 0.01591374 0.62285 0.38075 0.2104746 0.2390639 0.00663336
53 0.2348278 0.04845468 0.01605851 0.5401475 0.3171756 0.1689212 NaN 0.004055175
54 0.2673212 0.04940947 0.01538402 0.6071353 0.3470962 0.1864047 NaN 0.00345954
55 0.2595395 0.0457068 0.01553491 0.6094032 0.3358063 0.2067367 0.1174992 0.003347365
56 0.2780522 0.04626718 0.01531919 0.6069106 0.3618335 0.1693733 NaN NaN
57 0.2669987 0.04774832 0.01550146 0.5198953 0.3634074 0.1887084 NaN 0.001822181
58 0.2725916 0.04502761 0.01432935 0.6172677 0.3072104 0.1903416 NaN 0.003534492
59 0.2865797 0.04848661 0.01566584 0.6618389 0.3657414 0.2290524 0.8258146 0.01821711
60 0.2495577 0.04792828 0.01472826 0.492395 0.3120363 0.243974 NaN 0.00611881
61 0.2615164 0.05300376 0.01532388 0.5971066 0.3519529 0.2177144 0.1172534 0.003648331
62 0.2780689 0.04811231 0.01508837 0.8163951 0.3280528 0.2232991 0.1284423 0.004131612
63 0.2533423 0.04868234 0.01627726 0.5615805 0.3596526 0.1688312 NaN NaN
64 0.2635493 0.05538921 0.01721565 0.648694 0.4089048 0.1750234 0.03257792 0.002626054
65 0.2493656 0.04978129 0.01686102 0.4722836 0.3785378 0.1862638 0.09367834 0.002844884
66 0.2529414 0.04406267 0.0139807 0.5728819 0.2850212 0.2170194 0.0975762 0.004344914
67 0.2614385 0.05322035 0.01636193 0.6560111 0.3669822 0.1814473 0.07958732 0.002994291
68 0.2268958 0.04535208 0.01505414 0.4285152 0.2989856 0.5666982 0.3316229 0.0122292
69 0.2545928 0.04623414 0.01570658 0.595921 0.3227392 NaN NaN NaN
70 0.259195 0.04831621 0.01572283 0.564864 0.3466892 0.1777829 NaN 0.002688505
71 0.2317703 0.04828963 0.0169769 0.472199 0.3445144 0.7389865 0.4847097 0.01303762
72 0.2654809 0.05249749 0.01569431 0.4679248 0.3721325 0.1826117 NaN 0.003725125
73 0.2481587 0.04716097 0.01568276 0.5161143 0.3334116 0.2011287 0.2766754 0.006619911
74 0.2374748 0.04893617 0.01514445 0.5334439 0.3037674 0.2029171 NaN 0.004624936
75 0.2559369 0.05126927 0.01671937 0.6244433 0.3507425 NaN NaN NaN
76 0.2645396 0.04769088 0.01643082 0.5435385 0.374569 0.4607625 0.2320386 0.01161378
77 0.2732706 0.0501684 0.01705014 0.6230666 0.4044622 0.1705964 NaN 0.002471546
78 0.2521285 0.05887018 0.01705135 0.5010502 0.40995 0.1658916 NaN 0.001429596
79 0.2537238 0.04872781 0.01527389 0.5797086 0.3130713 0.195193 NaN 0.003617024
80 0.2582818 0.04898876 0.01606219 0.6544862 0.3320917 0.7973665 0.4412694 0.02063131
81 0.273882 0.04882052 0.01606158 0.5116279 0.3741455 0.1983294 0.1125966 0.002790811
82 0.2491621 0.05378741 0.01608387 0.7272904 0.3404668 0.2062504 NaN 0.004677656
83 0.2866951 0.04819584 0.01504431 0.8210317 0.3235244 0.3104236 0.09006737 0.008409776
84 0.27431 0.05588835 0.01714623 0.6726509 0.3906386 0.3439191 0.589282 0.009006548
85 0.2725104 0.05159208 0.01642542 0.5601448 0.39849 0.1744614 NaN NaN
86 0.2599944 0.05462513 0.0168516 0.5424891 0.4021195 0.1678699 NaN 0.001658838
87 0.2517611 0.04423322 0.01508485 0.6544921 0.2823473 NaN NaN NaN
88 0.2395399 0.04535299 0.01563957 0.4478543 0.3229393 0.1989035 NaN 0.003725523
89 0.2778701 0.05304231 0.01714569 0.7928756 0.3812669 NaN NaN NaN
90 0.2421138 0.04839959 0.01638785 0.5387014 0.3304935 0.213066 0.07170806 0.00471801
91 0.2597639 0.05027308 0.01588169 0.5937338 0.3484101 0.1901093 0.1049183 0.002763799
92 0.2251035 0.04901006 0.01579208 0.4488407 0.3145768 0.2084093 0.121015 0.003212929
93 0.2937754 0.04543889 0.01448979 0.9388979 0.3085506 0.1947242 0.1033661 0.003147798
94 0.3115208 0.04753413 0.01623658 0.9330283 0.394585 0.1684735 NaN 0.002786724
95 0.2662278 0.04772498 0.01711406 0.6364438 0.3893291 0.1742322 0.05582699 0.003078748
96 0.2588161 0.04691222 0.01598099 0.5960136 0.3477554 0.2063851 0.1044534 0.003988205
97 0.2686575 0.05005717 0.01622303 0.4571379 0.4001323 0.1783281 NaN 0.00154406
98 0.2519901 0.04879925 0.01673038 0.612974 0.3571971 0.182149 0.08324232 0.003176434
99 0.2767669 0.05160713 0.01656591 0.6322725 0.3845158 0.1954281 0.1005866 0.003304884
100 0.303136 0.05278184 0.01670836 0.8418049 0.4041047 NaN NaN 0.01101948
