1 0.2380852 0.04941149 0.01592424 0.4742991 0.3318311 0.1029266
2 0.2626296 0.05161974 0.01487605 0.6721729 0.320415 0.1086029
3 0.2857203 0.05227684 0.01603657 0.5160194 0.4088979 0.1016247
4 0.2693612 0.04977601 0.01755604 0.5928432 0.4074518 0.1012335
5 0.2833474 0.04617492 0.01498511 0.820354 0.3158423 0.1024945
6 0.2508355 0.05717509 0.01692498 0.6207851 0.3545899 0.1024202
7 0.2668237 0.04592228 0.01525573 0.7509616 0.3112002 0.1052391
8 0.2540574 0.04858422 0.0145506 0.655166 0.2919185 0.1043299
9 0.2426593 0.04161337 0.01495419 0.5035793 0.307976 0.1019997
10 0.2674469 0.0500619 0.0164717 0.6350201 0.3611875 0.1019757
11 0.2417096 0.04563927 0.01450251 0.4684801 0.2985165 0.1080334
12 0.243937 0.04481035 0.01472435 0.4685741 0.3018937 0.1093309
13 0.2530525 0.04997951 0.01715329 0.5768479 0.3632396 0.1052362
14 0.2695283 0.04705489 0.01714108 0.6875756 0.3848344 0.1003943
15 0.2881237 0.04928331 0.01549529 0.7112032 0.3697917 0.1015274
16 0.2513969 0.05153141 0.0160937 0.5433297 0.344808 0.1052418
17 0.2375076 0.04616876 0.01443651 0.4229196 0.3037022 0.1057902
18 0.2843406 0.04940276 0.01585369 0.8128967 0.347133 0.1020465
19 0.2568324 0.04754854 0.01541407 0.4944908 0.3419358 0.1068754
20 0.2322612 0.04544288 0.01533276 0.418886 0.309099 0.1053003
21 0.2604538 0.0510952 0.01772195 0.6007516 0.4063403 0.1007452
22 0.2960683 0.05405267 0.01694719 0.866394 0.4199078 0.09924518
23 0.2565213 0.05458938 0.01601818 0.7006618 0.3362615 0.1086192
24 0.2616019 0.04919743 0.01547191 0.510784 0.3449717 0.103838
25 0.2641557 0.04975819 0.0163809 0.5334296 0.3714039 0.1011942
26 0.2839362 0.04620582 0.01663091 0.9337511 0.3422268 0.1012227
27 0.2583007 0.04893398 0.01634224 0.5697784 0.3714859 0.09921272
28 0.2420785 0.04554307 0.01548056 0.4946906 0.3202373 0.102478
29 0.2583669 0.04642577 0.01584903 0.6525038 0.3333767 0.1062722
30 0.2721682 0.04905755 0.01562249 0.5732508 0.3565136 0.1047992
31 0.2722124 0.04827817 0.01569909 0.5272103 0.3627233 0.1047567
32 0.2774644 0.05268473 0.01665245 0.6416663 0.387247 0.1068779
33 0.2722393 0.05159491 0.0177942 0.6634417 0.4138372 0.101151
34 0.2907917 0.05704649 0.01820074 0.6268124 0.4818699 0.09888747
35 0.2496256 0.04693131 0.01531451 0.4693989 0.3263223 0.1063253
36 0.2720774 0.04999821 0.01619312 0.7261862 0.3374473 0.1024322
37 0.2524398 0.05032618 0.01503685 0.5083855 0.3312805 0.102765
38 0.2596354 0.04575314 0.0159974 0.5755574 0.3423251 0.1024568
39 0.2373247 0.04697437 0.01402396 0.4658252 0.2777932 0.1091524
40 0.2667315 0.05063478 0.01617646 0.5027696 0.3789358 0.103827
41 0.2681268 0.04888827 0.01580326 0.6288776 0.3507915 0.1024192
42 0.2722986 0.0456991 0.01625463 0.8144126 0.3359073 0.1058135
43 0.2233186 0.04648753 0.01517176 0.3941141 0.2978285 0.1098078
44 0.2742552 0.04807096 0.01525558 0.5154314 0.360366 0.1042777
45 0.2546377 0.03853239 0.0151388 0.6392583 0.2926641 0.1042823
46 0.2498343 0.04944188 0.01578546 0.543229 0.3244407 0.1053482
47 0.2579572 0.04671387 0.01696583 0.6297779 0.3683096 0.1020382
48 0.2444306 0.04595199 0.01649392 0.5216889 0.3374981 0.1073939
49 0.2780844 0.04958047 0.01596404 0.9361085 0.3389897 0.1012238
50 0.2711924 0.05083709 0.0165191 0.736557 0.3715317 0.1006424
51 0.2593037 0.0498992 0.01623954 0.5404642 0.3822418 0.09890619
52 0.2813054 0.04976417 0.01668085 0.6123356 0.3809982 0.1007696
53 0.2462902 0.04886286 0.01521894 0.5550069 0.3177958 0.1079799
54 0.2537797 0.04937309 0.01619423 0.579173 0.3453726 0.1028906
55 0.2678124 0.04640404 0.01506789 0.6064725 0.3360148 0.1010839
56 0.2647237 0.04619535 0.01599604 0.5858325 0.3612253 0.1011894
57 0.2555835 0.04842275 0.01618402 0.5209991 0.3670614 0.1002513
58 0.255504 0.04573784 0.01523447 0.5957555 0.3096637 0.1052491
59 0.2867762 0.04838315 0.01557319 0.6475865 0.3655677 0.09997141
60 0.2528213 0.04837679 0.01454002 0.4916994 0.3121992 0.1086797
61 0.2416727 0.05218772 0.0165712 0.5806208 0.3419551 0.09957814
62 0.2659505 0.04800069 0.01582705 0.7968728 0.3284287 0.1042201
63 0.250835 0.04908631 0.01614879 0.5623229 0.3536196 0.1007125
64 0.2718128 0.05530852 0.01667342 0.6559327 0.408929 0.09926505
65 0.2517342 0.05023048 0.0166888 0.476753 0.3797553 0.1006885
66 0.25206 0.04483873 0.01405368 0.5817604 0.2837456 0.109856
67 0.2763777 0.05331907 0.01542629 0.6770323 0.3677044 0.1011322
68 0.240321 0.04607377 0.01426261 0.4368935 0.2994627 0.109182
69 0.2601783 0.04542315 0.01556306 0.6125201 0.3234486 0.1058342
70 0.2633183 0.048091 0.01530376 0.5538922 0.343898 0.1024082
71 0.2368186 0.04869237 0.01656009 0.4602419 0.3483789 0.1037116
72 0.248672 0.0527743 0.01666042 0.4584143 0.3728323 0.1032769
73 0.2494375 0.04798481 0.01565263 0.5247417 0.3318624 0.1034452
74 0.2433955 0.04888186 0.01483229 0.5362981 0.3074666 0.1058038
75 0.2626328 0.05123738 0.01632301 0.6311891 0.3517907 0.1043369
76 0.2563379 0.04784147 0.01688912 0.546247 0.3735079 0.105296
77 0.2841967 0.05006093 0.01645785 0.636228 0.4045642 0.09998268
78 0.256883 0.05871357 0.01676633 0.506927 0.4085652 0.09888831
79 0.2483525 0.0487409 0.01573748 0.5724481 0.3141601 0.1068792
80 0.2523517 0.04980969 0.01633925 0.6400119 0.3289627 0.1074817
81 0.2812631 0.04843117 0.01592257 0.5324677 0.37423 0.1019697
82 0.2552274 0.05424497 0.01559361 0.742189 0.3390681 0.1047865
83 0.280569 0.04906495 0.01530324 0.81086 0.3243936 0.1079755
84 0.2635534 0.05580055 0.01805903 0.6607641 0.3900154 0.1085634
85 0.2655861 0.05181778 0.01687597 0.5823335 0.3926201 0.1015235
86 0.267274 0.0552883 0.01634667 0.5453963 0.4033818 0.09930107
87 0.2669316 0.04418098 0.0143222 0.6869985 0.2854624 0.1073963
88 0.2398345 0.0458745 0.01563779 0.453209 0.3237439 0.1085989
89 0.2782791 0.05280924 0.01717611 0.7947791 0.3803701 0.1037169
90 0.2465128 0.04830838 0.01600952 0.5168565 0.3280855 0.109404
91 0.2593913 0.04980942 0.01607806 0.6040967 0.3502659 0.1007194
92 0.2229416 0.04960379 0.01609887 0.4572043 0.3168031 0.1015353
93 0.2711364 0.04583822 0.01581779 0.8898944 0.3093803 0.1032911
94 0.3155027 0.04773345 0.01602182 0.9410797 0.3967569 0.09826903
95 0.2727019 0.04804512 0.01641988 0.6374217 0.3844804 0.09962079
96 0.2796688 0.04694191 0.01512718 0.6263568 0.3497801 0.1023628
97 0.2508442 0.04994001 0.017338 0.4503223 0.4024896 0.1015917
98 0.2713 0.04792298 0.01553999 0.6468128 0.3536434 0.1007125
99 0.2673464 0.05141423 0.01723741 0.6281927 0.3814193 0.1028613
100 0.2833145 0.05255433 0.01791917 0.8447803 0.4027582 0.1021111
