1 0.2189651 0.0440267 0.01459374 0.430469 0.3589326 1.000317 0.1029259
2 0.2299763 0.0468016 0.01321765 0.4869907 0.3635071 0.9712572 0.1085677
3 0.2382849 0.04437043 0.01341557 0.3786605 0.3997182 0.701451 0.1016302
4 0.2367007 0.04348533 0.0148466 0.4786494 0.4638782 0.7042763 0.1012284
5 0.2485683 0.04323767 0.01361849 0.5807415 0.3680409 1.101748 0.1024945
6 0.2266939 0.05093989 0.0155085 0.5184034 0.3931277 1.133123 0.1024203
7 0.2211985 0.04106987 0.01335003 0.4543799 0.3378572 0.9056431 0.1052274
8 0.2156816 0.04355159 0.01309313 0.4172492 0.3317883 0.9024765 0.1042736
9 0.2179284 0.03951653 0.01365769 0.4079038 0.3290568 1.18113 0.102
10 0.2357748 0.04575145 0.01487771 0.4779698 0.3967892 1.192574 0.1019758
11 0.2154074 0.04073054 0.01296031 0.3676008 0.3401305 0.8931528 0.1080054
12 0.2180663 0.04109178 0.01338271 0.3644013 0.3525978 1.174324 0.1094187
13 0.2230542 0.04609331 0.01456575 0.4727226 0.3794697 0.7641 0.105243
14 0.2384001 0.0416261 0.01493116 0.5012204 0.4043748 0.8035323 0.1003962
15 0.2553876 0.04350056 0.01360377 0.5583458 0.3916139 0.8174003 0.1015265
16 0.2374547 0.04561546 0.01427605 0.5258729 0.3863731 1.08522 0.1053119
17 0.2207128 0.04220416 0.01328688 0.3705753 0.363605 1.279271 0.1057593
18 0.2614513 0.04433685 0.01439213 0.6554671 0.3867426 1.145141 0.1020465
19 0.23337 0.04185193 0.01352644 0.4207612 0.3833541 0.8453956 0.1069716
20 0.2119517 0.04239038 0.01419416 0.3431288 0.3571664 1.657868 0.1052841
21 0.2344252 0.04480281 0.01535659 0.4910872 0.4224897 0.9253222 0.10074
22 0.2517283 0.04658463 0.01464793 0.5738624 0.4374025 0.7833113 0.09920927
23 0.232832 0.04620939 0.01417984 0.536407 0.377741 0.8219682 0.1085382
24 0.2385914 0.04551519 0.01410622 0.4356979 0.398629 1.310684 0.1038428
25 0.2394703 0.04566067 0.0146935 0.4574841 0.4124893 1.197964 0.1011978
26 0.2568785 0.04153272 0.0148157 0.7355086 0.382238 1.104587 0.1012171
27 0.2350766 0.04197719 0.01408431 0.4769005 0.3911023 0.9006684 0.0992171
28 0.2163723 0.04078044 0.01386125 0.3827397 0.3653924 1.037757 0.1024782
29 0.2177021 0.03992299 0.0133973 0.411797 0.3499883 0.6472187 0.1062832
30 0.2553548 0.04610206 0.01454116 0.4772121 0.4149305 1.532722 0.1048021
31 0.2475835 0.04306959 0.01410793 0.4202328 0.4212283 1.004525 0.1047553
32 0.2438014 0.04683891 0.01448433 0.5397623 0.4121398 0.9795435 0.1068714
33 0.2297558 0.04406216 0.01543495 0.4413529 0.4313336 0.7384127 0.1011492
34 0.2622501 0.0501937 0.01562959 0.546381 0.4768228 0.8173417 0.09883847
35 0.2291572 0.04352262 0.01356094 0.3922288 0.3842809 1.143962 0.1063253
36 0.2362077 0.04316345 0.01409037 0.5612079 0.3583252 0.8440655 0.1024328
37 0.2300146 0.04394679 0.01320259 0.4110035 0.3452591 0.8385674 0.1027695
38 0.2471302 0.0419229 0.01508503 0.5244429 0.4073846 1.897894 0.1024567
39 0.2270787 0.04375874 0.01328891 0.4117173 0.342938 1.910735 0.1091987
40 0.2348634 0.04269211 0.01392565 0.4167749 0.4173784 0.7527497 0.1038239
41 0.2473736 0.04255987 0.01397617 0.5408822 0.3862125 0.9437094 0.1024176
42 0.2380817 0.04408209 0.01449669 0.5799441 0.3790134 0.9650064 0.1058122
43 0.2069703 0.04106905 0.01358846 0.3302325 0.3408826 1.071687 0.1100441
44 0.2415744 0.04141465 0.01314254 0.4260253 0.381291 0.7894734 0.1042664
45 0.2297891 0.03498076 0.01356139 0.5075644 0.332522 1.039493 0.1042823
46 0.227228 0.04331408 0.01400656 0.4501874 0.3790025 0.9957078 0.1053556
47 0.2270447 0.04160376 0.01472194 0.4594838 0.3984645 0.8591255 0.1020375
48 0.2271348 0.0423303 0.01461579 0.4535159 0.3789325 1.03018 0.1074302
49 0.2331924 0.0442103 0.01416412 0.532858 0.3564666 0.8782331 0.1012263
50 0.2382113 0.045034 0.01469066 0.4889626 0.3963761 1.048722 0.1006424
51 0.2365132 0.04378643 0.01485685 0.440352 0.4166488 1.034802 0.09891393
52 0.2445982 0.04338757 0.01491403 0.4951858 0.4226283 1.017753 0.1007404
53 0.2234495 0.04394294 0.01368148 0.4228097 0.3654367 0.9753868 0.1083402
54 0.2288163 0.04444293 0.01451598 0.4879552 0.400973 1.080022 0.1028905
55 0.2301652 0.04045434 0.01324496 0.430301 0.3596035 0.907369 0.1010832
56 0.2323042 0.0414605 0.01383008 0.4471775 0.3923166 0.8895888 0.1011902
57 0.2306816 0.04456657 0.01457305 0.4398076 0.399463 1.120734 0.1002475
58 0.2232698 0.04143115 0.01324335 0.4834722 0.3289711 0.8879669 0.1052491
59 0.2472505 0.04285784 0.01374491 0.4615747 0.384142 0.92272 0.09998823
60 0.2192739 0.0416711 0.01267601 0.3558625 0.337204 0.8817926 0.1085588
61 0.2345677 0.04712177 0.01563536 0.5019492 0.3905541 1.514244 0.09957357
62 0.2291776 0.04191154 0.01346356 0.5124776 0.3581523 0.7324045 0.1042211
63 0.2211312 0.04346247 0.01404478 0.4045444 0.3774069 0.830138 0.1007125
64 0.2289491 0.04298419 0.01378303 0.4205745 0.4134144 0.6110886 0.09928223
65 0.2128213 0.04365204 0.01391369 0.3616043 0.3872634 0.6477276 0.1006861
66 0.2232137 0.04006707 0.0129205 0.4161253 0.3347297 1.107667 0.1098121
67 0.2413172 0.04537747 0.01344761 0.4912272 0.387794 0.8423279 0.1011323
68 0.2105043 0.04006764 0.01231618 0.3659793 0.3197361 0.7833226 0.1091549
69 0.2284978 0.03901846 0.01306199 0.4976529 0.3577384 0.7484116 0.1058713
70 0.2366897 0.0415858 0.01351747 0.4515104 0.384036 0.7834528 0.1024059
71 0.214959 0.04444658 0.01489542 0.3695951 0.3916919 1.072428 0.1037116
72 0.2285573 0.04841808 0.01522846 0.4176186 0.4369927 1.258406 0.1032874
73 0.2228152 0.04259398 0.01399749 0.4038664 0.3964088 0.9930163 0.1034459
74 0.2251934 0.04320602 0.01350408 0.4381465 0.3513062 1.237305 0.1058248
75 0.2432028 0.04556461 0.0146102 0.5515719 0.418316 1.239461 0.1043417
76 0.2172841 0.0405425 0.01410358 0.374735 0.3963344 0.6762237 0.1053008
77 0.2505706 0.04325822 0.01416138 0.4579969 0.4345941 0.870344 0.09999199
78 0.2411659 0.05422703 0.01567812 0.444821 0.4463846 1.325136 0.09886853
79 0.2217309 0.04558582 0.01405214 0.4602812 0.3569796 1.162913 0.1068698
80 0.2160437 0.04264622 0.01434413 0.4380607 0.3734875 0.7965147 0.1075303
81 0.2474662 0.04429794 0.01380837 0.4456513 0.4210549 0.9250856 0.10197
82 0.2189785 0.04483501 0.01324249 0.4430817 0.3626451 0.6855939 0.1047873
83 0.2511599 0.04240352 0.01327707 0.6528975 0.3675814 0.8459095 0.1079789
84 0.2315258 0.04735086 0.01543339 0.4856706 0.4499859 0.7550133 0.1085634
85 0.2116891 0.0436503 0.01421983 0.3843181 0.382411 0.5866878 0.1015243
86 0.2382122 0.04553297 0.01376972 0.4766415 0.4240816 0.7031106 0.09930105
87 0.2340747 0.04237873 0.01315739 0.5101884 0.3283766 1.463971 0.1073963
88 0.2042024 0.04070097 0.01366217 0.3421435 0.3528891 0.8336988 0.1085625
89 0.2226763 0.04507195 0.01477601 0.439571 0.4150448 0.6958395 0.1037283
90 0.2241966 0.04199018 0.01352498 0.4416522 0.355795 0.7676857 0.1091639
91 0.2375907 0.04558635 0.01442485 0.4795088 0.3979305 1.112877 0.1007155
92 0.2072413 0.04296299 0.01425556 0.3766816 0.3532807 1.057331 0.1015376
93 0.2349961 0.04166873 0.014297 0.5987685 0.3493956 1.084957 0.1032911
94 0.2824485 0.0416503 0.01387679 0.7037184 0.4285235 0.7986542 0.09821395
95 0.2393991 0.04237996 0.01407635 0.5100881 0.3945249 0.8033686 0.09962365
96 0.2384479 0.04032461 0.01277596 0.416167 0.357731 0.7090263 0.1023585
97 0.2258284 0.04453459 0.0149133 0.4099806 0.4148506 0.8465984 0.1015959
98 0.2529479 0.04414725 0.01425089 0.5274312 0.4012054 1.402243 0.1007286
99 0.2242437 0.04408023 0.01475729 0.4275024 0.4081807 0.6567126 0.1028615
100 0.2388751 0.04252057 0.01448596 0.6129456 0.3954115 0.6862192 0.1021111
