1 25.89132 2.022385 -0.5522594 6.48647 2.262119 -2.518933
2 26.486 2.134733 -0.5276158 6.825955 3.522882 -2.694734
3 26.48604 2.047018 -0.4931638 7.709565 2.017921 -2.472728
4 26.06727 1.889784 -0.5431595 7.631351 2.942464 -2.453292
5 26.01944 1.951297 -0.5106566 6.057159 4.735639 -2.50106
6 25.27042 2.161487 -0.5781816 6.932168 3.107655 -2.51986
7 26.09451 1.925186 -0.5283126 6.444922 4.365533 -2.62875
8 26.24042 2.092265 -0.53576 5.925236 3.373812 -2.582178
9 26.40927 1.835896 -0.5231348 5.936948 2.477493 -2.500949
10 25.75396 1.971028 -0.5359883 6.978275 3.47055 -2.506999
11 26.40084 1.990951 -0.5124495 6.311617 2.279474 -2.677829
12 26.34415 1.927079 -0.5087502 6.512089 2.206204 -2.712518
13 25.75547 1.911009 -0.5509672 7.533107 3.107275 -2.621471
14 25.85784 1.838727 -0.535557 7.049365 3.266632 -2.429718
15 26.58535 2.006104 -0.5045976 7.097922 3.740574 -2.497648
16 25.90759 2.041069 -0.5406007 7.121929 2.783136 -2.616088
17 26.50742 2.026078 -0.5180589 6.393905 2.030367 -2.652152
18 25.93932 1.977791 -0.5229502 6.661288 4.356539 -2.489835
19 26.5506 1.970533 -0.5090985 7.062861 2.399777 -2.632446
20 26.17934 1.926517 -0.5355462 6.362006 1.939612 -2.602591
21 25.63158 1.917126 -0.5479217 7.592142 2.620615 -2.45894
22 25.96244 2.018434 -0.5336507 7.430075 4.026529 -2.390495
23 25.96197 2.138361 -0.5534973 7.139024 3.569347 -2.704648
24 26.29633 2.014139 -0.5163107 6.864867 2.52412 -2.548905
25 25.94529 1.965958 -0.5304882 7.010901 2.724909 -2.463269
26 25.26521 1.824474 -0.5357025 6.365925 5.188679 -2.455793
27 25.8147 1.966455 -0.5362414 6.61803 2.573358 -2.389824
28 26.09959 1.934692 -0.5376877 6.203615 2.449784 -2.504769
29 26.03674 1.894836 -0.5238934 7.023757 3.327388 -2.668538
30 26.39859 1.985973 -0.5043805 7.196541 2.899122 -2.577394
31 26.61249 1.964444 -0.5025319 7.410755 2.61416 -2.592914
32 26.45055 2.01417 -0.5221547 8.028236 3.316983 -2.630912
33 25.61729 1.901525 -0.5402527 7.787866 2.804892 -2.472729
34 26.08702 2.023429 -0.5375821 8.560544 2.748181 -2.374151
35 26.38569 1.966502 -0.5183026 6.767766 2.341838 -2.624894
36 25.63483 1.991137 -0.5443375 6.588748 4.212054 -2.516723
37 26.324 2.110855 -0.528425 6.658935 2.514023 -2.563921
38 26.11622 1.877886 -0.5306454 6.6426 3.120597 -2.510479
39 26.28331 2.084084 -0.5173818 5.949951 2.47601 -2.698585
40 26.3945 2.001455 -0.5152622 7.570295 2.366708 -2.554195
41 26.21014 1.983938 -0.526492 6.863425 3.276475 -2.520888
42 25.83949 1.831598 -0.5269592 6.832969 4.258382 -2.607929
43 25.98137 1.964393 -0.5368362 6.640969 1.932786 -2.774213
44 26.77412 1.984928 -0.4939729 7.259464 2.350378 -2.577724
45 26.08483 1.695255 -0.5140291 5.851156 3.355067 -2.572833
46 25.98455 2.015818 -0.5421773 6.571651 2.867337 -2.578208
47 25.87453 1.830576 -0.5412136 7.053366 2.796811 -2.490517
48 25.93491 1.833887 -0.5437851 7.22505 2.813963 -2.69594
49 25.69003 1.988116 -0.5418578 6.266178 4.713446 -2.457006
50 25.81608 1.980297 -0.5382359 7.058155 3.482194 -2.481153
51 26.12753 1.99633 -0.536795 6.736163 2.223403 -2.375347
52 25.98836 1.898464 -0.5227332 7.139927 2.963921 -2.45749
53 26.2522 2.029781 -0.5327162 6.742118 2.886908 -2.697858
54 25.89427 1.973007 -0.5472527 6.785224 3.024364 -2.529337
55 26.45265 1.953698 -0.5149852 6.443755 3.118951 -2.488843
56 26.40679 1.892977 -0.524323 6.810818 3.08906 -2.464732
57 26.2345 1.959613 -0.5340134 6.969283 2.483762 -2.462842
58 26.06788 1.933153 -0.5270673 6.366355 3.524324 -2.612508
59 26.22167 1.969409 -0.5056604 6.697839 3.476644 -2.420967
60 26.52282 2.073934 -0.5064938 6.597082 2.307552 -2.681645
61 25.21711 2.067165 -0.5799476 6.202213 2.798447 -2.407294
62 25.74784 1.952 -0.5342437 6.63692 4.08439 -2.595531
63 25.70135 1.979249 -0.5377879 6.64527 2.541351 -2.464259
64 26.06796 2.116991 -0.5471689 7.1883 2.935317 -2.379011
65 25.95855 1.975892 -0.5414616 7.190232 2.231718 -2.469923
66 26.62535 1.993674 -0.5103235 6.250548 3.297932 -2.745497
67 26.49977 2.159862 -0.5232833 6.94074 3.3022 -2.47741
68 26.72101 2.030038 -0.5109956 6.522183 2.054325 -2.742983
69 26.19837 1.891733 -0.5200779 6.61129 3.344907 -2.602546
70 26.31536 2.003017 -0.5127799 6.714129 2.650425 -2.523861
71 25.70369 1.94249 -0.5461286 7.107671 2.033789 -2.59016
72 25.86485 2.03583 -0.5420922 7.512835 2.075352 -2.562468
73 26.19269 1.987365 -0.5374586 6.461683 2.681333 -2.515744
74 26.17917 2.074614 -0.5360827 6.306238 2.681987 -2.627174
75 25.87593 2.017168 -0.5411381 6.984888 3.388598 -2.555719
76 26.02353 1.862206 -0.527332 7.561211 2.447617 -2.592474
77 26.29985 1.962658 -0.5153613 7.331721 3.157072 -2.418419
78 25.83015 2.22782 -0.5563938 7.226828 2.081995 -2.380377
79 25.78534 1.990574 -0.542941 6.615473 3.307911 -2.656193
80 25.77345 1.975697 -0.5483723 6.929502 3.429967 -2.652568
81 26.30746 1.943762 -0.4993382 7.27364 2.796626 -2.508689
82 26.07962 2.177192 -0.5516086 6.739755 3.364692 -2.581843
83 26.39634 2.012862 -0.5234792 6.914369 5.101395 -2.685401
84 25.51135 2.001736 -0.5583604 8.344541 3.574395 -2.690805
85 25.97552 1.989295 -0.5333878 7.577193 2.603507 -2.498776
86 26.10749 2.158777 -0.5355798 7.079229 2.308839 -2.36949
87 26.11967 1.93328 -0.5069035 6.063899 4.262533 -2.68328
88 26.29226 1.896413 -0.5267641 6.91733 1.998352 -2.69419
89 25.68396 1.973859 -0.5469176 7.719413 4.380308 -2.593394
90 26.19933 1.949613 -0.5371074 7.132678 2.782087 -2.724412
91 25.82053 2.010147 -0.5427196 6.589132 3.121033 -2.462631
92 25.40844 2.03804 -0.5795231 6.070204 2.126826 -2.495636
93 25.37137 1.874671 -0.5415803 6.142115 5.016189 -2.558074
94 26.30544 1.889191 -0.5014432 6.693322 5.016683 -2.321279
95 26.00159 1.913404 -0.522702 6.870323 2.956958 -2.402353
96 26.6864 1.969297 -0.4990369 6.903297 3.325769 -2.537257
97 26.03103 1.9091 -0.5454484 7.630344 1.916475 -2.480612
98 26.27483 1.970282 -0.5186195 6.674834 3.238272 -2.464259
99 25.77562 1.946276 -0.5485309 7.558198 3.331404 -2.53805
100 25.35909 1.919533 -0.5452287 7.599377 4.184579 -2.474434
