1 25.85708 1.992401 -0.5565787 4.510993 1.938489 6.006939 -2.518845
2 26.64462 2.121934 -0.5234918 4.848329 2.399425 5.827367 -2.694662
3 26.6232 2.045141 -0.4987834 4.850894 1.650867 4.802194 -2.472906
4 26.13684 1.934282 -0.5452587 4.53507 2.203663 4.391817 -2.452815
5 26.28973 1.996081 -0.5151613 4.435874 2.949983 6.274655 -2.50106
6 25.42889 2.09371 -0.5727711 5.098337 2.264039 6.599795 -2.519994
7 26.39428 1.944013 -0.529768 4.438589 2.267292 5.615553 -2.623629
8 26.25385 2.106685 -0.5376494 4.143105 1.982724 5.582363 -2.575781
9 26.30755 1.874896 -0.5296755 4.268465 1.973082 6.907847 -2.501049
10 26.04683 1.967947 -0.5336163 5.29703 2.235811 6.791341 -2.507209
11 26.48301 1.982014 -0.5148022 4.340062 1.698657 5.536314 -2.681453
12 26.4847 1.93843 -0.5128129 4.791361 1.670208 6.712356 -2.715836
13 25.86172 1.989569 -0.5585412 4.876571 2.389732 5.030434 -2.615473
14 26.19707 1.858667 -0.5390875 4.724492 2.455343 5.035775 -2.430946
15 26.64595 1.995135 -0.5052445 4.767978 2.815261 5.156908 -2.497115
16 26.17635 2.036731 -0.5370817 5.021107 2.629423 6.351994 -2.617307
17 26.44705 2.010527 -0.5161946 4.662135 1.769239 6.914956 -2.6541
18 26.06109 1.94213 -0.5227905 4.907158 3.499558 6.446279 -2.489835
19 26.57788 1.961266 -0.5056707 4.761471 2.089851 5.301371 -2.640835
20 26.30536 1.933238 -0.5351642 5.000992 1.427792 8.376509 -2.605658
21 25.81429 1.900143 -0.5466199 5.088709 2.262621 5.584919 -2.455958
22 26.1893 2.00999 -0.5378852 4.906761 2.746418 4.931362 -2.38924
23 26.0365 2.075426 -0.5500182 4.807988 2.801073 5.20241 -2.698235
24 26.40239 2.030701 -0.5199603 5.029506 2.049584 7.13494 -2.550314
25 26.02104 1.996785 -0.5359176 4.947673 2.198433 6.925813 -2.461591
26 25.72371 1.82504 -0.5374538 4.589572 3.914783 6.320914 -2.457174
27 26.01442 1.94561 -0.5313686 4.304634 2.161301 5.491016 -2.38753
28 26.27653 1.920045 -0.5351802 4.451399 1.702617 6.016404 -2.504742
29 26.15991 1.900616 -0.523799 4.458794 2.097125 4.509959 -2.667181
30 26.4673 1.993059 -0.5020811 5.553477 2.319659 8.042901 -2.581473
31 26.53365 1.952899 -0.5031149 5.121592 2.012997 5.906993 -2.598555
32 26.49298 2.005147 -0.5221492 5.328023 2.626232 6.062333 -2.632891
33 25.70945 1.886092 -0.5445917 4.860468 1.936121 4.780142 -2.473021
34 26.10126 2.029577 -0.5344123 5.381698 2.435295 5.192802 -2.380896
35 26.51947 2.007673 -0.5210845 4.754103 1.89368 6.451261 -2.625192
36 25.76857 1.948112 -0.5418714 4.317723 2.860127 5.320168 -2.516521
37 26.42226 2.073357 -0.5237408 4.399414 2.05458 5.34362 -2.563647
38 26.2363 1.829721 -0.5263141 5.269184 2.696246 9.104197 -2.510453
39 26.39238 2.069797 -0.5151989 4.754604 2.082759 9.018587 -2.705102
40 26.58484 1.939716 -0.5108053 4.898903 1.947686 4.818132 -2.553441
41 26.37984 1.938106 -0.5211534 4.707479 2.836616 5.763796 -2.520463
42 26.08101 1.897796 -0.5340933 5.051506 2.915052 5.776085 -2.615209
43 26.20262 1.947162 -0.5324 4.718165 1.547936 6.353236 -2.761808
44 26.83285 1.954346 -0.4929091 4.801092 2.036959 5.145347 -2.58245
45 26.09357 1.711828 -0.5171035 4.075828 2.78207 6.117692 -2.572833
46 26.02233 1.983669 -0.5391157 4.526491 2.202577 5.89113 -2.577397
47 26.16489 1.851117 -0.5421897 4.76973 2.138344 5.403282 -2.491759
48 26.01829 1.873898 -0.5491455 5.040641 2.451419 6.166098 -2.702069
49 25.94504 1.981964 -0.5422194 4.482545 2.584181 5.484473 -2.45381
50 26.00327 1.95963 -0.5395897 4.975189 2.420062 6.191489 -2.481104
51 26.24841 1.911871 -0.5287463 4.90315 1.84331 5.88407 -2.375566
52 26.03932 1.90193 -0.527273 4.947925 2.298334 5.953072 -2.456804
53 26.34107 2.012124 -0.5301417 4.760995 2.13241 5.897106 -2.70371
54 26.05556 1.965014 -0.5504414 4.764918 2.376171 6.142285 -2.528229
55 26.57649 1.934023 -0.513129 4.368257 2.008191 5.599043 -2.488622
56 26.46555 1.927586 -0.5261668 4.381494 2.182282 5.493233 -2.465011
57 26.1934 1.979183 -0.5413184 4.957009 2.084936 6.466409 -2.461706
58 26.13108 1.982322 -0.53279 4.241235 2.572057 5.599107 -2.612508
59 26.32405 1.968749 -0.5043277 4.451236 2.171923 5.659449 -2.420393
60 26.62041 2.059621 -0.5067412 4.391687 1.669731 5.550848 -2.696701
61 25.4642 1.987495 -0.5689926 4.931494 2.347022 7.756745 -2.408046
62 26.04122 1.969121 -0.5321929 4.290827 2.66328 4.75719 -2.601691
63 25.8219 1.959245 -0.5375835 4.471264 1.847624 5.224193 -2.464259
64 26.30324 2.001578 -0.5357073 4.226472 1.87041 4.115064 -2.384117
65 26.18575 2.042616 -0.5497984 4.247593 1.548207 4.385562 -2.471357
66 26.75693 1.954689 -0.5095017 4.596297 2.163799 6.469821 -2.762971
67 26.60957 2.092545 -0.5150114 4.69734 2.389533 5.2772 -2.477049
68 26.83489 2.009069 -0.5114474 4.324903 1.844789 5.160662 -2.737771
69 26.36398 1.904271 -0.5209886 4.086573 2.559548 4.725795 -2.610188
70 26.3978 1.954684 -0.5090367 4.49624 2.118017 4.92174 -2.523505
71 25.89539 1.942913 -0.5428081 5.196554 1.594686 6.269924 -2.59016
72 26.01216 2.018461 -0.5439341 5.526621 1.903086 6.85888 -2.562718
73 26.21825 1.952548 -0.5368165 4.444454 1.869267 5.68173 -2.515575
74 26.26738 2.023268 -0.5320517 4.65004 2.189401 6.902265 -2.633846
75 26.01639 1.987132 -0.5394593 4.986475 2.710634 6.726225 -2.555771
76 26.16402 1.859611 -0.5268484 4.643586 1.681518 4.541546 -2.593138
77 26.72195 1.941149 -0.5098402 4.906058 2.11742 5.340278 -2.417104
78 25.97428 2.19021 -0.5507663 5.55977 1.764381 7.083801 -2.378356
79 25.83424 2.055556 -0.5523149 4.660697 2.300867 6.840749 -2.65865
80 25.90878 1.903509 -0.5450197 4.695794 1.971971 5.116527 -2.658247
81 26.34303 2.012501 -0.5062634 4.743186 2.130653 5.467502 -2.508682
82 26.25259 2.103522 -0.542789 4.244571 2.140668 4.56484 -2.581846
83 26.51865 1.990105 -0.5193845 4.493336 3.726192 5.365982 -2.686764
84 25.74612 1.983192 -0.5522821 5.256496 2.306276 4.844706 -2.690805
85 26.02788 1.97813 -0.5390799 4.644062 1.582356 4.168183 -2.498444
86 26.20216 2.088081 -0.5296701 4.274446 2.06374 4.5219 -2.36949
87 26.32337 1.985102 -0.5136568 4.702784 2.650487 7.983176 -2.68328
88 26.33614 1.902856 -0.5304501 4.628072 1.512505 5.379415 -2.701333
89 25.8323 1.967361 -0.5451068 4.887817 1.855046 4.559387 -2.589625
90 26.49729 1.95854 -0.5320464 4.600498 2.201772 5.082523 -2.716009
91 26.08255 2.016769 -0.5398107 4.771421 2.313746 6.260268 -2.461643
92 25.63291 1.989505 -0.5688902 4.220418 1.755898 6.230553 -2.495199
93 25.72564 1.874551 -0.5391774 4.57485 3.069949 6.361654 -2.558074
94 26.43619 1.905855 -0.5069911 4.212217 3.723029 4.93199 -2.32311
95 26.09686 1.924731 -0.5257446 4.508252 2.386993 5.104917 -2.396932
96 26.73001 2.006368 -0.5037223 4.083403 2.131116 4.674044 -2.536259
97 25.96393 1.959843 -0.5560856 4.812442 1.856929 5.306505 -2.482294
98 26.43233 1.966127 -0.5155029 5.080247 2.687311 7.165305 -2.465834
99 26.04043 1.944985 -0.5477566 4.741267 1.905803 4.461447 -2.53846
100 25.6932 1.901655 -0.5465989 4.430493 3.074541 4.660076 -2.474488
