1 27.14331 2.039668 -0.5078683 7.0107 2.290221 -6.883798 -0.5962621 -0.5378874 0.5870298
2 26.90943 2.019044 -0.5226685 7.425963 3.298241 -7.402041 -0.4712554 -0.4811201 0.5544606
3 27.28134 2.028103 -0.4722005 8.22379 1.866103 -4.511889 -0.8044106 -0.3536885 0.3655066
4 27.29246 1.93057 -0.5038852 8.633561 3.011812 -10.06469 -1.338137 -0.7559767 0.8516437
5 26.82193 1.898697 -0.4827174 6.962924 4.794794 -11.75918 -0.8093133 -0.9259013 1.043224
6 26.1345 2.032355 -0.5412398 7.597379 3.026848 -7.806009 -0.6011759 -0.5180474 0.6150569
7 27.16494 1.948046 -0.4867666 6.991931 4.335715 -7.202218 -0.5907302 -0.4951139 0.5732965
8 26.77116 2.042032 -0.521469 6.363334 3.688453 -6.85391 -1.205879 -0.496564 0.5722633
9 27.34376 1.875606 -0.4882489 6.442004 2.55829 -7.425396 -0.5008118 -0.563955 0.6320441
10 26.73101 1.940237 -0.4952137 7.639735 3.640909 -7.207652 -0.796376 -0.5082269 0.5871492
11 27.12754 1.972395 -0.4873129 6.735847 2.350821 -6.367688 -0.9227937 -0.4835656 0.5344168
12 27.17115 1.941011 -0.4758549 7.026605 1.985289 -6.620236 -0.852594 -0.4977093 0.5470665
13 26.71085 1.907115 -0.5097559 8.2864 3.142021 -7.350185 -1.016527 -0.5057539 0.5875427
14 26.9759 1.820706 -0.4865701 8.263464 3.443684 -14.22966 -0.8942188 -1.026225 1.196036
15 27.1473 1.966838 -0.4959208 7.730544 3.539292 -6.725763 -0.6536076 -0.4787117 0.5393459
16 26.59191 1.943851 -0.5093445 7.61221 2.819566 -6.525499 -1.07712 -0.4686113 0.5321603
17 26.98281 1.998706 -0.50536 6.7206 1.851721 -5.181617 -0.9063571 -0.348838 0.3911714
18 27.08839 1.984136 -0.4855562 7.594869 4.344779 -8.30225 -0.8088928 -0.6603918 0.7252538
19 26.8522 1.898137 -0.5031169 7.590076 2.406455 -6.688949 -0.5489576 -0.526066 0.5592217
20 27.23345 1.968163 -0.4954019 6.818266 1.917768 -6.615587 -1.142764 -0.5032202 0.5592274
21 26.83941 1.884287 -0.493861 8.616635 2.472579 -8.821934 -0.8845398 -0.6295634 0.7353632
22 27.0954 2.006954 -0.5015185 8.550096 3.534664 -8.205086 -0.8531774 -0.587901 0.6759516
23 26.75459 2.097678 -0.5329901 7.570825 3.746974 -6.299463 -0.6835651 -0.4496363 0.4933852
24 26.866 1.945292 -0.5018476 7.580022 2.20539 -7.579194 -0.8414944 -0.5850556 0.6442614
25 26.71441 1.938268 -0.501836 7.72352 2.714513 -6.471623 -1.206485 -0.4977598 0.5554564
26 26.71996 1.897905 -0.4742195 7.025579 5.045681 -6.555853 -0.5997339 -0.5530577 0.589369
27 26.66694 1.912343 -0.5026586 7.323665 2.641378 -7.477673 -0.5197238 -0.5742864 0.6454867
28 27.23831 1.976089 -0.4958977 6.797594 2.427799 -6.909146 -0.8694112 -0.5326162 0.5936482
29 26.97802 1.929792 -0.4862312 7.597178 3.288657 -6.72704 -1.084153 -0.4452468 0.5234921
30 27.28968 1.967027 -0.4802807 8.063894 2.715818 -7.524462 -0.9879513 -0.6112075 0.6569293
31 26.84908 1.906209 -0.5011594 7.883826 2.596794 -6.165138 -0.7744462 -0.4316147 0.4838942
32 27.26608 2.039932 -0.5102275 8.764557 3.496605 -6.709481 -0.4973398 -0.4891825 0.5317518
33 26.95907 1.949706 -0.4880467 8.63678 2.454362 -6.623489 -0.7902052 -0.4971851 0.548407
34 26.73148 1.959072 -0.5341257 9.818698 2.67886 -11.35358 -0.2169806 -0.7407839 0.8741064
35 26.96053 1.915481 -0.5034988 7.669017 2.569102 -11.8858 -1.644457 -0.9399323 1.057837
36 26.83005 1.997915 -0.491903 7.107708 4.54604 -6.617094 -1.226704 -0.5039183 0.5687599
37 26.7409 2.050185 -0.5289474 7.203504 2.474607 -7.452796 -0.3837909 -0.4413228 0.5414573
38 27.2679 1.944844 -0.4927502 7.378753 3.381137 -7.764919 -0.9860483 -0.585274 0.6593113
39 26.8195 2.016 -0.5028225 6.33923 2.479504 -6.263185 -0.798645 -0.5308865 0.5548684
40 26.98121 1.924541 -0.4971902 8.3709 2.263307 -6.976044 -1.19735 -0.524006 0.5853045
41 26.69501 1.934391 -0.5139228 7.515516 3.28797 -7.139999 -0.6789836 -0.4776716 0.5581878
42 26.88965 1.86377 -0.4891606 7.866005 4.171217 -19.17129 -1.633393 -1.346196 1.580272
43 26.69213 1.937574 -0.4987821 7.018792 1.839018 -5.391336 -0.6037118 -0.3117195 0.3666929
44 27.35143 1.982529 -0.4857693 7.875202 2.23339 -7.334077 -0.5559322 -0.5210326 0.5897943
45 27.228 1.796262 -0.4647549 6.357404 3.205509 -5.183352 -0.6698213 -0.3759659 0.4145101
46 26.88311 2.024232 -0.5090145 6.915942 2.943789 -5.672951 -0.2868308 -0.4442969 0.4603656
47 27.19942 1.883793 -0.4864892 7.767133 2.679861 -6.637564 -0.6683027 -0.5080242 0.5595796
48 27.00168 1.90203 -0.5035245 8.070701 2.606872 -8.719111 -0.9191389 -0.5892489 0.6866014
49 26.79095 1.964604 -0.4951174 7.052455 4.641926 -8.26828 -1.276646 -0.7027745 0.7702002
50 27.03886 1.97431 -0.4930327 8.028606 3.116544 -9.099316 -1.053926 -0.6114128 0.7367155
51 27.52116 2.049823 -0.494159 7.504529 2.111393 -7.07602 -0.8085993 -0.5526032 0.6116903
52 27.53036 1.965163 -0.4716245 7.986342 2.944597 -8.25858 -0.04059423 -0.6004895 0.6723557
53 26.8209 1.967508 -0.5099899 7.090914 2.730683 -6.013157 -0.6983205 -0.4384171 0.4785372
54 27.11898 1.98256 -0.4965016 7.305616 2.774733 -6.483441 -0.8906505 -0.5004864 0.5488332
55 27.34641 1.986765 -0.4898937 6.961119 2.815891 -6.681497 -0.7609336 -0.4936445 0.5546558
56 27.21595 1.907502 -0.5003329 7.273888 3.227802 -5.709062 -0.4751884 -0.4219245 0.4610408
57 27.04518 1.929708 -0.5052401 7.637013 2.532561 -7.307312 -0.7681107 -0.4864541 0.5752123
58 27.07207 1.953097 -0.4833218 6.748921 3.648152 -5.014878 -0.6012588 -0.3570331 0.3875137
59 26.65959 1.884922 -0.4969485 7.598387 3.707535 -8.524533 -0.7065446 -0.6248753 0.7270102
60 26.93863 2.020285 -0.5061614 7.330194 2.275399 -11.39386 -1.167257 -0.8693826 0.9811325
61 26.04584 1.949482 -0.5354171 6.848407 2.775062 -6.946723 -1.143193 -0.5178898 0.5982936
62 26.55402 1.927605 -0.500326 7.301276 4.239675 -7.252662 -0.9717097 -0.4806275 0.5725392
63 26.84926 1.950716 -0.487022 7.357774 2.665573 -7.365375 -0.7352126 -0.5594023 0.6298715
64 26.7381 2.008824 -0.5271972 7.730566 2.779986 -5.514039 -1.024526 -0.4208268 0.4633013
65 26.83224 1.930151 -0.5017246 7.755468 2.219684 -6.108425 -0.8517314 -0.4290762 0.4915949
66 27.12245 1.981518 -0.4981072 6.617961 3.010026 -5.790771 -0.9620076 -0.4021995 0.4517115
67 26.82708 2.010707 -0.5243548 7.626991 3.27744 -6.749602 -0.981669 -0.4879562 0.5544961
68 27.03638 1.942321 -0.4985882 6.970133 1.913703 -6.40523 -1.162509 -0.4323838 0.5021166
69 27.17107 1.945435 -0.4892924 7.128701 3.400781 -6.147075 -1.370735 -0.5190592 0.5529294
70 27.05958 1.960348 -0.4893279 7.280127 2.674535 -7.512726 -0.8244029 -0.5538619 0.6324358
71 26.31346 1.884292 -0.5119414 7.632818 2.15686 -7.013728 -0.9704001 -0.4622631 0.5485677
72 26.94147 2.036265 -0.4993015 8.005716 2.042564 -5.732904 -0.7043848 -0.3814188 0.4354869
73 27.3493 2.039264 -0.4969013 6.742404 2.716621 -4.433747 -0.340675 -0.3313866 0.3401992
74 27.00943 2.021703 -0.5071535 6.821984 2.459004 -6.456496 -0.9213435 -0.4868532 0.5367585
75 26.77374 1.978586 -0.5083623 7.49762 3.430975 -6.44971 -0.5529441 -0.4991675 0.5397693
76 27.08257 1.899929 -0.4841432 8.151543 2.406873 -6.566356 -1.185904 -0.4960617 0.5508636
77 26.90684 1.913962 -0.5052555 8.334611 3.137931 -9.320201 -1.009257 -0.708852 0.8025827
78 26.32568 2.06557 -0.5491607 7.92672 1.897861 -7.315958 -0.6118682 -0.479807 0.5715825
79 26.71014 1.975587 -0.5029959 6.992121 3.411444 -5.47582 -0.8337176 -0.4078058 0.4419899
80 26.60141 1.928721 -0.5070545 7.44339 3.711144 -6.740835 -1.200174 -0.5058227 0.5665381
81 26.76129 1.920239 -0.4980989 8.183028 2.745708 -8.443766 -1.343808 -0.6040512 0.7048359
82 26.70394 2.052304 -0.5328815 7.227797 3.44835 -6.346855 -0.9849477 -0.4775634 0.5298736
83 26.97701 1.960704 -0.5036234 7.407666 5.189996 -6.206242 -1.040702 -0.4677702 0.5123821
84 26.36765 1.919229 -0.5153903 9.036232 3.647414 -6.731884 -0.7005697 -0.4779606 0.5266527
85 26.98046 1.990595 -0.4997592 8.306738 2.424784 -6.321321 -0.624363 -0.4297726 0.48961
86 26.72836 2.041247 -0.5227921 7.853868 2.252164 -7.036131 -1.163179 -0.562145 0.6228468
87 26.72884 1.89399 -0.482671 6.735091 4.066923 -10.59907 -1.033405 -0.7745681 0.899949
88 27.85557 2.034272 -0.4760264 7.478179 2.079813 -9.314833 -0.8803066 -0.6605286 0.7625436
89 27.00796 2.017667 -0.4976019 8.543446 4.497613 -8.295922 -1.392518 -0.5562374 0.6644364
90 26.89255 1.930061 -0.5091086 7.469532 3.042367 -5.877575 -0.8627936 -0.41482 0.4580083
91 26.59287 1.9519 -0.514568 7.272204 3.254123 -7.646694 -0.983725 -0.5166254 0.6186861
92 26.15788 1.97585 -0.5378347 6.425924 1.972182 -5.20785 -0.811462 -0.3563839 0.406918
93 26.75641 1.947731 -0.4792949 6.736323 5.082983 -6.895104 -0.8613017 -0.5076774 0.5738548
94 27.73304 1.954902 -0.4652984 7.525778 5.073054 -7.364687 -1.247616 -0.6685605 0.7117117
95 27.0571 1.914987 -0.4773928 7.379465 3.109562 -4.729456 -0.7660626 -0.3523234 0.3837903
96 27.00838 1.920354 -0.49656 7.426663 3.006604 -6.138006 -0.7388376 -0.4078499 0.4743611
97 26.97668 1.911834 -0.5123029 8.370844 1.816809 -7.572611 -0.9816506 -0.5496201 0.6261352
98 26.80011 1.918149 -0.5078528 7.378758 3.106569 -7.752904 -1.144347 -0.5766665 0.6602944
99 27.20339 1.986569 -0.4979068 8.522493 3.436768 -11.16791 -1.287386 -0.741292 0.8947057
100 26.67575 1.893618 -0.4844546 8.421555 4.193207 -6.428389 -0.9122427 -0.5286623 0.5654618
