1 26.9855 2.008337 -0.5085458 5.065935 1.950092 6.347169 -5.304012 -0.4880983 -0.4088284 0.4348542
2 26.94893 2.056142 -0.5221512 5.542297 2.420836 6.351974 -6.219193 -0.4715919 -0.409122 0.4585908
3 27.3136 2.049413 -0.4771057 5.219035 1.647182 4.78861 -3.909208 -0.8045446 -0.30881 0.3073753
4 27.22454 2.009186 -0.5050924 5.22321 2.621457 4.827619 -5.149438 -0.8912937 -0.3975409 0.426229
5 26.86636 1.939011 -0.4852193 5.207294 3.093888 7.374296 -6.776101 -0.5590779 -0.5452113 0.5954048
6 26.09455 1.994367 -0.5369568 5.956388 2.12996 7.245424 -6.594461 -0.5311521 -0.4409135 0.513881
7 27.33644 2.013326 -0.4917733 5.318839 2.592754 6.691897 -6.208199 -0.5340319 -0.4220587 0.4800964
8 26.64909 2.013122 -0.5178114 4.563868 2.221467 5.9761 -4.752218 -0.9664684 -0.3299921 0.3687558
9 27.20737 1.960185 -0.496718 4.860823 2.231413 7.346719 -5.62547 -0.4403468 -0.4244614 0.4623353
10 26.94428 1.955435 -0.4926014 5.980157 2.564045 7.266983 -5.88617 -0.7649155 -0.4134359 0.4691696
11 27.07543 1.97219 -0.4877704 4.620547 1.698575 6.042316 -4.527269 -0.7501751 -0.3305534 0.3501486
12 27.25773 1.965363 -0.479434 5.319753 1.55863 7.133741 -5.667174 -0.8799895 -0.4229349 0.4581568
13 26.57137 1.954042 -0.5125938 5.760775 2.632709 5.615938 -5.661701 -0.8639726 -0.3833822 0.4351026
14 27.11749 1.874738 -0.4900565 5.721388 2.890607 5.599627 -7.327703 -0.6274255 -0.5534989 0.6227066
15 27.05392 1.94941 -0.4933643 5.459078 2.710749 5.806434 -4.790952 -0.5253574 -0.3320214 0.3615751
16 26.67127 1.970627 -0.5075779 5.661919 2.517071 7.13763 -4.682357 -0.8514565 -0.3227755 0.3534952
17 26.84026 1.969837 -0.5015592 5.086787 1.728987 7.846491 -4.428757 -0.8840194 -0.289637 0.3183917
18 27.00403 1.95928 -0.4839644 6.016287 3.833239 7.798328 -6.798791 -0.6981859 -0.5411043 0.5875621
19 26.84161 1.917941 -0.5005109 5.533217 2.199894 6.118644 -5.701245 -0.4984482 -0.4561884 0.471344
20 27.30067 1.984445 -0.4949821 5.625196 1.546382 9.380992 -6.047679 -1.117893 -0.46316 0.5080659
21 26.81711 1.906656 -0.4935439 5.974436 2.396071 6.468872 -5.498039 -0.7203358 -0.3962018 0.444398
22 27.04361 1.970619 -0.4994742 5.905689 2.525097 5.716359 -5.451802 -0.6964061 -0.3984394 0.441151
23 26.69351 2.040702 -0.5271489 5.617316 2.83153 6.019684 -4.77638 -0.5487662 -0.3244051 0.346487
24 26.88737 1.949876 -0.5017274 5.820035 1.868376 8.145453 -6.178092 -0.7961746 -0.4811456 0.5197143
25 26.64722 1.939013 -0.5010615 5.520431 2.017662 7.538625 -4.406367 -0.9436231 -0.3296677 0.3546109
26 26.7422 1.875199 -0.4722567 5.310586 4.1656 7.452703 -4.57327 -0.529329 -0.3727942 0.3854581
27 26.76096 1.931736 -0.4991138 4.928834 2.360418 6.105536 -5.053454 -0.3977893 -0.3827941 0.4145415
28 27.29076 1.972744 -0.4926535 5.122237 1.876189 6.693247 -5.329188 -0.7329468 -0.4089547 0.4427688
29 26.91656 1.968313 -0.4884153 4.723899 2.298068 4.734838 -4.728833 -0.9619365 -0.2940407 0.3364821
30 27.18674 1.974849 -0.4771117 6.407769 2.544548 9.450822 -6.133821 -0.9700683 -0.5110778 0.5383289
31 26.73454 1.928469 -0.5023087 5.621327 2.271613 6.789231 -4.584819 -0.6036678 -0.3039336 0.3301528
32 27.05802 1.955026 -0.4992499 5.988351 2.733898 6.741118 -5.021971 -0.4368364 -0.3597838 0.3792879
33 26.89696 1.967528 -0.4918259 5.759732 1.965008 5.608718 -4.641461 -0.6458089 -0.3340197 0.3578347
34 26.54029 1.995089 -0.5279712 6.141637 2.549717 5.693763 -5.784529 -0.205288 -0.382058 0.4338386
35 26.99065 2.022185 -0.5086231 5.414225 2.136679 7.267001 -5.919799 -1.146617 -0.4630301 0.5065107
36 26.75048 1.984166 -0.4902391 4.889373 3.592164 5.993388 -4.582332 -1.000014 -0.3328299 0.3664035
37 26.68576 1.990267 -0.5197634 4.928739 2.065273 5.945024 -5.324596 -0.3428384 -0.3016908 0.3605544
38 27.29128 1.904422 -0.4875491 5.998683 2.781449 10.83972 -5.977795 -0.8988576 -0.4507927 0.4987171
39 26.85449 1.99145 -0.4984124 5.312799 2.219252 10.42934 -5.978744 -0.8366034 -0.5117794 0.5311326
40 27.06003 1.91557 -0.4945029 5.577398 2.065434 5.224487 -5.05574 -0.9438989 -0.3784061 0.4084354
41 26.73522 1.925296 -0.5099136 5.322362 3.082559 6.431472 -5.077623 -0.5806929 -0.3269608 0.3725534
42 26.87691 1.889557 -0.489822 6.242789 3.128287 6.431361 -9.38366 -1.26853 -0.7020432 0.8015087
43 26.83306 1.939473 -0.4953848 5.008277 1.581296 6.870691 -4.682274 -0.5521035 -0.2570935 0.2964533
44 27.30313 1.951621 -0.4820742 5.490016 2.155819 5.683263 -5.36205 -0.5431443 -0.3782822 0.4151843
45 27.0856 1.789508 -0.4633131 4.698304 2.938678 7.097744 -4.579747 -0.6873146 -0.3298644 0.3557815
46 26.84076 1.996076 -0.5037981 4.997654 2.448927 6.45629 -4.433968 -0.2163712 -0.3315696 0.3339041
47 27.26966 1.906935 -0.4859113 5.408513 2.273667 6.167611 -4.559759 -0.5095783 -0.3411294 0.3590488
48 26.88918 1.89763 -0.501686 6.029616 2.49253 7.409665 -6.839656 -0.8326966 -0.4663027 0.5326243
49 26.85805 1.972471 -0.4945069 5.129429 2.550807 5.6883 -5.888834 -1.131349 -0.5004152 0.5365745
50 27.04321 1.999926 -0.4969975 5.826502 2.498098 7.153863 -6.028086 -0.8989502 -0.4030773 0.472381
51 27.46637 1.97941 -0.4855517 5.579111 1.805577 6.682063 -5.076178 -0.6156369 -0.3918578 0.4214182
52 27.32258 1.97326 -0.4737246 5.823443 2.30949 6.95555 -5.883737 0.01492472 -0.4239274 0.4603301
53 26.76221 1.966466 -0.5083236 5.233544 2.03798 6.368619 -4.517437 -0.5661846 -0.3149772 0.3324432
54 27.17243 1.998969 -0.4999896 5.173025 2.340329 6.361015 -4.476502 -0.7526739 -0.342155 0.3585974
55 27.26872 1.967219 -0.4880944 5.138993 2.277238 6.324021 -5.054732 -0.666739 -0.3599535 0.3973777
56 27.03234 1.913887 -0.4976454 4.892983 2.532721 5.949026 -4.413098 -0.4966312 -0.3240966 0.3407211
57 26.90033 1.991813 -0.5136016 5.683432 2.374971 7.530705 -5.279776 -0.5980417 -0.3433307 0.3944307
58 27.02222 2.030296 -0.4902323 4.785871 2.976254 6.249996 -4.405334 -0.6046039 -0.307715 0.3263571
59 26.56847 1.918527 -0.4963145 5.268498 2.392333 6.455959 -5.290686 -0.4441282 -0.3798422 0.4250704
60 26.90135 2.003347 -0.5023775 5.010401 1.823664 6.086803 -6.541442 -0.9798702 -0.5027214 0.5521197
61 26.21478 1.916002 -0.5282416 5.599333 2.240848 8.67941 -5.509354 -1.068723 -0.4119675 0.4669938
62 26.66124 1.947856 -0.4975806 5.129453 2.756104 5.498658 -5.040296 -0.7786842 -0.3192161 0.3680848
63 26.8438 1.984154 -0.4894896 5.207794 2.023598 5.81466 -5.1363 -0.5418228 -0.3797289 0.4144817
64 26.77751 1.924701 -0.5160568 4.854847 1.90096 4.620233 -4.287518 -1.017465 -0.3295487 0.3509405
65 26.90499 2.020989 -0.5098252 4.649048 1.591613 4.766142 -4.409701 -0.7972901 -0.3062862 0.3349616
66 27.17286 1.967327 -0.4992944 5.11949 2.048508 7.312197 -5.009861 -0.88758 -0.3351443 0.3722183
67 26.73124 1.964328 -0.5162341 5.282523 2.403441 5.564584 -4.712057 -0.8343574 -0.3285729 0.3627978
68 27.10545 1.981907 -0.5035039 4.78476 1.854016 5.752173 -4.838748 -1.046024 -0.3131704 0.3532396
69 27.08139 1.911261 -0.4826714 4.795588 2.679217 5.500026 -4.468427 -1.039144 -0.3622061 0.3744942
70 26.98499 1.927449 -0.4851614 5.220738 2.449492 5.770737 -5.140858 -0.6526979 -0.3724087 0.410404
71 26.42798 1.894165 -0.5093259 6.00393 1.745478 7.309076 -5.924015 -0.8773675 -0.3890301 0.4537045
72 26.99876 2.010844 -0.4985791 6.206736 2.045799 7.540099 -4.750609 -0.6363425 -0.3082924 0.3431825
73 27.22993 2.002535 -0.4930697 4.661526 2.068774 5.850089 -4.010621 -0.324237 -0.2962554 0.2952796
74 26.9863 2.012957 -0.5066354 5.208849 2.269556 7.751025 -4.778238 -0.7544922 -0.3531243 0.3756735
75 26.69578 1.988867 -0.5076371 5.629429 2.857769 7.915551 -4.420224 -0.4165283 -0.3286978 0.338998
76 27.06351 1.87085 -0.4766101 5.1986 1.777597 4.866394 -4.4836 -0.9276445 -0.3282698 0.349104
77 27.09932 1.912724 -0.499063 5.856621 2.306182 6.048512 -6.036661 -0.786859 -0.4617726 0.5095551
78 26.33068 2.043385 -0.5422147 6.12119 1.654783 7.562243 -5.228843 -0.6104074 -0.3467296 0.3986616
79 26.59267 2.020711 -0.5085654 5.020327 2.33451 7.123777 -4.260037 -0.7446677 -0.3029771 0.3182621
80 26.5854 1.894328 -0.5046415 5.171575 2.181339 5.220923 -5.220779 -1.056946 -0.3881088 0.4230325
81 26.60659 1.95367 -0.4974625 5.612356 2.306362 6.469417 -5.700055 -1.008173 -0.410334 0.4631526
82 26.7278 2.056792 -0.5289571 4.593903 2.188786 4.767142 -4.268215 -0.7762272 -0.306945 0.3238539
83 27.00261 1.958601 -0.4998604 5.116758 4.286179 6.103647 -4.672535 -0.9131796 -0.3490648 0.3676102
84 26.41793 1.957274 -0.5129345 6.002491 2.639814 5.813974 -4.402921 -0.558 -0.3034729 0.3153239
85 26.80783 1.931286 -0.498223 5.260057 1.709092 4.446316 -4.853807 -0.5383402 -0.3258319 0.3593818
86 26.71589 2.031532 -0.5183984 5.011898 2.111914 5.09645 -4.824927 -0.9263431 -0.3795365 0.4091808
87 26.75537 1.907836 -0.4845691 5.287958 2.463569 8.246494 -6.606937 -0.9930724 -0.4853904 0.5489458
88 27.80145 2.039327 -0.4764411 5.24263 1.613316 5.89014 -6.206935 -0.7431003 -0.4415929 0.492025
89 26.96816 2.015566 -0.4953603 5.947094 2.090656 5.551836 -5.75308 -1.135684 -0.387993 0.4487785
90 27.11475 1.98446 -0.5067621 5.063666 2.600736 5.656096 -4.432839 -0.7562919 -0.2985993 0.3192715
91 26.60676 1.926777 -0.5078091 5.698274 2.645844 7.59335 -6.418542 -0.9478693 -0.4430155 0.5194532
92 26.24549 1.918545 -0.5259392 4.649099 1.734781 6.896021 -4.664334 -0.7967984 -0.3230573 0.3603304
93 26.90438 1.897316 -0.4727264 5.321105 3.110219 6.933141 -5.349684 -0.7824552 -0.3802043 0.4252785
94 27.56101 1.972673 -0.4673702 5.376379 4.118085 6.168906 -5.307401 -0.9913611 -0.4801381 0.5001944
95 26.98269 1.973846 -0.4829913 5.116794 2.556823 5.524483 -4.100051 -0.7778026 -0.3014326 0.320082
96 26.91066 1.995799 -0.5024174 4.542088 2.186799 5.048934 -4.53838 -0.7052148 -0.2930252 0.3277168
97 26.7557 1.963549 -0.517307 5.530309 1.881707 5.948578 -5.034596 -0.8287057 -0.3766388 0.4079062
98 26.90538 1.923299 -0.505507 6.396019 2.613083 8.98564 -7.139697 -1.078344 -0.5332634 0.6062095
99 27.21901 2.017712 -0.4982972 5.628001 2.16941 5.193567 -6.091576 -0.927418 -0.4198087 0.4828531
100 26.72886 1.958235 -0.4899962 4.952279 3.161223 4.913447 -4.134793 -0.6984935 -0.3363764 0.3385667
