1 0.2658306 0.04804614 0.0150344 0.48206 0.3047072 NaN 0.1321045 NaN NaN
2 0.265482 0.0489753 0.01537473 0.630424 0.3497116 NaN 0.2691474 NaN NaN
3 0.3065307 0.05111796 0.01580538 0.5124551 0.4533717 0.6537314 0.2561288 0.06286779 0.0679223
4 0.3046037 0.05028862 0.0171275 0.6201334 0.5782131 NaN 0.2958808 NaN NaN
5 0.3105536 0.04539823 0.01510692 0.8495166 0.432607 NaN 0.315323 NaN NaN
6 0.2667681 0.05244903 0.01665413 0.5932682 0.3738304 NaN 0.2455988 NaN NaN
7 0.2952186 0.04511466 0.01454592 0.7878613 0.371816 2.04547 0.3242752 0.155308 0.1912804
8 0.2670275 0.04703275 0.01457623 0.7232676 0.3767554 2.240309 0.4280544 0.178191 0.2172084
9 0.2704062 0.04191903 0.01437002 0.5130137 0.3104936 NaN 0.2598761 NaN NaN
10 0.299857 0.04851511 0.01601297 0.6560529 0.3466954 NaN 0.193441 NaN NaN
11 0.2629567 0.04485376 0.01426413 0.5044868 0.3404222 1.248878 0.2995533 0.1060818 0.1244143
12 0.2663889 0.04411349 0.01431264 0.4427531 0.2858701 NaN 0.2286989 NaN NaN
13 0.2813332 0.04901766 0.01652493 0.585334 0.4221811 NaN 0.1628043 NaN NaN
14 0.2941755 0.04662496 0.01034844 0.3446133 NaN NaN 0.3139933 NaN NaN
15 0.2995314 0.04856043 0.01574211 0.724469 0.4994508 2.230304 0.3081625 0.1752928 0.2090477
16 0.2714721 0.04827924 0.01589825 0.5489404 0.3005318 NaN NaN NaN NaN
17 0.2456356 0.0453241 0.01440446 0.4064294 0.3228082 0.6125838 0.2536891 0.0492828 0.05679245
18 0.3160557 0.04892723 0.01563611 0.8349372 0.4334308 NaN 0.2843267 NaN NaN
19 0.2663089 0.04664113 0.01583074 0.5093497 0.3698705 NaN 0.2509303 NaN NaN
20 0.2576271 0.04485693 0.01452818 0.4223625 0.3261137 NaN 0.1739886 NaN NaN
21 0.2998312 0.04948553 0.01709165 0.5933763 0.5635878 NaN 0.2663741 NaN NaN
22 0.3198111 0.05288981 0.01685607 0.8555298 0.5442737 NaN 0.2683208 NaN NaN
23 0.2713915 0.05247754 0.01571278 0.7393617 0.3729228 1.177714 0.2809399 0.09581766 0.1106296
24 0.2716841 0.04772534 0.01576336 0.4699623 0.3987392 NaN 0.2775662 NaN NaN
25 0.2881078 0.04890169 0.01626583 0.5373918 0.3452121 NaN 0.1840635 NaN NaN
26 0.3254009 0.04636802 0.01533704 0.894128 0.3303119 NaN 0.2453609 NaN NaN
27 0.2862992 0.04748901 0.0161681 0.5807248 0.3674084 NaN 0.2619927 NaN NaN
28 0.2733666 0.04571743 0.01481223 0.5182862 0.3358252 NaN 0.1932818 NaN NaN
29 0.287369 0.04641322 0.01521507 0.6575616 0.3832467 1.208904 0.301956 0.08840066 0.1098649
30 0.297406 0.04889165 0.01558129 0.5804442 0.4332125 NaN 0.2748487 NaN NaN
31 0.2793366 0.04764595 0.01616509 0.5384688 0.4138347 1.130463 0.287446 0.09221998 0.1082806
32 0.2972126 0.05352868 0.01657535 0.6805618 0.4120976 NaN 0.2691564 NaN NaN
33 0.3054147 0.05085959 0.01675044 0.5828241 0.2587231 NaN 0.2101054 NaN NaN
34 0.3034848 0.0561328 0.01915086 0.633277 0.646001 NaN 0.3183073 NaN NaN
35 0.2725221 0.04682808 0.01580734 0.5375661 0.529069 NaN 0.2964644 NaN NaN
36 0.3102303 0.04815171 0.01519764 NaN NaN NaN NaN NaN NaN
37 0.2590734 0.04967432 0.01550093 0.5148311 0.3929221 1.553936 0.2499331 0.09673027 0.1279698
38 0.2954663 0.04689045 0.01535125 0.6267506 0.4038115 NaN 0.2699051 NaN NaN
39 0.24818 0.04516419 0.01406008 0.4702074 0.2993525 NaN 0.2409512 NaN NaN
40 0.2838421 0.04915442 0.01645469 0.5067711 0.4425866 NaN 0.2302761 NaN NaN
41 0.2833785 0.04829428 0.01615978 0.665671 0.4862928 2.282035 0.2980855 0.1673961 0.2056911
42 0.4462339 0.04732276 0.035085 1.664224 3.604409 1.458689 0.4044304 0.1183804 0.2359367
43 0.2453574 0.04481436 0.01467111 0.3935109 0.3235124 0.6332407 0.244961 0.04315773 0.05414649
44 0.2864103 0.04822775 0.01537028 0.510852 0.3814416 NaN 0.2539346 NaN NaN
45 0.2870768 0.03976338 0.01421056 0.6233579 0.3315709 0.777386 0.2530243 0.06808453 0.07819331
46 0.2712581 0.04835836 0.01514252 0.5705692 0.358448 0.8786298 0.2531689 0.08440688 0.08969119
47 0.2937496 0.04666082 0.0158476 0.7724298 0.9413662 6.492753 0.6277144 0.5503498 0.6444748
48 0.271397 0.04690159 0.01579687 0.5082539 0.3990571 NaN 0.2764991 NaN NaN
49 0.3073605 0.04754479 0.01541108 0.9272109 0.4206269 NaN 0.2775346 NaN NaN
50 0.3010083 0.0493997 0.01594352 0.6937311 0.4903066 NaN 0.2597083 NaN NaN
51 0.2926051 0.04976936 0.0154511 0.5301831 0.3744986 NaN 0.2215328 NaN NaN
52 0.3187833 0.04857849 0.01554543 0.6157254 0.4387945 NaN 0.2765314 NaN NaN
53 0.2576212 0.04647005 0.01501018 0.5395599 0.3443373 0.8319635 0.264966 0.06731463 0.07845511
54 0.2816708 0.04755857 0.01516962 0.5768799 0.4405644 1.762189 0.3329544 0.1517232 0.1754665
55 0.284206 0.04606999 0.01466678 0.5961738 0.4427826 1.605797 0.2677433 0.132266 0.1553306
56 0.2889359 0.04635616 0.01560439 0.6321329 0.4156119 0.9698142 0.2425854 0.08209363 0.09467833
57 0.2821004 0.04762989 0.01597801 0.5269376 0.3182706 NaN 0.1693629 NaN NaN
58 0.2865996 0.04487326 0.01442013 0.6218706 0.3354761 0.6420347 0.2450148 0.05372649 0.06173216
59 0.3067068 0.04784414 0.01628072 0.7030844 0.4344061 NaN 0.2753082 NaN NaN
60 0.2602948 0.04816501 0.01511424 0.5053024 0.4100434 NaN 0.3123731 NaN NaN
61 0.2623777 0.04834978 0.0162839 0.5595601 0.3088642 NaN 0.2323144 NaN NaN
62 0.2929091 0.04709878 0.01556158 0.8146305 0.3170666 NaN NaN NaN NaN
63 0.2908403 0.04750392 0.0155044 0.5938002 0.3687209 NaN 0.2539232 NaN NaN
64 0.2826926 0.05185341 0.01671752 0.6647135 0.4852469 0.9627995 0.2866688 0.08162387 0.09569097
65 0.2794564 0.04815223 0.01617178 0.4926131 0.4406315 0.8440208 0.2516169 0.0660659 0.07911144
66 0.2593789 0.04428162 0.01401887 0.549436 0.3110938 0.7324664 0.2776238 0.06069703 0.07107757
67 0.2819575 0.05052068 0.01617522 0.6302339 0.1811199 NaN NaN NaN NaN
68 0.248541 0.0443522 0.01454874 0.4258791 0.3317024 1.03677 0.2919647 0.07774052 0.09563962
69 0.2857462 0.04582585 0.01495954 0.6345529 0.3498493 NaN 0.178074 NaN NaN
70 0.2846928 0.0467605 0.0151568 0.5599559 0.3717135 NaN 0.2446533 NaN NaN
71 0.2624008 0.04699153 0.01630592 0.4841933 0.4002912 1.41803 0.2916613 0.1024221 0.1270762
72 0.2777741 0.05097757 0.01579216 0.4595579 0.416041 0.7872435 0.252721 0.0590981 0.07215036
73 0.275477 0.04723127 0.01461782 0.5434333 0.3571964 0.543836 0.232241 0.04793837 0.05371693
74 0.2582417 0.04660328 0.01458658 0.476665 NaN NaN NaN NaN NaN
75 0.2853521 0.04923513 0.01585703 0.6390286 0.3397719 NaN 0.225486 NaN NaN
76 0.2906686 0.04763959 0.01602633 0.5484979 0.3890319 NaN 0.1878131 NaN NaN
77 0.3014781 0.04990417 0.01706434 0.651992 0.5408859 NaN 0.2887295 NaN NaN
78 0.2626376 0.05472829 0.0173637 0.4731552 0.2383778 NaN 0.2488816 NaN NaN
79 0.2724424 0.04680066 0.01500481 0.5939263 0.3443049 0.7097784 0.2637782 0.06132345 0.06964883
80 0.2803457 0.04760262 0.01574309 0.682956 0.3608336 NaN 0.2335299 NaN NaN
81 0.2946489 0.04930785 0.01663425 0.5528579 0.4753137 NaN 0.2585151 NaN NaN
82 0.2683199 0.05076143 0.0156528 0.8065294 0.3861335 1.107318 0.3005661 0.09299775 0.1091205
83 0.2966208 0.04756173 0.01526201 0.845251 0.3900027 1.898758 0.3503235 0.1651236 0.1898942
84 0.2896321 0.05225532 0.01756458 0.677858 0.4312166 NaN 0.2405049 NaN NaN
85 0.2910508 0.05097145 0.01641832 0.5886423 0.5287869 1.682624 0.2913287 0.1286948 0.1557574
86 0.2813868 0.05282732 0.01678451 0.5407625 0.4143353 NaN 0.2483161 NaN NaN
87 0.2852239 0.04331648 0.01437539 0.6545416 0.3606955 NaN 0.2969271 NaN NaN
88 0.2793416 0.04660619 0.01422679 0.4680266 0.3994142 NaN 0.2721476 NaN NaN
89 0.3138789 0.05210523 0.01612989 0.8563486 0.4420756 NaN 0.2499231 NaN NaN
90 0.2678104 0.04695309 0.01551894 0.5640615 0.3573118 0.9158562 0.2703814 0.07306648 0.08510219
91 0.2841827 0.04851057 0.01604545 0.6252525 0.346684 NaN 0.2308668 NaN NaN
92 0.2371562 0.04664746 0.01551668 0.4329919 0.3444231 0.649066 0.241188 0.05019534 0.06016192
93 0.309725 0.04552073 0.01459175 0.8986124 0.2630424 NaN 0.2268295 NaN NaN
94 0.3540981 0.04847866 0.01543678 0.9831446 0.474461 NaN 0.2683511 NaN NaN
95 0.311941 0.04721911 0.01570948 0.6949977 0.4286765 0.603331 0.2389969 0.05260671 0.0605896
96 0.2845764 0.0465044 0.01555045 0.6106548 0.4041039 0.9144878 0.2559777 0.06828785 0.08424291
97 0.273498 0.04919943 0.01684186 0.4469761 0.4340396 NaN 0.2645324 NaN NaN
98 0.282937 0.04695088 0.01588094 0.6324557 0.4044442 NaN 0.25173 NaN NaN
99 0.3069333 0.05108184 0.01631795 0.683363 0.538581 NaN 0.2929885 NaN NaN
100 0.3244069 0.05015374 0.01690995 0.8536292 0.4057881 NaN 0.2069364 NaN NaN
