1 0.2377772 0.04241838 0.01362925 0.4293298 0.364663 1.092647 0.6550788 0.2565519 0.06022467 0.06698203
2 0.2326339 0.04585475 0.01370654 0.4956244 0.3771524 1.126743 0.9036191 0.2569474 0.06303891 0.07631825
3 0.2540916 0.04380811 0.01305528 0.3904696 0.4097908 0.709847 0.3998917 0.2355456 0.03804084 0.04027707
4 0.2634023 0.04397514 0.01402177 0.5463153 0.4476915 0.7609308 0.9751175 0.2922702 0.09085597 0.09955878
5 0.2707433 0.04238874 0.01364806 0.6194698 0.3778586 1.394378 2.044272 0.3039809 0.1844457 0.2097409
6 0.2342673 0.04791977 0.01537096 0.4802417 0.4082414 1.340274 0.9117975 0.2473948 0.06457192 0.08022633
7 0.2501893 0.04274261 0.01301284 0.5360908 0.3642431 1.198537 0.8567897 0.2626328 0.06685811 0.08069864
8 0.226453 0.0412722 0.01310991 0.4616857 0.3289374 1.014616 0.5692409 0.2525125 0.04663937 0.05529008
9 0.2402591 0.04072063 0.01307785 0.4673064 0.336839 1.357059 0.8329919 0.2406582 0.07234715 0.0823822
10 0.2636846 0.04446901 0.01433672 0.5605098 0.4058287 1.367828 0.8622381 0.2552821 0.06727029 0.08072654
11 0.2277632 0.03925196 0.01246188 0.3790609 0.333553 1.021386 0.548881 0.2525924 0.04931309 0.05615297
12 0.2370525 0.04087455 0.01291132 0.3645616 0.3593654 1.293341 0.7575544 0.2661646 0.06822658 0.07514416
13 0.2470221 0.0452935 0.01439499 0.5188804 0.4138707 0.9115704 0.7576281 0.2695623 0.0596944 0.07136388
14 0.2714454 0.04191324 0.01433971 0.5918297 0.4191956 0.9370068 NaN 0.2393822 NaN NaN
15 0.2629312 0.04309544 0.01389663 0.562087 0.4042147 0.971808 0.5422304 0.2332122 0.04403505 0.05087246
16 0.2511118 0.04429117 0.01425096 0.5141928 0.3956641 1.293174 0.5805353 0.2569851 0.04858293 0.05648024
17 0.2287825 0.04134679 0.01330718 0.3715211 0.3546181 1.522949 0.4518542 0.2425532 0.03792593 0.04271918
18 0.2897498 0.045192 0.0139871 0.6634082 0.3801497 1.276874 NaN 0.1292789 NaN NaN
19 0.2426759 0.04246037 0.01409939 0.452922 0.4027052 1.053272 1.34177 0.3026042 0.1336846 0.1418264
20 0.2383854 0.04269602 0.0135343 0.3754042 0.3641494 2.030553 1.060954 0.3009621 0.08974693 0.1042219
21 0.2645186 0.04435069 0.01475655 0.5359351 0.4316613 1.132612 0.7194023 0.2487615 0.05836252 0.06948257
22 0.2704755 0.04562707 0.01452063 0.5834225 0.4491608 0.960102 0.8181464 0.2470493 0.06475978 0.07606228
23 0.2432516 0.0463733 0.01432627 0.5544341 0.3925438 1.012829 0.5794931 0.2509216 0.04760169 0.0537977
24 0.2475525 0.04398219 0.0144115 0.4274696 0.401353 1.568326 1.163097 0.2856314 0.1051033 0.1165375
25 0.2547592 0.04375273 0.01458901 0.4465601 0.4033966 1.325037 0.5237106 0.246725 0.04675695 0.05292873
26 0.2939581 0.0418888 0.01385724 0.8056521 0.3826631 1.40244 0.5842311 0.237078 0.05785715 0.06260609
27 0.2577372 0.04185629 0.01384233 0.5114647 0.3886183 1.02828 0.6493559 0.2355399 0.05809631 0.06548866
28 0.2430864 0.0416084 0.01328533 0.4338244 0.3705282 1.211781 0.7796648 0.2632747 0.07004964 0.07995851
29 0.2383618 0.04011778 0.01251325 0.4469776 0.3597396 0.702988 0.4658875 0.250018 0.03621626 0.04271465
30 0.2791885 0.04559085 0.01441064 0.5347327 0.4055408 1.871021 NaN NaN NaN NaN
31 0.2551521 0.04342582 0.01444625 0.468541 0.4172468 1.224379 0.4793348 0.2386675 0.04052441 0.04590949
32 0.2590639 0.04548954 0.01440419 0.5748908 0.4131205 1.135879 0.6223504 0.2488532 0.05491117 0.06014908
33 0.2633291 0.04512486 0.01469695 0.4586346 0.4405869 0.9070346 0.5121638 0.2363579 0.0446447 0.04933466
34 0.2684107 0.0491572 0.01574466 0.5749359 0.474645 0.9288359 0.9267356 0.2382774 0.069369 0.08283997
35 0.2432238 0.04480442 0.01362734 0.4377581 0.3830733 1.325853 0.8703691 0.2944062 0.0809957 0.09090804
36 0.2705963 0.0429783 0.01335882 0.6753743 0.3660987 1.000144 0.5342288 0.2494822 0.04777975 0.05427159
37 0.2323886 0.04276812 0.01365313 0.4239879 0.3555358 0.9861814 0.5484949 0.2287688 0.03692933 0.04586402
38 0.2763921 0.04311153 0.01438094 0.5434086 0.3980316 2.436089 0.8782759 0.259053 0.07478412 0.08567029
39 0.2394554 0.04234097 0.01339628 0.4372619 0.3420171 2.412111 1.243126 0.2953911 0.1251165 0.1343202
40 0.2482753 0.04233916 0.01400183 0.4508921 0.4230812 0.8362004 0.7341697 0.2767077 0.06459002 0.07268294
41 0.2599475 0.04293669 0.01421139 0.5850816 0.3914824 1.120446 0.5582534 0.2352461 0.04289705 0.05047311
42 0.2642544 0.04340025 0.0141918 0.6359659 0.4275081 1.166797 NaN 0.29649 NaN NaN
43 0.2251183 0.03979941 0.01300318 0.3384745 0.3430052 1.209919 0.4703536 0.2348749 0.0340633 0.04127582
44 0.2551058 0.04187745 0.01323159 0.4581468 0.3973798 0.9228898 0.7288031 0.2521896 0.05971637 0.06923923
45 0.2636444 0.03626686 0.01292485 0.5513396 0.3407565 1.28555 0.4831021 0.2374917 0.04371828 0.04926996
46 0.2473711 0.04290524 0.0134521 0.4981159 0.3727775 1.131939 0.4985962 0.2353366 0.04887831 0.05097842
47 0.259875 0.04152422 0.01377559 0.5097277 0.402187 1.047078 0.5438371 0.2370783 0.04834027 0.05430121
48 0.250224 0.04253885 0.01418 0.4793412 0.4020003 1.396268 0.9563621 0.2737688 0.07520627 0.08783131
49 0.2541624 0.04283751 0.01365245 0.5675308 0.3855455 0.9514712 1.69032 0.4046875 0.1637838 0.1823032
50 0.2651114 0.0455101 0.01414474 0.5213656 0.4115518 1.312039 1.029087 0.2624398 0.07554949 0.09398602
51 0.2635809 0.04380863 0.01401958 0.4610962 0.4171406 1.258871 0.7279119 0.2539631 0.06413294 0.07301247
52 0.2802379 0.04398813 0.0140027 0.528216 0.4187249 1.244304 0.9963401 0.2407105 0.08197129 0.09407932
53 0.2318889 0.04261456 0.01366455 0.4151244 0.3683518 1.10022 0.5526577 0.2473289 0.04689766 0.05352458
54 0.2498866 0.04281409 0.01343241 0.4842274 0.3910779 1.119979 0.5448486 0.2487862 0.04942737 0.05499257
55 0.2523509 0.04188166 0.01315784 0.4833883 0.3721976 1.091598 0.6269397 0.2399473 0.05286447 0.0604566
56 0.2533919 0.04145917 0.01367676 0.514541 0.3902631 0.9872595 0.4608694 0.224277 0.04102141 0.04566483
57 0.252622 0.04515072 0.01439439 0.49983 0.4026993 1.402793 0.5976924 0.239641 0.04512917 0.05448014
58 0.2510813 0.04205579 0.01269791 0.5587487 0.3401029 1.055898 0.4624644 0.2342066 0.04030731 0.04526738
59 0.2606446 0.04359232 0.01433078 0.5226001 0.390993 1.110631 0.7684603 0.2393307 0.0650041 0.07645482
60 0.2267576 0.04148163 0.01307164 0.3888524 0.3493761 1.008088 1.264383 0.3090807 0.1141947 0.1282161
61 0.2471444 0.0446344 0.01535178 0.4868143 0.389495 1.83599 0.7587456 0.2655692 0.06010899 0.07274114
62 0.2504637 0.04242196 0.0135994 0.542189 0.3809224 0.8903159 0.6166202 0.2527678 0.04662697 0.05664893
63 0.251675 0.04353648 0.01351525 0.4414329 0.3905889 0.9672672 0.7394965 0.2495854 0.0645958 0.07381931
64 0.2388595 0.04180046 0.01389014 0.4480365 0.4097728 0.7071713 0.4863528 0.2497945 0.04385208 0.04943269
65 0.2305879 0.0420025 0.01332626 0.3728562 0.383119 0.7182052 0.4607021 0.2287239 0.03955384 0.04499922
66 0.2305283 0.04062789 0.01293091 0.4060105 0.3427141 1.338875 0.5861085 0.2690751 0.04950023 0.05728626
67 0.2424325 0.04356775 0.01404041 0.499439 0.3981282 0.9151419 0.5682671 0.245542 0.04674553 0.05414335
68 0.217249 0.03992207 0.01251626 0.3708732 0.3323174 0.9259917 0.5650135 0.2644822 0.04435078 0.05281822
69 0.2522085 0.03950559 0.01303358 0.5365109 0.370274 0.9069029 0.6099277 0.3003706 0.06502935 0.06917936
70 0.2572802 0.04132919 0.01354801 0.5207008 0.3847055 0.9661816 0.703307 0.2520459 0.05909598 0.06911289
71 0.2372867 0.04390849 0.01478736 0.4075244 0.4065133 1.390485 0.7961649 0.2616591 0.05930817 0.07185661
72 0.2566972 0.04687289 0.01458816 0.4497455 0.4378932 1.456298 0.5685872 0.2400804 0.04405507 0.05264189
73 0.246111 0.04163419 0.01294919 0.4330202 0.3818134 1.019562 0.3980963 0.2242056 0.03599882 0.03968421
74 0.2390082 0.04268253 0.01329703 0.4557571 0.3498483 1.440299 0.6078989 0.2525166 0.0524381 0.05915392
75 0.2605217 0.04555175 0.01431496 0.5904511 0.4021126 1.558029 0.5750732 0.235283 0.0527365 0.05834733
76 0.2462249 0.03967122 0.01339932 0.4012388 0.40327 0.7428626 0.5500919 0.2606274 0.04803142 0.05447805
77 0.2663797 0.04404296 0.01474764 0.5196966 0.4561054 1.035374 1.485121 0.2920431 0.1308183 0.1495242
78 0.2429207 0.05034562 0.01593077 0.4289011 0.4437285 1.519931 0.7136125 0.2355275 0.04926514 0.06212409
79 0.2382747 0.0435058 0.01339068 0.4638517 0.3571486 1.228397 0.4549155 0.2414264 0.04140533 0.04584266
80 0.2375751 0.04150362 0.01373793 0.4744259 0.3864863 0.8298738 0.8328644 0.3056208 0.0732767 0.08393653
81 0.2596226 0.04438511 0.01438222 0.4833407 0.4151729 1.12928 0.7191816 0.267011 0.06003996 0.06988013
82 0.22474 0.0438164 0.01308084 0.4613469 0.3639105 0.7257719 0.4726843 0.2422429 0.04161183 0.04727393
83 0.2678335 0.04207449 0.01328677 0.7330302 0.3722495 1.004324 0.5591996 0.2606241 0.05089131 0.05637694
84 0.2549926 0.0466098 0.01522202 0.5374648 0.4434963 0.9478332 0.5116195 0.2475327 0.04280867 0.04809089
85 0.2332093 0.04146408 0.01376393 0.4186998 0.4029211 0.649835 0.5185032 0.2359922 0.0406346 0.04718451
86 0.2484879 0.04503659 0.01414224 0.4835798 0.4208078 0.8062513 0.6557606 0.2658095 0.06200341 0.06889099
87 0.2466923 0.04049549 0.01316916 0.504543 0.3408748 1.550135 0.9510979 0.2689154 0.07680771 0.09060167
88 0.2389442 0.04178352 0.01245275 0.3753619 0.365559 0.9575532 0.8459769 0.2679124 0.06779286 0.08017779
89 0.256267 0.04613019 0.01427264 0.4891528 0.4349771 0.893038 0.7465061 0.2757058 0.05963551 0.07091361
90 0.2445397 0.04239765 0.01320555 0.5088487 0.362736 0.8986137 0.5788227 0.2522831 0.04878898 0.05552588
91 0.259489 0.04437368 0.01466069 0.5441928 0.4046394 1.48944 0.9509819 0.2715514 0.07075001 0.08753136
92 0.2201636 0.04021821 0.01375574 0.3694769 0.3432852 1.206015 0.5079985 0.2323347 0.04192145 0.04873058
93 0.2701351 0.04103359 0.01343085 0.6486326 0.3676886 1.275388 0.8037606 0.2542291 0.06689243 0.07757051
94 0.3165625 0.04429055 0.01371303 0.840708 0.4251787 1.033439 0.8488343 0.2850881 0.0931864 0.09835947
95 0.2677752 0.04334769 0.01353054 0.565483 0.4027354 0.9080516 0.4187042 0.2265571 0.03749162 0.04221751
96 0.2426971 0.04114511 0.01316557 0.4346923 0.3644942 0.7873303 0.4470845 0.2299949 0.03579689 0.04194275
97 0.2430231 0.04405338 0.01445144 0.4248658 0.4191764 0.983803 0.8078305 0.2683833 0.07018283 0.08024952
98 0.2647363 0.04525757 0.01502667 0.5469762 0.4195693 1.902827 NaN 0.1709182 NaN NaN
99 0.2557878 0.04488083 0.01403003 0.4831737 0.4184444 0.8046436 0.8584265 0.2676908 0.0639871 0.07806945
100 0.264416 0.0422418 0.01341791 0.6522104 0.3941295 0.72265 0.4630567 0.2404453 0.04517854 0.04829707
