1 210.246 202.4826 184.8585 215.1011 199.8256 187.8356
2 244.6463 227.0666 243.0037 240.8629 230.8706 245.3987
3 212.6279 202.855 201.5989 214.8289 203.2229 205.7019
4 203.907 192.2238 176.1238 209.8175 198.4588 179.0297
5 205.0104 193.0045 204.5343 208.3757 193.6698 202.4197
6 189.5617 199.1193 192.7098 195.44 203.358 194.0738
7 237.0731 219.2558 217.1778 232.5353 219.638 218.8158
8 212.7837 228.5072 215.6576 222.5536 226.9734 215.3911
9 209.6595 205.2743 190.5177 205.0077 200.0894 191.1448
10 205.13 198.5768 196.0262 202.1842 201.4938 194.3703
11 245.0035 234.9699 233.8641 244.8437 228.981 234.5951
12 260.0477 243.287 243.4915 257.6585 238.6876 243.2069
13 224.0247 233.0628 220.8847 236.1881 234.3978 218.389
14 187.3459 185.0482 181.1124 187.8393 185.4042 184.4803
15 209.082 208.1696 215.3042 216.692 206.4543 212.4694
16 215.096 219.5359 216.3474 213.9814 217.7485 213.9062
17 232.4843 212.5783 231.2555 237.9173 211.4148 229.9477
18 202.4217 191.8217 188.7966 206.2476 189.9965 190.2301
19 228.0086 218.1972 234.5745 225.5946 213.9257 235.3294
20 234.3342 219.8063 209.6151 233.4835 218.7639 208.5935
21 195.0901 180.3975 183.3171 199.5319 180.9739 184.6652
22 187.3878 189.7111 182.437 194.7207 187.8763 178.3382
23 249.5 243.3153 241.0183 254.5254 244.8878 237.2091
24 207.9556 207.4123 209.2899 212.568 207.752 208.9353
25 190.8092 184.3066 191.7071 196.0329 185.5581 190.3388
26 196.1216 184.7952 181.0859 204.8057 189.486 179.5096
27 184.6571 185.2302 178.4992 185.4621 185.6608 179.256
28 215.1999 202.6653 193.8536 217.1891 204.0341 194.8047
29 245.0666 221.219 231.3184 246.9052 220.4006 228.647
30 224.6643 205.8476 214.7484 232.1704 206.4312 216.3747
31 214.8237 202.4475 223.5867 214.4408 203.5252 223.5374
32 229.0864 220.2456 226.8941 248.1292 216.8388 226.7073
33 202.1 196.0176 177.2648 202.4402 202.3029 177.1136
34 175.6236 167.3789 175.3461 186.9756 169.4166 174.5411
35 238.267 211.6661 227.3436 233.6461 212.2518 226.2277
36 206.5161 188.201 190.8313 208.9569 191.7976 193.2799
37 211.4213 220.3257 219.0583 216.8615 218.1699 214.4274
38 206.4238 183.9386 182.9494 211.2466 183.0372 184.9356
39 244.64 226.7331 247.916 248.92 231.1918 245.7418
40 215.9741 197.2017 213.0209 214.2735 198.4572 215.2734
41 201.6681 192.826 205.3099 204.2781 190.6697 207.0009
42 219.0559 197.5192 211.5001 225.1533 201.1292 208.4135
43 247.5357 233.888 236.8316 244.3478 233.1127 235.2232
44 227.8415 218.7899 225.0782 234.5671 220.0456 226.4016
45 212.7844 196.8898 199.642 218.7898 196.4552 198.6876
46 219.3613 219.8475 209.7451 221.5027 224.1396 208.3976
47 203.3893 193.1634 185.5083 206.5106 189.2229 181.9053
48 235.5185 228.9667 221.0649 244.2725 233.6671 213.2136
49 203.082 203.4016 185.3483 200.005 200.3565 183.5769
50 206.3399 201.5307 187.2629 207.711 202.8603 190.4356
51 200.469 184.6433 174.1901 205.6433 182.6863 175.9405
52 207.1553 192.6998 186.6041 212.1174 195.8739 185.3086
53 238.8073 219.1031 239.2609 244.4196 219.0965 238.4501
54 221.4581 205.9408 199.5138 221.8068 213.0457 200.7035
55 210.9149 187.2439 195.3904 216.2932 186.5969 197.4022
56 198.1227 201.095 189.8688 201.3819 198.298 185.8383
57 200.2444 197.5887 185.7219 196.5187 195.2493 186.7985
58 238.4321 242.0149 218.4224 237.6613 236.0588 221.0913
59 189.9037 202.1646 198.6931 194.3349 199.9862 202.3569
60 242.6203 243.6208 246.76 249.0351 242.0837 249.3453
61 171.9769 191.1284 170.4485 170.0541 195.2412 171.3246
62 211.7408 221.6733 205.2244 211.4199 218.7177 204.5827
63 198.5018 187.565 186.6553 198.6996 186.4089 189.673
64 179.0545 175.8074 179.8332 181.2284 174.944 182.1472
65 200.6071 184.8066 190.7488 197.0265 185.2491 190.1045
66 258.1063 256.2929 245.9025 257.8144 249.9642 253.0101
67 193.7834 186.1654 203.6911 196.6088 187.3227 204.469
68 267.9066 249.078 274.3925 264.5048 251.2217 276.7796
69 221.2742 205.7707 211.0948 232.5859 209.4925 207.1225
70 206.3387 203.1969 201.4599 209.9406 195.5336 203.0002
71 203.9393 199.2378 210.424 204.8794 200.477 209.7387
72 217.3504 215.7989 199.6816 223.8568 217.3061 202.2925
73 220.4744 192.95 194.8606 221.0138 189.25 193.1429
74 237.5381 218.2192 222.1803 234.2641 217.6216 223.4836
75 215.1722 195.2745 201.6174 212.5045 197.2245 201.7969
76 221.5528 216.417 208.5579 225.696 213.2972 206.0983
77 186.1843 185.738 188.3634 193.137 182.2709 190.2132
78 171.1864 175.559 178.9813 175.7893 174.218 178.0216
79 227.9506 224.9043 217.2591 228.2876 221.5258 212.5961
80 217.4703 215.299 209.7357 224.6056 215.8028 215.4899
81 194.1045 205.536 204.9088 201.0131 199.4089 199.4932
82 216.3804 206.6472 213.125 219.0037 205.91 217.235
83 238.0746 243.4982 233.2628 240.2238 238.8614 237.5169
84 228.3124 232.5629 220.3926 226.57 236.5046 219.5544
85 202.8679 204.1885 196.2381 210.0827 198.4895 191.7562
86 178.0917 171.397 178.038 182.2186 171.5181 182.6964
87 230.2316 217.1113 239.6236 236.3211 218.2508 233.0912
88 269.9347 218.2785 219.4002 277.5766 216.6251 220.1453
89 221.2687 201.9612 197.0753 228.6752 200.3608 198.05
90 247.8124 222.8303 235.8248 244.0574 225.6247 231.7618
91 185.2111 190.2862 190.0033 192.5442 192.6726 187.7167
92 182.3385 183.7792 185.6092 189.6051 186.5703 185.5282
93 207.6696 217.3535 195.0278 217.6383 214.8378 194.0296
94 190.3513 167.6444 171.723 195.6668 169.1711 173.0231
95 190.7932 168.489 177.4917 190.1324 170.4122 180.4789
96 214.5098 201.9963 216.2373 214.5424 201.2754 217.4379
97 201.6736 205.6178 190.5447 208.3568 205.735 187.3034
98 198.1942 179.4243 195.4491 197.875 180.3459 193.3835
99 219.7348 199.8555 191.4822 226.5265 202.3876 191.4895
100 205.0875 202.53 185.3927 199.5157 203.5316 186.3132
