	est.beta	est.upper	est.lower	alpha	beta
1	10.572245935415	10.7483476969392	10.3961441738908	-6	paste(beta[1])
2	1.88268667048054	2.12644645356669	1.63892688739439	-6	paste(beta[2])
3	-1.41909142832126	-1.18563817155824	-1.65254468508429	-6	paste(beta[3])
4	0.143556524382682	0.312119796284099	-0.0250067475187336	-6	paste(beta[4])
5	6.54774214153291	6.83103746443453	6.26444681863129	-6	paste(beta[5])
6	-0.0368196427108121	-0.00674229697402542	-0.0668969884475987	-6	paste(beta[6])
7	-0.0974394009215051	-0.0623955406083484	-0.132483261234662	-6	paste(beta[7])
8	0.0497850386824812	0.0818297407800979	0.0177403365848644	-6	paste(beta[8])
9	10.6033745415011	10.7784010021645	10.4283480808378	-4	paste(beta[1])
10	1.87423676949512	2.11179484695826	1.63667869203198	-4	paste(beta[2])
11	-1.36518996438382	-1.13779480606427	-1.59258512270338	-4	paste(beta[3])
12	0.138547960046108	0.316902458233276	-0.0398065381410607	-4	paste(beta[4])
13	6.59364604924778	6.87427300445662	6.31301909403893	-4	paste(beta[5])
14	-0.0370369489465451	-0.00694247965753222	-0.0671314182355579	-4	paste(beta[6])
15	-0.0989752536162755	-0.0654759532454161	-0.132474553987135	-4	paste(beta[7])
16	0.0501332324897732	0.082275807409333	0.0179906575702134	-4	paste(beta[8])
17	10.5872251332173	10.7646879166646	10.40976234977	-2	paste(beta[1])
18	1.83750047259807	2.08058853663038	1.59441240856577	-2	paste(beta[2])
19	-1.33615992976928	-1.11692658426546	-1.5553932752731	-2	paste(beta[3])
20	0.155084574798124	0.333782299686542	-0.023613150090294	-2	paste(beta[4])
21	6.59047584696195	6.8774905488705	6.3034611450534	-2	paste(beta[5])
22	-0.0331458592657118	-0.00302098473257316	-0.0632707337988504	-2	paste(beta[6])
23	-0.097593536980051	-0.064190307136756	-0.130996766823346	-2	paste(beta[7])
24	0.0457358751506458	0.0779317144564662	0.0135400358448254	-2	paste(beta[8])
25	10.5877704729994	10.7642119459734	10.4113290000255	-1	paste(beta[1])
26	1.82525310096086	2.05762513800066	1.59288106392106	-1	paste(beta[2])
27	-1.30649763146737	-1.08843664896667	-1.52455861396807	-1	paste(beta[3])
28	0.106792844110808	0.284911193222649	-0.0713255050010319	-1	paste(beta[4])
29	6.58002442736473	6.86518828498808	6.29486056974137	-1	paste(beta[5])
30	-0.037668480594054	-0.00946243234563431	-0.0658745288424737	-1	paste(beta[6])
31	-0.0899195951770722	-0.0576038840494093	-0.122235306304735	-1	paste(beta[7])
32	0.0547795839621351	0.0852754570749113	0.024283710849359	-1	paste(beta[8])
33	10.6052773869273	10.7809522135003	10.4296025603543	-0.5	paste(beta[1])
34	1.89610690933037	2.13633115723171	1.65588266142904	-0.5	paste(beta[2])
35	-1.39169028316558	-1.16513330257612	-1.61824726375504	-0.5	paste(beta[3])
36	0.12913996652923	0.303655303824716	-0.0453753707662555	-0.5	paste(beta[4])
37	6.56964690462271	6.85468750560907	6.28460630363635	-0.5	paste(beta[5])
38	-0.0384268757954459	-0.00947703025033706	-0.0673767213405548	-0.5	paste(beta[6])
39	-0.0922926818343711	-0.05933378451742	-0.125251579151322	-0.5	paste(beta[7])
40	0.0533924952469835	0.0843841220964993	0.0224008683974677	-0.5	paste(beta[8])
41	10.6118462847325	10.7858902896706	10.4378022797944	-0.1	paste(beta[1])
42	1.89613791355179	2.1284153569766	1.66386047012699	-0.1	paste(beta[2])
43	-1.40466374847877	-1.17852259525693	-1.6308049017006	-0.1	paste(beta[3])
44	0.156778682052235	0.332267770692756	-0.018710406588286	-0.1	paste(beta[4])
45	6.51824435149853	6.7960154048673	6.24047329812976	-0.1	paste(beta[5])
46	-0.0383763549848444	-0.00876489761739443	-0.0679878123522943	-0.1	paste(beta[6])
47	-0.0965647632113344	-0.0642620990118584	-0.12886742741081	-0.1	paste(beta[7])
48	0.0529408624972125	0.0842399923498967	0.0216417326445284	-0.1	paste(beta[8])
49	10.5888852976789	10.7628097028606	10.4149608924972	-0.05	paste(beta[1])
50	1.81021756485592	2.04880877892279	1.57162635078906	-0.05	paste(beta[2])
51	-1.32139682129344	-1.10521555018296	-1.53757809240392	-0.05	paste(beta[3])
52	0.157489020276018	0.332808857669809	-0.0178308171177731	-0.05	paste(beta[4])
53	6.56794030155553	6.84762553725262	6.28825506585843	-0.05	paste(beta[5])
54	-0.032860703824768	-0.00301862069084626	-0.0627027869586898	-0.05	paste(beta[6])
55	-0.101715748945546	-0.0694085838655703	-0.134022914025522	-0.05	paste(beta[7])
56	0.0474007242309502	0.0788650610134768	0.0159363874484236	-0.05	paste(beta[8])
57	10.5972951701153	10.7741086264798	10.4204817137509	-0.01	paste(beta[1])
58	1.85705938086224	2.09816077914477	1.61595798257971	-0.01	paste(beta[2])
59	-1.33604941377667	-1.11658529388229	-1.55551353367104	-0.01	paste(beta[3])
60	0.136483457094601	0.317054643560846	-0.0440877293716445	-0.01	paste(beta[4])
61	6.58161691538568	6.8662310882466	6.29700274252475	-0.01	paste(beta[5])
62	-0.0390230127088146	-0.0100305380628027	-0.0680154873548265	-0.01	paste(beta[6])
63	-0.0921688721718158	-0.0603064127241956	-0.124031331619436	-0.01	paste(beta[7])
64	0.0571283353085633	0.0880876302327794	0.0261690403843473	-0.01	paste(beta[8])
65	10.5931085273039	10.7664929518025	10.4197241028054	-0.001	paste(beta[1])
66	1.88267774621375	2.12916493776373	1.63619055466376	-0.001	paste(beta[2])
67	-1.34766305824318	-1.12352077597472	-1.57180534051164	-0.001	paste(beta[3])
68	0.0908423171458084	0.275002239174216	-0.0933176048825993	-0.001	paste(beta[4])
69	6.59172744564586	6.87734789138022	6.30610699991151	-0.001	paste(beta[5])
70	-0.0325931752090282	-0.00339794922677557	-0.0617884011912807	-0.001	paste(beta[6])
71	-0.0953632589852879	-0.0619565893741411	-0.128769928596435	-0.001	paste(beta[7])
72	0.050353424778071	0.081338362739077	0.019368486817065	-0.001	paste(beta[8])
73	10.6051659463304	10.7784512321019	10.4318806605589	-1e-04	paste(beta[1])
74	1.82860083183188	2.06819984083032	1.58900182283344	-1e-04	paste(beta[2])
75	-1.33819982649902	-1.11938292834396	-1.55701672465408	-1e-04	paste(beta[3])
76	0.158462484289763	0.334492238769632	-0.0175672701901063	-1e-04	paste(beta[4])
77	6.57667981832458	6.85394342903936	6.2994162076098	-1e-04	paste(beta[5])
78	-0.0367394637188814	-0.00696340511034385	-0.0665155223274189	-1e-04	paste(beta[6])
79	-0.104683620024215	-0.0726033619843868	-0.136763878064043	-1e-04	paste(beta[7])
80	0.0499699700180896	0.0815022646334878	0.0184376754026913	-1e-04	paste(beta[8])
81	10.6062530830888	10.7813462214927	10.4311599446849	1e-04	paste(beta[1])
82	1.88145024690055	2.11879090967335	1.64410958412775	1e-04	paste(beta[2])
83	-1.36097875498812	-1.13724827190703	-1.58470923806922	1e-04	paste(beta[3])
84	0.124941693220653	0.304413868979102	-0.0545304825377967	1e-04	paste(beta[4])
85	6.55678180729325	6.83746047155194	6.27610314303456	1e-04	paste(beta[5])
86	-0.0383839318694303	-0.00916662843780982	-0.0676012353010509	1e-04	paste(beta[6])
87	-0.0968576713262109	-0.0640187052247607	-0.129696637427661	1e-04	paste(beta[7])
88	0.0538062587555641	0.084793844289746	0.0228186732213823	1e-04	paste(beta[8])
89	10.6194764055463	10.7943671537061	10.4445856573865	0.001	paste(beta[1])
90	1.86603253027531	2.09849594294638	1.63356911760425	0.001	paste(beta[2])
91	-1.33992963661846	-1.12119401128535	-1.55866526195156	0.001	paste(beta[3])
92	0.118042011769128	0.296496830161651	-0.060412806623395	0.001	paste(beta[4])
93	6.62365106646457	6.90527726432224	6.3420248686069	0.001	paste(beta[5])
94	-0.0351488395292411	-0.0061551490008074	-0.0641425300576748	0.001	paste(beta[6])
95	-0.098467717546317	-0.0666085032594072	-0.130326931833227	0.001	paste(beta[7])
96	0.0516455084751886	0.0825185181468611	0.020772498803516	0.001	paste(beta[8])
97	10.5973729865978	10.7715427313837	10.4232032418119	0.01	paste(beta[1])
98	1.89724818985648	2.14297730793331	1.65151907177965	0.01	paste(beta[2])
99	-1.39043669615758	-1.16100259741317	-1.619870794902	0.01	paste(beta[3])
100	0.122485969134924	0.301890883347641	-0.0569189450777931	0.01	paste(beta[4])
101	6.55648765402043	6.83711857781667	6.27585673022418	0.01	paste(beta[5])
102	-0.0345260639836791	-0.00427453450349998	-0.0647775934638582	0.01	paste(beta[6])
103	-0.0992648818879226	-0.0638194024267834	-0.134710361349062	0.01	paste(beta[7])
104	0.0475729996947303	0.0797346498513181	0.0154113495381425	0.01	paste(beta[8])
105	10.6137203365156	10.789943575162	10.4374970978692	0.05	paste(beta[1])
106	1.8443435585158	2.10395551509989	1.58473160193172	0.05	paste(beta[2])
107	-1.33497992081203	-1.11668196416141	-1.55327787746264	0.05	paste(beta[3])
108	0.143333086391362	0.3199229816453	-0.0332568088625752	0.05	paste(beta[4])
109	6.5903353114187	6.87386910836852	6.30680151446887	0.05	paste(beta[5])
110	-0.0319939124749736	-0.00175096648734853	-0.0622368584625987	0.05	paste(beta[6])
111	-0.0941661987673437	-0.0599840052535439	-0.128348392281144	0.05	paste(beta[7])
112	0.0465651492061385	0.0781435885574073	0.0149867098548697	0.05	paste(beta[8])
113	10.6330336884456	10.8090985789087	10.4569687979825	0.1	paste(beta[1])
114	1.9036594064279	2.14616225160795	1.66115656124785	0.1	paste(beta[2])
115	-1.3616711549282	-1.13830105057266	-1.58504125928374	0.1	paste(beta[3])
116	0.128254651000327	0.312391498606159	-0.055882196605505	0.1	paste(beta[4])
117	6.67713028530473	6.95777430361934	6.39648626699012	0.1	paste(beta[5])
118	-0.0310777585216059	-0.00213421328167014	-0.0600213037615416	0.1	paste(beta[6])
119	-0.0963638854816083	-0.0641822592510508	-0.128545511712166	0.1	paste(beta[7])
120	0.0500492134972434	0.0810373297982405	0.0190610971962464	0.1	paste(beta[8])
121	10.6213669701802	10.7948043538069	10.4479295865536	0.5	paste(beta[1])
122	1.86509186348052	2.10047125018133	1.62971247677971	0.5	paste(beta[2])
123	-1.32266363399918	-1.1099174803491	-1.53540978764926	0.5	paste(beta[3])
124	0.10880677650601	0.292918040020458	-0.0753044870084383	0.5	paste(beta[4])
125	6.50288443383363	6.78739490900481	6.21837395866244	0.5	paste(beta[5])
126	-0.0425197056096969	-0.0131786442414477	-0.071860766977946	0.5	paste(beta[6])
127	-0.0960997708669676	-0.06360572400027	-0.128593817733665	0.5	paste(beta[7])
128	0.0580138346785388	0.0890010644239339	0.0270266049331437	0.5	paste(beta[8])
129	10.6435600743243	10.8185989674924	10.4685211811562	1	paste(beta[1])
130	1.88233294106036	2.11331661130909	1.65134927081162	1	paste(beta[2])
131	-1.343083271514	-1.12312121789266	-1.56304532513535	1	paste(beta[3])
132	0.131733527894186	0.313844130129084	-0.0503770743407119	1	paste(beta[4])
133	6.63785751682558	6.91507033006094	6.36064470359023	1	paste(beta[5])
134	-0.0338492011533332	-0.0046234524266198	-0.0630749498800467	1	paste(beta[6])
135	-0.102308333322914	-0.0706580269569749	-0.133958639688853	1	paste(beta[7])
136	0.0502816641243056	0.0811642212014143	0.0193991070471968	1	paste(beta[8])
137	10.6054455813218	10.7817364088231	10.4291547538206	2	paste(beta[1])
138	1.87711232686282	2.12350897289354	1.63071568083209	2	paste(beta[2])
139	-1.38346909208428	-1.15756960096906	-1.6093685831995	2	paste(beta[3])
140	0.128871120050971	0.302199090368847	-0.0444568502669055	2	paste(beta[4])
141	6.58447728089093	6.86670576045744	6.30224880132442	2	paste(beta[5])
142	-0.0298478966889085	-0.000340364184542214	-0.0593554291932748	2	paste(beta[6])
143	-0.0977618506067148	-0.0637370072999795	-0.13178669391345	2	paste(beta[7])
144	0.0437624057053814	0.0752394842916399	0.0122853271191228	2	paste(beta[8])
145	10.5809282649256	10.758155507421	10.4037010224302	4	paste(beta[1])
146	1.93090435796569	2.17791877808575	1.68388993784562	4	paste(beta[2])
147	-1.42274130359923	-1.18527595653329	-1.66020665066518	4	paste(beta[3])
148	0.133390616511365	0.313690329552519	-0.0469090965297881	4	paste(beta[4])
149	6.60073096174421	6.88165196227952	6.31980996120891	4	paste(beta[5])
150	-0.0366587449368562	-0.00650232509989979	-0.0668151647738126	4	paste(beta[6])
151	-0.0921814552380224	-0.0579890578471431	-0.126373852628902	4	paste(beta[7])
152	0.050657032178192	0.0828694392695674	0.0184446250868165	4	paste(beta[8])
153	10.6065965144549	10.7809180752718	10.4322749536381	6	paste(beta[1])
154	1.87314213436801	2.10696883217658	1.63931543655943	6	paste(beta[2])
155	-1.3275634564415	-1.10895104264107	-1.54617587024193	6	paste(beta[3])
156	0.0954673758521387	0.278240564903708	-0.0873058131994302	6	paste(beta[4])
157	6.58782194092482	6.86648479326155	6.30915908858808	6	paste(beta[5])
158	-0.0358744267147045	-0.00620411091313153	-0.0655447425162775	6	paste(beta[6])
159	-0.101819788327603	-0.0682675016341911	-0.135372075021016	6	paste(beta[7])
160	0.0524964812081886	0.0839714025061507	0.0210215599102266	6	paste(beta[8])
