1 9777.142 10046.79 10083.3 10071.95 10193.01 10246.25
2 10386.45 10676.97 10682.42 10661.65 10819 10809.46
3 10136.3 10463.06 10441.9 10615.46 10680.09 10671.12
4 10157.63 10430.03 10459.56 10537.81 10548.69 10569.95
5 10566.18 10853.23 10841.08 10818.63 11005.39 10989.75
6 10327.66 10564.45 10564.67 10560.21 10685.54 10694.48
7 9930.719 10172.63 10201.7 10680.89 10516.88 10528.37
8 10549.2 10745.61 10770.07 11047.21 11068.8 11073.92
9 10799.48 11030.14 11046.44 11045.01 11162.76 11157.51
10 10531.73 10754.17 10770.86 10786.8 10927.99 10930.54
11 10527.94 10725.45 10760.05 10786.49 10897.94 10913.2
12 10272.49 10503.14 10516.14 10827.46 10745.37 10788.22
13 10394.33 10704.94 10692.32 10670.06 10856.45 10850.18
14 10065.69 10323.21 10344.97 10313.89 10453.27 10473.15
15 9977.783 10270.67 10240.55 10482.54 10467.16 10452.57
16 9957.857 10200.39 10229.74 10324.52 10340.15 10382.65
17 10102.13 10335.81 10324.05 10497.12 10479.98 10453.5
18 9642.124 9958.246 9941.798 10204.66 10247.98 10246.19
19 10070.8 10346.07 10331.54 10388.61 10490.14 10475.7
20 9787.494 10081.43 10068.87 10257.84 10249.8 10231.11
21 9539.96 9827.944 9803.767 9924.737 10026.06 10043.55
22 9879.675 10140.06 10161.02 10186.15 10230.07 10230.87
23 10492.71 10679.46 10694.69 10768.36 10843.79 10868.92
24 10049.76 10310.85 10318.74 10267.5 10404.45 10416.31
25 10365 10611.86 10564.74 10509.45 10684.2 10626.37
26 10079.59 10363.16 10368.08 10479.22 10558.87 10573.34
27 10396.42 10631.83 10650.88 10613.18 10764.14 10764.18
28 10026.11 10317.48 10304.08 10337.72 10424.32 10385.12
29 10423.76 10689.84 10687.96 10699.46 10811.29 10808.81
30 10097.86 10350.91 10357.25 10305.43 10434.8 10456.43
31 10263.96 10529.23 10498.22 10820.5 10712.17 10678.93
32 10193.04 10490.27 10484.43 10440.25 10597.07 10614.05
33 9988.865 10281.93 10304.44 10411.42 10569.24 10584.48
34 10177.51 10429.98 10458.44 10474.43 10611.55 10629.07
35 10516.73 10804.15 10799.6 10945.52 10961.21 10956
36 10887.45 11151.26 11142.49 11268.42 11330.82 11310.41
37 10208.36 10481.66 10456.14 10774.55 10819.71 10804.52
38 10462.45 10747.18 10730.22 10817.02 10905.95 10885.41
39 10719.43 10924.67 10908.72 11050.9 11150.81 11120.86
40 10470.1 10752.76 10731.56 10795.35 10960.51 10935.37
41 9669.545 9899.966 9933.732 10095.48 9992.634 10056.11
42 9599.66 9854.596 9831.176 9898.994 9915.017 9895.866
43 10215.74 10483.24 10508.24 10635.16 10591.59 10629.87
44 10230.42 10519.85 10482.83 10485.63 10679.16 10639.24
45 10030.66 10326.71 10309.17 10348.31 10466.15 10431.96
46 9829.311 10100.55 10056.61 10069.88 10255.82 10223.94
47 10131.79 10384.25 10395.93 10582.28 10531.05 10566.39
48 10597.49 10869.28 10872.41 11011.47 10953.48 10948.73
49 9449.068 9677.493 9697.206 9748.524 9827.317 9873.322
50 10074.83 10352.23 10360.77 10695.68 10560.82 10567.25
51 10283.59 10525.54 10547.45 10830.91 10857.03 10858.39
52 10301.07 10540.59 10560.58 10812.64 10879.85 10906.77
53 9713.864 10008.35 10020.74 10009.26 10169.95 10178.53
54 10371.84 10633.81 10613.17 10896.86 10980.76 10967.79
55 9815.608 10073.41 10086.59 9972.036 10131.55 10160.57
56 10566.87 10875.98 10854.34 10887.76 11013.04 11003.02
57 9921.949 10193.1 10189.84 10171.22 10328.15 10320.72
58 10780.79 11042.67 11015.3 11134.53 11154.62 11118.62
59 10216.69 10508.35 10534.18 10508.23 10628.37 10641.1
60 9956.027 10159.83 10162.19 10173.21 10307.54 10303.85
61 10235.13 10544.04 10557.37 10655 10659.6 10668.94
62 10474.07 10753.03 10740.92 10960.4 11046.92 11058.42
63 9661.52 9923.864 9890.591 10226.91 10065.37 10052.71
64 10475.84 10741.28 10760.74 10808.52 10903.37 10919.05
65 10186.62 10416.44 10444.55 10424.71 10573.93 10587.66
66 9800.007 10111.3 10083.13 10225.01 10247.51 10217.63
67 9957.312 10222.38 10172.92 10266.85 10378.51 10321.04
68 9756.243 10075.43 10010.59 9992.069 10153.25 10112.24
69 10419.47 10648.15 10669.65 10828.61 10864.1 10897.53
70 9821.065 10054.2 10075.24 10299.7 10257.4 10274.36
71 10132.4 10371.29 10373.68 10603.38 10569.64 10542.89
72 10309.39 10552.9 10595.85 10725.71 10664.8 10711.9
73 10593.87 10838.61 10867.03 10884.55 10947.53 10942.74
74 10382.09 10621.22 10632.99 10774.89 10832.49 10825.5
75 10155.74 10416.33 10446.44 10463.96 10539.51 10559.31
76 10001.64 10207.82 10199.25 10304.59 10366.36 10400.68
77 10613.18 10803.77 10834.13 10935.38 10969.14 10991.63
78 10065.94 10293.61 10291.96 10478.53 10549.25 10549.72
79 10174.42 10451.14 10445.87 10455.74 10632.65 10625.17
80 10580.03 10781.65 10795.5 10872.85 10950.93 10969.42
81 10096.93 10401.65 10391.32 10561.26 10555.69 10540.87
82 10499.3 10767.79 10759.79 10719.09 10905.73 10878.03
83 10176.69 10419.5 10447.16 10327.63 10462.47 10483.28
84 9878.678 10167.66 10168.35 10263.79 10422.24 10389.93
85 9771.163 10050.65 10041.69 10015.47 10144.46 10147.91
86 10658.65 10910.98 10939.65 10846.84 11053.12 11080.54
87 10536.97 10836.44 10833.98 10956.13 11010.97 11015.18
88 9996.61 10241.15 10270.86 10280.2 10432.08 10460.08
89 10897.73 11118.66 11101.6 11279.17 11414.01 11391.95
90 10012.3 10246.69 10262.52 10307.93 10372.82 10384.87
91 10500.2 10760.87 10774.34 11172.53 11007.7 11034.56
92 10558.65 10826.12 10853.32 11277.1 11046.59 11052.91
93 9324.225 9612.802 9598.293 9552.968 9692.652 9690.971
94 10284.07 10571.16 10543.97 10586.13 10700.2 10685.94
95 9764.341 10025.13 10045.5 10089.07 10169.02 10181.1
96 10243.72 10577.58 10549.31 10478.12 10706.6 10702.39
97 10185.16 10430.44 10404.56 10478.51 10585.08 10559.92
98 10271.71 10526.44 10530.25 10783.28 10766.03 10766.34
99 10538.55 10818.99 10763.4 10772.32 10987.88 10973.98
100 10373.31 10606.98 10641.03 10636.28 10713.34 10728.93
