1 9817.057 10082.71 10111.24 10111.86 10228.93 10274.19
2 10426.37 10712.89 10710.36 10701.57 10854.93 10837.4
3 10176.22 10498.98 10469.84 10655.37 10716.01 10699.06
4 10197.54 10465.95 10487.51 10577.73 10584.61 10597.89
5 10606.1 10889.15 10869.02 10858.55 11041.32 11017.69
6 10367.58 10600.37 10592.61 10600.13 10721.47 10722.42
7 9970.634 10208.56 10229.64 10720.8 10552.81 10556.31
8 10589.12 10781.53 10798.01 11087.13 11104.72 11101.86
9 10839.4 11066.06 11074.38 11084.93 11198.68 11185.45
10 10571.65 10790.1 10798.8 10826.72 10963.91 10958.48
11 10567.86 10761.37 10787.99 10826.4 10933.86 10941.14
12 10312.41 10539.06 10544.08 10867.38 10781.29 10816.16
13 10434.25 10740.86 10720.26 10709.97 10892.37 10878.12
14 10105.61 10359.13 10372.91 10353.8 10489.19 10501.09
15 10017.7 10306.59 10268.49 10522.45 10503.09 10480.51
16 9997.771 10236.31 10257.68 10364.43 10376.08 10410.59
17 10142.04 10371.73 10351.99 10537.04 10515.91 10481.44
18 9682.038 9994.169 9969.738 10244.57 10283.91 10274.13
19 10110.71 10381.99 10359.48 10428.53 10526.06 10503.64
20 9827.409 10117.35 10096.81 10297.76 10285.72 10259.05
21 9579.875 9863.867 9831.707 9964.652 10061.98 10071.49
22 9919.59 10175.98 10188.96 10226.06 10266 10258.81
23 10532.62 10715.38 10722.63 10808.28 10879.71 10896.86
24 10089.68 10346.77 10346.68 10307.41 10440.38 10444.25
25 10404.91 10647.78 10592.68 10549.37 10720.13 10654.32
26 10119.51 10399.09 10396.02 10519.13 10594.79 10601.28
27 10436.33 10667.75 10678.82 10653.09 10800.07 10792.12
28 10066.02 10353.4 10332.02 10377.63 10460.24 10413.06
29 10463.68 10725.76 10715.9 10739.38 10847.21 10836.75
30 10137.77 10386.83 10385.19 10345.35 10470.73 10484.37
31 10303.87 10565.15 10526.16 10860.42 10748.09 10706.87
32 10232.95 10526.19 10512.37 10480.17 10633 10641.99
33 10028.78 10317.85 10332.38 10451.33 10605.17 10612.42
34 10217.43 10465.9 10486.38 10514.34 10647.48 10657.01
35 10556.65 10840.07 10827.54 10985.43 10997.14 10983.94
36 10927.37 11187.19 11170.43 11308.34 11366.74 11338.35
37 10248.27 10517.58 10484.08 10814.46 10855.64 10832.46
38 10502.36 10783.11 10758.16 10856.94 10941.87 10913.35
39 10759.35 10960.59 10936.66 11090.82 11186.73 11148.8
40 10510.01 10788.68 10759.5 10835.26 10996.43 10963.31
41 9709.46 9935.89 9961.672 10135.39 10028.56 10084.05
42 9639.575 9890.519 9859.116 9938.909 9950.94 9923.807
43 10255.66 10519.16 10536.18 10675.07 10627.51 10657.82
44 10270.34 10555.78 10510.77 10525.55 10715.08 10667.18
45 10070.57 10362.64 10337.11 10388.22 10502.07 10459.9
46 9869.226 10136.48 10084.55 10109.8 10291.74 10251.88
47 10171.71 10420.17 10423.87 10622.19 10566.97 10594.33
48 10637.4 10905.2 10900.35 11051.38 10989.4 10976.67
49 9488.982 9713.416 9725.146 9788.438 9863.24 9901.262
50 10114.74 10388.15 10388.71 10735.6 10596.74 10595.19
51 10323.5 10561.47 10575.39 10870.83 10892.95 10886.33
52 10340.98 10576.52 10588.52 10852.56 10915.78 10934.71
53 9753.779 10044.28 10048.68 10049.17 10205.88 10206.47
54 10411.76 10669.73 10641.11 10936.78 11016.68 10995.73
55 9855.522 10109.34 10114.53 10011.95 10167.48 10188.51
56 10606.78 10911.91 10882.28 10927.68 11048.97 11030.96
57 9961.863 10229.02 10217.78 10211.13 10364.07 10348.66
58 10820.71 11078.59 11043.24 11174.45 11190.54 11146.56
59 10256.61 10544.27 10562.12 10548.14 10664.3 10669.04
60 9995.941 10195.75 10190.13 10213.12 10343.46 10331.79
61 10275.05 10579.97 10585.31 10694.91 10695.52 10696.88
62 10513.99 10788.95 10768.86 11000.32 11082.84 11086.36
63 9701.435 9959.787 9918.532 10266.82 10101.29 10080.65
64 10515.76 10777.2 10788.68 10848.43 10939.3 10946.99
65 10226.53 10452.36 10472.49 10464.63 10609.85 10615.6
66 9839.922 10147.22 10111.07 10264.92 10283.44 10245.57
67 9997.227 10258.3 10200.86 10306.77 10414.43 10348.98
68 9796.158 10111.36 10038.53 10031.98 10189.17 10140.18
69 10459.39 10684.08 10697.59 10868.53 10900.02 10925.47
70 9860.98 10090.12 10103.18 10339.61 10293.32 10302.3
71 10172.31 10407.22 10401.62 10643.3 10605.56 10570.83
72 10349.3 10588.83 10623.79 10765.62 10700.72 10739.84
73 10633.79 10874.53 10894.97 10924.47 10983.45 10970.68
74 10422 10657.15 10660.93 10814.81 10868.42 10853.44
75 10195.65 10452.26 10474.38 10503.87 10575.43 10587.25
76 10041.55 10243.74 10227.19 10344.5 10402.29 10428.62
77 10653.1 10839.7 10862.07 10975.29 11005.06 11019.57
78 10105.85 10329.54 10319.9 10518.44 10585.17 10577.66
79 10214.33 10487.06 10473.81 10495.65 10668.58 10653.11
80 10619.95 10817.57 10823.44 10912.76 10986.85 10997.36
81 10136.85 10437.57 10419.26 10601.17 10591.62 10568.81
82 10539.22 10803.71 10787.73 10759 10941.65 10905.97
83 10216.6 10455.42 10475.1 10367.54 10498.39 10511.22
84 9918.593 10203.58 10196.29 10303.7 10458.16 10417.87
85 9811.078 10086.58 10069.63 10055.38 10180.38 10175.85
86 10698.57 10946.9 10967.59 10886.75 11089.04 11108.48
87 10576.88 10872.37 10861.92 10996.04 11046.89 11043.12
88 10036.52 10277.07 10298.8 10320.11 10468 10488.02
89 10937.65 11154.58 11129.54 11319.08 11449.93 11419.9
90 10052.21 10282.61 10290.46 10347.84 10408.75 10412.81
91 10540.11 10796.8 10802.28 11212.45 11043.62 11062.51
92 10598.57 10862.04 10881.26 11317.02 11082.51 11080.85
93 9364.14 9648.725 9626.233 9592.883 9728.576 9718.912
94 10323.99 10607.09 10571.91 10626.04 10736.13 10713.88
95 9804.256 10061.05 10073.44 10128.99 10204.94 10209.04
96 10283.63 10613.5 10577.25 10518.03 10742.52 10730.33
97 10225.07 10466.36 10432.5 10518.42 10621.01 10587.86
98 10311.62 10562.37 10558.19 10823.2 10801.96 10794.29
99 10578.46 10854.92 10791.34 10812.23 11023.8 11001.92
100 10413.23 10642.9 10668.97 10676.2 10749.27 10756.87
