1 0.7475
2 0.7225
3 0.7275
4 0.7375
5 0.7275
6 0.7475
7 0.75
8 0.72
9 0.7075
10 0.735
11 0.7325
12 0.74
13 0.735
14 0.745
15 0.7675
16 0.7575
17 0.7475
18 0.7675
19 0.7475
20 0.7625
21 0.785
22 0.765
23 0.7325
24 0.76
25 0.7475
26 0.7425
27 0.74
28 0.7475
29 0.74
30 0.7525
31 0.7575
32 0.7375
33 0.7525
34 0.7525
35 0.74
36 0.72
37 0.735
38 0.725
39 0.74
40 0.725
41 0.7625
42 0.79
43 0.75
44 0.7575
45 0.77
46 0.755
47 0.74
48 0.73
49 0.7925
50 0.7725
51 0.7475
52 0.7425
53 0.765
54 0.7575
55 0.775
56 0.72
57 0.7275
58 0.7175
59 0.725
60 0.7675
61 0.735
62 0.72
63 0.7825
64 0.7325
65 0.735
66 0.775
67 0.79
68 0.7875
69 0.7525
70 0.785
71 0.765
72 0.7525
73 0.7175
74 0.755
75 0.7425
76 0.765
77 0.7475
78 0.7725
79 0.7325
80 0.7375
81 0.77
82 0.7225
83 0.7425
84 0.7625
85 0.7825
86 0.705
87 0.73
88 0.7525
89 0.71
90 0.7825
91 0.7375
92 0.7375
93 0.7975
94 0.7375
95 0.7775
96 0.73
97 0.765
98 0.7475
99 0.7175
100 0.7425
