1 1000 1000 600 1000 1000 963
2 1000 1000 1000 1000 1000 1000
3 1000 1000 709 1000 1000 632
4 1000 1000 1000 1000 1000 1000
5 1000 1000 1000 1000 1000 1000
6 1000 1000 1000 1000 1000 1000
7 1000 1000 1000 1000 1000 1000
8 1000 1000 1000 1000 1000 874
9 1000 1000 425 1000 1000 1000
10 1000 1000 509 1000 1000 556
11 1000 1000 1000 1000 1000 1000
12 1000 1000 1000 1000 1000 635
13 1000 1000 330 1000 1000 983
14 1000 1000 1000 1000 1000 1000
15 1000 1000 1000 1000 1000 1000
16 1000 1000 1000 1000 1000 440
17 1000 1000 176 1000 1000 1000
18 1000 1000 1000 1000 1000 265
19 1000 1000 546 1000 1000 301
20 1000 1000 1000 1000 1000 1000
21 1000 1000 182 1000 1000 643
22 1000 1000 971 1000 1000 1000
23 1000 1000 410 1000 1000 866
24 1000 1000 378 1000 1000 1000
25 1000 1000 1000 1000 1000 1000
26 1000 1000 999 1000 1000 1000
27 1000 1000 780 1000 1000 1000
28 1000 1000 1000 1000 1000 1000
29 1000 1000 1000 1000 1000 733
30 1000 1000 1000 1000 1000 504
31 1000 1000 455 1000 1000 1000
32 1000 1000 863 1000 1000 1000
33 1000 1000 1000 1000 1000 1000
34 1000 1000 340 1000 1000 1000
35 1000 1000 1000 1000 1000 1000
36 1000 1000 1000 1000 1000 1000
37 1000 1000 1000 1000 1000 1000
38 1000 1000 738 1000 1000 1000
39 1000 1000 1000 1000 1000 1000
40 1000 1000 1000 1000 1000 1000
41 1000 1000 1000 1000 1000 1000
42 1000 1000 239 1000 1000 598
43 1000 1000 763 1000 1000 1000
44 1000 1000 1000 1000 1000 1000
45 1000 1000 1000 1000 1000 216
46 1000 1000 1000 1000 1000 1000
47 1000 1000 1000 1000 1000 1000
48 1000 1000 1000 1000 1000 1000
49 1000 1000 1000 1000 1000 1000
50 1000 1000 1000 1000 1000 1000
51 1000 1000 1000 1000 1000 771
52 1000 1000 1000 1000 1000 1000
53 1000 1000 1000 1000 1000 1000
54 1000 1000 866 1000 1000 1000
55 1000 1000 1000 1000 1000 1000
56 1000 1000 1000 1000 1000 1000
57 1000 1000 1000 1000 1000 1000
58 1000 1000 1000 1000 1000 1000
59 1000 1000 1000 1000 1000 1000
60 1000 1000 1000 1000 1000 1000
61 1000 1000 1000 1000 1000 1000
62 1000 1000 475 1000 1000 1000
63 1000 1000 789 1000 1000 1000
64 1000 1000 1000 1000 1000 1000
65 1000 1000 1000 1000 1000 1000
66 1000 1000 1000 1000 1000 1000
67 1000 1000 1000 1000 1000 1000
68 1000 1000 1000 1000 1000 1000
69 1000 1000 569 1000 1000 1000
70 1000 1000 846 1000 1000 1000
71 1000 1000 1000 1000 1000 1000
72 1000 1000 598 1000 1000 1000
73 1000 1000 413 1000 1000 1000
74 1000 1000 1000 1000 1000 959
75 1000 1000 829 1000 1000 656
76 1000 1000 1000 1000 1000 1000
77 1000 1000 1000 1000 1000 1000
78 1000 1000 1000 1000 1000 1000
79 1000 1000 1000 1000 1000 1000
80 1000 1000 1000 1000 1000 967
81 1000 1000 1000 1000 1000 1000
82 1000 1000 1000 1000 1000 1000
83 1000 1000 1000 1000 1000 79
84 1000 1000 221 1000 1000 1000
85 1000 1000 429 1000 1000 917
86 1000 1000 467 1000 1000 1000
87 1000 1000 1000 1000 1000 838
88 1000 1000 1000 1000 1000 1000
89 1000 1000 1000 1000 1000 1000
90 1000 1000 1000 1000 1000 356
91 1000 1000 1000 1000 1000 1000
92 1000 1000 1000 1000 1000 1000
93 1000 1000 1000 1000 1000 1000
94 1000 1000 1000 1000 1000 1000
95 1000 1000 1000 1000 1000 1000
96 1000 1000 1000 1000 1000 1000
97 1000 1000 1000 1000 1000 1000
98 1000 1000 898 1000 1000 1000
99 1000 1000 1000 1000 1000 1000
100 1000 1000 1000 1000 1000 893
