1 -4878.571 -5014.394 -5034.651 -5025.974 -5087.504 -5116.123
2 -5183.226 -5329.484 -5334.211 -5320.825 -5400.502 -5397.728
3 -5058.152 -5222.528 -5213.951 -5297.729 -5331.045 -5328.558
4 -5068.813 -5206.016 -5222.782 -5258.905 -5265.345 -5277.977
5 -5273.092 -5417.616 -5413.542 -5399.316 -5493.696 -5487.874
6 -5153.832 -5273.224 -5275.334 -5270.106 -5333.771 -5340.24
7 -4955.36 -5077.317 -5093.85 -5330.443 -5249.442 -5257.186
8 -5264.6 -5363.803 -5378.034 -5513.607 -5525.399 -5529.962
9 -5389.742 -5506.071 -5516.219 -5512.506 -5572.381 -5571.756
10 -5255.867 -5368.087 -5378.428 -5383.4 -5454.995 -5458.271
11 -5253.971 -5353.724 -5373.024 -5383.244 -5439.971 -5449.602
12 -5126.246 -5242.57 -5251.068 -5403.731 -5363.683 -5387.111
13 -5187.166 -5343.468 -5339.158 -5325.029 -5419.225 -5418.089
14 -5022.847 -5152.604 -5165.487 -5146.943 -5217.634 -5229.575
15 -4978.892 -5126.336 -5113.275 -5231.268 -5224.582 -5219.284
16 -4968.928 -5091.195 -5107.868 -5152.259 -5161.076 -5184.326
17 -5041.063 -5158.906 -5155.026 -5238.562 -5230.991 -5219.75
18 -4811.062 -4970.123 -4963.899 -5092.329 -5114.992 -5116.093
19 -5025.4 -5164.034 -5158.768 -5184.307 -5236.069 -5230.851
20 -4883.747 -5031.713 -5027.435 -5118.921 -5115.898 -5108.555
21 -4759.98 -4904.972 -4894.883 -4952.369 -5004.029 -5014.774
22 -4929.838 -5061.03 -5073.51 -5083.074 -5106.037 -5108.434
23 -5236.354 -5330.73 -5340.343 -5374.181 -5412.894 -5427.46
24 -5014.882 -5146.425 -5152.369 -5123.748 -5193.226 -5201.154
25 -5172.498 -5296.929 -5275.372 -5244.725 -5333.102 -5306.187
26 -5029.797 -5172.581 -5177.04 -5229.609 -5270.433 -5279.669
27 -5188.209 -5306.914 -5318.438 -5296.588 -5373.072 -5375.089
28 -5003.054 -5149.738 -5145.039 -5158.86 -5203.158 -5185.562
29 -5201.882 -5335.919 -5336.978 -5339.732 -5396.644 -5397.405
30 -5038.929 -5166.454 -5171.623 -5142.716 -5208.402 -5221.214
31 -5121.98 -5255.615 -5242.11 -5400.251 -5347.084 -5332.464
32 -5086.52 -5236.135 -5235.217 -5210.126 -5289.536 -5300.025
33 -4984.432 -5131.964 -5145.221 -5195.709 -5275.622 -5285.241
34 -5078.756 -5205.989 -5222.219 -5227.213 -5296.777 -5307.534
35 -5248.367 -5393.076 -5392.801 -5462.76 -5471.607 -5470.999
36 -5433.727 -5566.632 -5564.243 -5624.212 -5656.411 -5648.203
37 -5094.178 -5231.828 -5221.069 -5377.274 -5400.856 -5395.258
38 -5221.225 -5364.592 -5358.109 -5398.511 -5443.974 -5435.706
39 -5349.716 -5453.333 -5447.361 -5515.451 -5566.405 -5553.43
40 -5225.048 -5367.379 -5358.779 -5387.675 -5471.254 -5460.684
41 -4824.773 -4940.983 -4959.866 -5037.738 -4987.317 -5021.054
42 -4789.83 -4918.298 -4908.588 -4939.497 -4948.509 -4940.933
43 -5097.872 -5232.619 -5247.119 -5307.578 -5286.794 -5307.937
44 -5105.212 -5250.927 -5234.417 -5232.817 -5330.578 -5312.619
45 -5005.33 -5154.356 -5147.585 -5164.155 -5224.076 -5208.981
46 -4904.655 -5041.276 -5021.303 -5024.942 -5118.908 -5104.971
47 -5055.896 -5183.123 -5190.965 -5281.14 -5256.525 -5276.197
48 -5288.745 -5425.639 -5429.207 -5495.734 -5467.74 -5467.367
49 -4714.534 -4829.747 -4841.603 -4864.262 -4904.658 -4929.661
50 -5027.415 -5167.113 -5173.384 -5337.841 -5271.409 -5276.624
51 -5131.793 -5253.772 -5266.723 -5405.456 -5419.513 -5422.194
52 -5140.535 -5261.296 -5273.289 -5396.32 -5430.927 -5446.386
53 -4846.932 -4995.177 -5003.37 -4994.63 -5075.977 -5082.265
54 -5175.922 -5307.905 -5299.583 -5438.431 -5481.378 -5476.897
55 -4897.804 -5027.707 -5036.297 -4976.018 -5056.777 -5073.287
56 -5273.433 -5428.991 -5420.168 -5433.88 -5497.522 -5494.512
57 -4950.974 -5087.549 -5087.919 -5075.61 -5155.076 -5153.362
58 -5380.397 -5512.333 -5500.65 -5557.267 -5568.308 -5552.309
59 -5098.347 -5245.173 -5260.089 -5244.114 -5305.187 -5313.55
60 -4968.013 -5070.916 -5074.095 -5076.605 -5144.77 -5144.927
61 -5107.566 -5263.022 -5271.686 -5317.498 -5320.801 -5327.468
62 -5227.036 -5367.514 -5363.459 -5470.202 -5514.458 -5522.21
63 -4820.76 -4952.932 -4938.296 -5103.454 -5023.683 -5019.355
64 -5227.921 -5361.638 -5373.37 -5394.258 -5442.686 -5452.526
65 -5083.309 -5199.218 -5215.275 -5202.356 -5277.963 -5286.832
66 -4890.003 -5046.649 -5034.566 -5102.504 -5114.757 -5101.817
67 -4968.656 -5102.191 -5079.462 -5123.426 -5180.255 -5153.519
68 -4868.122 -5028.717 -4998.296 -4986.035 -5067.624 -5049.121
69 -5199.737 -5315.077 -5327.823 -5404.306 -5423.049 -5441.764
70 -4900.532 -5018.098 -5030.62 -5139.848 -5119.701 -5130.179
71 -5056.199 -5176.647 -5179.84 -5291.691 -5275.82 -5264.443
72 -5144.693 -5267.452 -5290.925 -5352.853 -5323.4 -5348.952
73 -5286.937 -5410.305 -5426.514 -5432.275 -5464.765 -5464.372
74 -5181.045 -5301.612 -5309.497 -5377.445 -5407.247 -5405.75
75 -5067.869 -5199.167 -5216.218 -5221.978 -5260.755 -5272.653
76 -4990.819 -5094.909 -5092.627 -5142.293 -5174.182 -5193.338
77 -5296.59 -5392.886 -5410.064 -5457.689 -5475.57 -5488.814
78 -5022.969 -5137.806 -5138.978 -5229.264 -5265.624 -5267.862
79 -5077.209 -5216.57 -5215.933 -5217.869 -5307.327 -5305.584
80 -5280.017 -5381.824 -5390.749 -5426.423 -5466.463 -5477.709
81 -5038.466 -5191.823 -5188.659 -5270.63 -5268.847 -5263.437
82 -5239.651 -5374.894 -5372.894 -5349.543 -5443.863 -5432.014
83 -5078.344 -5200.75 -5216.579 -5153.815 -5222.234 -5234.64
84 -4929.339 -5074.828 -5077.175 -5121.894 -5202.118 -5187.966
85 -4875.582 -5016.327 -5013.847 -4997.735 -5063.229 -5066.957
86 -5319.326 -5446.489 -5462.825 -5413.418 -5517.558 -5533.27
87 -5258.485 -5409.222 -5409.992 -5468.063 -5496.486 -5500.59
88 -4988.305 -5111.573 -5128.43 -5130.1 -5207.039 -5223.039
89 -5438.867 -5550.329 -5543.798 -5629.584 -5698.005 -5688.977
90 -4996.149 -5114.345 -5124.262 -5143.963 -5177.411 -5185.436
91 -5240.1 -5371.437 -5380.169 -5576.267 -5494.851 -5510.282
92 -5269.326 -5404.058 -5419.659 -5628.552 -5514.295 -5519.455
93 -4652.112 -4797.401 -4792.146 -4766.484 -4837.326 -4838.486
94 -5132.037 -5276.581 -5264.986 -5283.063 -5341.101 -5335.968
95 -4872.171 -5003.566 -5015.75 -5034.537 -5075.509 -5083.55
96 -5111.858 -5279.789 -5267.655 -5229.058 -5344.299 -5344.196
97 -5082.579 -5206.219 -5195.278 -5229.255 -5283.541 -5272.962
98 -5125.853 -5254.222 -5258.127 -5381.64 -5374.017 -5376.172
99 -5259.274 -5400.496 -5374.702 -5376.16 -5484.94 -5479.989
100 -5176.657 -5294.489 -5313.514 -5308.14 -5347.671 -5357.466
