1 25.34612 24.69145 24.44675 25.47702 24.65741 24.54337
2 26.42254 26.15827 27.04125 26.55864 26.34132 27.08192
3 25.38494 26.3153 26.12149 25.97882 26.30009 25.96921
4 25.36467 26.13717 25.78729 25.76563 26.07825 25.81512
5 27.03413 26.40864 25.9859 27.4571 26.33606 25.949
6 24.91838 25.66811 25.51032 25.14062 25.66559 25.43465
7 23.46825 24.09488 24.67787 23.93797 24.23043 24.64025
8 26.97285 26.25717 26.79146 27.09202 26.29512 26.76562
9 27.26488 28.18768 28.23579 27.80369 28.15783 28.12328
10 25.53884 26.27806 25.35619 26.25702 26.16232 25.49717
11 25.8453 26.49577 26.27172 26.0214 26.53933 26.155
12 24.36852 24.90084 25.02224 25.13191 24.92409 25.08454
13 26.74124 26.14076 26.19264 27.10441 26.10896 26.2345
14 25.57073 25.72544 24.74461 25.82812 25.69881 24.82986
15 23.57455 24.31467 23.60139 24.13719 24.36219 23.75523
16 24.09683 24.0191 24.04806 24.44533 23.998 24.11348
17 24.03983 24.34332 25.0021 24.45373 24.37851 25.0642
18 23.30874 23.26477 23.41118 23.78963 23.32534 23.20839
19 25.97009 24.52114 24.87343 26.19844 24.47616 25.03196
20 24.23075 24.458 23.80564 24.57 24.41715 23.76881
21 22.53966 22.41788 22.98694 22.94492 22.601 22.94938
22 23.53514 24.36531 23.80057 24.07201 24.3048 24.11138
23 26.00345 26.34857 25.13943 26.45159 26.20008 25.38286
24 24.89191 24.37135 24.22044 25.00424 24.37716 24.25409
25 25.70503 26.00717 25.14244 25.90059 26.06959 25.0716
26 25.18516 25.04062 25.66907 25.75113 24.90506 25.66157
27 26.13222 24.77074 26.1372 26.52169 25.03974 26.22158
28 25.14401 24.46652 25.12911 25.4914 24.12359 25.08674
29 25.89681 25.10957 24.79899 26.47948 25.08253 24.90385
30 24.6544 24.97236 24.13636 24.77467 24.85773 24.06297
31 24.73435 24.94995 24.76326 25.38956 24.8596 24.97544
32 24.73947 25.24866 25.96515 24.90733 25.12286 25.92485
33 25.99715 24.36119 24.99226 26.24645 24.34535 24.98358
34 24.35118 25.56481 25.38056 24.78488 25.59071 25.52315
35 25.39848 25.48234 25.97496 26.10226 25.30631 25.88484
36 26.99854 27.00404 27.24229 27.78406 27.1748 27.26491
37 25.82052 26.58757 25.43125 26.26496 26.49797 25.48237
38 25.70231 26.52053 26.7146 25.97277 26.70726 26.59705
39 26.90592 25.46687 26.09371 27.4701 25.54769 25.9599
40 26.92898 26.79898 26.99776 27.27568 26.71036 27.16605
41 23.1284 23.70265 23.86208 23.61918 23.74929 23.87625
42 21.89446 22.52261 22.16949 22.35967 22.57731 22.34037
43 24.95595 25.06141 25.00722 25.62241 25.24593 24.97143
44 24.24585 24.84586 24.23025 24.71895 24.79307 24.18079
45 22.91224 23.89736 23.82125 23.74755 23.70529 23.40856
46 23.63121 24.74071 23.88982 24.11481 24.7873 23.9042
47 25.16107 25.32111 24.96484 25.42835 24.97079 24.92114
48 26.28745 26.83431 26.31112 26.61856 26.71484 26.40678
49 22.04617 23.00616 22.84878 22.33614 23.14246 22.92636
50 24.277 23.13257 24.02655 24.53346 23.2926 24.05628
51 24.63547 24.53379 25.20814 25.57405 24.78738 25.12328
52 26.3679 25.3958 26.00672 26.87213 25.32558 26.00481
53 23.54334 24.19829 23.97552 23.79858 24.30852 24.00921
54 24.10593 24.95207 24.75701 24.99189 24.98731 24.71137
55 24.48487 23.73478 23.06086 25.00106 23.68769 22.97322
56 26.51475 27.51947 27.24661 26.86833 27.69873 27.33004
57 26.15071 25.66839 25.23304 26.18402 25.95887 25.54375
58 27.04468 27.02902 27.32499 27.38968 27.12723 27.03771
59 25.77037 25.15996 25.64115 25.93726 25.25956 25.85508
60 23.92939 23.81285 23.92414 24.36323 23.82224 23.82305
61 25.7086 25.94259 26.04472 26.07148 25.6957 26.19447
62 26.50607 26.37201 26.90014 27.00699 26.24613 26.92906
63 23.30579 23.08781 22.96822 23.64464 23.0516 22.91041
64 25.51794 25.3455 25.858 25.98131 25.40261 25.67365
65 26.18434 25.38442 26.21604 26.26895 25.43225 26.38772
66 23.82246 24.3507 24.11261 23.93136 24.28543 24.21533
67 22.67155 23.24426 23.18982 23.02244 23.23793 23.39291
68 22.34057 23.11215 23.27063 22.80931 23.39962 23.34838
69 24.99484 25.6494 25.14094 25.65035 25.75534 24.9721
70 22.21187 23.21216 22.42635 23.03459 22.97525 22.52263
71 25.3642 24.71416 24.29859 25.14591 24.86585 24.34539
72 24.85738 24.6615 24.96157 25.15036 24.49549 24.76687
73 27.46236 27.40069 26.79947 27.76873 27.40127 26.69144
74 25.51663 25.32018 24.66727 25.68451 25.54094 24.93786
75 26.46955 25.58735 25.37799 26.77031 25.86792 25.33945
76 23.60065 23.59174 23.70513 24.21764 23.56106 23.68315
77 25.06997 25.82799 26.01164 25.39281 25.91413 25.75751
78 23.86248 23.4808 24.02542 24.1511 23.29374 23.80829
79 25.16426 26.26207 26.07459 25.5114 26.35424 26.13649
80 26.142 26.21303 25.63528 26.46482 26.32054 25.76012
81 23.26436 24.01441 23.33132 24.18778 23.81099 23.22386
82 26.98468 27.04607 26.22294 27.19552 26.84114 26.43668
83 25.38025 25.99385 24.82825 25.4343 25.83525 24.97745
84 24.5544 24.5909 24.36961 24.65363 24.60784 24.42064
85 22.89336 22.95578 23.50154 23.00325 22.92114 23.39892
86 28.07413 28.42308 27.88607 28.21696 28.22555 28.00329
87 27.03107 26.28766 26.67009 27.65338 26.31461 26.62608
88 24.42835 25.1074 25.12608 24.7733 25.14578 25.17656
89 27.86176 27.29649 27.80968 28.32445 27.27254 27.74957
90 23.94267 23.81703 23.11431 24.06337 23.97643 23.23003
91 26.09361 25.71794 25.68546 26.35793 25.81998 25.71776
92 25.99347 26.30231 26.61805 26.39164 26.33555 26.61635
93 21.92845 21.92019 22.34174 22.07311 21.8078 22.30904
94 26.03004 25.72959 25.96659 26.40845 25.6262 25.8209
95 23.43792 23.55564 23.16172 23.58432 23.48158 23.2346
96 26.49202 26.56931 26.75084 26.76702 26.55067 26.66175
97 24.99287 23.66105 23.52748 25.25021 23.72914 23.47039
98 25.26065 25.58943 24.57881 25.84302 25.34235 24.72937
99 27.38083 26.95578 27.42368 27.5627 27.06801 27.47836
100 24.97164 25.07733 25.4961 25.34484 24.89403 25.68341
