1 2.152348 2.120158 2.12769 2.157509 2.14074 2.14095
2 2.063845 2.070719 2.113815 2.066564 2.085749 2.111383
3 2.038261 2.118521 2.105053 2.063828 2.111067 2.100605
4 2.213767 2.304546 2.27464 2.22203 2.30161 2.280986
5 2.103876 2.089786 2.077421 2.124555 2.088492 2.07269
6 2.02077 2.079758 2.085029 2.023248 2.084893 2.075849
7 2.010058 2.069808 2.103933 2.018961 2.08076 2.096441
8 2.09648 2.097797 2.134145 2.105177 2.109065 2.129746
9 2.401619 2.46919 2.462975 2.401902 2.48581 2.453716
10 2.185888 2.289118 2.24468 2.234525 2.276998 2.247021
11 2.058586 2.119639 2.115735 2.064517 2.125714 2.107034
12 1.922437 2.005137 2.007478 1.953265 2.002183 2.014892
13 2.208149 2.195316 2.187274 2.22814 2.18878 2.192032
14 2.024526 2.061362 2.008855 2.038757 2.057344 2.015464
15 2.027865 2.108218 2.087344 2.061411 2.104725 2.095643
16 2.40973 2.396359 2.430265 2.405212 2.411005 2.420011
17 1.947536 1.993335 2.015163 1.962693 2.000019 2.018613
18 2.015488 2.053036 2.062881 2.033901 2.052675 2.036814
19 2.054973 2.015204 2.002842 2.069673 2.011434 2.020209
20 1.899241 1.936221 1.910919 1.915452 1.931016 1.90731
21 2.240684 2.283702 2.307167 2.27641 2.269783 2.287962
22 1.968737 2.033493 1.998337 1.990894 2.030064 2.018916
23 2.348287 2.420763 2.314628 2.39227 2.406926 2.365738
24 2.050974 2.063607 2.040635 2.04743 2.052995 2.046334
25 2.057526 2.071586 2.047172 2.053241 2.081607 2.047348
26 2.030528 2.080829 2.091999 2.072007 2.060703 2.086914
27 2.192009 2.145567 2.206504 2.225888 2.177135 2.216226
28 2.188752 2.175537 2.20741 2.193112 2.167091 2.194632
29 2.144734 2.145616 2.113488 2.17088 2.147268 2.131551
30 1.975834 2.011649 1.969602 1.974292 1.99864 1.964267
31 2.114271 2.129781 2.111605 2.128241 2.122054 2.119472
32 2.00258 2.090583 2.104822 2.007273 2.080003 2.106222
33 2.128697 2.079816 2.10666 2.131079 2.077484 2.101768
34 2.257102 2.36859 2.378168 2.297108 2.377125 2.390715
35 2.066486 2.10297 2.128472 2.10959 2.093814 2.126168
36 2.178094 2.21218 2.217798 2.213663 2.216273 2.218448
37 2.712616 2.79514 2.760777 2.781385 2.807937 2.771129
38 2.126264 2.196893 2.211002 2.133532 2.210241 2.202351
39 2.197392 2.163835 2.19395 2.234479 2.170811 2.18585
40 2.162564 2.200569 2.204366 2.182965 2.196731 2.212818
41 2.321429 2.42447 2.452584 2.372388 2.41876 2.438743
42 1.834501 1.892272 1.880474 1.869566 1.892762 1.888076
43 2.275096 2.322373 2.309231 2.328389 2.321062 2.31778
44 2.009781 2.107573 2.075539 2.036193 2.096075 2.077088
45 1.977727 2.101477 2.09978 2.032276 2.078164 2.062292
46 1.948402 2.061578 2.032603 1.974571 2.059391 2.033447
47 2.112594 2.169011 2.141779 2.107874 2.13595 2.144823
48 2.168137 2.231535 2.206927 2.171843 2.233089 2.212985
49 2.371284 2.437519 2.495559 2.382606 2.487669 2.484279
50 1.898627 1.862802 1.890862 1.909617 1.875349 1.891968
51 2.043219 2.108458 2.141108 2.128024 2.125206 2.138596
52 2.10204 2.073657 2.099865 2.125478 2.068741 2.097723
53 2.007921 2.064799 2.047699 2.01801 2.075561 2.062831
54 2.103658 2.180455 2.177255 2.158634 2.188578 2.181365
55 1.949425 1.905411 1.877086 1.97235 1.900714 1.87544
56 2.102835 2.178424 2.183762 2.116733 2.193547 2.201858
57 2.125422 2.120296 2.098386 2.106449 2.141347 2.124067
58 2.352736 2.537604 2.565412 2.426068 2.516069 2.512625
59 2.126282 2.144125 2.168986 2.134495 2.153126 2.169698
60 2.136603 2.112464 2.133465 2.143832 2.148458 2.132315
61 2.101319 2.15979 2.152219 2.129589 2.143263 2.157558
62 2.249331 2.308446 2.308815 2.268999 2.271001 2.311841
63 1.954318 1.969665 1.948554 1.960233 1.962122 1.950554
64 2.202057 2.255822 2.276069 2.241696 2.264087 2.267194
65 2.176434 2.151374 2.180974 2.162651 2.160897 2.191817
66 2.048063 2.089667 2.068366 2.043342 2.117045 2.093047
67 1.922723 1.9704 1.959372 1.92768 1.97619 1.977851
68 1.899228 1.982901 2.004387 1.92304 2.002367 1.993059
69 6.766253 7.932247 7.637218 7.377426 7.7597 7.325644
70 1.822109 1.913926 1.880106 1.873659 1.897676 1.888188
71 2.071542 2.056685 2.029075 2.052371 2.056977 2.032652
72 2.006618 2.032501 2.043755 2.013365 2.019133 2.029114
73 2.135506 2.143115 2.129133 2.150111 2.141337 2.119163
74 2.213652 2.210751 2.201504 2.208163 2.222281 2.209801
75 2.065046 2.057158 2.051902 2.088589 2.073728 2.045924
76 1.953471 1.982408 1.977633 1.996961 1.968659 1.977606
77 2.125146 2.206671 2.204628 2.140845 2.202422 2.193442
78 1.941965 1.932587 1.952606 1.948461 1.919679 1.936892
79 2.251778 2.325074 2.310395 2.248113 2.329051 2.313682
80 2.058469 2.089124 2.07119 2.079045 2.098932 2.080947
81 3.377572 3.55894 3.484689 3.504134 3.447292 3.559453
82 2.7353 2.706283 2.658951 2.62389 2.693499 2.650958
83 2.176339 2.217763 2.159529 2.152817 2.203091 2.171415
84 2.036868 2.095905 2.066725 2.035617 2.08686 2.07897
85 1.838797 1.891354 1.912173 1.843415 1.885248 1.906084
86 2.322742 2.375449 2.358504 2.296762 2.359355 2.357994
87 2.482341 2.460181 2.470525 2.519519 2.444973 2.476172
88 1.982544 2.061319 2.063095 2.005179 2.065307 2.061952
89 2.123909 2.122117 2.145251 2.143536 2.121722 2.142704
90 1.944204 1.936583 1.923515 1.939829 1.947546 1.930561
91 2.178203 2.163997 2.173672 2.207081 2.179149 2.170529
92 2.302662 2.359995 2.358015 2.296514 2.356408 2.371709
93 1.871645 1.917372 1.928767 1.859149 1.90336 1.921364
94 3.010135 3.006061 3.085171 2.937274 3.195928 3.139382
95 1.908613 1.92765 1.912979 1.92341 1.924641 1.920489
96 2.096332 2.133161 2.14532 2.114124 2.128959 2.132082
97 2.073222 2.013743 2.014682 2.076965 2.018098 2.011371
98 2.00079 2.032482 1.995086 2.02435 2.016514 2.003558
99 2.147689 2.161591 2.167612 2.154848 2.166053 2.180533
100 1.940281 1.99267 2.003295 1.968309 1.981725 2.011429
