1 26.07415 1.933912 -0.5154937 6.471349 2.19445 -0.917065 -1.054321 -0.04828198
2 25.23899 1.906389 -0.5302217 6.462434 2.445796 -1.108964 -0.6633865 -0.06047756
3 26.16201 2.007476 -0.5022737 6.730868 2.984789 -1.021819 -0.7473064 -0.06622862
4 25.90376 2.001108 -0.5337207 6.243457 2.988728 -1.160724 -0.4810805 -0.05029468
5 25.79735 1.932841 -0.5167719 6.862294 2.66472 -1.029445 -0.8983246 -0.05720571
6 26.25474 2.003657 -0.5059371 6.956685 2.826927 -1.360694 -0.1606655 -0.01526273
7 25.33257 1.962881 -0.5582444 7.479626 3.219525 -1.313545 -0.2510628 -0.01093448
8 25.39828 1.885499 -0.5536212 6.707247 2.87404 -1.204384 -0.5730696 -0.04621255
9 26.13619 2.056908 -0.5150647 6.693673 3.166767 -1.113633 -0.8778803 -0.05811483
10 25.6484 2.089082 -0.5269219 7.119196 3.342821 -1.041195 -0.765971 -0.05852057
11 25.97393 2.019292 -0.5291867 6.951547 2.521304 -1.239264 -0.4063555 -0.03916256
12 25.22011 1.954131 -0.5586578 6.673193 5.049877 -1.053968 -0.6728946 -0.046101
13 26.30573 1.979529 -0.4970627 7.686874 2.504209 -0.8579081 -1.027516 -0.06931888
14 26.34751 2.046181 -0.5078945 6.630658 1.948929 -1.047047 -0.6609774 -0.04450092
15 26.06227 2.06449 -0.5168102 7.081662 3.712355 -1.3808 -0.1879788 0.004952349
16 25.72546 1.963057 -0.5489381 6.914347 3.331086 -1.190113 -0.4506357 -0.0139623
17 25.12579 1.901585 -0.5437181 6.318398 4.77972 -1.388962 -0.1264134 -0.005391551
18 25.50076 1.984566 -0.5535723 7.063683 3.198514 -1.298593 -0.3365239 0.003262015
19 25.89104 1.892934 -0.5311163 7.129254 2.147363 -1.374891 -0.1586974 -0.008494924
20 25.77145 1.942273 -0.5043537 6.129452 3.474888 -1.407349 -0.2915712 -0.002256646
21 25.35976 1.965137 -0.5517819 6.966403 2.911548 -1.124443 -0.7788402 -0.02708526
22 26.13298 2.000406 -0.5031889 6.600825 2.277178 -1.356145 -0.3290171 -0.001673136
23 26.01832 1.917394 -0.5149294 6.348464 3.490085 -1.314904 -0.320405 -0.03588569
24 25.48193 1.977468 -0.5414675 5.858172 2.535487 -1.441279 -0.2994822 -0.00597094
25 26.27872 1.944081 -0.4989737 5.739942 3.100629 -1.474793 0.1720645 -0.00940529
26 25.61632 1.949858 -0.5425743 6.59166 2.537372 -1.312644 -0.2146805 -0.02131415
27 25.48715 1.883091 -0.5416466 6.686792 2.323287 -1.333277 -0.1345902 -0.02259642
28 25.39774 1.905874 -0.5431715 6.166378 2.562248 -1.469177 -0.01605966 0.0005458505
29 25.46105 1.951535 -0.5436138 6.57108 2.255495 -1.388472 -0.01739147 -0.0189122
30 25.73688 1.892907 -0.5061292 6.388341 3.878871 -0.9352727 -0.8379623 -0.05531457
31 25.40751 1.911774 -0.5402173 7.379623 3.060838 -1.41746 -0.08239033 0.0007721836
32 25.22449 1.983476 -0.55406 6.212414 3.256373 -0.916776 -0.9250428 -0.06233877
33 25.58808 1.965746 -0.5387004 7.200804 3.391037 -0.9329076 -0.8839166 -0.0549547
34 26.07479 2.047642 -0.5125057 7.281372 2.998274 -1.247434 -0.3209445 -0.02391539
35 25.62219 1.95017 -0.5313522 7.104602 2.93104 -1.475167 -0.01441794 -0.01192117
36 25.81324 1.99856 -0.5310809 7.178036 3.890184 -1.15071 -0.8946007 -0.04830457
37 26.17727 2.037514 -0.4967615 7.082895 3.825106 -1.024785 -0.6820975 -0.06824236
38 25.90572 1.969122 -0.5285193 6.650464 3.806137 -0.9805285 -0.9212887 -0.06493446
39 25.61653 1.963303 -0.5416633 7.088243 3.209362 -1.474161 0.1387524 -0.01460168
40 26.18296 2.070805 -0.5174537 7.053283 2.988496 -1.106531 -0.5477948 -0.07337461
41 25.89702 1.974394 -0.5181303 6.330442 3.884364 -0.9907375 -0.8356212 -0.03751422
42 25.79544 1.956272 -0.5208685 6.665022 3.760546 -1.204143 -1.194307 -0.008278263
43 26.25417 2.057265 -0.4954589 7.19469 3.078215 -1.208368 -0.3930262 -0.02629133
44 25.61658 2.026961 -0.5406545 6.429566 3.996286 -1.475113 0.0101642 0.0005253466
45 25.25746 1.949709 -0.5533833 6.430308 2.792663 -1.339338 -0.8970509 -0.0194068
46 25.97357 2.07773 -0.517476 5.773905 4.370897 -1.454505 -0.1143334 0.002395503
47 25.80976 2.015798 -0.5362403 6.751623 2.877933 -1.187548 -0.3963121 -0.02892607
48 25.89707 2.028153 -0.5100896 6.523448 3.10452 -1.0526 -0.8463169 -0.0582551
49 25.90477 2.064684 -0.503343 6.802324 2.984672 -1.155601 -0.7318283 -0.01558755
50 25.39733 1.878241 -0.5345598 7.455391 4.067525 -1.366962 -0.3178007 -9.965354e-05
51 25.38658 2.051804 -0.5608098 7.445916 3.452754 -1.337657 -0.1577313 -0.01652634
52 25.3098 1.907683 -0.5266416 7.049092 3.314903 -1.242517 -0.3186966 -0.03132985
53 25.83899 2.014052 -0.5219704 6.771929 1.881707 -1.279392 -0.3470743 -0.001126076
54 25.79587 2.022185 -0.5186888 8.569966 3.736208 -1.448989 -0.09634738 0.003085181
55 26.18837 1.880799 -0.4943661 6.170282 2.413823 -1.37489 -0.837445 0.002547036
56 25.98779 2.055447 -0.5082724 6.268183 3.692974 -1.029884 -0.906035 -0.06597161
57 25.6193 2.004214 -0.546804 5.26711 3.181125 -0.9925944 -0.7844756 -0.0656056
58 25.63195 1.938769 -0.5247463 6.684038 3.4785 -1.131556 -0.7698142 -0.06137111
59 25.47866 1.974263 -0.5515924 6.44377 2.712211 -0.8573859 -1.143306 -0.0637986
60 25.5017 1.916941 -0.5203611 6.432816 3.432164 -1.386763 -0.4433951 0.006879586
61 25.62511 1.90605 -0.5319495 5.878836 3.416205 -1.020689 -0.8189235 -0.04710343
62 25.54664 1.95289 -0.5270924 7.670447 2.975381 -1.033057 -0.646225 -0.0729847
63 25.55228 1.920209 -0.5268229 6.432295 3.909187 -1.138331 -0.8170544 -0.0319916
64 25.40219 1.988216 -0.559111 7.024344 3.388922 -1.51547 -0.04632543 -0.01234888
65 25.70157 1.956503 -0.535017 6.480891 2.642534 -1.108211 -0.6023421 -0.0514988
66 26.13513 2.027685 -0.5031961 6.902626 2.777686 -1.3123 -0.312868 0.005311144
67 25.54024 1.913794 -0.4988834 7.175233 3.710706 -1.159676 -1.023221 -0.03238533
68 25.47764 2.025163 -0.5246331 5.845977 3.094665 -1.354361 -1.254954 -0.002714966
69 25.99209 1.914158 -0.5025839 7.584161 2.777899 -1.274837 -0.3266763 -0.03071341
70 25.61966 1.980806 -0.5130686 6.991124 4.556101 -1.254966 -0.7741488 -0.005290256
71 25.96451 1.927116 -0.5068931 6.309865 4.029351 -1.463661 -0.1325368 0.0001894819
72 25.3182 1.890829 -0.5434788 7.550767 2.46678 -1.171198 -0.4531397 -0.02771875
73 26.38987 1.97626 -0.5001378 6.528782 2.542293 -0.9819524 -1.238127 -0.05140589
74 25.89796 1.910243 -0.4971675 7.24586 2.891288 -1.301273 -0.1326632 -0.01569267
75 25.95754 2.034384 -0.5290865 6.197972 2.741233 -1.129055 -0.5203127 -0.04759072
76 25.2288 1.846842 -0.5302882 6.081655 4.398525 -1.359897 -0.669293 -0.01089447
77 26.06351 1.934407 -0.5078047 6.901353 4.285404 -1.242335 -0.2561751 -0.02785317
78 25.34236 1.859921 -0.5338597 7.63267 2.116593 -1.249555 -0.6461077 -0.03019515
79 26.01751 2.045915 -0.5134289 6.410829 3.664197 -0.9008325 -0.9997504 -0.06593417
80 25.48558 1.912994 -0.5220833 6.569471 3.752828 -1.091235 -0.6488803 -0.04409665
81 25.84432 1.997295 -0.5248574 7.649194 2.622401 -1.39055 -0.2685941 0.004070938
82 25.85724 1.910768 -0.5106442 6.188431 4.358021 -0.9690129 -1.073982 -0.06101414
83 26.15241 2.005576 -0.5100009 6.130966 3.179257 -0.8803681 -1.118293 -0.05506001
84 25.81131 2.069451 -0.5330859 6.63038 2.64188 -1.356319 -0.1689936 0.0005560347
85 25.23282 2.029157 -0.5581044 6.625489 2.019176 -1.164835 -0.7582743 -0.03248376
86 26.14541 2.136555 -0.5170078 6.396762 3.261148 -1.144346 -0.909404 -0.04933412
87 26.27736 1.935113 -0.5173069 7.401265 2.819882 -1.220055 -0.3920364 -0.05747591
88 26.11264 2.15404 -0.5266639 7.066037 2.539763 -1.092423 -0.5661069 -0.04564138
89 25.56244 1.881807 -0.5273177 7.151331 3.244347 -1.192303 -0.7975837 -0.0559576
90 26.37658 1.968623 -0.4931475 6.791745 2.464034 -1.286582 -0.7299148 -0.01258454
91 25.34356 1.867705 -0.5264108 6.82523 5.061441 -1.400969 -0.158856 -0.02360456
92 25.38719 2.009212 -0.5370113 7.112688 4.068449 -1.337487 -0.1741518 -0.02561275
93 25.54133 2.035681 -0.5510676 6.097011 2.114683 -1.112943 -1.122373 -0.01873054
94 25.94609 1.902632 -0.5282924 6.774125 2.202446 -1.460983 0.006244839 -0.01004475
95 26.06038 1.919829 -0.487922 6.609042 2.869557 -1.368666 -0.5512024 0.01006097
96 26.50458 2.066017 -0.5157718 6.431205 2.377489 -0.9478471 -0.9388827 -0.06604138
97 25.46279 1.888355 -0.528005 6.682262 4.492842 -1.435474 -0.1418466 0.003021728
98 26.16019 1.979008 -0.5070796 7.32805 2.586719 -1.281893 -0.1915871 -0.01949691
99 25.78337 2.024813 -0.5417843 6.153459 2.938078 -1.067417 -1.006303 -0.0563859
100 25.5844 1.931619 -0.543226 6.43541 3.025434 -1.111974 -0.545187 -0.04098672
