1 0.2510244 0.03932596 0.01308166 0.464544 NaN 0.1085044 0.08568768 NaN
2 0.2243616 0.03732567 0.01314178 0.4044484 NaN 0.1081534 NaN 0.0006425212
3 0.2537263 0.03966628 0.01265255 0.4540308 NaN 0.1056063 NaN NaN
4 0.230816 0.03801768 0.01270088 0.4762337 NaN 0.1041451 NaN NaN
5 0.2541352 0.04066149 0.01320985 0.4958851 NaN 0.1112919 0.06483462 0.0003179444
6 0.2527718 0.03928877 0.01284377 0.4546639 NaN 0.1055375 NaN NaN
7 0.2475653 0.0424613 0.01475349 0.5380959 NaN 0.1046558 NaN NaN
8 0.2196531 0.03709651 0.01360084 0.5337629 NaN 0.1123257 0.06039354 0.001430291
9 0.2384795 0.03922378 0.01229393 0.4681496 NaN 0.1079447 NaN NaN
10 0.2506654 0.04271313 0.01328184 0.5263538 NaN 0.1069264 0.03223694 NaN
11 0.2343692 0.03976238 0.0131154 0.4250716 NaN 0.1096549 0.04360044 0.001287516
12 0.2499957 0.04048456 0.01393102 0.6861851 NaN 0.1095103 0.0661221 NaN
13 0.2708818 0.04199247 0.01347346 0.4865492 NaN 0.108147 0.03850998 NaN
14 0.2411567 0.03898021 0.01250646 0.3953522 NaN 0.1075761 0.05637721 NaN
15 0.2731176 0.04283351 0.01335309 0.5858937 NaN 0.10431 NaN NaN
16 0.2455626 0.04004902 0.01401211 0.4987561 NaN 0.1122129 0.08464614 NaN
17 0.2542791 0.03923853 0.01360465 0.6322597 NaN 0.1066749 NaN NaN
18 0.2555689 0.04261383 0.01441032 0.6762471 NaN 0.1070435 0.03097053 NaN
19 0.2381052 0.03834195 0.01384704 0.4453137 NaN 0.1034143 NaN NaN
20 0.2839697 0.04260887 0.01290389 0.5038455 NaN 0.1087019 0.02284101 NaN
21 0.2528453 0.04192511 0.01448733 0.544461 NaN 0.1061049 NaN NaN
22 0.252701 0.03880307 0.01289639 0.4201145 NaN 0.1067085 0.01308813 NaN
23 0.2481262 0.03772903 0.01252099 0.4966179 NaN 0.1084058 NaN 0.001210575
24 0.2225939 0.03696802 0.01272572 0.4043201 NaN 0.1141736 0.0678994 0.001446415
25 0.2456175 0.03604682 0.01171767 0.4480438 NaN 0.1180258 0.07966487 0.001071224
26 0.2330071 0.03862808 0.01339101 0.4674022 NaN 0.1073742 0.01583855 0.0006138176
27 0.2225565 0.03689253 0.01353977 0.4120025 NaN 0.1110676 0.05431908 0.00137365
28 0.2264698 0.03695203 0.01316727 0.430597 NaN 0.1121198 0.05876931 0.0008391752
29 0.2200722 0.03786231 0.01331965 0.4460989 NaN 0.1133627 0.0638612 0.001543177
30 0.2890564 0.04286783 0.01321601 0.5511252 NaN 0.1085584 0.02803833 NaN
31 0.2564135 0.04153241 0.0144584 0.5986162 NaN 0.109974 0.04796898 0.001066378
32 0.2270303 0.03885845 0.01317198 0.4934415 NaN 0.1099051 0.05952537 NaN
33 0.253919 0.04169861 0.01409393 0.5584359 NaN 0.1085157 0.03250526 NaN
34 0.2592009 0.04167621 0.01342098 0.4750492 NaN 0.1048458 NaN NaN
35 0.2433987 0.03963635 0.01358306 0.505291 NaN 0.1088666 NaN 0.001334869
36 0.2481947 0.04056074 0.01325409 0.5473472 NaN 0.11395 0.07310038 0.0009333619
37 0.273572 0.04230573 0.01298231 0.6850532 NaN 0.1032201 NaN NaN
38 0.2431182 0.03872928 0.01295116 0.5427404 NaN 0.108557 0.04048402 0.0001525989
39 0.2366734 0.0394776 0.01359353 0.4875327 NaN 0.1239694 0.08140545 0.001454182
40 0.2470541 0.04086485 0.01278409 0.4918837 NaN 0.05338889 NaN NaN
41 0.2629427 0.03983777 0.01314623 0.5547066 NaN 0.1071428 0.03902045 NaN
42 0.2742148 0.04091126 0.0138461 0.5928564 NaN 0.1147337 0.08518809 NaN
43 0.2729154 0.04174416 0.0130029 0.502717 NaN 0.1071931 0.03830199 NaN
44 0.2489197 0.04036211 0.0130753 0.5619656 NaN 0.1097664 0.05220284 0.001243819
45 0.2366263 0.03917609 0.01370024 0.4846009 NaN 0.1188519 0.07211525 0.001523845
46 0.2574575 0.03970301 0.01202996 0.6019584 NaN 0.0893758 NaN NaN
47 0.2399941 0.04012863 0.01327404 0.4726726 NaN 0.1109685 0.06715274 NaN
48 0.2425098 0.03909007 0.01245155 0.4526198 NaN 0.1077251 0.04261459 NaN
49 0.2817069 0.04295682 0.01343934 0.5183439 NaN 0.1053424 0.006477768 NaN
50 0.2897603 0.04391652 0.01478999 0.6869374 NaN 0.1070676 NaN NaN
51 0.2472909 0.04385576 0.01435515 0.5803833 NaN 0.1080023 0.04281478 0.0009158929
52 0.2643283 0.04192062 0.01386859 0.5481841 NaN 0.1080237 0.04998743 0.0006464402
53 0.2483724 0.0410182 0.01333297 0.4116174 NaN 0.1084966 0.05879267 NaN
54 0.2834664 0.04551119 0.01479895 0.6231901 NaN 0.1100667 0.04639134 NaN
55 0.2777859 0.03966362 0.01278413 0.4661043 NaN 0.1217319 0.09270633 0.0004392341
56 0.2437451 0.03872992 0.01203663 0.5247526 NaN 0.1077336 NaN NaN
57 0.2143396 0.03564961 0.0118591 0.4360509 NaN 0.1073691 NaN NaN
58 0.2394529 0.03855696 0.01297296 0.501333 NaN 0.1076773 NaN 0.001247205
59 0.2238498 0.03882379 0.01322327 0.4488638 NaN 0.1105925 0.07343193 NaN
60 0.2681323 0.04083713 0.01348668 0.4894 NaN 0.1180961 0.09218829 NaN
61 0.2357318 0.0368616 0.01248318 0.4502308 NaN 0.1132635 0.08416943 NaN
62 0.2538095 0.04249025 0.01407042 0.5325838 NaN 0.09799117 NaN NaN
63 0.2756403 0.04147397 0.01377336 0.6170614 NaN 0.1075421 NaN NaN
64 0.2368846 0.04110708 0.01393881 0.5662524 NaN NaN NaN NaN
65 0.2311373 0.0380247 0.01307527 0.4821172 NaN 0.1072951 NaN NaN
66 0.2678827 0.0410227 0.01313764 0.4919276 NaN 0.105968 0.04307016 NaN
67 0.2974512 0.04287508 0.01400354 0.6506725 NaN 0.1134066 0.05454608 0.001118787
68 0.2548962 0.03981164 0.01269515 0.5062377 NaN 0.1302868 0.1026956 0.0006202049
69 0.2655095 0.0405409 0.01372765 0.498721 NaN 0.1014006 NaN NaN
70 0.2867301 0.04274569 0.01391965 0.6591095 NaN 0.1122991 0.06881178 NaN
71 0.2769124 0.0402052 0.01277983 0.5813332 NaN 0.1117861 0.0566004 0.001180667
72 0.2475909 0.04131204 0.01471905 0.4942712 NaN 0.1090937 0.03392013 NaN
73 0.2426536 0.03754446 0.01217195 0.4424278 NaN 0.1103563 0.08036238 NaN
74 0.3421857 0.05184008 0.01432279 0.5339248 NaN 0.1128494 0.07476695 0.0006321201
75 0.2298575 0.03825462 0.01245129 0.4526401 NaN 0.1060982 NaN NaN
76 0.2645049 0.03891035 0.01350546 0.6279522 NaN 0.116765 0.0720856 0.001487603
77 0.2650546 0.03918335 0.01304872 0.5604652 NaN 0.1135334 0.07472192 0.0007732689
78 0.2506995 0.04032918 0.01490972 0.4551393 NaN 0.1091763 NaN 0.001376401
79 0.2505129 0.03973052 0.0124799 0.5329974 NaN 0.1079632 0.0512784 NaN
80 0.2458172 0.03820858 0.013096 0.5121036 NaN 0.1184592 0.08705062 0.0006028569
81 0.2677971 0.04345528 0.01428988 0.522158 NaN 0.1086396 0.01477742 NaN
82 0.2554475 0.0379242 0.0124334 0.5629931 NaN 0.1096182 0.06290274 NaN
83 0.2470829 0.03795687 0.01224601 0.4647687 NaN 0.1115918 0.08676793 NaN
84 0.2444128 0.04101544 0.01313293 0.4690724 NaN 0.1089726 0.06013532 NaN
85 0.2316513 0.04152546 0.01405006 0.4207277 NaN 0.1065794 NaN 0.0010905
86 0.2368531 0.04007287 0.01189987 0.4945734 NaN 0.1083785 0.02889624 0.0005849319
87 0.252308 0.03934189 0.01334392 0.4902655 NaN 0.1584305 0.5456752 0.01119393
88 0.2459173 0.04290395 0.01314995 0.4520155 NaN 0.1022739 NaN NaN
89 0.2334032 0.03752044 0.01349516 0.4585657 NaN 0.1100326 0.02355126 0.001598192
90 0.2667651 0.03878414 0.01289587 0.4335857 NaN 0.1112874 0.06086817 0.0007913314
91 0.2696428 0.04066694 0.01372897 0.6953941 NaN 0.1064135 NaN 0.0007594013
92 0.2505154 0.0416339 0.01374929 0.6159039 NaN 0.1141128 0.06549262 0.001120405
93 0.2368311 0.03984455 0.01346787 0.4252863 NaN 0.1111496 0.07237469 NaN
94 0.2310529 0.03696712 0.0132416 0.39627 NaN 0.1086785 0.01441352 0.001349296
95 0.2941147 0.0418953 0.01315797 0.5343397 NaN 0.1146474 0.09463812 NaN
96 0.2314091 0.03810459 0.01212084 0.3839543 NaN 0.1076112 0.0303191 NaN
97 0.2712646 0.0405753 0.01382114 0.6406403 NaN 0.1087132 0.0386453 0.0008499225
98 0.2588168 0.04031404 0.01331167 0.458746 NaN 0.1091528 0.06431013 0.000406121
99 0.2200788 0.03764174 0.01233926 0.4111304 NaN 0.1106877 0.06573551 0.000670855
100 0.2313274 0.03783018 0.01318701 0.4344846 NaN 0.1123466 0.07139233 0.0006487572
