1 26.17725 1.962311 -0.5196753 4.125809 1.479292 4.675645 -0.9135345 -1.06091 -0.0487611
2 25.42741 1.908826 -0.5292842 4.30108 1.934078 5.683874 -1.113158 -0.6557899 -0.05973916
3 26.4389 1.995428 -0.5007732 3.803258 1.595196 3.889808 -1.012645 -0.7567253 -0.06779358
4 25.99276 1.984853 -0.5337785 4.056476 2.147045 4.730978 -1.162894 -0.4799034 -0.05001131
5 26.03703 1.920531 -0.5162408 4.445118 1.805608 4.872006 -1.025842 -0.9056902 -0.05769498
6 26.39036 2.025873 -0.5082985 4.569964 2.069197 5.328697 -1.36574 -0.1518803 -0.01454762
7 25.49115 1.931291 -0.5536107 3.915647 2.136353 3.984181 -1.323947 -0.2352716 -0.009402709
8 25.55246 1.897841 -0.5516849 4.017284 1.837163 4.697941 -1.200463 -0.581846 -0.04660596
9 26.31165 2.019237 -0.5139259 4.573213 2.552721 5.688059 -1.11292 -0.8870478 -0.05806126
10 25.89767 2.051216 -0.5255441 4.392439 2.315542 4.478405 -1.042074 -0.7672305 -0.05840826
11 26.10744 2.030082 -0.5303408 4.393688 2.180362 4.924938 -1.232975 -0.4196279 -0.03997875
12 25.67142 1.95354 -0.5589766 3.812712 2.662745 4.027295 -1.051121 -0.6797259 -0.04650785
13 26.53394 1.980223 -0.4977372 4.887977 1.902495 4.635036 -0.8601329 -1.032116 -0.06899292
14 26.42591 2.066147 -0.5125723 4.382664 1.506274 5.377986 -1.05228 -0.6525184 -0.04354586
15 26.32941 2.04784 -0.5162866 4.243576 2.426425 4.266615 -1.381549 -0.1908041 0.005091298
16 25.94872 1.926837 -0.5418182 4.22684 2.027762 4.609089 -1.184554 -0.4597431 -0.01466854
17 25.474 1.908126 -0.5452634 4.330088 3.467236 5.852824 -1.390354 -0.1225707 -0.005237214
18 25.85072 1.963048 -0.5446974 3.720501 1.88394 3.581531 -1.297071 -0.3385684 0.003114975
19 25.94513 1.912562 -0.5407432 4.645943 1.551966 5.128883 -1.372189 -0.1619649 -0.008940755
20 26.28714 1.968896 -0.5059181 3.739104 1.905308 4.472292 -1.409349 -0.2856088 -0.001910349
21 25.62784 1.961165 -0.5491628 4.025949 2.074463 4.203297 -1.118853 -0.8004646 -0.02784838
22 26.2206 2.011201 -0.5063922 4.338293 2.127579 5.419555 -1.352928 -0.3410087 -0.002258682
23 26.27573 1.943422 -0.5168325 3.97616 2.407797 4.628566 -1.32052 -0.3116541 -0.03515841
24 25.58705 1.968089 -0.5386476 4.118102 2.143784 5.91185 -1.439265 -0.3164384 -0.006293499
25 26.4847 1.948939 -0.5002433 4.015068 2.253664 5.792143 -1.472655 0.1736946 -0.009570451
26 25.86112 1.924416 -0.5385829 3.924754 1.580184 4.34887 -1.318099 -0.2073817 -0.02068357
27 25.57744 1.850094 -0.5385778 4.452092 2.02463 5.310794 -1.340258 -0.119075 -0.02166711
28 25.64628 1.928154 -0.5470241 4.116941 1.916356 5.598199 -1.469926 -0.008780881 0.0003885247
29 25.65026 1.945944 -0.5454051 4.307426 1.636799 4.962983 -1.390236 -0.01753015 -0.01878767
30 25.99906 1.92299 -0.5091504 4.582769 2.917155 6.054129 -0.9199628 -0.864095 -0.0574076
31 25.69723 1.956212 -0.5476597 4.623185 2.294964 4.526301 -1.415255 -0.0794604 0.0004914893
32 25.49632 2.032199 -0.5583557 4.193746 2.744984 5.364161 -0.9139367 -0.9310141 -0.06293888
33 25.86986 1.951561 -0.5434475 3.841597 2.144413 3.869306 -0.9390635 -0.8725457 -0.05416596
34 26.36663 2.016603 -0.5076378 4.589093 2.599482 4.76331 -1.242029 -0.3317153 -0.02459874
35 25.85697 1.946668 -0.5281565 4.427972 2.155093 4.6925 -1.47439 -0.01651582 -0.01211757
36 25.88376 1.998875 -0.5344579 4.275524 2.924493 4.277916 -1.149419 -0.8924431 -0.04852197
37 26.50605 2.027526 -0.4984247 3.651301 2.177985 3.370138 -1.020818 -0.6865635 -0.06904027
38 26.07283 1.940273 -0.5248923 4.156414 2.483889 4.717527 -0.9805375 -0.9226944 -0.06476015
39 25.74374 1.961705 -0.5434179 4.538632 2.45138 5.426142 -1.475299 0.1398524 -0.01450475
40 26.3651 2.061913 -0.5173559 4.235407 1.847631 4.520366 -1.108658 -0.5465635 -0.0732684
41 26.21121 1.952365 -0.5113853 4.39634 2.65407 5.595328 -0.9842546 -0.8487488 -0.03835217
42 26.16593 1.958838 -0.5194838 4.50066 2.593189 5.35453 -1.204941 -1.201514 -0.008148484
43 26.44692 2.022857 -0.4943454 4.517124 2.295187 4.794169 -1.218674 -0.3708208 -0.02474834
44 25.81607 2.042679 -0.5412822 3.969478 2.251026 4.215085 -1.473244 0.01122654 0.0004317473
45 25.50365 1.959568 -0.5537298 3.971683 2.181445 4.629848 -1.338323 -0.880185 -0.01953405
46 26.29691 2.048375 -0.5115194 3.752252 2.63959 4.693505 -1.450939 -0.1192185 0.001896406
47 26.09844 2.058527 -0.5372519 4.241577 2.439837 4.729276 -1.17948 -0.4176276 -0.03005632
48 26.17376 2.016479 -0.5082059 4.651929 2.265985 6.200858 -1.057378 -0.847347 -0.05754775
49 26.03751 2.060173 -0.502199 3.986304 2.425466 4.05613 -1.149193 -0.7612221 -0.0165537
50 25.88422 1.895009 -0.5337031 4.482566 2.165942 4.574418 -1.3634 -0.3328198 -0.0006852268
51 25.57017 1.964404 -0.5562211 3.904076 2.171629 3.808773 -1.345632 -0.1411965 -0.01542333
52 25.60616 1.930678 -0.5297037 3.813727 2.205587 4.124002 -1.235469 -0.3345472 -0.03230887
53 25.9989 1.984825 -0.5172369 4.060863 1.530576 4.40354 -1.285742 -0.3395287 -0.0003055351
54 26.11049 2.016737 -0.5198118 4.09599 1.681571 3.271081 -1.449868 -0.09839462 0.003206964
55 26.33361 1.926756 -0.5004895 4.185059 1.664322 5.311063 -1.369515 -0.8139489 0.002125907
56 26.08874 2.018767 -0.507084 4.218017 2.400907 5.180138 -1.028199 -0.9126152 -0.06605041
57 25.70141 1.943501 -0.543011 3.548149 2.407583 5.400323 -1.005323 -0.7656468 -0.06368998
58 25.79074 1.939243 -0.5264066 4.521974 2.517033 5.377147 -1.131354 -0.767965 -0.06141719
59 25.74028 1.924631 -0.5464021 4.220579 2.056524 4.864093 -0.8574891 -1.140809 -0.06392219
60 25.79655 1.947737 -0.5251192 3.853444 2.314896 4.666162 -1.39086 -0.4586903 0.007179494
61 25.94511 1.94256 -0.5345208 3.808838 2.565222 4.93256 -1.02065 -0.8220922 -0.04692098
62 25.87096 1.973024 -0.5303628 4.325826 1.89589 4.20146 -1.036185 -0.6433916 -0.07268744
63 25.91396 1.938302 -0.5285517 3.952553 2.331543 4.28943 -1.141551 -0.7959848 -0.03152264
64 25.67714 1.924964 -0.5570757 4.317209 2.237923 4.179196 -1.51574 -0.04459962 -0.01214414
65 25.90406 1.949963 -0.5367352 4.203985 2.174359 4.715872 -1.113479 -0.5924012 -0.05072035
66 26.36807 2.014171 -0.5055682 4.46557 2.156031 4.822672 -1.314003 -0.3106386 0.005407684
67 25.92224 1.934062 -0.4995833 4.540431 2.716562 4.927512 -1.155657 -1.016857 -0.03295781
68 25.70309 1.984544 -0.5217278 4.077562 1.902554 5.533304 -1.363119 -1.264983 -0.001850159
69 26.12553 1.924002 -0.5029709 4.350026 2.20688 4.299482 -1.278289 -0.3199192 -0.03013098
70 25.96679 2.017319 -0.5143931 4.149645 3.141877 4.669491 -1.256845 -0.7536195 -0.004995554
71 26.3211 1.907334 -0.5074978 3.730055 2.620767 4.146595 -1.46536 -0.1400387 0.0004201202
72 25.5521 1.917258 -0.5456244 4.961608 2.018676 4.794783 -1.169905 -0.4581991 -0.02790051
73 26.5075 1.963416 -0.4995487 4.53816 2.247329 6.03291 -0.9833635 -1.231755 -0.05135346
74 26.14359 1.899741 -0.4963164 4.439132 2.163996 4.697961 -1.300292 -0.1378985 -0.01573384
75 26.12922 1.974323 -0.5245156 3.997147 2.035139 4.974136 -1.132728 -0.5113153 -0.04698349
76 25.61338 1.877496 -0.535196 3.604031 2.696539 4.045553 -1.360359 -0.6830799 -0.01086314
77 26.30272 1.954482 -0.5115459 4.383377 3.286006 5.123017 -1.238362 -0.26897 -0.02827657
78 25.54915 1.903049 -0.5402159 4.083226 1.383442 3.915587 -1.253017 -0.6372833 -0.02971128
79 26.24223 2.022091 -0.5127218 3.77234 2.184328 4.067403 -0.9001715 -1.000155 -0.06585044
80 25.72413 1.925407 -0.525538 4.242229 2.708329 5.317421 -1.099012 -0.6300103 -0.04333319
81 26.1416 1.988158 -0.5214912 4.652126 1.944616 4.648363 -1.392207 -0.266765 0.004017681
82 26.18722 1.972808 -0.5166127 3.912433 2.819956 4.476453 -0.9730246 -1.077469 -0.06039717
83 26.3071 1.995005 -0.5084316 4.807773 2.780727 8.762315 -0.8826603 -1.116567 -0.0546864
84 25.98924 2.065121 -0.5375902 3.732694 1.866584 3.813475 -1.353577 -0.1717125 0.0002445505
85 25.34506 2.03547 -0.5586646 4.44655 1.554735 5.395779 -1.164933 -0.7575382 -0.03239058
86 26.25416 2.115437 -0.5201622 4.229065 2.124728 5.28518 -1.14333 -0.9299436 -0.04954558
87 26.42103 1.919317 -0.5179287 4.641042 2.150017 4.702294 -1.218928 -0.3938105 -0.05770365
88 26.26131 2.090288 -0.5168686 4.229241 1.822755 4.633665 -1.083368 -0.5794478 -0.0470321
89 25.76509 1.956313 -0.532862 4.238841 2.044171 4.89905 -1.181723 -0.8024027 -0.05752207
90 26.579 1.962307 -0.4918144 4.470592 1.940201 5.318876 -1.282897 -0.7472805 -0.0129819
91 25.71733 1.874198 -0.5242411 3.916342 2.729645 4.088031 -1.392781 -0.1719139 -0.02474574
92 25.84361 2.000336 -0.5346251 4.384312 2.232807 4.441304 -1.340746 -0.1609003 -0.02515013
93 25.73034 1.991644 -0.5450609 3.863958 1.511157 4.594259 -1.111672 -1.09788 -0.01890012
94 25.99263 1.958922 -0.5331175 4.35058 1.73139 4.823935 -1.467712 0.01667411 -0.009364462
95 26.27825 1.915417 -0.4916226 4.072687 1.935513 4.677879 -1.365717 -0.5339894 0.009661847
96 26.54275 2.067169 -0.5169038 4.160686 2.062037 5.003711 -0.9492896 -0.9379398 -0.06586085
97 25.84491 1.916466 -0.5365075 4.17357 2.789376 4.486247 -1.435516 -0.1411037 0.003146982
98 26.21061 1.99579 -0.5145765 4.586461 2.218532 5.760058 -1.278245 -0.197415 -0.0200056
99 25.90785 2.015764 -0.5395775 3.944087 2.357982 5.142155 -1.060976 -1.008021 -0.05740507
100 25.74497 1.942471 -0.5446929 4.448952 2.248765 5.843117 -1.121553 -0.5230935 -0.03984832
