1 0.2002029 0.03226182 0.01115436 0.2507333 NaN 0.5142315 0.1085768 0.08543874 NaN
2 0.2008061 0.03305402 0.01157193 0.2686031 NaN 0.6538628 0.108209 NaN 0.0007012728
3 0.2020242 0.03189668 0.01032448 0.2014266 NaN 0.3781494 0.1054507 NaN NaN
4 0.1981187 0.03288686 0.0109472 0.2765829 NaN 0.5193361 0.1041904 NaN NaN
5 0.2012849 0.03263059 0.01126718 0.2481414 NaN 0.5341509 0.1111783 0.06409732 0.0003017136
6 0.2177296 0.03503903 0.01124285 0.2911395 NaN 0.6007198 0.1056885 NaN NaN
7 0.1992191 0.03322135 0.01174875 0.2510431 NaN 0.3954179 0.1048372 NaN NaN
8 0.1749205 0.0309429 0.01119957 0.1577134 NaN 0.502587 0.111902 0.0592797 0.001440982
9 0.2115712 0.03430053 0.01076629 0.2928764 NaN 0.6638428 0.108004 NaN NaN
10 0.2103679 0.03550197 0.01127949 0.2741696 NaN 0.4741326 0.1068394 0.0326221 NaN
11 0.202635 0.03466156 0.01119631 0.2618829 NaN 0.5471142 0.109713 0.04250932 0.001263608
12 0.2005991 0.03292491 0.01142887 0.2633335 NaN 0.3941193 0.1095054 0.06567366 NaN
13 0.2249318 0.03530983 0.01147458 0.2944807 NaN 0.5001827 0.1080902 0.04219197 NaN
14 0.2076994 0.03460944 0.01109984 0.254459 NaN 0.6106359 0.1079305 0.05793579 NaN
15 0.2234958 0.03515627 0.01108627 0.3018619 NaN 0.4499023 0.1045301 NaN NaN
16 0.2128566 0.03374912 0.01194454 0.3016829 NaN 0.4838464 0.1121792 0.08424558 NaN
17 0.2236452 0.03458408 0.01201414 0.3886389 NaN 0.6982389 0.1065614 NaN NaN
18 0.1991097 0.03315617 0.01128517 0.2644715 NaN 0.3556372 0.1069913 0.02991229 NaN
19 0.2025205 0.03345547 0.01226292 0.2763209 NaN 0.5792679 0.1032082 NaN NaN
20 0.2128497 0.0321731 0.01052564 0.2470689 NaN 0.476844 0.1087067 0.02121993 NaN
21 0.211563 0.03478959 0.01202057 0.3022112 NaN 0.4358569 0.1064993 NaN NaN
22 0.2308742 0.0351694 0.01135644 0.3213475 NaN 0.6323926 0.1068671 0.02070827 NaN
23 0.206294 0.03183749 0.01059873 0.2627397 NaN 0.48831 0.1082816 NaN 0.001244278
24 0.2022751 0.03345821 0.01136798 0.2719778 NaN 0.7148096 0.1144168 0.06874275 0.001461418
25 0.2137574 0.03124366 0.01043639 0.2906753 NaN 0.6930083 0.1179854 0.0797203 0.001103141
26 0.1942799 0.03158478 0.01131129 0.2422757 NaN 0.4470131 0.1074839 0.01916994 0.0006535767
27 0.1949764 0.0319683 0.01189672 0.2623288 NaN 0.6272521 0.1114072 0.05555361 0.001375249
28 0.204474 0.03310363 0.01165582 0.2836099 NaN 0.6533615 0.1119807 0.05923226 0.0008534666
29 0.1881093 0.03285049 0.01147699 0.268539 NaN 0.5580409 0.1136925 0.06436797 0.001529981
30 0.2289601 0.03373115 0.01150894 0.3609311 NaN 0.7603078 0.1085768 0.01758252 NaN
31 0.2134635 0.03571536 0.01219783 0.3187905 NaN 0.4883336 0.1096475 0.047136 0.001083412
32 0.2045965 0.03533453 0.01143066 0.3376781 NaN 0.6251657 0.109823 0.05872152 NaN
33 0.2015341 0.03279219 0.01121487 0.2782895 NaN 0.3825036 0.1085424 0.03545827 NaN
34 0.2288507 0.03560045 0.01136537 0.2823835 NaN 0.5321996 0.1049401 NaN NaN
35 0.2086074 0.0341423 0.01152757 0.2769524 NaN 0.4911897 0.1088297 NaN 0.001335651
36 0.2087933 0.03466045 0.01110864 0.2723298 NaN 0.4326669 0.1138755 0.0727941 0.0009215342
37 0.2067278 0.03197202 0.009982107 0.2196256 NaN 0.3136951 0.1029681 NaN NaN
38 0.2085165 0.03245178 0.01108266 0.2879913 NaN 0.4931826 0.1084675 0.04049277 NaN
39 0.203958 0.0345318 0.01158938 0.3001575 NaN 0.6099937 0.1241798 0.08165968 0.001452082
40 0.2065243 0.03462175 0.01079932 0.2515392 NaN 0.4619471 0.05962274 NaN NaN
41 0.2303186 0.03425642 0.01164699 0.3485861 NaN 0.6837107 0.1072362 0.03656284 NaN
42 0.241835 0.03607774 0.01209898 0.3796735 NaN 0.6403876 0.1146765 0.08528749 NaN
43 0.2356265 0.0356971 0.01124287 0.3237923 NaN 0.5198974 0.1074567 0.04165436 NaN
44 0.2051345 0.03408764 0.01124658 0.2556618 NaN 0.4471866 0.1095121 0.05128106 0.00125627
45 0.2092356 0.03352666 0.01178254 0.3158161 NaN 0.5064868 0.1184264 0.07101828 0.001503912
46 0.2139244 0.03314689 0.01026818 0.294001 NaN 0.5230282 0.08653662 NaN NaN
47 0.2117597 0.0359559 0.01128689 0.3115653 NaN 0.5112533 0.1108705 0.06621311 NaN
48 0.2195212 0.03508992 0.01119544 0.2921573 NaN 0.7476574 0.1075415 0.04342116 NaN
49 0.2402354 0.03633318 0.01116039 0.3327821 NaN 0.4295446 0.1057055 0.02272242 NaN
50 0.2234859 0.0344264 0.0123268 0.3205128 NaN 0.4841502 0.1074219 NaN NaN
51 0.1955133 0.03315974 0.0113601 0.275234 NaN 0.3723837 0.1081803 0.04453443 0.0009469395
52 0.1995625 0.0316803 0.01090482 0.2522295 NaN 0.4174173 0.1078833 0.04853873 0.0006193309
53 0.2130002 0.03360746 0.01145951 0.2536125 NaN 0.4661329 0.1086605 0.06030317 NaN
54 0.2112268 0.03472807 0.01120031 0.2339213 NaN 0.2932161 0.1101761 0.04657779 NaN
55 0.2292373 0.03297227 0.01120669 0.2823663 NaN 0.6187528 0.1211117 0.09149919 0.0003881443
56 0.2115331 0.03350655 0.01069374 0.289394 NaN 0.5804408 0.1077083 NaN NaN
57 0.191559 0.03089977 0.01058924 0.2735306 NaN 0.63118 0.1075725 NaN NaN
58 0.2103592 0.03392666 0.01153915 0.3078912 NaN 0.6030087 0.1077357 NaN 0.001220684
59 0.1959609 0.03237717 0.01153208 0.2550056 NaN 0.5486366 0.1106111 0.07314885 NaN
60 0.2175269 0.03306015 0.01127774 0.3069102 NaN 0.4935372 0.1191721 0.09398629 NaN
61 0.2008396 0.03138807 0.01062328 0.2763654 NaN 0.5454197 0.1136533 0.08488796 NaN
62 0.1990628 0.03388216 0.01139302 0.249191 NaN 0.4229731 0.09744211 NaN NaN
63 0.2197864 0.03377291 0.01153026 0.3296076 NaN 0.4596843 0.1074515 NaN NaN
64 0.196701 0.03349806 0.01176585 0.2523046 NaN 0.4347577 0.007909795 NaN NaN
65 0.1958438 0.03254167 0.01122 0.2554366 NaN 0.5359197 0.1073737 NaN NaN
66 0.2343685 0.03565804 0.01140389 0.3048636 NaN 0.5498571 0.1061472 0.04408885 NaN
67 0.2456692 0.03612476 0.01175455 0.396879 NaN 0.549532 0.1130512 0.05266096 0.001088317
68 0.2203813 0.03399717 0.0113567 0.296296 NaN 0.6569273 0.1328626 0.1058118 0.0006021054
69 0.2197674 0.0329354 0.01127797 0.2957971 NaN 0.4440659 0.101253 NaN NaN
70 0.2427641 0.03618674 0.01142021 0.3919574 NaN 0.5009839 0.1117727 0.06750815 NaN
71 0.2175649 0.03115378 0.01042336 0.2805245 NaN 0.4353511 0.1123317 0.05730323 0.001143142
72 0.2105031 0.03586168 0.01265441 0.3212535 NaN 0.5461607 0.1091467 0.03382805 NaN
73 0.2161112 0.03290027 0.01079039 0.310845 NaN 0.7305632 0.1100519 0.07939801 NaN
74 0.2233248 0.03272196 0.01126649 0.2818562 NaN 0.5080365 0.1126355 0.07420623 0.0006076112
75 0.2039725 0.03230823 0.01087398 0.2889438 NaN 0.5495259 0.1061629 NaN NaN
76 0.2089135 0.03136585 0.01098693 0.2910788 NaN 0.415911 0.1171473 0.07296213 0.001492784
77 0.228432 0.03384684 0.01110469 0.3556086 NaN 0.5631117 0.1135751 0.07423966 0.0007455045
78 0.1990039 0.03277033 0.01180418 0.2303143 NaN 0.3869167 0.1090349 NaN 0.001336181
79 0.2029631 0.03242053 0.01032421 0.2498935 NaN 0.4088299 0.1080225 0.05170439 NaN
80 0.2124059 0.03280543 0.01134312 0.2942885 NaN 0.5963873 0.1193746 0.08836593 0.0006176387
81 0.2244322 0.03600387 0.01198091 0.3080174 NaN 0.499976 0.1084902 0.01819556 NaN
82 0.2086608 0.031725 0.01055469 0.2671669 NaN 0.4757039 0.1095863 0.0639902 NaN
83 0.2294104 0.03496747 0.01138243 0.376684 NaN 1.32377 0.1116585 0.08716983 NaN
84 0.1943781 0.03339548 0.010666 0.2254349 NaN 0.3883313 0.1087122 0.05891177 NaN
85 0.2020833 0.037076 0.01229071 0.2842439 NaN 0.6361084 0.1067033 NaN 0.001056685
86 0.204564 0.03514066 0.01055382 0.271436 NaN 0.5718563 0.1083577 0.03240958 0.000642685
87 0.2140611 0.03297502 0.01146452 0.299373 NaN 0.5096342 0.1630478 0.5732085 0.01173909
88 0.2158372 0.03571034 0.01112372 0.2895663 NaN 0.4922487 0.1021583 NaN NaN
89 0.1913659 0.03240412 0.01105072 0.2244685 NaN 0.5176315 0.1099079 0.01661191 0.001551544
90 0.2318358 0.03327084 0.01119662 0.314763 NaN 0.6196932 0.111363 0.0613673 0.0008605566
91 0.2057179 0.03153832 0.01121954 0.2716737 NaN 0.4021014 0.1063563 NaN 0.0006553232
92 0.2060382 0.03468388 0.01150958 0.2719563 NaN 0.4605668 0.1138105 0.06566698 0.00114211
93 0.2074273 0.03393034 0.01178614 0.2732082 NaN 0.5137529 0.1108299 0.070768 NaN
94 0.1998154 0.03305463 0.01139579 0.2409817 NaN 0.5312518 0.1089054 0.01991636 0.001352845
95 0.2275662 0.03258952 0.01100603 0.2939222 NaN 0.509479 0.1145559 0.09438766 NaN
96 0.2055891 0.03388052 0.01058955 0.2546674 NaN 0.5610937 0.1075877 0.03101047 NaN
97 0.2138261 0.03357185 0.01164898 0.3424535 NaN 0.4826418 0.1086186 0.03736931 0.0008257983
98 0.2234132 0.03472413 0.01146022 0.2928686 NaN 0.6636777 0.1090294 0.06409358 0.0004153501
99 0.196778 0.03271734 0.01065589 0.2402866 NaN 0.5583175 0.1104908 0.06400847 0.0006382473
100 0.2042185 0.03342241 0.01174957 0.2825889 NaN 0.7041304 0.1124308 0.07265239 0.0006677751
