1 0.1972083 0.03210232 0.01128306 0.2554314 NaN 0.4850874 0.06292364
2 0.210381 0.03299086 0.01083309 0.2582406 NaN 0.5496444 0.06352669
3 0.1953309 0.03219202 0.01050263 0.1986834 NaN 0.3705076 0.0634891
4 0.1986899 0.03311336 0.01132968 0.2882286 NaN 0.5819455 0.06305164
5 0.1946143 0.0325756 0.01160606 0.2572554 NaN 0.5363818 0.06331224
6 0.2090546 0.03475253 0.0114389 0.2797686 NaN 0.5582344 0.06270412
7 0.2015245 0.03384254 0.01136269 0.2387043 NaN 0.3830399 0.06274633
8 0.1796196 0.03162448 0.01104191 0.1681843 NaN 0.5065395 0.06355958
9 0.2144945 0.03436979 0.01071166 0.2929719 NaN 0.6421223 0.06420718
10 0.2049996 0.03567087 0.01209121 0.2996736 NaN 0.5358292 0.06320914
11 0.199895 0.03491876 0.01139738 0.2708406 NaN 0.5558023 0.06316008
12 0.2013541 0.03284325 0.01124856 0.2766289 NaN 0.3937129 0.06295667
13 0.2264836 0.03506836 0.01121382 0.2906842 NaN 0.4728269 0.06335672
14 0.1951557 0.03444914 0.01175043 0.2476581 NaN 0.6330997 0.06282949
15 0.2070475 0.0349748 0.01174108 0.2859877 NaN 0.4323912 0.06214687
16 0.2107694 0.03385195 0.01181213 0.2916556 NaN 0.4597473 0.06249651
17 0.2336641 0.0345314 0.01134134 0.3844237 NaN 0.700855 0.06310234
18 0.1983718 0.03312337 0.01111329 0.2509225 NaN 0.3456457 0.06222685
19 0.2096452 0.03280665 0.01167317 0.2649594 NaN 0.5488776 0.06290605
20 0.2066414 0.03207236 0.01101575 0.2584047 NaN 0.4877669 0.06229201
21 0.2152495 0.03443756 0.01142803 0.2976233 NaN 0.4388493 0.06196664
22 0.2241873 0.03511022 0.01190628 0.3176983 NaN 0.6743067 0.06223983
23 0.1959778 0.03118863 0.01119651 0.2556414 NaN 0.4858253 0.06333747
24 0.202921 0.03338148 0.0114298 0.2877755 NaN 0.7087732 0.06245635
25 0.2001832 0.03142552 0.01122193 0.2874667 NaN 0.751244 0.06260263
26 0.2037988 0.03117001 0.01057167 0.2421162 NaN 0.4324053 0.06289142
27 0.2139787 0.0327723 0.01097994 0.2826742 NaN 0.6122676 0.06295728
28 0.2186743 0.03351111 0.01098457 0.29228 NaN 0.6354298 0.06274492
29 0.1874554 0.03269869 0.01169921 0.2673117 NaN 0.6001648 0.06288296
30 0.2157165 0.03367231 0.01212899 0.336718 NaN 0.7880863 0.06258849
31 0.2162392 0.03482351 0.01198913 0.3063369 NaN 0.4652102 0.06253861
32 0.2158343 0.03464353 0.01062203 0.3407385 NaN 0.6030037 0.06307525
33 0.2079444 0.0328207 0.01078962 0.2842621 NaN 0.3647092 0.06260628
34 0.2254434 0.03576067 0.01152417 0.2752421 NaN 0.55146 0.06277866
35 0.2164468 0.03453322 0.01106775 0.2788529 NaN 0.4840829 0.06289076
36 0.2123873 0.0348451 0.01095971 0.2652391 NaN 0.445007 0.06352999
37 0.1922945 0.03192167 0.01071649 0.2043724 NaN 0.3286057 0.06314294
38 0.2066306 0.03284731 0.01107427 0.274222 NaN 0.4975963 0.06349611
39 0.2105938 0.03490844 0.01123312 0.3002789 NaN 0.5945068 0.06283347
40 0.2121317 0.03452164 0.01054868 0.25847 NaN 0.4648303 0.06345349
41 0.2317291 0.03424933 0.01149029 0.3531342 NaN 0.6841045 0.06241883
42 0.2398521 0.03672112 0.0124632 0.3785098 NaN 0.6827959 0.06178246
43 0.2307704 0.03595084 0.01141484 0.3184456 NaN 0.5362514 0.06272145
44 0.2014032 0.03412427 0.01166505 0.2643514 NaN 0.4779279 0.06234195
45 0.2062403 0.03400705 0.01195673 0.3158094 NaN 0.5300113 0.06197552
46 0.1996881 0.03314904 0.01098828 0.2775946 NaN 0.5370286 0.06253719
47 0.2099263 0.0355099 0.01135709 0.3066153 NaN 0.523785 0.06301108
48 0.2139519 0.03508447 0.01169328 0.2924871 NaN 0.816331 0.06321326
49 0.2323506 0.03656225 0.01158631 0.3340347 NaN 0.4576013 0.06153293
50 0.2425877 0.03541007 0.01160151 0.3237955 NaN 0.5094162 0.06196659
51 0.2021219 0.03329416 0.01084576 0.2563489 NaN 0.3608253 0.06269365
52 0.2065727 0.03208223 0.01057696 0.2553904 NaN 0.4336168 0.06281982
53 0.2117354 0.03373596 0.0116402 0.2491943 NaN 0.4911357 0.06227886
54 0.2105296 0.03503434 0.01147613 0.2426726 NaN 0.3065557 0.06242996
55 0.2129091 0.03240855 0.01193629 0.2797557 NaN 0.6484923 0.06189666
56 0.2014327 0.0335772 0.01102697 0.2697275 NaN 0.5551584 0.06355785
57 0.189005 0.03040071 0.01078511 0.2722732 NaN 0.6130246 0.06341039
58 0.2095816 0.0345278 0.01162079 0.3182408 NaN 0.6348556 0.06364177
59 0.2045748 0.03309253 0.01125093 0.2713418 NaN 0.5738634 0.06350597
60 0.2160493 0.03339478 0.01121884 0.3076412 NaN 0.4785789 0.06212846
61 0.2068466 0.03098228 0.01038806 0.2797268 NaN 0.5430768 0.06306978
62 0.2072046 0.03377565 0.01098737 0.2639286 NaN 0.4262647 0.06380613
63 0.2199504 0.03311026 0.01128601 0.3275336 NaN 0.4285676 0.06177323
64 0.2017379 0.03408465 0.0116019 0.2676359 NaN 0.4396183 0.06318718
65 0.2090895 0.03271695 0.01072231 0.2734194 NaN 0.5575751 0.06315111
66 0.2336763 0.03549871 0.0114434 0.3122903 NaN 0.5550051 0.06194796
67 0.2457278 0.03559061 0.01175967 0.3946139 NaN 0.5715903 0.06145009
68 0.2122015 0.03425257 0.01149695 0.2897758 NaN 0.6869892 0.0614716
69 0.2083489 0.03263788 0.01170261 0.2751807 NaN 0.439468 0.06262286
70 0.2298663 0.03540483 0.01206888 0.3844906 NaN 0.5072596 0.06164536
71 0.2127976 0.03156903 0.01086795 0.2824879 NaN 0.4551752 0.06210532
72 0.2129762 0.03654373 0.0125204 0.3141395 NaN 0.5811693 0.06266617
73 0.2068723 0.03339619 0.01143951 0.3081731 NaN 0.7450167 0.06387803
74 0.2116755 0.03252043 0.01189776 0.2863887 NaN 0.5051775 0.06241003
75 0.2001084 0.03267632 0.01124074 0.2908111 NaN 0.5927356 0.06290811
76 0.2091614 0.03146385 0.01087009 0.2883321 NaN 0.415129 0.06216541
77 0.2287646 0.03406791 0.01107411 0.3535567 NaN 0.5512895 0.0626104
78 0.2087694 0.03295974 0.01134859 0.2398976 NaN 0.3909104 0.06195268
79 0.2019274 0.03237557 0.01050585 0.2623889 NaN 0.4142508 0.0632389
80 0.2058513 0.03258433 0.01168308 0.2944899 NaN 0.5886361 0.06294366
81 0.2166493 0.03576148 0.01252627 0.3005407 NaN 0.5032561 0.06205076
82 0.2025514 0.0309949 0.01084899 0.2649954 NaN 0.4680536 0.06350392
83 0.2176563 0.03467079 0.01226918 0.3674902 NaN 1.32679 0.06289764
84 0.1930585 0.03373565 0.01086 0.2175896 NaN 0.4065457 0.06257913
85 0.2100531 0.03737428 0.01184622 0.2909552 NaN 0.6123431 0.06180543
86 0.1988948 0.0355688 0.01090239 0.2654667 NaN 0.5989708 0.06426855
87 0.2237749 0.03269184 0.01099739 0.3093168 NaN 0.4831925 0.06326625
88 0.2151405 0.03582673 0.01118387 0.2884519 NaN 0.496612 0.06263129
89 0.1961196 0.03309004 0.01083871 0.2257867 NaN 0.5361201 0.06387725
90 0.2114866 0.03354207 0.01211243 0.30749 NaN 0.6349276 0.06161058
91 0.2066264 0.03134954 0.01106448 0.291309 NaN 0.3911389 0.06296454
92 0.2142346 0.03490189 0.01122884 0.2832759 NaN 0.4675514 0.0629627
93 0.2175956 0.03348492 0.01112521 0.2688201 NaN 0.5010274 0.061352
94 0.2009651 0.03294046 0.01120566 0.2328725 NaN 0.5267992 0.06303936
95 0.2236196 0.03305513 0.01138228 0.3126269 NaN 0.5227443 0.06185742
96 0.2055087 0.03382527 0.01046253 0.253312 NaN 0.552806 0.06328574
97 0.2119813 0.03355909 0.01167793 0.3451275 NaN 0.4656732 0.06215193
98 0.2090603 0.03419558 0.0120915 0.2773989 NaN 0.6417801 0.06272689
99 0.2016298 0.0319633 0.0100708 0.2327766 NaN 0.5250757 0.06363988
100 0.2123411 0.0332425 0.01141318 0.282424 NaN 0.7505853 0.06282175
