1 26.00775 1.940951 -0.5289541 4.049501 1.552471 4.480194 -1.765698
2 25.96834 1.970973 -0.4991815 4.188006 1.812145 5.076561 -1.868105
3 26.19912 1.995507 -0.5180701 3.759067 1.597231 3.826672 -1.834507
4 25.82421 1.952092 -0.5390694 4.204621 2.254328 5.058396 -1.82626
5 25.76061 1.902758 -0.5336465 4.449159 1.76504 4.902398 -1.867641
6 26.17692 2.012939 -0.5229516 4.490718 1.980985 5.05895 -1.808792
7 25.78629 1.986738 -0.5402495 3.955059 2.008094 3.882576 -1.773439
8 25.73512 1.939735 -0.5430649 4.060194 1.929423 4.733943 -1.88747
9 26.3894 2.022978 -0.5083776 4.595934 2.635664 5.532239 -1.920248
10 25.42268 1.977196 -0.5508359 4.571262 2.395743 4.845377 -1.842829
11 25.9235 2.012896 -0.5416573 4.451373 2.238684 4.96302 -1.851948
12 25.70839 1.961222 -0.5540344 3.774979 2.726519 4.031496 -1.82367
13 26.634 1.996329 -0.4930059 4.789324 1.919898 4.465004 -1.828886
14 25.83533 1.997779 -0.5451612 4.382791 1.511272 5.480163 -1.803651
15 25.76147 2.000124 -0.5546495 4.216824 2.252429 4.140826 -1.745066
16 25.92307 1.943241 -0.5437198 4.145251 1.969011 4.452068 -1.758984
17 25.97836 1.937509 -0.5128422 4.339783 3.552534 5.797414 -1.790451
18 25.85948 1.969549 -0.5428291 3.665803 1.820159 3.508592 -1.72465
19 26.3076 1.928204 -0.5177037 4.521185 1.578833 4.941997 -1.788032
20 25.76476 1.913522 -0.5307703 3.705395 2.011491 4.545524 -1.759244
21 26.03609 2.008437 -0.5306773 3.947917 2.080051 4.183388 -1.683289
22 25.90557 1.970002 -0.5239038 4.437138 2.093657 5.713044 -1.745588
23 25.73414 1.863173 -0.546022 3.938882 2.338121 4.601179 -1.857096
24 25.56165 1.958454 -0.5425705 4.099899 2.222636 5.824896 -1.790527
25 25.79101 1.887904 -0.5405297 4.05969 2.250591 6.099968 -1.833701
26 26.42975 1.971718 -0.5072529 3.842781 1.542132 4.277271 -1.813893
27 26.35507 1.954662 -0.49802 4.422112 2.089828 5.262155 -1.840509
28 26.16412 1.977803 -0.5119837 4.125875 2.000434 5.533965 -1.798922
29 25.57368 1.923743 -0.5485728 4.393351 1.645327 5.183743 -1.841837
30 25.49233 1.884273 -0.542808 4.572671 2.812387 6.208992 -1.786695
31 25.80425 1.921581 -0.5340676 4.55801 2.272851 4.366412 -1.770547
32 26.06338 2.066089 -0.5159288 4.11156 2.864136 5.216407 -1.823967
33 26.24041 1.991741 -0.5247505 3.782581 2.191342 3.74735 -1.782354
34 26.23004 2.003228 -0.5169032 4.624184 2.660571 4.883956 -1.790176
35 26.21377 1.990027 -0.5091299 4.39678 2.129338 4.677571 -1.839903
36 26.06218 2.020217 -0.5264757 4.341034 3.030829 4.330707 -1.895105
37 25.80753 1.958204 -0.5402045 3.67403 2.169563 3.46832 -1.829849
38 26.13043 1.967139 -0.5257352 4.189757 2.2732 4.753441 -1.861926
39 26.09384 2.012232 -0.5259297 4.538314 2.459672 5.306409 -1.854267
40 26.62809 2.07354 -0.5023456 4.272517 1.838354 4.524196 -1.85925
41 26.25993 1.964412 -0.5081979 4.334408 2.675801 5.654931 -1.727215
42 25.91801 1.930819 -0.5323029 4.512851 2.560672 5.560405 -1.651284
43 26.29284 2.023206 -0.5033132 4.539469 2.219025 4.877179 -1.792729
44 25.51826 1.997659 -0.5579692 4.016971 2.308636 4.408824 -1.796812
45 25.38668 1.955816 -0.5642066 4.033778 2.179926 4.795801 -1.763007
46 25.66038 2.00069 -0.5550574 3.720265 2.614007 4.768608 -1.774155
47 25.9516 2.032411 -0.5445755 4.182124 2.48777 4.831508 -1.810463
48 25.82723 1.969511 -0.5254056 4.757752 2.260803 6.553936 -1.865513
49 25.72306 2.042664 -0.520628 4.066599 2.40114 4.241348 -1.648057
50 26.63041 1.98486 -0.4959631 4.589646 2.159622 4.783425 -1.740144
51 26.01866 2.017174 -0.531184 3.901408 2.06392 3.74834 -1.811349
52 25.97355 1.979704 -0.5111573 3.844782 2.120405 4.241269 -1.831493
53 25.90907 1.975644 -0.5217639 4.130472 1.547717 4.547746 -1.737156
54 25.92471 1.990052 -0.5268238 4.179551 1.762022 3.382569 -1.769701
55 25.71864 1.866722 -0.5345738 4.205011 1.655324 5.499635 -1.732634
56 25.78796 2.002059 -0.5319486 4.153901 2.333139 5.008538 -1.887947
57 25.55213 1.912232 -0.5502485 3.518941 2.358938 5.306043 -1.843065
58 25.79762 1.967865 -0.5303834 4.551193 2.492384 5.582117 -1.894475
59 26.01848 1.966347 -0.5278975 4.328508 2.113313 5.016577 -1.846159
60 25.79535 1.967718 -0.5292434 3.803763 2.275059 4.58507 -1.749739
61 26.15184 1.931681 -0.5149748 3.816037 2.605777 4.925756 -1.84793
62 26.2312 2.006738 -0.5103475 4.302205 1.969325 4.22112 -1.857284
63 25.94475 1.926881 -0.5242344 3.793751 2.342858 4.092632 -1.687395
64 25.86125 1.957796 -0.54696 4.350848 2.26108 4.258441 -1.845193
65 26.45154 1.9915 -0.5018346 4.278529 2.164474 4.863605 -1.827857
66 26.27323 2.005922 -0.5092822 4.432092 2.192468 4.870661 -1.719308
67 25.94687 1.916448 -0.4954759 4.587341 2.722635 5.044858 -1.695767
68 25.54567 2.003182 -0.536047 4.075566 1.804623 5.701782 -1.71581
69 25.73661 1.881866 -0.5281797 4.31342 2.119899 4.262146 -1.806636
70 25.45155 1.95144 -0.5443139 4.165805 3.073301 4.677564 -1.690128
71 26.0371 1.895374 -0.5255297 3.794567 2.591888 4.269989 -1.780442
72 25.72024 1.951546 -0.539266 5.056861 1.906298 5.026736 -1.781819
73 26.06047 1.935187 -0.5301753 4.613416 2.274372 6.065571 -1.891318
74 25.59254 1.836682 -0.5235513 4.450817 2.224895 4.667876 -1.805102
75 25.94598 1.963784 -0.5391761 4.084781 2.072905 5.239405 -1.820064
76 25.68428 1.900798 -0.534736 3.548361 2.663816 4.055459 -1.76559
77 26.33819 1.968293 -0.511493 4.390117 3.328958 5.027573 -1.831757
78 25.98095 1.943407 -0.5145909 4.105823 1.380855 3.949046 -1.74367
79 26.07122 1.99716 -0.52005 3.776299 2.300615 4.062283 -1.832445
80 25.38112 1.890272 -0.5456568 4.192155 2.719228 5.291262 -1.853024
81 25.69218 1.934673 -0.5430772 4.654622 1.942362 4.674863 -1.744073
82 25.86483 1.911663 -0.5286985 3.938622 2.783303 4.400071 -1.87384
83 25.66733 1.904193 -0.5410154 4.844192 2.760266 8.699187 -1.81247
84 25.91175 2.058866 -0.5462703 3.810306 1.983601 3.902703 -1.762897
85 25.64179 2.068608 -0.5405507 4.373551 1.616046 5.225271 -1.699079
86 25.98951 2.094372 -0.5383855 4.322754 2.134536 5.409029 -1.914594
87 26.78657 1.942223 -0.4960029 4.575752 2.175298 4.545927 -1.852128
88 26.2407 2.091603 -0.5187655 4.245031 1.773156 4.657182 -1.776302
89 25.9889 1.996835 -0.5223121 4.3113 2.085112 5.022924 -1.919292
90 25.77396 1.910286 -0.5393007 4.497685 1.93886 5.398008 -1.730334
91 25.7322 1.8751 -0.5222939 3.839353 2.774301 4.038362 -1.847766
92 26.13814 2.026876 -0.515542 4.432071 2.252925 4.510062 -1.848245
93 26.21348 2.022346 -0.5160789 3.810966 1.435851 4.523567 -1.645195
94 26.12967 1.983548 -0.525951 4.297817 1.638297 4.816375 -1.829246
95 25.8977 1.882785 -0.5098523 4.106497 2.09752 4.751665 -1.71713
96 26.58288 2.08163 -0.5142271 4.12428 2.007606 4.960313 -1.847294
97 25.7402 1.911391 -0.5434165 4.103419 2.836371 4.395714 -1.76894
98 25.61376 1.928273 -0.54724 4.531927 2.064242 5.608492 -1.798599
99 26.26853 2.043055 -0.5156729 3.820897 2.283505 4.947579 -1.894954
100 26.1196 1.957606 -0.5189466 4.546498 2.21752 6.091752 -1.831003
