1 0.2416385 0.03860314 0.01328869 0.46655 NaN 0.06284072
2 0.2480764 0.03887235 0.01251046 0.4120351 NaN 0.06352662
3 0.2459661 0.03954742 0.01295134 0.447053 NaN 0.06351759
4 0.2273816 0.03775853 0.01290747 0.4791532 NaN 0.06305158
5 0.2338319 0.03852759 0.01343882 0.4758978 NaN 0.06331233
6 0.2450981 0.03921097 0.01309383 0.4456596 NaN 0.06270421
7 0.2528481 0.04237889 0.01429578 0.533154 NaN 0.0627464
8 0.2254302 0.03787722 0.01336149 0.5284679 NaN 0.0635959
9 0.2402643 0.03884823 0.01218561 0.4495683 NaN 0.06401161
10 0.2409125 0.04261041 0.0139512 0.5401388 NaN 0.06321061
11 0.2291015 0.03937384 0.0133236 0.4295435 NaN 0.06316014
12 0.2501507 0.040781 0.01388379 0.6582255 NaN 0.06304211
13 0.2790352 0.04296068 0.01340134 0.4737076 NaN 0.06315924
14 0.2244671 0.03865329 0.01322143 0.4010813 NaN 0.06282955
15 0.2550377 0.04312599 0.01431545 0.576725 NaN 0.06214731
16 0.2499446 0.04101463 0.01411008 0.5021192 NaN 0.06262637
17 0.2652772 0.03917596 0.0128334 0.6371237 NaN 0.06276907
18 0.2606153 0.0432853 0.01451129 0.6506375 NaN 0.06244101
19 0.3011775 0.04814193 0.01368458 0.4561565 NaN 0.06300713
20 0.2594251 0.03954195 0.01332468 0.5235073 NaN 0.06229207
21 0.2732454 0.04393146 0.01412973 0.5544236 NaN 0.06175166
22 0.2439347 0.03943306 0.01321736 0.4285705 NaN 0.0622437
23 0.2325288 0.03713074 0.01326556 0.5000357 NaN 0.06317925
24 0.2201788 0.03692643 0.01284449 0.4048405 NaN 0.06225751
25 0.2221992 0.03467097 0.01249339 0.4351305 NaN 0.06260273
26 0.2476055 0.03899329 0.01267929 0.4660391 NaN 0.06289143
27 0.2506463 0.0383119 0.01250036 0.4121415 NaN 0.06290856
28 0.2413259 0.03746088 0.01233722 0.4205505 NaN 0.06274491
29 0.2203554 0.03819193 0.01348081 0.454119 NaN 0.06293257
30 0.2747068 0.04225408 0.01394395 0.575667 NaN 0.06269184
31 0.25691 0.04107902 0.01421842 0.5566886 NaN 0.06240541
32 0.2442499 0.03896118 0.01236032 0.5023341 NaN 0.06303939
33 0.2656937 0.04280062 0.01358492 0.5447732 NaN 0.06260644
34 0.2535912 0.04146498 0.0135183 0.4717121 NaN 0.06258401
35 0.2531857 0.04019742 0.01308034 0.5022871 NaN 0.0628909
36 0.250919 0.0401301 0.01303913 0.5476983 NaN 0.06353004
37 0.2508279 0.0417092 0.01389924 0.7024473 NaN 0.06314301
38 0.243917 0.03847211 0.01290805 0.5519193 NaN 0.06344766
39 0.2469621 0.03987788 0.01316521 0.4902485 NaN 0.06283347
40 0.2542667 0.04118135 0.012475 0.4973187 NaN 0.06345337
41 0.2646594 0.03995334 0.01306479 0.5516581 NaN 0.06241904
42 0.2696751 0.04165448 0.01412525 0.584378 NaN 0.06164177
43 0.2719651 0.04213351 0.01323148 0.5063598 NaN 0.06267188
44 0.2423722 0.03989335 0.01347348 0.5469329 NaN 0.06234195
45 0.2352292 0.03925894 0.01386926 0.4848022 NaN 0.0623007
46 0.2401624 0.03964665 0.01290926 0.5691888 NaN 0.06253724
47 0.237763 0.04049994 0.01346509 0.4789599 NaN 0.06301111
48 0.2341443 0.03932467 0.01285916 0.4534049 NaN 0.06321328
49 0.2776643 0.04422275 0.01396151 0.5348072 NaN 0.06153301
50 0.3584146 0.05232192 0.01434131 0.6908378 NaN 0.06196669
51 0.2575992 0.04316074 0.01371645 0.5756307 NaN 0.06274449
52 0.278327 0.04325171 0.01339049 0.553143 NaN 0.06282009
53 0.2444036 0.04014085 0.01345208 0.4168748 NaN 0.06227884
54 0.2815797 0.04571575 0.0151689 0.6284451 NaN 0.06240537
55 0.2461826 0.03669664 0.01345717 0.4710845 NaN 0.06189669
56 0.2329964 0.03915947 0.01253082 0.5054328 NaN 0.06355784
57 0.2122825 0.03541564 0.01208933 0.4404143 NaN 0.06341038
58 0.2363479 0.03781215 0.01295313 0.494406 NaN 0.0636418
59 0.2328687 0.03921927 0.01281451 0.4517154 NaN 0.0635059
60 0.2661899 0.04092641 0.01350572 0.4817815 NaN 0.06212851
61 0.2386509 0.0365145 0.01207551 0.4483168 NaN 0.06306996
62 0.2590787 0.04236737 0.01361358 0.5239988 NaN 0.06365585
63 0.2726532 0.04044834 0.01372086 0.6226015 NaN 0.06175048
64 0.2408639 0.04125058 0.01369309 0.566918 NaN 0.06318723
65 0.2461175 0.03837835 0.01229341 0.4580672 NaN 0.06315114
66 0.2655089 0.04119164 0.01321242 0.4769929 NaN 0.06194817
67 0.3054037 0.04452219 0.01396913 0.6514339 NaN 0.06145013
68 0.2504338 0.03994036 0.01284286 0.5126141 NaN 0.06147158
69 0.2502411 0.03942718 0.01436835 0.4981659 NaN 0.06250627
70 0.2704371 0.04249595 0.01464062 0.6703635 NaN 0.06163268
71 0.2581226 0.0380241 0.0130637 0.554133 NaN 0.06210543
72 0.24808 0.04117063 0.01453554 0.4818817 NaN 0.06257533
73 0.2256347 0.03694081 0.01274228 0.4389036 NaN 0.06367543
74 0.2626624 0.04119055 0.01418851 0.5244374 NaN 0.06241785
75 0.2257084 0.03788618 0.01275823 0.4606856 NaN 0.06293989
76 0.2581425 0.03801272 0.01342888 0.603537 NaN 0.0621657
77 0.2712626 0.03958505 0.01313591 0.5657791 NaN 0.06261046
78 0.2659169 0.04096332 0.0142439 0.4423428 NaN 0.06195279
79 0.2493196 0.04003585 0.0126663 0.538427 NaN 0.06323896
80 0.234338 0.03780638 0.01360075 0.4845305 NaN 0.06295519
81 0.2534141 0.04223112 0.01483677 0.5240179 NaN 0.06205084
82 0.2410995 0.03684341 0.01270333 0.5312879 NaN 0.06350417
83 0.2370788 0.03946506 0.01313916 0.4399587 NaN 0.06348594
84 0.2411114 0.0407646 0.01325946 0.4837849 NaN 0.06226685
85 0.241024 0.04191672 0.01368228 0.4211997 NaN 0.06168987
86 0.2300024 0.04051237 0.01227916 0.49577 NaN 0.06411276
87 0.2628807 0.03912016 0.01291488 0.496967 NaN 0.06331466
88 0.2449551 0.04302952 0.01318358 0.4489751 NaN 0.06263134
89 0.2396533 0.03796507 0.01317544 0.4549522 NaN 0.06387725
90 0.2589224 0.04180106 0.01408852 0.4543566 NaN 0.06178493
91 0.2675636 0.03995603 0.01365347 0.7009114 NaN 0.06296472
92 0.2585506 0.04141019 0.01333426 0.5976971 NaN 0.06296277
93 0.2495866 0.03997303 0.01281993 0.4189728 NaN 0.061352
94 0.2351859 0.03699318 0.01304003 0.4043947 NaN 0.06303945
95 0.2830464 0.04131832 0.01353433 0.5684807 NaN 0.06185748
96 0.2343231 0.03822382 0.01207316 0.3871085 NaN 0.0632857
97 0.2859694 0.04218539 0.01414085 0.7207938 NaN 0.06215199
98 0.2424821 0.04030174 0.01405489 0.4691291 NaN 0.06270209
99 0.2306839 0.03755807 0.01189839 0.4272387 NaN 0.06364
100 0.2386306 0.03794978 0.01261053 0.4241851 NaN 0.06284915
