1 25.94218 1.92579 -0.5264649 6.545449 2.219108 -1.772518
2 25.77948 1.945818 -0.4978274 6.455547 2.477208 -1.868105
3 25.90522 1.988227 -0.5171381 6.738256 2.966253 -1.832389
4 25.77335 1.983404 -0.5408914 6.261371 2.950377 -1.82626
5 25.53021 1.911111 -0.5340072 6.836332 2.608766 -1.867641
6 26.0488 1.986749 -0.5199436 6.925369 2.821482 -1.808792
7 25.62773 1.989552 -0.5411026 7.493152 3.151315 -1.773439
8 25.60751 1.914417 -0.5432218 6.71502 2.808118 -1.893204
9 26.24567 2.048992 -0.5077876 6.693797 3.074137 -1.91334
10 25.1776 2.041292 -0.5557237 7.07893 3.527446 -1.848506
11 25.7644 1.994671 -0.5394872 6.916063 2.551123 -1.851948
12 25.33231 1.971318 -0.5536482 6.786739 4.763995 -1.814617
13 26.42413 1.987884 -0.4915023 7.697284 2.40302 -1.824554
14 25.74664 1.986491 -0.5416695 6.5784 1.941433 -1.803651
15 25.46014 2.030808 -0.5578348 7.139808 3.646569 -1.745066
16 25.75541 1.97232 -0.5498333 6.936123 3.349893 -1.746834
17 25.66498 1.945666 -0.5126354 6.272726 4.759386 -1.793091
18 25.54243 1.968405 -0.5492605 7.114008 3.11387 -1.712407
19 26.22594 1.928718 -0.5103255 7.065136 2.199325 -1.780245
20 25.24894 1.881674 -0.5289395 6.020479 3.564247 -1.759244
21 25.68121 1.986095 -0.5292477 7.004607 2.941215 -1.674857
22 25.81577 1.992581 -0.5252431 6.57138 2.329101 -1.746063
23 25.44207 1.870874 -0.5484027 6.352128 3.502336 -1.856907
24 25.41327 1.971347 -0.5459191 5.864492 2.523707 -1.792627
25 25.53565 1.873645 -0.5382879 5.669911 3.046072 -1.833701
26 26.18078 1.999536 -0.5112205 6.5926 2.475965 -1.814002
27 26.31016 1.959786 -0.4973388 6.631696 2.390852 -1.835527
28 26.03169 1.975633 -0.5091674 6.166356 2.501894 -1.798922
29 25.37324 1.93862 -0.5480958 6.574379 2.232538 -1.842004
30 25.10255 1.839793 -0.5381569 6.349439 4.040781 -1.786178
31 25.572 1.919261 -0.5310046 7.390292 2.906015 -1.781365
32 25.85169 2.031245 -0.5127001 6.264574 3.331294 -1.829246
33 25.95419 2.017874 -0.5215152 7.172018 3.422174 -1.782354
34 25.93828 2.040878 -0.5224588 7.212017 3.000886 -1.787773
35 26.00018 1.996479 -0.512706 7.092285 2.969128 -1.839903
36 25.95491 2.004292 -0.5208867 7.150411 3.842466 -1.895105
37 25.43256 1.975422 -0.5392759 7.043122 3.839804 -1.829849
38 25.8912 1.960724 -0.525843 6.632823 3.846404 -1.860691
39 25.93098 1.992463 -0.5218227 7.083488 3.193216 -1.854267
40 26.45019 2.108669 -0.5049333 7.070556 3.023463 -1.85925
41 25.9856 1.98448 -0.5145072 6.389986 3.77329 -1.727215
42 25.54181 1.946173 -0.5359855 6.590913 3.695432 -1.652788
43 26.06274 2.030436 -0.5028106 7.205477 3.112463 -1.791503
44 25.29079 1.983183 -0.5568711 6.40018 3.983586 -1.796812
45 25.13423 1.922237 -0.5601063 6.398396 2.740308 -1.76214
46 25.32137 2.02886 -0.5622329 5.748096 4.222883 -1.774155
47 25.68006 2.015989 -0.5462104 6.755103 2.93574 -1.810463
48 25.58826 2.013331 -0.5311157 6.527551 3.106489 -1.865513
49 25.60403 2.045844 -0.5220643 6.850209 3.092186 -1.648057
50 26.17332 1.939654 -0.4930382 7.531738 4.019134 -1.740144
51 25.80076 2.066572 -0.5316084 7.419643 3.357442 -1.81397
52 25.69924 1.954901 -0.5082746 7.050425 3.363797 -1.831493
53 25.73491 1.984841 -0.5246575 6.785721 1.858532 -1.737156
54 25.64088 1.995383 -0.5259399 8.661889 3.679523 -1.781365
55 25.53073 1.825435 -0.5286359 6.198892 2.461229 -1.732634
56 25.63466 2.042965 -0.5330217 6.306873 3.554832 -1.887947
57 25.44118 1.976097 -0.5548206 5.262249 3.211295 -1.843065
58 25.6395 1.928282 -0.5245325 6.630468 3.464386 -1.894475
59 25.83784 2.009148 -0.5322505 6.500973 2.703274 -1.846159
60 25.4969 1.918598 -0.5222176 6.406779 3.359883 -1.749739
61 25.92517 1.942796 -0.5170624 5.878225 3.399098 -1.84793
62 25.95577 2.003145 -0.5084991 7.774121 2.848041 -1.863043
63 25.56474 1.908971 -0.5220564 6.414436 3.939346 -1.693426
64 25.59727 2.006466 -0.5476339 7.082191 3.340218 -1.845193
65 26.33118 2.019872 -0.5022096 6.495883 2.607963 -1.827857
66 26.0782 2.022829 -0.5070367 6.863931 2.653581 -1.719308
67 25.60583 1.928187 -0.4981675 7.142451 3.703698 -1.695767
68 25.33677 2.016509 -0.536421 5.80487 3.152113 -1.71581
69 25.51015 1.855362 -0.5261939 7.567911 2.849608 -1.806669
70 25.05652 1.95212 -0.5479196 6.921086 4.68871 -1.698825
71 25.69022 1.889984 -0.522181 6.269018 3.854852 -1.780442
72 25.50995 1.908344 -0.5354872 7.608395 2.38083 -1.789919
73 25.85981 1.933265 -0.5295133 6.493495 2.56697 -1.885856
74 25.39626 1.865679 -0.5258772 7.194586 2.830871 -1.799913
75 25.69611 1.991334 -0.5401814 6.171204 2.803171 -1.811268
76 25.3636 1.862535 -0.5281488 6.194425 4.190274 -1.76559
77 26.06439 1.915541 -0.5046418 6.904873 4.355841 -1.831757
78 25.80249 1.899569 -0.5079209 7.675339 2.085947 -1.74367
79 25.86183 2.031787 -0.521407 6.394903 3.721729 -1.832445
80 25.13738 1.884064 -0.5432948 6.574781 3.646907 -1.848667
81 25.44101 1.948084 -0.5469652 7.626442 2.665424 -1.744073
82 25.62532 1.89035 -0.5270492 6.171541 4.131769 -1.87384
83 25.57495 1.956082 -0.5469688 6.202275 3.059497 -1.810938
84 25.66964 2.053135 -0.5406161 6.561361 2.735788 -1.765483
85 25.57124 2.059559 -0.5391553 6.684382 2.01062 -1.706615
86 25.86887 2.128759 -0.5366747 6.403021 3.315344 -1.916199
87 26.64807 1.960237 -0.4953455 7.451544 2.791827 -1.855598
88 26.09262 2.157971 -0.5289763 7.051302 2.547698 -1.776302
89 25.79114 1.91439 -0.5154736 7.163836 3.256687 -1.919292
90 25.51679 1.910553 -0.5411645 6.76501 2.521725 -1.729569
91 25.38492 1.859485 -0.5227105 6.835959 5.138387 -1.847766
92 25.70524 2.02064 -0.5158036 7.123581 3.839609 -1.848245
93 25.99424 2.073552 -0.5221595 6.107963 2.071292 -1.645195
94 26.07677 1.914865 -0.5199222 6.750567 2.237288 -1.829246
95 25.69939 1.889705 -0.506283 6.56919 3.041172 -1.71713
96 26.56978 2.072178 -0.5123982 6.469906 2.42335 -1.847294
97 25.1458 1.861825 -0.533027 6.604118 5.013401 -1.76894
98 25.55648 1.93702 -0.541915 7.238897 2.658306 -1.809305
99 26.14254 2.045369 -0.5171051 6.180554 3.024347 -1.894954
100 26.03865 1.985059 -0.5218049 6.410818 3.013994 -1.822769
