1 0.2319811 0.03286365 0.01090316 0.392111 0.2436273 0.6999694 0.1514829 0.1644704 0.008903293 NaN
2 0.228803 0.03253309 0.0113147 0.4048129 0.306736 0.850392 0.1047706 0.1601253 NaN NaN
3 0.2160494 0.03097167 0.01072296 0.4182018 0.3052037 0.4773982 NaN 0.1591627 NaN NaN
4 0.218987 0.03222379 0.01135906 0.4485512 0.2866951 0.7255686 0.09399242 0.1593661 NaN NaN
5 0.2305842 0.03283936 0.01114678 0.4026424 0.2894645 0.7230175 0.0553336 0.1597447 NaN NaN
6 0.2271414 0.03422799 0.01158501 0.3773471 0.1241261 0.7989005 0.2086654 0.1508703 0.01526495 0.0148852
7 0.2187971 0.03306909 0.011929 0.45545 0.2818436 0.5200404 0.1234405 0.1593524 NaN NaN
8 0.210932 0.03233771 0.01103552 0.419089 0.263817 0.6622511 NaN 0.158034 NaN NaN
9 0.2252355 0.03328117 0.01137748 0.4586012 0.2683258 0.8250692 NaN 0.1582744 NaN NaN
10 0.2375107 0.03387221 0.01161406 0.4775336 0.2697943 0.6589107 0.1099878 0.1563768 NaN NaN
11 0.2186865 0.03361863 0.01136543 0.4053977 0.1899747 0.6762212 0.1266827 0.1517906 NaN NaN
12 0.2354922 0.03308263 0.01142558 0.5629188 0.2548105 0.5641967 0.07246283 0.1581568 NaN NaN
13 0.2504236 0.03560931 0.01152538 0.463938 0.3526191 0.6423903 0.05049935 0.1685227 NaN NaN
14 0.220443 0.03386026 0.01130613 0.3133582 0.1430175 0.8818871 0.2305324 0.1564069 0.01754125 0.01764434
15 0.2363768 0.03554837 0.01201082 0.5484285 0.3296465 0.6519645 0.1456204 0.1631226 0.004821076 NaN
16 0.2440156 0.03511881 0.01202206 0.5153368 0.3285519 0.7298545 0.2179753 0.1712141 0.01730146 0.01473136
17 0.2580027 0.03481398 0.01235925 0.757375 0.4750912 1.053552 0.4016095 0.1883432 0.0306068 0.02993362
18 0.2305109 0.03318731 0.01103269 0.4710756 0.2503953 0.4686839 0.07586301 0.160769 NaN NaN
19 0.2376574 0.03337246 0.01127897 0.3625256 0.2410349 0.7022396 0.2013079 0.1554014 0.01447711 0.01238713
20 0.2416488 0.03245606 0.01054232 0.4404681 0.2586757 0.6229854 0.1389332 0.1589578 NaN NaN
21 0.2366454 0.03353282 0.01131834 0.4471902 0.2076946 0.5240136 0.1930332 0.1521035 0.01414251 0.01191855
22 0.2496678 0.03522527 0.01220712 0.475638 0.3419524 1.025439 0.338515 0.1695856 0.02618932 0.02747529
23 0.2320764 0.03233131 0.01094405 0.4667758 0.2290476 0.6721828 0.0689162 0.1555714 NaN NaN
24 0.2318853 0.03305372 0.010925 0.4214056 0.2281649 0.9582582 0.1786575 0.1547528 0.00935505 0.002860359
25 0.2358508 0.03205329 0.01079631 0.4299325 0.2112494 1.075055 0.2168159 0.1533675 0.01344714 0.01295822
26 0.2189654 0.03087804 0.01110025 0.3766574 0.2636365 0.6040196 0.09040648 0.1575124 NaN NaN
27 0.2317409 0.0326201 0.01127582 0.4173294 0.2735159 0.8635904 0.1499377 0.1563732 0.005114322 NaN
28 0.2417578 0.03358618 0.01135922 0.4304785 0.319143 1.077281 0.2715793 0.166367 0.02072116 0.02009372
29 0.2240617 0.03338706 0.01130251 0.403317 0.2900461 0.8319354 0.0948593 0.1566371 NaN NaN
30 0.2563335 0.03345169 0.01163707 0.550735 0.2987661 1.030836 0.2082595 0.1622589 0.01423711 0.01192705
31 0.2480371 0.03516706 0.01209931 0.5400558 0.3095723 0.6346183 0.1941427 0.1604583 0.009256246 NaN
32 0.2291877 0.03341432 0.01126786 0.5530156 0.2978682 0.7972435 0.1156669 0.1647788 NaN NaN
33 0.2356435 0.03285236 0.01067337 0.4823388 0.2585145 0.4973888 0.1059741 0.1582543 NaN NaN
34 0.2393137 0.03549473 0.01233308 0.5030235 0.361395 0.7271118 0.1165167 0.1709994 0.002851328 NaN
35 0.2394284 0.03399028 0.01163134 0.4682566 0.3532952 0.7271643 0.1471167 0.1668427 0.002090771 NaN
36 0.235404 0.03529117 0.01139631 0.5955323 0.33412 0.6833237 NaN 0.1622649 NaN NaN
37 0.2268037 0.03122148 0.0104011 0.5168184 0.26717 0.3954556 NaN 0.1530327 NaN NaN
38 0.2262188 0.03235965 0.01150832 0.4743556 0.2844105 0.7358292 0.123797 0.1588403 NaN NaN
39 0.2444044 0.03462337 0.01101283 0.4663576 0.2321002 0.7827705 0.1315813 0.149237 NaN NaN
40 0.2203767 0.03399051 0.01089183 0.3776612 0.2094406 0.6310903 0.1423577 0.1538352 0.007536558 NaN
41 0.258853 0.03482223 0.01235761 0.6386293 0.404152 1.104936 0.2879454 0.1950687 0.02411559 0.02273686
42 0.2786244 0.03737306 0.01274012 0.649587 0.3768792 1.13398 0.2887202 0.1784053 0.02172747 0.02178168
43 0.2556119 0.03570697 0.01193459 0.5238593 0.4059683 0.7967356 0.1489018 0.1722361 0.003449955 NaN
44 0.2292422 0.03248934 0.0110451 0.3844713 0.08680587 0.6159573 0.1736914 0.1480709 0.01108502 0.008466257
45 0.2338741 0.03308391 0.01177613 0.4618393 0.2554455 0.7650847 0.1471283 0.15658 0.008787978 NaN
46 0.2347157 0.03241941 0.01095288 0.5543186 0.2481732 0.7129164 0.138216 0.159569 0.006117869 NaN
47 0.2385718 0.03621483 0.0115852 0.5382133 0.3253999 0.7279912 0.07279939 0.1716897 NaN NaN
48 0.2416493 0.03538586 0.01212893 0.5310381 0.5355877 1.42176 0.3211699 0.192502 0.02240272 0.01984539
49 0.2538031 0.03485551 0.01179453 0.5096028 0.2481473 0.5876847 0.1856738 0.1563805 0.01390337 0.01166537
50 0.2634414 0.03559588 0.01185765 0.5259766 0.3454547 0.6675223 0.1629991 0.1639663 0.004500861 NaN
51 0.2294015 0.03236728 0.01119683 0.5023816 0.2644057 0.5125264 NaN 0.1540874 NaN NaN
52 0.2353289 0.03148539 0.01027578 0.4084388 0.1649224 0.5352465 0.02944694 0.1529364 NaN NaN
53 0.2286027 0.03294776 0.01180707 0.3426758 0.2659539 0.6696904 0.1578279 0.1593817 0.01073568 NaN
54 0.2296057 0.03370706 0.01162356 0.3940309 0.1992588 0.3831655 0.1406819 0.1491361 0.008401735 NaN
55 0.2630304 0.03379174 0.01092981 0.3759326 0.1952057 0.9458908 0.2425446 0.155519 0.02039846 0.02083936
56 0.2242385 0.03294207 0.01148498 0.4850349 0.3127203 0.9115772 0.1118079 0.1666464 NaN NaN
57 0.2133393 0.03071906 0.01029232 0.4120424 0.1790195 0.8642945 0.1823634 0.1555417 0.01291301 0.009282912
58 0.2434642 0.03381155 0.01169225 0.5084145 0.3199719 1.019164 0.2116205 0.1633628 0.01277608 0.004343628
59 0.2224022 0.03322673 0.01152808 0.4473127 0.3358614 0.809315 0.1425559 0.1715402 0.001208282 NaN
60 0.2510194 0.03432829 0.01127063 0.4527654 0.1907109 0.7116128 0.2090512 0.1552288 0.0170281 0.0164833
61 0.2276077 0.03126671 0.01063552 0.4815795 0.2940654 0.8147533 NaN 0.1708135 NaN NaN
62 0.2231433 0.03269227 0.01105967 0.4123855 0.2195194 0.5216287 0.05285096 0.1529406 NaN NaN
63 0.2582667 0.03460489 0.01132721 0.6079987 0.2790942 0.627206 0.1661449 0.1574131 0.01099605 0.002416804
64 0.2305207 0.03376718 0.01170708 0.5310742 0.3374682 0.6246035 NaN 0.1635939 NaN NaN
65 0.225512 0.0329329 0.01099781 0.459184 0.2819535 0.6533001 0.04390997 0.1580508 NaN NaN
66 0.2513652 0.03549948 0.01191451 0.4948349 0.3333804 0.7159563 0.1793124 0.166575 0.01243607 0.00452725
67 0.2826765 0.03572575 0.01209794 0.6404767 0.2980463 0.8010151 0.2352517 0.1588491 0.01651958 0.01530427
68 0.2418843 0.03319811 0.01171615 0.4516118 0.2633226 0.9653274 0.1986905 0.160298 0.01194694 0.008405412
69 0.2414569 0.03178164 0.01125423 0.4045261 0.2227843 0.5386552 0.1321631 0.1499345 0.004158283 NaN
70 0.2715063 0.03526321 0.01191997 0.6293804 0.272788 0.7241123 0.1809382 0.1602401 0.01124872 0.00713355
71 0.2478531 0.03262843 0.010572 0.5186563 0.2598436 0.6262662 0.1141183 0.153302 NaN NaN
72 0.245314 0.03560492 0.01261178 0.4617597 0.3785229 0.8425576 0.1606129 0.1694628 0.007685868 NaN
73 0.2357454 0.033849 0.01120236 0.496594 0.3910115 1.009934 0.1979405 0.1720088 0.01104065 NaN
74 0.2494498 0.03373392 0.01166946 0.4629127 0.2911019 0.7378428 0.1157135 0.1569735 NaN NaN
75 0.2336247 0.03247732 0.01060054 0.4344111 0.2364382 0.7875187 0.1745809 0.1558753 0.01113054 0.005671882
76 0.2468073 0.03175034 0.01079195 0.5662725 0.2436521 0.5839631 0.1209932 0.1533877 NaN NaN
77 0.2495252 0.03442766 0.01169663 0.5767091 0.3038312 0.8267109 0.1609654 0.160198 0.006067728 NaN
78 0.2330758 0.03240646 0.01123412 0.3127147 0.1510051 0.5130656 0.1877839 0.1456578 0.01393079 0.01285631
79 0.2192936 0.03194458 0.01081593 0.4698274 0.2261324 0.5579661 0.1314092 0.1563223 0.005817392 NaN
80 0.2420612 0.03269586 0.01122612 0.4396274 0.1462154 0.8972276 0.1824917 0.1508522 0.01202908 0.009552299
81 0.2469568 0.03533774 0.01262298 0.4524225 0.3837111 0.7592716 0.2242413 0.1735223 0.01570665 0.0118458
82 0.2386939 0.03235282 0.01069224 0.5332854 0.2469857 0.7110796 0.07027552 0.1585334 NaN NaN
83 0.249754 0.03479244 0.0121486 0.5442169 0.3675929 2.478956 0.343906 0.1824987 0.0280021 0.0296455
84 0.2154406 0.0328877 0.01061917 0.3879237 0.2261866 0.4972575 0.08699304 0.1543017 NaN NaN
85 0.2254064 0.03563654 0.01217328 0.3788716 0.2645059 0.9090478 0.2087008 0.1551067 0.01463935 0.01327653
86 0.2181196 0.03426868 0.01101055 0.4433501 0.2718052 0.7856561 NaN 0.1592143 NaN NaN
87 0.2389817 0.03353737 0.01154314 0.503664 0.405803 0.6896453 NaN 0.1695986 NaN NaN
88 0.2249608 0.0345537 0.01178933 0.4026516 0.2138267 0.7435573 0.1962003 0.1558206 0.01528467 0.01338731
89 0.2276416 0.033288 0.01086477 0.4204696 0.2351938 0.7456849 0.04171027 0.1517896 NaN NaN
90 0.2453469 0.0338483 0.01160118 0.4343048 0.2596079 0.8457336 0.1956686 0.1549273 0.0125326 0.01008708
91 0.2461456 0.03301391 0.0110812 0.6290698 0.3383333 0.5768935 NaN 0.1665568 NaN NaN
92 0.2395539 0.03455034 0.01155885 0.5592906 0.33823 0.6255274 NaN 0.1600465 NaN NaN
93 0.2303022 0.03338495 0.01185455 0.3656785 0.2028637 0.8688165 0.2406299 0.1567191 0.02040419 0.020799
94 0.2312605 0.03339156 0.01115759 0.370986 0.2682415 0.7869857 0.1677897 0.1563789 0.008257974 NaN
95 0.2479293 0.0326856 0.01140076 0.4446837 0.2598437 0.7189928 0.1921125 0.1596147 0.0129683 0.01069895
96 0.2160154 0.03362363 0.01085882 0.3968677 0.2765252 0.7487628 0.09990623 0.1604653 NaN NaN
97 0.254452 0.03438585 0.01104825 0.5748177 0.2193188 0.6116696 0.1507936 0.1520899 0.008937156 NaN
98 0.2385659 0.03443408 0.01180695 0.4232541 0.3050924 0.8745421 0.1630837 0.1624953 0.008296764 NaN
99 0.2176365 0.03245195 0.01048201 0.3848055 0.2079853 0.6839668 0.06360659 0.1548136 NaN NaN
100 0.2366678 0.03334111 0.01170225 0.4612051 0.3154003 1.138795 0.1576724 0.1636811 0.006706683 NaN
