1 27.18651 1.952318 -0.4835693 4.992621 1.936677 5.582012 -4.791046 -1.317406 -0.4555112 0.5083868
2 26.5258 1.87773 -0.4776941 5.302927 2.102081 6.552982 -5.325702 -0.7162261 -0.4770276 0.5304843
3 26.87718 1.88487 -0.4884607 4.71536 1.935144 4.31055 -5.11223 -0.7091639 -0.4629684 0.5070231
4 26.6777 1.880094 -0.5061276 5.144809 2.451332 5.75142 -5.34426 -0.7585835 -0.4696941 0.5248165
5 27.15717 1.913401 -0.4754315 5.611028 2.019876 5.804051 -5.153574 -0.8785779 -0.4440524 0.4975885
6 26.82386 1.936485 -0.5035451 5.411246 2.250883 6.182443 -4.582868 -0.6560095 -0.3808431 0.4271996
7 26.31796 1.858587 -0.5174923 5.205878 2.4419 4.723994 -5.328462 -0.6693026 -0.4606744 0.5171477
8 26.77948 1.913521 -0.4984005 5.163826 2.396042 5.680218 -5.327165 -0.7768021 -0.4522289 0.5107943
9 26.82157 1.894133 -0.4995768 5.710914 2.694777 6.396707 -5.110767 -0.7705511 -0.420902 0.4745046
10 26.72601 1.901465 -0.4842101 5.641806 2.639667 5.396387 -4.989327 -0.8184099 -0.4273281 0.4795961
11 26.74999 1.932272 -0.5065777 5.312982 2.390321 5.506232 -4.936862 -0.6282271 -0.3943139 0.4482089
12 26.52122 1.878641 -0.5049355 5.022731 3.553176 4.956424 -5.151823 -1.026331 -0.4521696 0.5132695
13 27.55114 1.958858 -0.4708046 6.195054 2.136495 5.388248 -5.050499 -1.034278 -0.4654763 0.5088489
14 27.10185 1.992216 -0.4995576 5.276543 1.637537 6.646286 -4.955108 -0.9103658 -0.4343919 0.4866266
15 26.85799 1.936925 -0.5101039 5.796744 2.649441 5.464804 -5.774555 -0.7184112 -0.4801747 0.5517385
16 27.01018 1.911199 -0.5088613 5.55477 2.626772 5.860444 -5.383776 -1.32801 -0.4722295 0.5432192
17 26.512 1.825186 -0.4907535 6.204929 4.031791 7.59627 -8.566701 -0.7420929 -0.7455531 0.8519912
18 27.00643 1.918124 -0.4953827 4.829008 2.333169 4.270948 -5.283436 -0.9142543 -0.4765133 0.5373823
19 27.4664 1.945908 -0.481013 5.500815 1.697334 5.637105 -4.967634 -0.6420699 -0.4487116 0.4891822
20 27.10831 1.919574 -0.4738344 4.662787 2.328273 5.142945 -5.538964 -0.682412 -0.502151 0.5636248
21 26.88435 1.927877 -0.4954104 4.882681 2.458493 4.679977 -4.965342 -0.6529842 -0.4370817 0.4913303
22 26.78763 1.894133 -0.4947236 5.837716 2.361605 7.394136 -6.42816 -0.6995144 -0.5520712 0.6331448
23 27.02408 1.878707 -0.488385 5.088301 2.883129 5.538294 -5.313249 -0.6337695 -0.4476139 0.5031077
24 26.85431 1.946999 -0.4881372 5.020325 2.431803 7.119854 -5.620445 -0.6026083 -0.4665964 0.5393285
25 27.10974 1.900535 -0.4814667 5.021514 2.508138 7.212073 -5.379108 -0.7686898 -0.4325677 0.5044163
26 27.02957 1.883492 -0.4905631 4.943038 1.721451 5.130467 -5.300154 -0.7441345 -0.4694412 0.5223804
27 27.09046 1.894599 -0.4789883 5.55385 2.265389 6.470243 -5.161371 -0.8090717 -0.453126 0.5066821
28 27.02501 1.911526 -0.4846484 5.411793 2.223437 7.578632 -5.867314 -0.7164222 -0.5241543 0.5876092
29 26.9698 1.934475 -0.4899959 5.468188 1.840748 6.247894 -5.236004 -0.8172627 -0.4466484 0.5047165
30 26.9095 1.862335 -0.4732498 5.765646 3.1449 7.38682 -5.169589 -0.8443508 -0.4665231 0.5200583
31 26.87982 1.86905 -0.4877148 6.175311 2.753976 5.376132 -5.790005 -0.7456759 -0.4939523 0.5630224
32 26.45656 1.921827 -0.5025417 5.184183 3.20141 6.172942 -5.001298 -1.029275 -0.4645945 0.5129264
33 27.41695 1.97257 -0.4808124 4.854573 2.478421 4.469884 -4.852587 -1.033408 -0.4674246 0.5076337
34 26.76666 1.8996 -0.509914 6.081177 2.866374 5.845611 -6.530076 -0.7181386 -0.5177912 0.6076707
35 26.91863 1.870706 -0.4855862 5.87079 2.453653 5.952537 -6.344794 -0.6810993 -0.5519449 0.6203703
36 26.74677 1.954269 -0.5038052 5.775812 3.62396 5.539132 -5.728807 -1.056676 -0.4770732 0.5467959
37 26.92661 1.910301 -0.4814571 4.529729 2.861221 3.784802 -4.971705 -0.7925383 -0.4434806 0.4922914
38 26.65327 1.863192 -0.5024978 5.296624 2.698467 5.79262 -5.192103 -0.8858963 -0.4495548 0.5052881
39 27.32025 1.979826 -0.4780807 5.584239 2.816468 6.223973 -5.024677 -0.7352608 -0.4071691 0.4647997
40 27.22184 2.006821 -0.4955305 5.25713 1.952876 5.313736 -4.722183 -0.4803213 -0.429693 0.4540624
41 26.91838 1.858587 -0.4918494 5.947211 3.453708 7.720817 -7.340903 -1.4688 -0.686884 0.7791064
42 27.01607 1.888334 -0.49513 6.181346 3.426061 7.627445 -6.550633 -1.170709 -0.5680067 0.6625624
43 27.1523 1.939636 -0.4841332 6.076585 2.594492 6.067939 -6.302098 -0.9771503 -0.5769749 0.6384335
44 26.67202 1.932447 -0.4944559 4.812065 2.566374 5.069287 -4.502232 -0.5877567 -0.3694492 0.4173292
45 26.43118 1.871914 -0.5059284 5.16104 2.39258 5.91749 -5.851945 -0.4771167 -0.4657472 0.5457862
46 26.80965 1.905984 -0.4956965 4.873937 3.1577 5.726464 -5.624469 -0.5646245 -0.4857453 0.5487762
47 27.02872 1.989839 -0.5078699 5.579019 2.983713 5.908851 -6.226717 -0.9024105 -0.5391913 0.6119341
48 26.77852 1.903392 -0.4961677 6.467314 2.725439 9.172607 -8.21134 -1.274605 -0.7115649 0.8185089
49 26.57122 1.914421 -0.4869902 5.174044 2.696271 4.921319 -4.955457 -0.9268025 -0.4497021 0.5082612
50 27.5073 1.935824 -0.4764275 6.035011 2.554702 5.596952 -5.794325 -0.6027906 -0.5171989 0.5730558
51 26.84365 1.889195 -0.4951563 5.127488 2.633519 4.606913 -5.1232 -0.8297168 -0.4485392 0.500556
52 27.05822 1.944088 -0.4634193 4.709906 2.394651 4.798711 -4.856627 -0.6869988 -0.4401764 0.4834763
53 26.75607 1.89398 -0.4922183 5.256538 1.584385 5.4799 -5.216419 -1.028883 -0.4715093 0.5334143
54 26.57525 1.889254 -0.4990143 5.142387 2.024977 3.726095 -4.496753 -0.690836 -0.3534075 0.4058719
55 27.49868 1.943145 -0.4609157 5.149585 1.898726 6.7322 -5.08767 -0.7989619 -0.4561096 0.5109299
56 26.4754 1.884836 -0.4992241 5.507598 2.74437 6.835803 -6.030903 -0.9954827 -0.5405047 0.60637
57 26.73211 1.939492 -0.496654 4.329757 2.535298 6.572682 -4.984173 -0.8719299 -0.4657696 0.5120529
58 26.83105 1.873388 -0.4805226 5.945662 2.984777 7.408956 -5.871903 -0.7428605 -0.5149347 0.5747577
59 26.89548 1.916041 -0.5037527 5.558866 2.344388 6.257506 -5.696675 -1.061097 -0.5207743 0.577436
60 26.79307 1.924707 -0.4828211 4.928948 2.596389 5.644289 -4.784421 -0.9946131 -0.43004 0.4861217
61 26.98385 1.887732 -0.4867356 5.00822 2.875929 6.286597 -6.351668 -1.06985 -0.5547847 0.636534
62 26.87508 1.912731 -0.4837422 5.252566 2.139937 4.681658 -4.758199 -0.794457 -0.4417368 0.4756039
63 27.06662 1.935566 -0.4832257 5.140337 3.279047 5.164599 -5.429668 -0.7259124 -0.4919668 0.5529648
64 26.90342 1.896307 -0.5047536 5.733278 2.798683 5.175457 -5.711476 -0.4446503 -0.4692535 0.5289409
65 27.16152 1.947015 -0.4873113 5.315492 2.363504 5.354963 -5.099321 -0.7125701 -0.4531656 0.4979168
66 27.03427 1.928295 -0.4922696 5.774723 2.509884 5.747301 -5.636466 -0.8791047 -0.5030365 0.5690642
67 26.92203 1.842329 -0.4566005 6.113376 3.172053 6.293547 -5.661098 -0.5603303 -0.495933 0.5615698
68 26.51657 1.873997 -0.4908998 5.306335 2.094944 6.9901 -6.028202 -0.6984654 -0.4888433 0.5803698
69 26.84319 1.839204 -0.4708993 5.205994 2.352297 4.746998 -4.637517 -0.5824887 -0.4097137 0.4478846
70 26.65598 1.876025 -0.4814665 5.414126 3.771211 5.932545 -5.383286 -0.9744844 -0.4692089 0.5412923
71 27.31625 1.923949 -0.4768233 4.917796 3.158529 5.113413 -5.479213 -0.672377 -0.4593577 0.5271512
72 26.79785 1.851694 -0.4900343 6.61433 2.187233 6.42522 -5.78812 -1.06534 -0.5114583 0.5780614
73 27.26765 1.921236 -0.4850526 5.863429 2.618239 7.239014 -6.581725 -1.248668 -0.584248 0.6610916
74 26.90497 1.867007 -0.4727953 5.746624 2.504851 5.945166 -5.243103 -0.8523651 -0.4447203 0.508169
75 27.38448 1.97157 -0.4830998 4.923414 2.320703 6.166809 -5.078128 -0.7276198 -0.4790053 0.5203745
76 26.74353 1.845667 -0.474531 4.758217 3.429212 4.966359 -5.452152 -0.6644039 -0.4703821 0.5371905
77 26.85067 1.883596 -0.4943726 5.725906 3.722868 6.423552 -5.321678 -1.025271 -0.441206 0.5112034
78 26.79815 1.884819 -0.4752776 5.033489 1.468128 4.582397 -4.453814 -0.4521423 -0.3689189 0.4127014
79 26.58043 1.919442 -0.5011089 4.661159 2.735064 4.749385 -4.887089 -0.9514255 -0.4393768 0.4882544
80 26.58682 1.881938 -0.4798437 5.179998 3.002126 6.673351 -4.54593 -0.8545036 -0.3899002 0.4383693
81 26.90366 1.861426 -0.4971291 6.340285 2.167513 6.104952 -6.240577 -0.9679569 -0.5273465 0.6071009
82 27.10855 1.928703 -0.47544 5.101382 3.360309 5.616107 -5.165821 -0.886451 -0.4569501 0.5094168
83 26.91139 1.897129 -0.4955444 6.147759 3.072563 12.86551 -6.062035 -1.30427 -0.5396973 0.6150837
84 26.95923 2.008932 -0.5041832 4.66824 2.107972 4.450401 -5.188737 -0.7730856 -0.4393458 0.5023773
85 26.43768 1.946853 -0.5131999 5.543021 1.67137 6.748573 -5.457798 -0.4164696 -0.4566612 0.5194242
86 26.89162 2.008304 -0.5097907 5.270312 2.465272 6.193125 -5.077918 -0.8396583 -0.4457512 0.4914212
87 27.59245 1.903724 -0.4817085 6.246715 2.267928 5.668512 -6.590854 -0.6372187 -0.5807185 0.6374362
88 26.76725 1.946451 -0.512626 5.338824 2.086506 5.901128 -4.870532 -0.7702832 -0.4371717 0.4817254
89 26.85287 1.937986 -0.4793318 5.331833 2.468415 6.035675 -4.94306 -0.6710695 -0.4221478 0.4678948
90 27.21948 1.919138 -0.482838 5.620662 2.047761 6.369492 -5.46804 -0.6818979 -0.4488934 0.5205198
91 26.88666 1.880543 -0.4735846 5.3334 3.553912 5.091394 -6.221273 -0.6830668 -0.5702292 0.6277468
92 26.77303 1.932321 -0.4914664 5.641006 2.80555 5.29407 -5.841472 -0.8691455 -0.4874151 0.5605326
93 26.8242 1.93227 -0.5060387 5.037451 1.620068 6.357017 -5.219034 -0.924359 -0.4695491 0.5348062
94 27.10127 1.940831 -0.4877425 5.422693 1.98525 6.102755 -5.210889 -0.6230723 -0.4508616 0.5007981
95 26.9081 1.85535 -0.4730518 5.187285 2.187606 5.681651 -5.139725 -1.108634 -0.4583267 0.526236
96 27.20661 2.008912 -0.5082428 5.124576 2.275997 5.887499 -5.050061 -0.9298519 -0.4564149 0.5012411
97 27.38227 1.968139 -0.4751932 5.26561 3.439906 5.05621 -4.900762 -0.6232524 -0.4326529 0.4790461
98 26.9275 1.930165 -0.4965884 5.793017 2.305888 6.752521 -5.415646 -0.8632891 -0.4599567 0.5215823
99 26.90694 1.991928 -0.5004992 4.73623 2.453144 5.677932 -5.028899 -0.8729819 -0.4326591 0.4849134
100 26.85554 1.889045 -0.4966878 5.743328 2.65319 7.760101 -5.525693 -0.8808353 -0.4692662 0.5342569
