1 0.2774526 0.03755248 0.01270052 0.5561301 NaN NaN 0.1468442 NaN NaN
2 0.2606056 0.03598447 0.0127185 0.4733333 NaN NaN 0.1887722 NaN NaN
3 0.27083 0.03855837 0.01306765 0.5838343 0.05821989 NaN 0.2114456 NaN NaN
4 0.2566992 0.0367329 0.0131041 0.5959715 NaN NaN 0.1999278 NaN NaN
5 0.2697573 0.03692238 0.01237962 0.504257 NaN NaN 0.1604732 NaN NaN
6 0.2486609 0.0361499 0.01122937 0.408528 NaN NaN NaN NaN NaN
7 0.2767956 0.04027417 0.01489501 0.706796 0.1320945 NaN 0.2447066 NaN NaN
8 0.2617467 0.03679934 0.01312146 0.6428297 NaN NaN 0.2078873 NaN NaN
9 0.2517611 0.03776536 0.01267439 0.5420851 NaN NaN 0.175478 NaN NaN
10 0.2870011 0.04054483 0.01341938 0.7626255 0.6672978 0.9205192 0.2197665 0.07035967 0.08191436
11 0.2645157 0.03914218 0.01501043 0.6046763 1.079399 1.699565 0.2319997 0.1251566 0.1461
12 0.285854 0.03950413 0.01358914 0.9870002 0.1396446 NaN 0.2170969 NaN NaN
13 0.2956395 0.04027883 0.0133452 0.5812073 NaN NaN 0.1933381 NaN NaN
14 0.2539709 0.03734932 0.01256515 0.4412939 NaN NaN 0.1295382 NaN NaN
15 0.2885154 0.04127455 0.01413689 0.7922415 0.1103008 NaN 0.2266207 NaN NaN
16 0.2834693 0.04022204 0.01384292 0.6488675 0.1041175 NaN 0.2032655 NaN NaN
17 0.2868205 0.03798269 0.01328667 0.8777635 0.1136432 NaN 0.2425851 NaN NaN
18 0.2996008 0.04168893 0.0142643 1.135305 0.1158517 NaN 0.2332115 NaN NaN
19 0.2802671 0.03761226 0.01299917 0.4995245 NaN NaN 0.1772042 NaN NaN
20 0.3077157 0.03997145 0.01296131 0.6774632 0.05065122 NaN 0.2275942 NaN NaN
21 0.2929287 0.0404993 0.0139116 0.7008545 NaN NaN 0.1906513 NaN NaN
22 0.2765122 0.03878667 0.0133867 0.5309312 NaN NaN 0.2112096 NaN NaN
23 0.2657699 0.03637874 0.0125704 0.632833 NaN NaN 0.1859387 NaN NaN
24 0.2599316 0.03658727 0.01215252 0.4800431 NaN NaN 0.1768022 NaN NaN
25 0.2687843 0.03474869 0.01220786 0.5716115 0.4794356 0.9633246 0.2018936 0.07065878 0.08579236
26 0.263671 0.03757759 0.01309412 0.5925147 NaN NaN 0.2081909 NaN NaN
27 0.2675538 0.0368128 0.01266979 0.476775 NaN NaN 0.1752648 NaN NaN
28 0.2688973 0.03695126 0.01255526 0.5356383 0.07220381 NaN 0.2102295 NaN NaN
29 0.2589318 0.03764914 0.01265592 0.4942034 NaN NaN 0.1798123 NaN NaN
30 0.2885042 0.0367775 0.01293144 0.6543715 NaN NaN 0.1873488 NaN NaN
31 0.2912844 0.03962563 0.01419654 0.7517268 0.1525841 NaN 0.2249113 NaN NaN
32 0.2572456 0.03668465 0.01281281 0.6022371 NaN NaN 0.1489888 NaN NaN
33 0.2932784 0.04004543 0.01316913 0.6529374 NaN NaN 0.2101277 NaN NaN
34 0.2727388 0.04034916 0.01393128 0.5683722 NaN NaN 0.199669 NaN NaN
35 0.2782574 0.03944469 0.01347581 0.6640618 0.06050987 NaN 0.2277253 NaN NaN
36 0.2751473 0.0397931 0.01320606 0.6966762 NaN NaN 0.2025841 NaN NaN
37 0.3024213 0.04108842 0.01338784 1.215872 0.08486442 NaN 0.2045813 NaN NaN
38 0.2666402 0.03728716 0.01328891 0.7130763 NaN NaN 0.2092192 NaN NaN
39 0.2870257 0.03985673 0.01270461 0.5998811 NaN NaN 0.1741983 NaN NaN
40 0.2604949 0.03894506 0.01235321 0.558745 NaN NaN 0.1497727 NaN NaN
41 0.2842711 0.03885421 0.0135179 0.7032788 0.09924319 NaN 0.2270024 NaN NaN
42 0.3161057 0.04242986 0.01401365 0.820777 0.09569303 NaN 0.2019223 NaN NaN
43 0.2951494 0.04095166 0.01347549 0.619705 0.05296798 NaN 0.2202271 NaN NaN
44 0.2919381 0.03800155 0.01318715 0.7451613 0.7184944 1.2527 0.2051094 0.09209231 0.110041
45 0.2659914 0.03832162 0.0135418 0.5935826 NaN NaN 0.2054394 NaN NaN
46 0.2712517 0.03764691 0.01217492 0.782579 NaN NaN 0.1727847 NaN NaN
47 0.2745605 0.0400536 0.01331534 0.6116973 0.1015806 NaN 0.220755 NaN NaN
48 0.2577542 0.03751478 0.012897 0.5394928 0.07380863 NaN 0.2224917 NaN NaN
49 0.3050361 0.0413626 0.01396728 0.6702696 NaN NaN 0.1599684 NaN NaN
50 0.3164401 0.04057963 0.01402631 0.7560382 0.1159578 NaN 0.2506535 NaN NaN
51 0.289031 0.04215073 0.01395935 0.7833847 0.05010932 NaN 0.226341 NaN NaN
52 0.2937358 0.03861204 0.01287765 0.6033347 NaN NaN 0.1946549 NaN NaN
53 0.263045 0.03815664 0.01345953 0.4524463 NaN NaN 0.1849724 NaN NaN
54 0.3149401 0.04486138 0.01526479 0.8318254 NaN NaN 0.1953719 NaN NaN
55 0.3000271 0.03803423 0.0138195 0.5591467 0.8947195 1.563952 0.2935515 0.1331315 0.1500281
56 0.2543083 0.03698126 0.01269151 0.6507112 NaN NaN 0.2039132 NaN NaN
57 0.2483697 0.03440837 0.0117749 0.5867259 0.3992897 0.807128 0.2079622 0.07030942 0.07960912
58 0.2719695 0.03652211 0.01286988 0.6586467 0.0744986 NaN 0.2068995 NaN NaN
59 0.25429 0.03786748 0.01289628 0.5676066 NaN NaN 0.1942898 NaN NaN
60 0.2958948 0.03921467 0.01287026 0.5691162 NaN NaN 0.1516777 NaN NaN
61 0.2604112 0.03564127 0.01221205 0.5642411 NaN NaN 0.217001 NaN NaN
62 0.2770956 0.03925308 0.01385547 0.6409493 NaN NaN 0.2043969 NaN NaN
63 0.3161603 0.04078798 0.01356532 0.9021381 0.1549866 NaN 0.2312232 NaN NaN
64 0.2715997 0.04027362 0.01346839 0.7139651 NaN NaN 0.2122333 NaN NaN
65 0.2633891 0.0369311 0.01228076 0.5270033 NaN NaN 0.1288275 NaN NaN
66 0.2902223 0.0400833 0.01369192 0.6422735 NaN NaN 0.2113757 NaN NaN
67 0.3375432 0.04161123 0.01396726 0.8940167 NaN NaN 0.2005658 NaN NaN
68 0.2772021 0.03768066 0.01289035 0.6324502 NaN NaN 0.1910392 NaN NaN
69 0.2873464 0.03796422 0.01382266 0.55888 NaN NaN 0.1821609 NaN NaN
70 0.3216698 0.04222265 0.0141855 0.9213611 0.01608335 NaN 0.2089035 NaN NaN
71 0.2943497 0.03727825 0.01271153 0.7056097 0.078025 NaN 0.2099016 NaN NaN
72 0.2796723 0.0388762 0.0143879 0.5468372 0.05343893 NaN 0.2098424 NaN NaN
73 0.2575992 0.03655974 0.01240682 0.5276385 0.09855814 NaN 0.2054916 NaN NaN
74 0.2941385 0.0386742 0.01368619 0.5763097 NaN NaN 0.1944624 NaN NaN
75 0.266116 0.03769959 0.01219283 0.5792057 NaN NaN 0.1873502 NaN NaN
76 0.3026898 0.03915223 0.01264889 0.7900943 NaN NaN 0.1767615 NaN NaN
77 0.2850057 0.03789232 0.01340585 0.6630364 NaN NaN 0.1747822 NaN NaN
78 0.2994363 0.03903952 0.01427742 0.5011693 NaN NaN 0.1895643 NaN NaN
79 0.2662865 0.03802127 0.01220471 0.6225697 NaN NaN 0.1155668 NaN NaN
80 0.2711277 0.0368873 0.0122178 0.5065804 NaN NaN 0.1290617 NaN NaN
81 0.2890478 0.04159084 0.01453354 0.6107859 0.1343872 NaN 0.2151366 NaN NaN
82 0.2748007 0.03602692 0.01105254 0.5996236 NaN NaN 0.1006681 NaN NaN
83 0.2624047 0.03672654 0.01249761 0.5405599 NaN NaN 0.1201257 NaN NaN
84 0.2723609 0.03951575 0.01303287 0.5791571 NaN NaN 0.1858139 NaN NaN
85 0.2563975 0.03792102 0.01286977 0.3923722 NaN NaN 0.1584672 NaN NaN
86 0.248232 0.03809241 0.0119894 0.6017795 NaN NaN 0.1654756 NaN NaN
87 0.2777599 0.03898148 0.01319319 0.6017998 0.08810494 NaN 0.2330291 NaN NaN
88 0.2610399 0.04066628 0.0137438 0.5627492 NaN NaN 0.1723683 NaN NaN
89 0.2814334 0.03805508 0.01299996 0.561384 NaN NaN 0.1902274 NaN NaN
90 0.2889979 0.03871663 0.01326223 0.4944923 NaN NaN 0.1812516 NaN NaN
91 0.3003943 0.03864061 0.01323807 0.9672669 0.1205975 NaN 0.2534204 NaN NaN
92 0.2940434 0.04118314 0.01357034 0.8660567 0.154958 NaN 0.2258536 NaN NaN
93 0.2629382 0.03797422 0.01319415 0.4855357 NaN NaN 0.1552354 NaN NaN
94 0.2692671 0.03718394 0.01281279 0.4804497 NaN NaN 0.1866424 NaN NaN
95 0.302435 0.03865196 0.01318746 0.7157198 NaN NaN 0.1736059 NaN NaN
96 0.2500761 0.03827894 0.01327517 0.5194222 0.7600015 0.9127136 0.2457632 0.07772719 0.08323962
97 0.315634 0.04045865 0.01299964 0.7881925 NaN NaN 0.1716486 NaN NaN
98 0.2821025 0.04005033 0.01369322 0.5639458 0.09388301 NaN 0.2174968 NaN NaN
99 0.2438037 0.03654155 0.0116426 0.4664114 NaN NaN 0.1409444 NaN NaN
100 0.2594756 0.03681754 0.01282908 0.4996511 NaN NaN 0.1690537 NaN NaN
