1 27.41943 1.898589 -0.4830353 7.739246 2.406336 -8.308713 -1.79505 -0.7534695 0.8621579
2 26.55566 1.82987 -0.477986 7.718459 2.386775 -9.080325 -1.024135 -0.7812961 0.8956098
3 26.95125 1.893969 -0.4981599 8.200581 3.278308 -12.14243 -1.250483 -1.058977 1.19062
4 26.90474 1.859918 -0.5075404 7.742101 3.189995 -11.35076 -1.377374 -0.9500773 1.101129
5 27.31161 1.914015 -0.4784158 8.157936 2.498419 -8.272481 -1.09503 -0.6979019 0.7963596
6 26.97874 1.878002 -0.5019178 8.089715 2.852865 -7.864767 -0.8830847 -0.6341947 0.738109
7 26.58625 1.806166 -0.5242964 9.427765 3.415958 -19.09191 -1.652206 -1.431762 1.71222
8 26.95904 1.831929 -0.4977037 8.178872 3.174048 -11.61826 -1.149023 -0.9304307 1.089186
9 26.92248 1.934323 -0.5055394 7.980516 3.102738 -8.695249 -0.9928071 -0.7000534 0.8098639
10 26.86759 1.978323 -0.4935296 8.157931 3.604324 -7.420692 -0.9870826 -0.6223302 0.7142872
11 26.86538 1.90313 -0.5094107 8.126658 2.653265 -8.040882 -0.7883806 -0.631167 0.7366152
12 26.69118 1.863952 -0.5081522 8.283529 5.944398 -15.34043 -2.408741 -1.266781 1.481794
13 27.564 1.92333 -0.4740157 9.187214 2.518925 -9.14883 -1.569414 -0.8125177 0.9076437
14 27.25918 1.959579 -0.4992437 7.806596 1.916374 -8.241831 -1.22184 -0.6886267 0.7967908
15 26.98017 1.907185 -0.5134856 8.961056 4.038914 -15.9916 -1.398447 -1.21119 1.446653
16 27.12603 1.894024 -0.5161584 8.461026 3.797054 -12.83012 -2.578976 -1.08468 1.261757
17 26.58206 1.822192 -0.4939922 7.92027 5.088008 -17.29648 -1.242272 -1.424237 1.648195
18 27.09977 1.87311 -0.505283 8.974787 4.060243 -14.73552 -1.940482 -1.171171 1.395648
19 27.68992 1.898368 -0.4767242 8.561833 1.995822 -8.606397 -0.8895731 -0.7327172 0.830086
20 27.08463 1.855866 -0.4750937 7.803674 3.914161 -14.52982 -1.256803 -1.245895 1.430166
21 27.03838 1.885812 -0.499864 8.523927 3.155372 -9.630565 -0.8375618 -0.782204 0.9159054
22 26.98564 1.889649 -0.4986348 8.110365 2.46404 -12.57192 -1.176226 -1.032194 1.206862
23 27.10369 1.862335 -0.4927578 7.684465 3.755381 -9.490957 -0.9331186 -0.7900527 0.9063712
24 26.95216 1.921351 -0.491836 7.024029 2.64616 -9.435035 -0.7378629 -0.7526521 0.8943337
25 27.16962 1.881911 -0.4810722 6.64473 3.179715 -7.501846 -0.9269103 -0.597144 0.708497
26 27.07582 1.8923 -0.498929 8.10122 2.667871 -11.50634 -1.224972 -0.9602283 1.106669
27 27.25 1.882316 -0.4817857 7.951274 2.389752 -8.916856 -1.108173 -0.7593862 0.868127
28 27.14797 1.889963 -0.4859715 7.641287 2.663612 -12.38239 -1.1547 -1.055746 1.209922
29 27.12772 1.936104 -0.4927335 7.862689 2.196525 -9.819463 -1.20212 -0.8078526 0.9378984
30 26.981 1.812227 -0.4720588 7.750056 3.835254 -8.911282 -1.051987 -0.769007 0.8809719
31 27.10415 1.835747 -0.4871141 9.495554 3.064205 -15.82895 -1.219239 -1.250265 1.468956
32 26.54095 1.868983 -0.5013649 7.385499 3.466839 -8.287653 -1.355756 -0.7371047 0.836373
33 27.6624 1.95204 -0.4799266 8.735015 3.394964 -10.52048 -1.594555 -0.9481883 1.061557
34 26.71169 1.891952 -0.5184069 8.736112 3.22443 -10.09462 -0.9163488 -0.7534531 0.9086951
35 27.02085 1.890958 -0.4959775 8.807598 3.257662 -14.11928 -1.070822 -1.165811 1.33112
36 27.06566 1.937042 -0.5032684 8.685822 4.269818 -11.18491 -1.533344 -0.889558 1.04055
37 27.05712 1.887785 -0.4860036 8.59614 5.743392 -11.3185 -1.404317 -0.9371655 1.091724
38 26.80585 1.829959 -0.5054586 8.108488 4.167546 -12.5429 -1.588433 -1.025547 1.194344
39 27.54113 1.967059 -0.4792866 8.440826 3.330474 -8.895087 -0.9951716 -0.7103969 0.8312363
40 27.36205 1.991348 -0.497451 8.265872 2.909352 -7.323631 -0.6079955 -0.6510964 0.7076855
41 26.98176 1.868814 -0.5011141 8.024871 4.023136 -16.10807 -2.268226 -1.375506 1.591957
42 27.00963 1.883536 -0.5022052 8.355119 4.501531 -12.17884 -1.822507 -1.005233 1.188074
43 27.25435 1.938444 -0.487543 8.935747 3.094644 -13.27858 -1.612235 -1.136065 1.281169
44 26.89043 1.932837 -0.4970375 7.332506 4.140636 -7.840914 -0.7747744 -0.639442 0.7442681
45 26.58329 1.871544 -0.5117663 7.909116 2.745188 -11.31412 -0.5689411 -0.8661329 1.035295
46 26.84132 1.943081 -0.5058158 6.871464 4.572675 -9.141014 -0.8244536 -0.7747651 0.8914614
47 27.04985 1.926621 -0.5113279 8.304285 3.304831 -14.36084 -1.639246 -1.165814 1.360251
48 26.77535 1.893482 -0.4983147 8.011477 3.169593 -16.04724 -2.044065 -1.295343 1.525354
49 26.80117 1.898349 -0.4943745 8.331088 3.257704 -9.002429 -1.32544 -0.7749991 0.899681
50 27.6003 1.853783 -0.4749466 9.698985 3.602026 -18.30939 -1.140498 -1.463145 1.681145
51 27.10432 1.947895 -0.5047665 9.277679 3.759011 -13.05478 -1.461441 -1.07603 1.232048
52 27.35102 1.912453 -0.4646175 8.570415 2.981414 -9.068466 -0.8063861 -0.7727174 0.8812484
53 26.79984 1.888462 -0.4999885 8.130678 1.740871 -8.859994 -1.296473 -0.7629296 0.8815654
54 26.79755 1.893406 -0.5094723 10.47914 4.399007 -10.13689 -1.155505 -0.7581458 0.908151
55 27.72152 1.922488 -0.4618317 7.249846 2.340216 -7.970889 -1.043451 -0.70716 0.8022755
56 26.58611 1.898856 -0.5019193 7.55709 3.826261 -11.64153 -1.509474 -0.9922951 1.139716
57 26.91311 1.93222 -0.4970618 6.066723 3.344421 -7.055766 -1.032303 -0.6460644 0.7260241
58 26.93932 1.829737 -0.4786172 8.181222 3.805295 -12.26453 -1.228934 -1.025435 1.178587
59 26.9114 1.915465 -0.5087912 7.87323 2.847701 -9.611974 -1.340087 -0.8284481 0.9425664
60 27.00275 1.891892 -0.4824611 7.769227 3.560797 -8.521211 -1.346344 -0.7657681 0.8724875
61 27.02664 1.87186 -0.4908953 7.273615 3.528538 -13.90393 -1.626061 -1.144376 1.340451
62 27.02028 1.866601 -0.4852425 9.408449 2.780625 -10.27235 -1.296681 -0.8890769 1.003969
63 27.1892 1.865527 -0.4832462 8.300037 4.776785 -17.55604 -1.865128 -1.467616 1.709024
64 26.99462 1.932726 -0.5108018 8.613275 3.642086 -10.69091 -0.8417168 -0.8658454 0.995638
65 27.25356 1.928185 -0.4880894 7.646893 2.733863 -7.984899 -0.9795656 -0.6894507 0.7788337
66 27.10806 1.899442 -0.4932189 8.559779 2.90865 -12.44719 -1.39005 -1.040026 1.209968
67 27.00311 1.827056 -0.4614944 9.003549 3.916423 -10.51714 -0.9500799 -0.895889 1.028638
68 26.61206 1.891176 -0.4942174 7.199412 3.134489 -11.45445 -1.049778 -0.8974894 1.085303
69 27.09195 1.814394 -0.474136 9.082236 2.692206 -8.388589 -0.7543159 -0.7122333 0.8061666
70 26.83368 1.867862 -0.4901297 8.881857 5.179484 -13.72122 -2.027861 -1.098313 1.312901
71 27.38235 1.854099 -0.4728502 7.904352 4.057329 -13.76308 -1.3071 -1.106999 1.309075
72 26.87724 1.807136 -0.4917885 9.445787 2.431285 -13.3374 -2.040184 -1.090869 1.278407
73 27.3241 1.905162 -0.4873464 7.950513 2.52455 -13.30037 -1.931701 -1.130162 1.299719
74 27.01736 1.822415 -0.4731844 8.917211 2.565521 -10.05504 -1.257819 -0.8186179 0.9604371
75 27.46045 1.978451 -0.4868089 7.478698 2.895383 -8.749538 -0.980035 -0.8003112 0.8904514
76 26.96172 1.857052 -0.4784915 7.494466 4.873167 -9.16598 -0.8826519 -0.7609441 0.8896567
77 27.00587 1.824051 -0.4902791 8.348278 4.499076 -10.34962 -1.692343 -0.8358073 0.9921864
78 27.02636 1.802841 -0.474541 9.353985 2.070667 -9.796205 -0.7828307 -0.7864477 0.9174042
79 26.72911 1.909345 -0.5037126 7.556257 4.1133 -8.179942 -1.225634 -0.7034795 0.8057552
80 26.76126 1.86155 -0.4797698 7.763201 3.723938 -7.803543 -0.9664839 -0.6584513 0.7577336
81 27.00236 1.883393 -0.5073314 9.487696 2.665462 -15.21473 -1.954245 -1.169477 1.392811
82 27.1767 1.885065 -0.4743571 7.300269 4.44906 -8.163166 -1.103293 -0.7033367 0.8029433
83 26.977 1.899144 -0.4984781 7.272538 3.270149 -8.038753 -1.581677 -0.6979784 0.8057152
84 27.12084 1.968578 -0.5014301 7.943298 2.824381 -9.360572 -0.9689752 -0.7462197 0.8834246
85 26.59509 1.896417 -0.512686 7.973391 1.960403 -8.782858 -0.5457694 -0.7121997 0.8300816
86 27.01144 2.014594 -0.5100905 7.366348 3.570365 -8.257967 -1.016737 -0.7099848 0.8004815
87 27.71025 1.919004 -0.4872063 9.208686 2.599306 -14.80991 -1.142331 -1.219769 1.372368
88 26.88506 1.966253 -0.5241888 8.420464 2.748935 -8.522526 -1.091313 -0.7227149 0.8266047
89 27.1257 1.857986 -0.4764455 8.630308 3.583935 -9.20281 -0.9015775 -0.7569741 0.8681491
90 27.27988 1.881413 -0.4844233 8.255709 2.438157 -9.320149 -0.8250411 -0.7368456 0.8727065
91 26.97864 1.826754 -0.4747461 8.682203 5.494421 -17.66554 -1.483447 -1.501997 1.69408
92 26.80529 1.902157 -0.4952245 8.825121 4.993085 -16.86659 -1.923176 -1.302698 1.552634
93 26.89126 1.928752 -0.5113961 7.27154 2.142141 -9.220735 -1.321275 -0.7949368 0.9275667
94 27.33714 1.884401 -0.4889937 8.07171 2.362467 -9.491102 -0.8894027 -0.7908881 0.902269
95 27.00617 1.834803 -0.4751205 8.080282 3.12361 -9.18203 -1.416821 -0.7732831 0.9114495
96 27.37375 1.990353 -0.5101868 7.452139 2.484967 -7.861344 -1.152186 -0.6861121 0.7712063
97 27.49395 1.916282 -0.4690219 8.160177 5.059787 -8.714131 -0.868623 -0.7526814 0.8548414
98 27.19468 1.907015 -0.4966322 9.126361 2.669523 -14.68144 -1.990567 -1.172246 1.374135
99 27.01782 1.960174 -0.5034655 7.179184 3.01626 -8.448684 -1.031649 -0.7088163 0.8150926
100 26.98471 1.880807 -0.4992364 7.764128 2.956989 -8.915247 -1.140254 -0.7284248 0.8490138
