1 117.3813 113.636 111.4601 119.7615 113.1584 112.1359
2 120.0542 120.0851 128.5402 121.504 121.4233 128.6436
3 113.9225 124.0027 121.5937 119.3922 123.7466 120.1826
4 116.8694 122.1746 119.3458 121.9404 121.6764 119.3919
5 122.7853 119.4268 116.1275 126.7594 118.865 115.761
6 114.851 122.3068 119.9445 117.5977 122.1447 119.3081
7 105.8584 110.9813 115.7022 109.7515 111.8266 115.2855
8 124.7142 118.3878 122.5886 126.3037 118.5323 121.9659
9 122.3108 130.1661 131.0228 127.8201 129.9719 129.9901
10 114.5971 121.3866 114.1098 121.182 120.482 115.0641
11 120.6675 125.3653 123.3269 122.6898 125.5739 122.28
12 109.6024 111.9449 112.978 115.4609 112.3318 113.5511
13 125.8797 124.615 125.2769 130.3343 124.2163 125.6716
14 119.0226 120.8135 112.1018 122.4374 120.4479 112.681
15 108.0607 113.8792 107.0103 113.2509 114.1988 108.3373
16 111.4391 109.4649 110.0289 115.7672 109.2709 110.1271
17 107.9656 109.4972 115.2387 111.7588 109.6424 115.8658
18 108.0312 106.9939 108.1071 113.3078 107.4073 106.2232
19 128.3141 118.9381 121.4627 131.1388 118.2714 122.8782
20 110.306 114.7354 108.6625 114.9228 114.5766 108.5099
21 104.5972 105.0746 109.6411 108.8474 106.5949 109.4995
22 106.4689 114.3915 108.5788 112.0275 113.6152 111.0817
23 116.6767 119.7522 110.3162 121.1136 118.3051 112.2216
24 114.4636 110.847 109.5472 116.1318 110.5634 109.6495
25 116.5604 120.3625 112.4082 118.0596 120.748 111.8179
26 116.0485 115.6312 121.3468 122.445 114.2061 121.1739
27 118.4687 108.6363 120.5958 122.5379 110.6726 121.0619
28 115.4516 110.7115 116.7702 119.1798 107.8934 115.9345
29 116.1637 111.3593 108.9781 122.0169 111.0086 109.8077
30 111.1725 115.6321 108.8024 112.5786 114.2806 107.9867
31 117.0293 120.6762 119.1763 124.0644 119.9434 120.92
32 111.1002 114.4758 120.9008 113.1199 113.0134 120.3949
33 122.1809 110.6169 115.4283 126.3498 110.4656 115.4878
34 112.6735 125.6993 123.2758 117.1738 125.7306 124.4113
35 113.5739 114.4175 118.9047 120.3047 112.8375 118.1867
36 122.7276 123.1037 125.0843 130.6218 124.1357 125.1968
37 119.1055 127.4121 116.4273 124.1509 126.2845 116.7738
38 115.7271 121.4987 123.0464 119.6814 122.8561 122.158
39 123.9599 113.4847 118.6 129.6363 114.0614 117.2766
40 125.6902 125.6492 127.9172 128.3851 124.7096 129.5516
41 104.9162 109.1804 110.5842 109.2252 109.5048 110.7603
42 101.2762 105.8875 102.7209 105.3308 106.2295 104.0943
43 113.9926 117.1326 116.1884 120.1247 118.7424 115.7623
44 109.7644 113.8095 108.7135 114.5874 113.0096 108.3346
45 101.7037 107.9034 107.5437 109.4488 106.1273 103.7729
46 106.4717 115.4507 108.0455 111.052 115.8227 108.1255
47 116.3277 116.1717 113.1936 119.5422 113.1205 112.7235
48 119.2102 123.96 118.9352 122.3156 122.9249 119.5579
49 101.0567 111.7911 109.5535 104.4323 113.0672 110.2571
50 112.4036 104.0244 112.4929 115.2488 105.5262 112.6604
51 113.1212 111.0009 117.5299 122.1498 113.8452 116.5618
52 120.0826 114.8294 119.7626 124.7371 114.069 119.666
53 108.0643 113.4126 111.5455 111.4454 114.4425 111.7117
54 111.1987 118.6646 116.3688 120.6031 118.5125 115.726
55 114.2852 110.5081 104.7167 118.8758 109.9011 103.9894
56 119.7078 128.7343 124.9043 124.1749 130.1541 125.8029
57 120.2373 116.7775 113.55 120.3955 119.2284 116.2357
58 120.7329 122.3839 124.8549 124.4917 123.0683 122.2219
59 116.9614 111.206 115.1765 119.4053 112.0123 116.632
60 109.1143 109.3084 110.2128 113.8856 109.3215 109.2608
61 115.9382 117.7814 118.8217 119.6446 115.4562 119.8954
62 119.561 119.9269 124.7212 124.4533 118.7371 124.9129
63 110.3472 107.9804 106.8364 113.7145 107.412 106.4542
64 116.5623 114.0943 117.9388 121.7358 114.5136 116.372
65 121.7842 115.9036 123.8022 122.8008 116.3732 125.2823
66 113.5139 120.0139 117.6172 115.7734 119.5025 118.5426
67 101.3817 109.6547 109.0989 104.9108 109.4474 110.9396
68 101.8888 109.7086 110.3526 106.9591 111.9052 110.9246
69 112.3448 120.4119 115.3918 118.8762 121.0019 113.6879
70 98.49571 107.994 101.327 106.0002 105.9129 102.0105
71 118.4038 113.265 109.3731 117.4032 114.3389 109.6481
72 114.2628 112.3855 114.8459 118.0109 110.9541 112.9093
73 125.6794 126.0893 120.0913 129.8622 125.8323 119.1502
74 116.4591 117.7105 111.1406 118.7566 119.5654 113.291
75 124.546 117.8345 116.2334 128.1579 120.1626 115.8011
76 103.9432 104.9117 105.6527 109.2669 104.5284 105.5045
77 112.0367 118.6845 120.4142 116.1372 119.4669 118.0821
78 108.0556 105.9351 110.9768 110.7726 104.3268 108.9011
79 113.9517 123.2034 121.4213 116.8681 124.0631 121.7974
80 118.2066 119.2895 114.4967 121.2206 120.0353 115.3681
81 104.7324 112.0345 105.99 113.4666 110.2486 105.0003
82 121.9854 124.1499 117.4339 124.126 122.3163 118.8795
83 116.5042 122.7553 112.3319 117.1076 121.3675 113.4881
84 113.8639 115.3566 113.3535 116.9064 115.4884 113.7572
85 103.8732 105.0089 109.5519 104.9158 104.7318 108.6054
86 129.4135 132.7409 127.605 131.9014 130.9649 128.4077
87 126.5523 120.9361 125.2101 133.7649 121.0944 124.8407
88 111.1746 118.3196 118.2628 114.8916 118.5304 118.687
89 124.636 121.6628 125.73 130.0026 121.0782 125.0393
90 110.9634 112.3156 104.8247 113.1217 113.5982 105.6706
91 118.8586 116.2184 115.8648 122.1813 116.9533 116.1721
92 119.5363 122.4079 125.4108 124.2718 122.7248 125.441
93 100.5677 100.1277 104.3508 102.5047 99.06043 103.8545
94 119.8217 119.1291 120.9778 124.3659 117.6841 119.3907
95 107.1328 111.8477 107.3918 108.4216 111.2608 107.7639
96 123.4821 124.1005 125.7905 126.3295 123.7097 124.8285
97 115.5928 105.5815 104.9538 118.3703 106.1639 104.5112
98 116.0309 119.4646 110.3469 122.849 117.0505 111.3911
99 126.4024 121.3828 126.0425 127.7504 122.1894 126.268
100 112.0245 111.2446 114.4897 115.9044 109.4945 115.8425
