5 17236.91 17242.35
6 17185.24 17177.84
8 17043.05 17035.38
10 17139.58 17118.05
11 17245.11 17225.48
12 17120.15 17110.4
13 17381.85 17363.08
14 17132.72 17132.66
22 17382.75 17366.74
23 17046.56 17041.25
30 17135.03 17117.32
33 17488.39 17499.52
34 17212.28 17189.75
35 17239.37 17231.87
38 17201.16 17192.58
41 16921.6 16905.96
43 17293.28 17293.57
44 17056.42 17059.33
46 17147.41 17147.24
47 17246.38 17217.52
48 17156.7 17146.92
49 17164.3 17145.37
50 16958.19 16926.2
54 17141.66 17145.2
57 17142.99 17137.67
58 17206.09 17191
61 16686.54 16661.84
62 17037.81 17020.95
66 17141 17137.05
68 17154.98 17119.71
69 17209.37 17179.06
70 17132.7 17134.54
72 17137.1 17120.59
73 17189.06 17206.34
75 17410.69 17426.91
77 17245.88 17224.45
78 17112.07 17086.47
79 17360.01 17376.1
80 17066.67 17062.46
84 17007.44 17008.91
85 17065.84 17075.49
86 17288.07 17288.52
88 17184.27 17204.84
89 17063.27 17051.37
90 17103.18 17087
92 17256.72 17252.57
93 17318.95 17323.29
94 17217.75 17214.03
96 17198.61 17215.72
97 17155.68 17145.11
100 17071.6 17054.47
102 17157.57 17158.69
104 17120.87 17107.46
105 17158.95 17151.84
106 17196.07 17196.7
107 17335.54 17325.7
110 17270.11 17276.93
113 17264.06 17248.31
114 17361.77 17336.9
120 17363.59 17351.71
128 17223.8 17222.34
129 17099.05 17082.22
130 16924.4 16923.25
134 17183.68 17193.93
137 17333.1 17353.01
138 17305.6 17279.77
139 16985.08 16983.71
140 16840.78 16818.16
144 17196.42 17216.19
145 17131.88 17107.84
150 17296.74 17263.45
151 17032.49 17026.42
152 17151.83 17166.84
155 17160.84 17148.92
159 17083.44 17058.73
160 17289.2 17274.59
161 16849.17 16844.06
162 17243.14 17263.99
163 16970.88 16940.01
164 17239.43 17228.55
165 17414.92 17414.59
166 17200.48 17180.3
168 17033.89 17043.37
171 17234.23 17208.13
175 17103.74 17081.73
176 16892.89 16866.31
177 17064.89 17063.79
178 17114.74 17126.78
180 17123.72 17129.73
183 16801.52 16809.6
184 16983.14 16968.04
186 16889.6 16856.92
188 17261.83 17251.39
189 17312.07 17322.03
191 16904.31 16891.68
194 17607.35 17599.27
196 17035.16 17021.84
197 16977.07 16952.3
200 17003.28 17001.03
203 17308.24 17278.88
