5 17276.83 17282.27
6 17225.15 17217.76
8 17082.96 17075.3
10 17179.5 17157.97
11 17285.03 17265.39
12 17160.07 17150.32
13 17421.76 17402.99
14 17172.64 17172.57
22 17422.66 17406.65
23 17086.48 17081.16
30 17174.94 17157.23
33 17528.31 17539.43
34 17252.2 17229.67
35 17279.28 17271.78
38 17241.08 17232.5
41 16961.51 16945.87
43 17333.19 17333.48
44 17096.33 17099.25
46 17187.33 17187.16
47 17286.3 17257.44
48 17196.61 17186.84
49 17204.22 17185.29
50 16998.1 16966.11
54 17181.57 17185.11
57 17182.91 17177.58
58 17246.01 17230.92
61 16726.45 16701.75
62 17077.72 17060.87
66 17180.91 17176.96
68 17194.9 17159.62
69 17249.28 17218.98
70 17172.61 17174.46
72 17177.01 17160.5
73 17228.97 17246.26
75 17450.6 17466.83
77 17285.8 17264.37
78 17151.98 17126.39
79 17399.92 17416.01
80 17106.59 17102.38
84 17047.36 17048.82
85 17105.76 17115.41
86 17327.99 17328.43
88 17224.18 17244.75
89 17103.18 17091.28
90 17143.1 17126.91
92 17296.64 17292.49
93 17358.87 17363.21
94 17257.66 17253.95
96 17238.53 17255.63
97 17195.6 17185.03
100 17111.51 17094.39
102 17197.48 17198.61
104 17160.79 17147.37
105 17198.87 17191.76
106 17235.99 17236.61
107 17375.45 17365.62
110 17310.03 17316.84
113 17303.98 17288.23
114 17401.69 17376.82
120 17403.51 17391.62
128 17263.71 17262.26
129 17138.97 17122.13
130 16964.31 16963.16
134 17223.59 17233.85
137 17373.01 17392.93
138 17345.51 17319.68
139 17025 17023.62
140 16880.7 16858.07
144 17236.34 17256.1
145 17171.8 17147.75
150 17336.65 17303.37
151 17072.4 17066.34
152 17191.74 17206.75
155 17200.76 17188.84
159 17123.35 17098.64
160 17329.11 17314.5
161 16889.08 16883.97
162 17283.06 17303.9
163 17010.8 16979.92
164 17279.35 17268.46
165 17454.84 17454.51
166 17240.4 17220.22
168 17073.81 17083.28
171 17274.15 17248.05
175 17143.65 17121.65
176 16932.8 16906.22
177 17104.8 17103.7
178 17154.65 17166.7
180 17163.63 17169.64
183 16841.43 16849.52
184 17023.05 17007.95
186 16929.52 16896.83
188 17301.75 17291.3
189 17351.99 17361.95
191 16944.22 16931.59
194 17647.27 17639.19
196 17075.08 17061.76
197 17016.98 16992.21
200 17043.2 17040.95
203 17348.16 17318.8
