5 0.2075
6 0.23
8 0.215
10 0.2025
11 0.185
12 0.2175
13 0.2075
14 0.2025
22 0.1725
23 0.2125
30 0.205
33 0.17
34 0.215
35 0.205
38 0.1875
41 0.24
43 0.1775
44 0.205
46 0.18
47 0.1925
48 0.2225
49 0.2225
50 0.255
54 0.205
57 0.1975
58 0.225
61 0.2725
62 0.1925
66 0.2325
68 0.21
69 0.2125
70 0.205
72 0.2125
73 0.1925
75 0.15
77 0.2125
78 0.205
79 0.175
80 0.225
84 0.2
85 0.1975
86 0.2025
88 0.1775
89 0.2025
90 0.195
92 0.1975
93 0.185
94 0.18
96 0.2
97 0.195
100 0.2025
102 0.22
104 0.22
105 0.19
106 0.1975
107 0.2025
110 0.185
113 0.1875
114 0.1725
120 0.1825
128 0.2
129 0.225
130 0.2125
134 0.1975
137 0.18
138 0.2125
139 0.225
140 0.24
144 0.2175
145 0.21
150 0.1875
151 0.2
152 0.1975
155 0.1925
159 0.21
160 0.2
161 0.2325
162 0.1725
163 0.225
164 0.205
165 0.1825
166 0.2
168 0.2075
171 0.2125
175 0.2225
176 0.235
177 0.2075
178 0.1975
180 0.1975
183 0.2525
184 0.2275
186 0.255
188 0.2075
189 0.1775
191 0.2375
194 0.1575
196 0.215
197 0.25
200 0.2125
203 0.2275
