5 1000 1000
6 1000 1000
8 1000 1000
10 1000 1000
11 1000 1000
12 1000 1000
13 1000 1000
14 1000 1000
22 1000 1000
23 1000 1000
30 1000 1000
33 1000 1000
34 1000 1000
35 1000 1000
38 1000 1000
41 1000 1000
43 1000 1000
44 1000 1000
46 1000 1000
47 1000 1000
48 1000 1000
49 1000 1000
50 1000 1000
54 1000 1000
57 1000 1000
58 1000 1000
61 1000 1000
62 1000 1000
66 1000 1000
68 1000 1000
69 1000 1000
70 1000 1000
72 1000 1000
73 1000 1000
75 1000 1000
77 1000 1000
78 1000 1000
79 1000 1000
80 1000 1000
84 1000 1000
85 1000 1000
86 1000 1000
88 1000 1000
89 1000 1000
90 1000 1000
92 1000 1000
93 1000 1000
94 1000 1000
96 1000 1000
97 1000 1000
100 1000 1000
102 1000 1000
104 1000 1000
105 1000 1000
106 1000 1000
107 1000 1000
110 1000 1000
113 1000 1000
114 1000 1000
120 1000 1000
128 1000 1000
129 1000 1000
130 1000 1000
134 1000 1000
137 1000 1000
138 1000 1000
139 1000 1000
140 1000 1000
144 1000 1000
145 1000 1000
150 1000 1000
151 1000 1000
152 1000 1000
155 1000 1000
159 1000 1000
160 1000 1000
161 1000 1000
162 1000 1000
163 1000 1000
164 1000 1000
165 1000 1000
166 1000 1000
168 1000 1000
171 1000 1000
175 1000 1000
176 1000 1000
177 1000 1000
178 1000 1000
180 1000 1000
183 1000 1000
184 1000 1000
186 1000 1000
188 1000 1000
189 1000 1000
191 1000 1000
194 1000 1000
196 1000 1000
197 1000 1000
200 1000 1000
203 1000 1000
