5 -8608.455 -8611.176
6 -8582.619 -8578.922
8 -8511.524 -8507.69
10 -8559.792 -8549.027
11 -8612.556 -8602.739
12 -8550.076 -8545.202
13 -8680.924 -8671.539
14 -8556.361 -8556.329
22 -8681.374 -8673.368
23 -8513.281 -8510.623
30 -8557.513 -8548.659
33 -8734.197 -8739.76
34 -8596.141 -8584.877
35 -8609.684 -8605.935
38 -8590.582 -8586.291
41 -8450.799 -8442.98
43 -8636.638 -8636.783
44 -8518.209 -8519.666
46 -8563.707 -8563.622
47 -8613.191 -8598.762
48 -8568.348 -8563.461
49 -8572.151 -8562.687
50 -8469.094 -8453.098
54 -8560.829 -8562.6
57 -8561.496 -8558.833
58 -8593.047 -8585.502
61 -8333.27 -8320.92
62 -8508.905 -8500.477
66 -8560.499 -8558.523
68 -8567.492 -8549.855
69 -8594.683 -8579.532
70 -8556.349 -8557.271
72 -8558.548 -8550.293
73 -8584.529 -8593.171
75 -8695.344 -8703.457
77 -8612.942 -8602.225
78 -8546.034 -8533.237
79 -8670.003 -8678.049
80 -8523.337 -8521.23
84 -8493.72 -8494.454
85 -8522.921 -8527.745
86 -8634.037 -8634.26
88 -8582.133 -8592.418
89 -8521.633 -8515.683
90 -8541.591 -8533.498
92 -8618.362 -8616.286
93 -8649.475 -8651.647
94 -8598.874 -8597.017
96 -8589.307 -8597.86
97 -8567.841 -8562.556
100 -8525.8 -8517.237
102 -8568.784 -8569.347
104 -8550.437 -8543.729
105 -8569.477 -8565.921
106 -8588.037 -8588.348
107 -8657.768 -8652.852
110 -8625.057 -8628.464
113 -8622.031 -8614.156
114 -8670.887 -8658.452
120 -8671.795 -8665.855
128 -8601.899 -8601.171
129 -8539.527 -8531.109
130 -8452.199 -8451.624
134 -8581.839 -8586.967
137 -8656.548 -8666.506
138 -8642.798 -8629.884
139 -8482.542 -8481.854
140 -8410.391 -8399.078
144 -8588.212 -8598.094
145 -8555.941 -8543.919
150 -8638.37 -8621.726
151 -8506.243 -8503.211
152 -8565.913 -8573.42
155 -8570.421 -8564.461
159 -8531.719 -8519.365
160 -8634.6 -8627.294
161 -8414.584 -8412.03
162 -8611.57 -8621.995
163 -8475.441 -8460.004
164 -8609.716 -8604.273
165 -8697.461 -8697.295
166 -8590.241 -8580.152
168 -8506.946 -8511.684
171 -8607.116 -8594.067
175 -8541.87 -8530.867
176 -8436.445 -8423.155
177 -8522.444 -8521.894
178 -8547.369 -8553.392
180 -8551.858 -8554.863
183 -8390.758 -8394.801
184 -8481.57 -8474.018
186 -8434.802 -8418.458
188 -8620.915 -8615.693
189 -8646.037 -8651.017
191 -8442.154 -8435.838
194 -8793.676 -8789.637
196 -8507.582 -8500.922
197 -8478.533 -8466.149
200 -8491.642 -8490.516
203 -8644.12 -8629.441
