5 27.04571 26.77185
6 24.63174 24.60669
8 25.1592 25.26221
10 27.73239 27.59916
11 28.69999 28.54757
12 25.05058 25.07905
13 26.10156 25.6259
14 26.56777 26.7058
22 5.760473 5.621244
23 5.617751 5.678688
30 27.3387 27.37553
33 31.54943 31.3629
34 25.72275 25.65578
35 26.82016 27.11761
38 28.42487 28.72586
41 23.37444 23.2475
43 31.27837 31.2447
44 25.40403 25.4011
46 28.50539 28.7163
47 27.96802 27.67254
48 24.29551 24.28868
49 25.56724 25.64061
50 21.96636 21.85646
54 27.00764 26.94517
57 27.3127 27.42834
58 25.44581 25.60305
61 19.89347 19.80078
62 26.80789 27.0183
66 24.2099 24.196
68 25.08645 25.252
69 27.37195 27.25326
70 25.77698 26.0542
72 25.18555 25.51752
73 28.08657 28.38124
75 34.69128 34.99193
77 27.07863 26.92456
78 26.48185 26.39569
79 30.51335 30.45729
80 24.25328 24.20884
84 26.3571 26.40709
85 26.42492 26.35289
86 28.54617 28.30587
88 29.49756 29.78934
89 26.08554 25.90695
90 25.90329 25.83396
92 28.03268 28.00539
93 27.46538 27.7508
94 28.96186 28.97623
96 27.72999 27.81556
97 27.84014 27.71855
100 26.34582 26.15202
102 26.1452 25.98431
104 25.13307 24.97717
105 28.31362 28.21486
106 27.93357 27.90733
107 27.45464 27.68311
110 29.80772 29.79622
113 28.16973 28.28749
114 29.31743 29.04307
120 29.34528 29.54093
128 27.47057 27.48417
129 24.1497 24.19833
130 25.03893 25.23681
134 26.67864 26.51208
137 29.26811 29.24009
138 26.40014 26.31618
139 23.75409 23.68285
140 22.48223 22.50153
144 26.57605 26.35468
145 26.14357 26.2669
150 29.6585 29.58853
151 26.79317 26.90183
152 28.54738 28.62534
155 28.06661 27.98662
159 26.26139 26.47258
160 28.43927 28.05449
161 23.53286 23.54192
162 29.82704 29.81323
163 23.91233 24.0347
164 27.83003 27.67166
165 31.35427 31.41363
166 29.15107 29.24694
168 26.14857 26.06715
171 25.69462 25.54007
175 25.15568 25.14483
176 23.19926 23.25978
177 25.25146 25.2792
178 26.42336 26.35977
180 26.77895 27.1975
183 22.08823 22.34317
184 22.76724 22.88515
186 22.04915 21.86391
188 27.08466 26.91684
189 30.95032 30.90293
191 22.95247 22.93844
194 34.04517 34.10988
196 25.37589 25.46265
197 22.04137 21.98346
200 25.2247 25.11913
203 24.22626 24.38005
