5 1.637861 1.621886
6 1.477517 1.475166
8 1.514597 1.518584
10 1.710769 1.706838
11 1.726439 1.720315
12 1.501356 1.500311
13 1.563081 1.538772
14 1.623089 1.629922
22 0.266969 0.261917
23 0.258086 0.2610666
30 1.622528 1.625309
33 1.903541 1.892332
34 1.558467 1.55479
35 1.610883 1.628749
38 1.703574 1.718655
41 1.393693 1.386448
43 1.878147 1.875932
44 1.522333 1.523152
46 1.744416 1.754477
47 1.663603 1.648057
48 1.465881 1.463885
49 1.534762 1.539598
50 1.326008 1.320513
54 1.622548 1.616585
57 1.650633 1.653303
58 1.500421 1.508726
61 1.213164 1.208022
62 1.629585 1.637678
66 1.465102 1.465199
68 1.510349 1.518446
69 1.65371 1.646482
70 1.568958 1.583727
72 1.509412 1.526841
73 1.691588 1.706794
75 2.084388 2.100218
77 1.627383 1.619117
78 1.62156 1.615544
79 1.857252 1.855378
80 1.461385 1.457335
84 1.592368 1.595018
85 1.585004 1.577966
86 1.736863 1.719418
88 1.777882 1.792619
89 1.575685 1.567838
90 1.561123 1.557883
92 1.685235 1.68108
93 1.679943 1.695396
94 1.746859 1.74522
96 1.675573 1.678995
97 1.661895 1.65665
100 1.586952 1.578524
102 1.57453 1.569661
104 1.507152 1.498722
105 2.107882 2.185957
106 1.689278 1.685785
107 1.656346 1.668116
110 1.79066 1.788014
113 1.700823 1.706799
114 1.757685 1.742453
120 1.764496 1.775463
128 1.660725 1.659939
129 1.438226 1.44283
130 1.497154 1.506222
134 1.636488 1.630636
137 1.767979 1.767453
138 1.585467 1.58043
139 1.408366 1.405479
140 1.348942 1.352135
144 1.597736 1.58858
145 1.552469 1.559174
150 1.79985 1.795955
151 1.623416 1.628054
152 1.734244 1.738761
155 1.694022 1.686789
159 1.581008 1.592694
160 1.71882 1.698274
161 1.423536 1.425903
162 1.782011 1.779945
163 1.436612 1.442858
164 1.654052 1.647047
165 1.886895 1.889014
166 1.752498 1.756626
168 1.554431 1.548765
171 1.538481 1.5319
175 1.504386 1.504215
176 1.396259 1.396594
177 1.531724 1.531842
178 1.586222 1.587138
180 1.633358 1.653359
183 1.327928 1.338812
184 1.383115 1.385439
186 1.314125 1.304437
188 1.627464 1.619717
189 1.865206 1.858022
191 1.382156 1.382505
194 2.069473 2.073057
196 1.520582 1.525551
197 1.33681 1.333721
200 1.519108 1.515336
203 1.46467 1.473822
