5 27.27885 2.078895 -0.5135528 4.716431 2.551561 -5.172355 -1.237096 -0.04188024 0.188596
6 27.37547 2.152269 -0.5229013 4.81394 2.500303 -5.607404 -0.716208 -0.05424042 0.21299
8 27.17701 2.067826 -0.5201471 4.544261 2.231807 -5.498004 -0.7310366 -0.04817472 0.2028211
10 27.33485 2.047336 -0.4979289 4.601575 1.938354 -5.293614 -0.8746373 -0.04782399 0.19324
11 27.20012 2.035218 -0.4984182 4.630946 2.191831 -5.238094 -0.6236538 -0.05869707 0.1965531
12 27.21655 2.031694 -0.5024977 4.68049 2.166081 -5.31791 -0.8748102 -0.04991297 0.200096
13 27.27922 2.044399 -0.5044033 4.937197 2.365713 -5.439215 -0.7591546 -0.04456984 0.196337
14 27.21279 2.060703 -0.5113677 4.651392 2.179512 -5.290203 -1.287462 -0.0499073 0.2009087
22 27.26887 2.047126 -0.5056964 4.706287 2.13035 -5.235947 -0.6187944 -0.0397114 0.17482
23 27.31548 2.076118 -0.5164455 4.494298 2.496809 -5.413165 -0.9870122 -0.0566966 0.2098693
30 27.53322 2.093101 -0.5023677 4.515554 2.382701 -5.358731 -0.4488979 -0.04775007 0.1893157
33 27.28307 2.046377 -0.505207 4.7368 2.475629 -5.066756 -0.4933519 -0.05660254 0.1816501
34 27.17459 2.068273 -0.5099717 4.759771 1.855844 -5.123497 -1.159054 -0.05018941 0.1974571
35 27.27421 2.049094 -0.5128933 4.808258 1.835791 -5.050703 -0.942325 -0.04549494 0.1811697
38 27.43162 2.078569 -0.4943062 4.680994 2.071091 -5.184915 -0.757682 -0.05938704 0.1946726
41 27.43771 2.115171 -0.511418 4.474004 2.603371 -5.490232 -0.6475816 -0.05285915 0.2113682
43 27.35662 2.015436 -0.4968182 4.621205 1.802977 -5.279944 -0.7900933 -0.04864555 0.1875047
44 27.34834 2.044408 -0.5055819 4.665749 1.85159 -5.125695 -0.7345234 -0.04713571 0.1867268
46 27.08184 1.998371 -0.5087096 4.511067 2.002453 -5.5659 -1.021103 -0.05921253 0.2113833
47 27.4157 2.027727 -0.4980946 4.645793 2.284926 -5.030893 -0.9597613 -0.05028656 0.185417
48 27.22665 2.083992 -0.5146303 4.731461 2.325573 -5.165769 -0.7603452 -0.04667972 0.1914667
49 27.38239 2.09244 -0.50918 4.68677 2.38294 -5.327496 -0.7033469 -0.04458909 0.1913281
50 27.10219 2.039977 -0.509227 4.634482 1.883227 -5.365483 -0.6644677 -0.03506797 0.1936162
54 27.21838 2.018104 -0.5003289 4.636158 2.079998 -5.073167 -0.954127 -0.04785631 0.1851176
57 27.30073 1.995079 -0.4976271 4.639494 2.016292 -5.192488 -0.8740715 -0.05690507 0.1957576
58 27.74715 2.067219 -0.4898069 4.755067 2.690408 -5.606784 -0.5992201 -0.05202774 0.2071921
61 27.22838 2.024066 -0.5107425 4.541922 1.935889 -5.437856 -0.7979991 -0.05519125 0.2199179
62 27.11492 2.079445 -0.5162172 4.415343 2.296887 -5.668753 -0.9166047 -0.06334329 0.2208576
66 27.37657 2.080981 -0.4986952 4.829374 1.998212 -5.283703 -0.8188607 -0.04293734 0.195104
68 27.19643 2.044705 -0.5085645 4.676615 2.123017 -5.435382 -0.6903308 -0.04467808 0.1947607
69 27.2173 2.064872 -0.5173978 4.667909 1.887767 -5.219704 -0.8199365 -0.04768834 0.1869126
70 27.11516 2.047367 -0.5151351 4.641298 1.851331 -5.158446 -1.04159 -0.04420341 0.1893208
72 27.34652 2.025414 -0.4966622 4.677003 2.253486 -5.459151 -1.080333 -0.05332002 0.20907
73 27.3184 2.075171 -0.5115344 4.696725 1.93775 -5.20078 -0.7093558 -0.05570635 0.1915684
75 27.23757 2.084136 -0.5021919 4.595388 2.162695 -5.508648 -1.218153 -0.03950251 0.1866487
77 27.42419 2.037696 -0.4909617 4.736186 1.98313 -5.384576 -0.4660708 -0.04840336 0.1902053
78 27.05867 2.053831 -0.514857 4.614751 1.664839 -5.021913 -0.9868031 -0.0440079 0.1822403
79 27.0443 2.09652 -0.5188821 4.699587 1.881111 -5.424495 -0.6948747 -0.04907642 0.193022
80 27.3954 2.109163 -0.4996677 4.685572 2.073172 -5.279489 -0.3083813 -0.03963313 0.1821814
84 27.25084 2.074063 -0.5020831 4.492974 2.191362 -5.31546 -0.696234 -0.06076206 0.2034894
85 27.19973 1.996396 -0.499239 4.556421 2.14668 -5.377683 -0.7462418 -0.05239454 0.1979978
86 27.13277 2.039314 -0.5146581 4.658489 2.189751 -5.238406 -0.7184104 -0.04061293 0.1789713
88 27.31737 2.069087 -0.5065192 4.55125 1.8422 -5.431443 -0.727792 -0.0590937 0.2022691
89 27.10625 2.057486 -0.5100772 4.584569 1.896218 -4.91351 -0.8442789 -0.03913153 0.1716727
90 27.40059 2.097486 -0.5154259 4.616108 2.217319 -4.995852 -0.616928 -0.04906158 0.1805445
92 27.45958 2.060408 -0.4967424 4.821051 1.883753 -5.150288 -0.7410243 -0.05662429 0.1906657
93 27.22014 2.045417 -0.5062693 4.734256 2.292122 -5.348414 -0.4651637 -0.05812104 0.1973862
94 27.17043 2.028823 -0.5026045 4.575943 2.070439 -5.395888 -0.7421837 -0.05407295 0.1974106
96 27.32825 2.07924 -0.5030619 4.756844 1.753214 -5.123884 -0.8897352 -0.04468902 0.1829376
97 27.26287 1.96208 -0.486768 4.60458 1.895767 -5.159139 -0.8705425 -0.05367937 0.1913195
100 27.12979 1.984908 -0.4982552 4.492836 1.909171 -5.326774 -0.337492 -0.03988176 0.1801227
102 27.05816 2.033167 -0.5083806 4.680021 1.941368 -5.15002 -0.7642137 -0.03366995 0.1742064
104 27.23145 2.023836 -0.512368 4.588979 2.330562 -5.480328 -0.2694161 -0.03306489 0.1795329
105 27.36329 2.031034 -0.4984843 4.590766 1.809524 -5.066687 -0.6812593 -0.04708553 0.1785535
106 27.41468 2.063306 -0.5036201 4.633675 2.179145 -5.343286 -0.8162228 -0.05137606 0.1937652
107 27.30308 2.060674 -0.5068902 4.803095 2.254551 -5.342045 -0.6858505 -0.05820107 0.1989575
110 27.18287 2.050096 -0.5069162 4.548067 2.389676 -5.906962 -0.6603194 -0.05634779 0.2162317
113 27.26398 2.027794 -0.4932047 4.680075 2.085935 -5.317608 -0.6055878 -0.06760359 0.2062342
114 27.23845 2.02295 -0.5106557 4.689029 1.8649 -5.158861 -0.3520789 -0.05698691 0.1872526
120 27.26727 2.067201 -0.5141074 4.742993 2.181254 -5.619521 -0.7015238 -0.05722452 0.2065952
128 27.35797 2.056817 -0.4989634 4.700812 2.206345 -5.028409 -0.6597309 -0.0552997 0.1850914
129 27.56862 2.035621 -0.4875344 4.682482 2.43109 -5.252629 -0.859813 -0.05156659 0.2022947
130 27.51402 2.093243 -0.5044604 4.484597 1.933213 -5.282405 -0.2621806 -0.04525289 0.1836692
134 26.94531 2.041878 -0.5104218 4.691925 1.942327 -5.089901 -0.7160831 -0.05217266 0.1871679
137 27.36791 2.056804 -0.5022394 4.757805 1.91614 -5.262568 -0.4533675 -0.05650793 0.1913836
138 27.37249 2.070971 -0.4977208 4.888646 2.027699 -5.142675 -1.07173 -0.047443 0.1919779
139 27.33444 1.991131 -0.5044263 4.482061 2.500815 -5.267253 -0.7878077 -0.04173228 0.1911196
140 27.33392 2.075276 -0.505058 4.395503 2.384152 -5.26841 -0.5138578 -0.05491781 0.2040356
144 27.12155 2.007649 -0.4986563 4.666551 2.33392 -5.510416 -0.8794322 -0.03343823 0.1876326
145 27.54826 2.058547 -0.4995012 4.67251 2.375187 -5.055547 -1.026964 -0.05653687 0.1948897
150 27.32923 2.11064 -0.5033185 4.693608 1.849186 -5.036308 -0.7778711 -0.05117795 0.1816748
151 27.20445 2.07958 -0.5142291 4.423816 2.123789 -5.494049 -0.9227798 -0.05982356 0.2116867
152 27.09845 2.066715 -0.5096343 4.560319 1.979025 -5.587736 -0.8120717 -0.05380029 0.205998
155 27.18977 2.030722 -0.5148206 4.608022 1.894627 -5.203167 -0.8553438 -0.0578583 0.196439
159 27.36041 2.088313 -0.5153924 4.540166 2.19498 -5.489831 -0.621833 -0.04176591 0.1907494
160 27.15719 2.002883 -0.5026348 4.676627 2.2088 -5.087123 -0.8154648 -0.05398194 0.1877186
161 27.34295 2.053451 -0.4992624 4.449825 1.934961 -5.000958 -0.9169617 -0.05601626 0.1984563
162 27.35284 2.053073 -0.495184 4.612619 2.368886 -5.366609 -0.7073039 -0.06629447 0.206365
163 27.27544 2.024366 -0.503193 4.432787 2.35865 -5.227806 -0.5132294 -0.04292738 0.1878642
164 27.52476 2.106108 -0.5000871 4.735182 2.212656 -5.451377 -0.7047108 -0.04853659 0.194457
165 27.32309 2.053878 -0.4974839 4.715137 2.070344 -5.572594 -0.6222359 -0.05545435 0.2023549
166 27.34716 2.087187 -0.513147 4.587104 1.864362 -5.780589 -0.7985876 -0.0479879 0.205776
168 27.55271 2.066239 -0.495026 4.585527 2.166314 -5.306534 -0.5171124 -0.05761979 0.1988198
171 27.27042 2.066562 -0.4987251 4.776954 2.480646 -5.359052 -0.8180146 -0.04666569 0.1968761
175 27.36789 2.067414 -0.5079436 4.654209 2.055112 -5.34421 -0.9232039 -0.0462026 0.1970368
176 27.23939 2.070102 -0.5088403 4.42097 2.361319 -5.613804 -0.8449055 -0.05060851 0.2159926
177 27.1848 2.055251 -0.5111749 4.568142 2.224183 -5.164771 -0.9524463 -0.04360337 0.1874527
178 27.11719 2.042119 -0.5090728 4.633216 2.038514 -4.938391 -0.7599066 -0.05348878 0.182886
180 26.97755 2.091711 -0.5255841 4.531996 2.64024 -5.542681 -0.8887503 -0.06049384 0.213269
183 27.31952 2.068341 -0.5085667 4.417757 2.405229 -5.420389 -0.8855084 -0.05139544 0.2118917
184 27.05142 2.078814 -0.5232832 4.546743 2.534204 -5.232819 -1.08357 -0.0491511 0.2036487
186 27.57975 2.076765 -0.5044831 4.592589 2.00009 -5.192147 -0.6635947 -0.04955747 0.1991618
188 27.19801 2.051887 -0.5109444 4.781345 1.922367 -5.537887 -0.7636546 -0.04861893 0.1992828
189 27.36817 2.066509 -0.5092645 4.608162 1.908285 -5.701715 -0.5389734 -0.05548559 0.205622
191 27.27038 2.094584 -0.5109333 4.462161 2.103063 -5.258613 -0.6496098 -0.03924801 0.1908698
194 27.42488 2.040933 -0.4977252 4.828868 2.330712 -5.347854 -0.8521367 -0.04679129 0.1850858
196 27.32267 2.060856 -0.5092011 4.451329 2.512833 -5.574415 -0.6518019 -0.05136181 0.2047687
197 27.13641 2.069394 -0.5179968 4.549624 2.239468 -5.434883 -0.5710104 -0.0328163 0.1915729
200 27.07392 2.045116 -0.5031272 4.610131 1.715751 -5.02928 -0.9911614 -0.04670251 0.1874096
203 27.39659 2.075664 -0.4986129 4.905023 2.552834 -5.247578 -0.4548719 -0.03738596 0.1821629
