5 27.31984 2.097123 -0.5161975 4.400963 2.473278 34.26478 -5.464947 -1.243228 -0.04634966 0.2028019
6 27.37779 2.170633 -0.5245526 4.363986 2.30209 24.69797 -5.522859 -0.7211106 -0.05246499 0.2084502
8 27.16636 2.071226 -0.5207177 4.191028 2.01897 30.39898 -5.352106 -0.7235412 -0.04516711 0.1947548
10 27.37108 2.055007 -0.4987794 4.319093 1.977465 36.7149 -5.490493 -0.8767543 -0.05189114 0.2037983
11 27.21076 2.053563 -0.4999421 4.430769 2.199558 45.53071 -5.300766 -0.6109302 -0.06098576 0.200614
12 27.20946 2.051248 -0.504474 4.337366 1.954858 32.01654 -5.117599 -0.8864697 -0.04252062 0.1863242
13 27.334 2.094451 -0.5092465 4.436723 2.294769 20.98455 -5.562191 -0.7399519 -0.04805036 0.2032009
14 27.21337 2.050842 -0.5102678 4.298963 2.091663 31.83458 -5.25453 -1.287309 -0.04825091 0.1981967
22 27.30986 2.071192 -0.5082127 4.605626 2.216387 96.27042 -5.476818 -0.6202812 -0.04402349 0.1871258
23 27.30674 2.055309 -0.5141138 4.439374 2.517953 200 -5.454757 -1.002444 -0.05892861 0.213838
30 27.53796 2.094505 -0.5028583 4.427728 2.396244 85.16413 -5.462964 -0.4485425 -0.04942142 0.1945441
33 27.31644 2.068409 -0.5059606 4.462804 2.304658 41.05275 -5.025699 -0.4983436 -0.05824253 0.1813493
34 27.19121 2.075367 -0.5117207 4.472014 1.870887 36.60771 -5.274724 -1.141607 -0.05289573 0.2050323
35 27.25461 2.037486 -0.5120517 4.244283 1.786167 20.71371 -5.000969 -0.945269 -0.04518755 0.1792776
38 27.42039 2.071326 -0.4942488 4.186171 1.845125 21.14707 -5.258735 -0.7548314 -0.06264534 0.2003971
41 27.4886 2.13131 -0.5123995 4.057518 2.233243 23.26456 -5.492765 -0.6500552 -0.05270569 0.211263
43 27.36062 2.024779 -0.4985466 4.207228 1.722367 26.76282 -5.279552 -0.793324 -0.04726286 0.1863119
44 27.33736 2.054405 -0.5062811 4.369483 1.824227 42.41664 -5.096863 -0.7308236 -0.04508447 0.1837707
46 27.06331 1.989453 -0.5071519 4.156942 1.794845 28.69269 -5.35178 -1.013826 -0.05916219 0.2037506
47 27.46081 2.044629 -0.4996812 4.448057 2.375198 50.4336 -5.249485 -0.9547609 -0.05673655 0.1989033
48 27.2101 2.104133 -0.5172848 4.37771 2.180294 30.43951 -5.106302 -0.7487349 -0.0422897 0.185222
49 27.38848 2.082511 -0.5091117 4.361401 2.350393 33.15073 -5.399861 -0.7049172 -0.04770587 0.1968065
50 27.14613 2.049673 -0.5116646 4.095448 1.832826 20.15168 -5.577278 -0.6617129 -0.03678545 0.2026953
54 27.20524 2.037129 -0.5034743 4.396475 1.866831 45.21085 -4.909685 -0.9608853 -0.0409518 0.1729111
57 27.28322 2.008686 -0.4986 4.335042 1.818936 37.05537 -4.976196 -0.8908547 -0.05220337 0.1837222
58 27.72683 2.058181 -0.4893429 4.414122 2.573183 36.79545 -5.487553 -0.5848448 -0.04564144 0.1971867
61 27.23842 2.04439 -0.512525 4.131357 1.840465 27.15656 -5.410598 -0.8039187 -0.05505393 0.2188542
62 27.0884 2.081558 -0.5157213 4.105426 2.099409 31.95926 -5.309049 -0.9342852 -0.05592268 0.2015227
66 27.39929 2.078751 -0.4978958 4.610884 1.940936 52.85975 -5.261601 -0.8177374 -0.04281958 0.1941711
68 27.17604 2.042317 -0.5088905 4.329393 2.012523 32.58504 -5.217267 -0.6675224 -0.03489188 0.1778468
69 27.23042 2.079973 -0.5189089 4.48106 1.891058 50.236 -5.268064 -0.817281 -0.04514118 0.1860694
70 27.08484 2.027298 -0.5135364 4.298239 1.723616 34.59912 -5.02144 -1.049667 -0.03884791 0.1797752
72 27.29963 2.011601 -0.4961356 4.348124 2.12621 37.05344 -5.245669 -1.088128 -0.04622452 0.1953422
73 27.29086 2.058337 -0.50964 4.206928 1.715651 23.79813 -5.02177 -0.7136263 -0.04815611 0.1785992
75 27.20746 2.064929 -0.500794 4.528343 2.05282 180.2316 -5.441634 -1.217313 -0.03869353 0.1837762
77 27.44667 2.056691 -0.4927043 4.506102 2.031522 43.42907 -5.574337 -0.470736 -0.0572528 0.2049126
78 27.07526 2.054679 -0.5157606 4.537718 1.689705 93.0585 -5.219848 -0.9673004 -0.05064307 0.1953089
79 27.05785 2.103307 -0.5198854 4.46362 1.836078 47.00434 -5.55599 -0.7039222 -0.04906605 0.1978126
80 27.39556 2.128188 -0.502211 4.211704 1.978841 24.52265 -5.206217 -0.3113889 -0.03966114 0.1794879
84 27.23987 2.078651 -0.5029415 4.247718 2.170904 50.16271 -5.268654 -0.6836556 -0.05878394 0.1998968
85 27.20306 2.015549 -0.5000951 4.152394 1.930667 27.36588 -5.136775 -0.7331192 -0.04213369 0.1798261
86 27.16877 2.070677 -0.5167881 4.157851 1.958425 21.72253 -5.160398 -0.7198303 -0.04023367 0.175805
88 27.30356 2.053523 -0.5037907 4.229147 1.59051 33.45024 -5.166037 -0.7644712 -0.0534549 0.188415
89 27.12298 2.072166 -0.5123458 4.19824 2.057844 27.88215 -5.08386 -0.8398821 -0.04532484 0.1833269
90 27.4183 2.102999 -0.5160881 4.327172 2.124801 35.60837 -5.044299 -0.6188198 -0.05192317 0.1848931
92 27.41899 2.095706 -0.5013848 4.442985 1.79292 31.51766 -4.958636 -0.7458226 -0.04535395 0.1736205
93 27.19919 2.019927 -0.5042565 4.301391 2.012931 24.76221 -5.202105 -0.4689798 -0.05082038 0.1858569
94 27.19091 2.030385 -0.5026011 4.317723 1.921784 41.40608 -5.288013 -0.7432202 -0.05299946 0.1925992
96 27.31096 2.084652 -0.5030444 4.553375 1.620292 58.44877 -4.993452 -0.913834 -0.04096277 0.1751374
97 27.29065 1.971044 -0.4874727 4.272892 1.898041 32.17624 -5.213921 -0.8552932 -0.05307552 0.1923548
100 27.16726 2.000465 -0.4993073 4.334658 2.061887 67.27577 -5.571652 -0.3579497 -0.04865838 0.196865
102 27.09116 2.040272 -0.5094509 4.390874 1.979966 38.69971 -5.587991 -0.7896212 -0.04566413 0.201141
104 27.27003 2.029998 -0.5118892 4.359752 2.327535 45.65203 -5.593453 -0.2856964 -0.03907185 0.1891604
105 27.38467 2.036079 -0.4988796 4.205667 1.697095 25.90428 -5.140454 -0.6808302 -0.04951769 0.1833228
106 27.41418 2.073826 -0.5049672 4.404756 2.043883 44.77678 -5.255177 -0.8065577 -0.04847581 0.1878458
107 27.25725 2.06085 -0.5086454 4.289547 1.994145 21.03084 -5.186139 -0.6833042 -0.05084353 0.1868333
110 27.16705 2.072156 -0.5091714 4.259408 2.246068 39.85881 -5.505083 -0.6876974 -0.05061055 0.1971213
113 27.25453 2.028303 -0.4929141 4.49981 2.059351 56.94385 -5.327148 -0.5954878 -0.06674555 0.2056268
114 27.27328 2.041915 -0.5118582 4.537584 1.831052 59.60338 -5.214556 -0.3607661 -0.05842111 0.1906497
120 27.2609 2.061272 -0.5128835 4.46421 2.024257 37.62656 -5.41832 -0.6994207 -0.05460884 0.1971978
128 27.35608 2.055934 -0.4988665 4.511738 2.035217 54.32167 -4.955873 -0.653785 -0.05249003 0.1799018
129 27.58468 2.023059 -0.487042 4.37849 2.380137 37.01987 -5.282987 -0.848447 -0.05146599 0.2032098
130 27.50393 2.093791 -0.50465 4.06065 1.715388 24.41617 -5.126169 -0.2545088 -0.04201282 0.1749742
134 26.99163 2.055928 -0.5104348 4.382529 1.978856 40.05262 -5.217337 -0.7232874 -0.05857074 0.1975374
137 27.36858 2.056704 -0.5020596 4.566322 1.947709 64.29293 -5.353363 -0.4536667 -0.05652945 0.194541
138 27.39201 2.088339 -0.4989202 4.493356 1.947875 29.69921 -5.08699 -1.087042 -0.044163 0.1871735
139 27.36098 2.002455 -0.5053216 4.07909 2.375214 28.23226 -5.30214 -0.7952469 -0.04157595 0.192212
140 27.35915 2.058063 -0.5030412 4.273491 2.474092 67.51144 -5.536564 -0.4919821 -0.05873737 0.2168144
144 27.16604 2.02451 -0.4988993 4.276884 2.207106 31.79962 -5.658482 -0.8731687 -0.03704779 0.1960373
145 27.53461 2.056849 -0.4998406 4.361329 2.268954 37.45124 -4.983428 -1.026395 -0.05479251 0.1908049
150 27.34798 2.103502 -0.5030569 4.417577 1.857466 35.10633 -5.268345 -0.7539893 -0.05745347 0.1954668
151 27.19558 2.086189 -0.5151754 4.120807 1.906238 32.15415 -5.40646 -0.9087523 -0.0569773 0.2058656
152 27.08884 2.080517 -0.5102537 4.065126 1.866852 23.16555 -5.449166 -0.81692 -0.05297656 0.2004339
155 27.20998 2.041211 -0.5149085 4.464416 1.797982 67.48917 -5.155571 -0.8657565 -0.05883258 0.1957428
159 27.34518 2.062291 -0.5131785 4.330222 2.113383 45.61041 -5.487391 -0.6181757 -0.04248928 0.1915049
160 27.20721 2.022247 -0.5039629 4.466811 2.285054 48.71568 -5.280904 -0.7997738 -0.05948185 0.1994082
161 27.32921 2.05698 -0.5008821 3.973323 1.855669 22.58173 -4.963437 -0.9188702 -0.05246924 0.1940424
162 27.35081 2.057413 -0.4958692 4.382087 2.199625 50.55693 -5.194144 -0.7101257 -0.0588933 0.1934906
163 27.24257 2.0367 -0.5053172 3.961422 2.160722 21.62491 -5.051942 -0.5134747 -0.0368619 0.1761266
164 27.55963 2.117812 -0.5002601 4.353924 2.243303 29.51589 -5.697453 -0.7208908 -0.05620914 0.2101159
165 27.30408 2.063235 -0.4990626 4.474034 1.926726 45.45352 -5.446285 -0.6325786 -0.0529197 0.1957228
166 27.32528 2.094465 -0.5142108 4.358473 1.833139 50.86565 -5.551656 -0.7991387 -0.04704828 0.1967995
168 27.53791 2.082809 -0.4981945 4.428721 2.10618 92.11477 -5.301244 -0.5063252 -0.05268999 0.1938654
171 27.2981 2.076511 -0.4991319 4.336027 2.486174 25.67522 -5.617308 -0.8528422 -0.0579886 0.216706
175 27.37624 2.090935 -0.5102443 4.163947 1.927549 22.58025 -5.243256 -0.9139833 -0.04085265 0.1884875
176 27.24472 2.066739 -0.5085926 4.216253 2.276277 48.43083 -5.474396 -0.8366863 -0.04695926 0.2077232
177 27.16785 2.061365 -0.5119469 4.525068 2.122421 200 -4.999178 -0.9508632 -0.03692867 0.1754081
178 27.13065 2.043057 -0.5097065 4.279582 2.054953 30.4025 -5.11364 -0.7648287 -0.05927627 0.1946387
180 26.89625 2.097381 -0.5271109 4.13567 2.261368 26.9429 -4.971176 -0.9183274 -0.0425139 0.1766548
183 27.25259 2.076055 -0.5110841 3.974998 2.008768 25.30102 -5.165171 -0.8678006 -0.04371281 0.1958815
184 27.03307 2.097531 -0.5256961 4.080323 2.1522 23.93484 -4.978804 -1.064726 -0.03862782 0.1847498
186 27.62287 2.101462 -0.5064975 4.219751 2.04584 32.34009 -5.272383 -0.6490516 -0.05101933 0.2029508
188 27.23253 2.073909 -0.5123522 4.476115 1.887918 35.14986 -5.637801 -0.761024 -0.05179759 0.2055546
189 27.36122 2.086968 -0.5113587 4.474143 1.772542 91.72891 -5.352175 -0.5530727 -0.05176033 0.1900079
191 27.26906 2.106431 -0.5132425 4.032494 1.99275 24.93267 -5.281265 -0.63113 -0.0375119 0.1897782
194 27.43766 2.036525 -0.4967818 4.650047 2.223318 59.30787 -5.222332 -0.8472693 -0.04581539 0.1797462
196 27.32622 2.057683 -0.5084567 4.208433 2.328943 39.09651 -5.484087 -0.6398558 -0.04857005 0.1989557
197 27.1599 2.075412 -0.5194855 4.052201 2.122651 21.86682 -5.547958 -0.5630791 -0.03309313 0.1956921
200 27.07302 2.063453 -0.5052144 4.186334 1.727307 26.39052 -5.176266 -0.9977486 -0.05346644 0.1989389
203 27.40381 2.07167 -0.4981891 4.509075 2.418497 28.03815 -5.270455 -0.4563495 -0.03606091 0.1819007
