5 0.128173 0.02634036 0.007325998 0.2419474 0.1155834 0.3161763 0.1064392 0.01327853 0.01924406
6 0.1288179 0.02794184 0.007403077 0.2391018 0.1180745 0.3074467 0.095201 0.01245431 0.01825677
8 0.1216854 0.02594242 0.007277772 0.2164649 0.1114765 0.3196496 0.0970169 0.01308289 0.01921277
10 0.1252672 0.02537489 0.007165276 0.1979765 0.1125484 0.3274667 0.1019939 0.01353108 0.01970504
11 0.1270884 0.02537222 0.007215222 0.2154055 0.1122903 0.3070083 0.10005 0.01369945 0.01965201
12 0.1279249 0.02564049 0.007314548 0.2151659 0.1147573 0.302868 0.09863032 0.01305073 0.01875703
13 0.1295893 0.02624982 0.007454745 0.2318977 0.1206056 0.3159739 0.09846115 0.01285357 0.01877748
14 0.1240279 0.02592438 0.007298959 0.2148929 0.1133475 0.3301452 0.1081633 0.013434 0.01989456
22 0.1236167 0.02553949 0.00727005 0.2116361 0.1139746 0.3419481 0.1037653 0.01373979 0.0201373
23 0.1244356 0.02559941 0.007153993 0.2346208 0.1096658 0.3152752 0.1003125 0.01323332 0.01941858
30 0.1274716 0.02547588 0.007007137 0.2280122 0.1099908 0.309664 0.0965375 0.01275262 0.0184211
33 0.1279342 0.02562731 0.007285433 0.2364811 0.1149608 0.2965281 0.05495801 0.004632303 0.01330892
34 0.1219853 0.0262948 0.007366897 0.192579 0.1167085 0.2681836 NaN 0.02050037 0.02456087
35 0.1198928 0.02598531 0.007409906 0.1917044 0.117863 0.3085814 0.05648031 0.01604156 0.02364953
38 0.1289214 0.02589691 0.007132875 0.2091719 0.1136242 0.3001458 0.08093308 0.008235311 0.01698998
41 0.1307183 0.0263175 0.007087351 0.2436444 0.1100055 0.2843522 NaN 0.004029702 0.01440863
43 0.1222596 0.02473154 0.007160989 0.1874115 0.1123624 0.2849057 0.1255498 NaN NaN
44 0.1223434 0.02558182 0.007255231 0.1923506 0.1136533 0.2900367 0.03924699 0.009022293 0.01716659
46 0.1199491 0.0246428 0.007252649 0.1986542 0.1098645 0.3396811 0.1467682 0.06117261 0.06691697
47 0.1281161 0.0250667 0.007176879 0.2213732 0.1130812 0.2730629 NaN 0.03298273 0.03668885
48 0.1252409 0.02641458 0.007343451 0.2257807 0.1159602 0.2897152 NaN 0.01046025 0.01795409
49 0.1293246 0.02647258 0.007259939 0.2299335 0.1151656 0.2895007 0.03376793 0.005648244 0.01473342
50 0.1226829 0.02589007 0.007346824 0.1943882 0.115086 0.2896577 NaN NaN 0.01352301
54 0.1246489 0.0250243 0.007238397 0.2074548 0.1135632 0.3777529 NaN 0.04483254 0.05324927
57 0.1254311 0.02475404 0.007236029 0.2024961 0.1131624 0.3054141 0.05014836 0.01397328 0.02173195
58 0.1416422 0.02616567 0.007160655 0.2544502 0.1170653 0.2947508 0.03568482 0.001396984 0.01368295
61 0.1227294 0.02542989 0.007275225 0.1961467 0.1134538 0.2816655 NaN NaN 0.009178133
62 0.1218293 0.02557135 0.007130374 0.2185237 0.1069722 0.3165043 NaN 0.02056944 0.0268637
66 0.129003 0.0265337 0.007302247 0.2054824 0.1186357 0.2882662 NaN 0.006414289 0.01545783
68 0.1240332 0.02573275 0.007307 0.2101169 0.1142665 0.3014424 0.03970515 0.007033931 0.01590655
69 0.1185255 0.02590624 0.007323422 0.1931287 0.1152212 0.3047903 0.1105815 0.007117988 0.01772188
70 0.1185956 0.02575957 0.007341974 0.1908599 0.113352 0.2701381 NaN 0.02739967 0.03013705
72 0.1286128 0.02514707 0.007213 0.2205588 0.1146253 0.3044339 NaN 0.01719118 0.02359553
73 0.1213127 0.02604005 0.007277245 0.1980994 0.1144919 0.2991176 0.1354757 0.008131395 0.01777217
75 0.1241297 0.02561394 0.007115094 0.2126719 0.110542 0.2856176 NaN NaN NaN
77 0.1284338 0.02531504 0.007198541 0.2040701 0.1164853 0.3634374 0.3294124 0.02876908 0.02348901
78 0.1167453 0.02587019 0.007330515 0.1780034 0.1127124 0.2829763 NaN 0.0325453 0.03674925
79 0.1188387 0.02670461 0.007368852 0.1934304 0.1138011 0.3092101 NaN 0.01138274 NaN
80 0.1291696 0.02658804 0.007170459 0.2093719 0.1150541 0.2771634 0.04112536 NaN 0.002313749
84 0.1271537 0.0256869 0.007103158 0.2145711 0.1093665 0.2933156 0.05972489 0.006443352 0.01586779
85 0.1261904 0.0246977 0.007214527 0.2106426 0.1110901 0.3003589 0.05616554 0.006824749 0.01613148
86 0.1220453 0.02552377 0.007347622 0.2137673 0.1145945 0.3043671 0.006918046 0.007879573 0.01546018
88 0.1199465 0.02546388 0.007127215 0.1887414 0.1102386 0.2639366 0.1315449 NaN NaN
89 0.1204171 0.02570544 0.007256363 0.1929478 0.1118465 0.3053148 0.04869148 0.01473651 0.02225479
90 0.1235287 0.02624017 0.007205205 0.216169 0.1118533 0.2961087 0.06512854 0.006480442 0.01575555
92 0.1262079 0.02585904 0.007251584 0.1970444 0.1176102 0.2992756 0.06501714 0.008373704 0.01741613
93 0.1263225 0.02576262 0.007310943 0.2222933 0.1144615 0.2907043 0.05411042 NaN 0.01098655
94 0.1241657 0.02516976 0.00721205 0.2059473 0.1109097 0.2394629 NaN NaN NaN
96 0.1232189 0.02626239 0.007280027 0.1860884 0.1163739 0.2915126 0.113448 0.04751991 0.05180864
97 0.1258395 0.02398178 0.007173957 0.193842 0.1122669 0.3164985 0.03658322 0.02097123 0.02903946
100 0.1221246 0.02430868 0.00717463 0.1934158 0.1098312 0.2882058 0.03685751 NaN 0.00769708
102 0.12144 0.02557148 0.007352726 0.1980862 0.1155294 0.2960595 0.05401405 0.007580669 0.01598963
104 0.124331 0.02522193 0.007288932 0.2239509 0.1133473 0.3055845 0.05262786 NaN 0.01023011
105 0.1221482 0.0249326 0.007138016 0.1875608 0.1118868 0.2985582 0.1899065 0.01294433 0.01722839
106 0.125961 0.02554875 0.00716257 0.2139787 0.1130778 0.3137389 0.06041388 0.01347301 0.02190585
107 0.1257518 0.02593209 0.007330856 0.2209603 0.1171925 0.305767 0.1299368 0.007164552 0.01768869
110 0.1256821 0.02533269 0.0071807 0.227083 0.1105571 0.3296153 0.02661744 0.007971374 0.01584911
113 0.1272961 0.0251388 0.007190405 0.2084784 0.1134464 0.2995572 NaN NaN 0.01179436
114 0.1196831 0.02532697 0.007328828 0.1916503 0.1131328 0.2881431 0.06894289 NaN 0.009232617
120 0.1230598 0.02611754 0.007341752 0.2149517 0.1163853 0.6788499 0.122137 0.07626161 0.1063742
128 0.1273469 0.02556437 0.00719863 0.2183391 0.1150456 0.2885459 0.08674096 0.00689698 0.01565589
129 0.1353775 0.02523592 0.007114522 0.234104 0.1143612 0.2865957 NaN 0.01001752 0.01791003
130 0.1238356 0.02577248 0.007032121 0.1968902 0.1093406 0.2868053 0.06126455 NaN 0.01099556
134 0.1210408 0.02586251 0.007393147 0.1970431 0.1143517 0.2913016 0.1166436 0.006746818 0.01599183
137 0.1238188 0.02577554 0.00725635 0.1970449 0.11526 0.2940566 0.06065383 NaN 0.0113549
138 0.1305493 0.0266238 0.007352808 0.2076325 0.1195764 0.3079565 NaN 0.03248132 0.03727826
139 0.1276316 0.02437529 0.007155795 0.2348598 0.1097096 0.2913823 NaN 0.01096474 0.01831101
140 0.1270019 0.02533984 0.007023961 0.2271656 0.1080918 0.2827747 NaN NaN 0.01019963
144 0.1283139 0.02502213 0.007299786 0.22516 0.115859 0.3189574 0.04389905 0.01313222 0.02103247
145 0.1297103 0.02546013 0.007148623 0.2304304 0.1142856 0.2842776 NaN 0.01651713 0.0226016
150 0.1225687 0.02633645 0.007171407 0.1918133 0.1141982 0.293942 NaN 0.01130835 0.01279632
151 0.1199369 0.02540856 0.00709435 0.2068256 0.1077708 0.3133445 NaN 0.02387829 0.02952545
152 0.1209571 0.02568165 0.007225009 0.1988867 0.1112473 NaN NaN NaN NaN
155 0.1185989 0.02533692 0.007291455 0.1927873 0.111032 NaN NaN NaN NaN
159 0.12239 0.02587653 0.007162981 0.2137715 0.1110145 0.3045828 0.05713153 0.005360999 0.01467019
160 0.1257279 0.02504507 0.007317218 0.2160091 0.1138776 NaN NaN NaN NaN
161 0.1257991 0.02537747 0.007068227 0.1959884 0.1094595 0.2867027 NaN 0.01278545 0.02000364
162 0.1294142 0.0252619 0.007110977 0.228001 0.111466 0.2993746 NaN 0.0100928 0.01295505
163 0.1259815 0.0246955 0.007087157 0.2241094 0.1084882 0.2851196 NaN 0.001141192 0.0134786
164 0.128709 0.02626403 0.007148064 0.2188002 0.1155564 0.3049814 0.06222555 0.006306034 0.01568269
165 0.1269656 0.0256234 0.007217616 0.2082496 0.1148545 0.3174782 0.03897779 0.01146874 0.01638015
166 0.1187306 0.02579889 0.007174582 0.19156 0.1125787 0.3573402 0.05236987 0.02607321 0.03419395
168 0.130923 0.02566361 0.007071463 0.214545 0.1117235 0.2866918 0.04883279 0.002977887 0.01404855
171 0.1319835 0.02613005 0.007289319 0.2387079 0.1170862 0.2911991 NaN 0.009744523 0.01749791
175 0.1255231 0.02603798 0.007252548 0.2056595 0.1141591 0.2985076 0.0389565 0.009263032 0.01737652
176 0.1261463 0.02548721 0.007094549 0.2246229 0.1083179 0.2978227 NaN 0.00943232 0.01754913
177 0.1236625 0.02561509 0.007230614 0.2158638 0.1114555 0.305055 NaN 0.01701036 0.02396685
178 0.1232797 0.02570893 0.00730869 0.2042341 0.112816 0.2919242 0.06594861 0.008803068 0.01742853
180 0.124117 0.02632712 0.007314851 0.244237 0.1103504 0.3092598 NaN 0.01896478 0.02532468
183 0.1256051 0.02525505 0.007053673 0.2286597 0.1089604 0.2864323 NaN 0.01242282 0.01947339
184 0.1240145 0.02615007 0.007308662 0.237122 0.1110945 0.2850781 NaN 0.01566162 0.02155757
186 0.1258869 0.02580611 0.007126994 0.2016164 0.1132233 0.2781059 NaN NaN 0.01283306
188 0.122579 0.02613774 0.007407487 0.197248 0.1171637 0.3121395 0.08919112 0.007149826 0.01678862
189 0.1211253 0.02566043 0.007188403 0.194201 0.1122523 0.3160978 0.05792832 NaN 0.01247917
191 0.1239431 0.02603722 0.007111217 0.2075239 0.1101252 0.2845362 NaN 0.004426138 0.01431866
194 0.1302933 0.02567396 0.007290507 0.2265745 0.1164796 0.3406414 0.04400602 0.02484144 0.02839767
196 0.1265289 0.02520453 0.00708356 0.2349762 0.1091752 0.300774 0.04248551 0.00507063 0.01484131
197 0.1219841 0.0258476 0.007265453 0.2165427 0.1124993 0.28925 NaN NaN 0.01163749
200 0.1206 0.0255581 0.007255943 0.1820911 0.112511 0.2940857 0.03692475 0.01299088 0.02042791
203 0.1340689 0.02647423 0.007335298 0.245167 0.1200774 0.2773472 0.02504396 NaN 0.01186462
