5 0.1257095 0.02630599 0.00723646 0.2347123 0.1378215 10.40865 0.3131643 0.1065969 0.0133058 0.0190989
6 0.1236349 0.02754533 0.007299335 0.2195129 0.1421653 5.728792 0.3014003 0.09498248 0.01242166 0.01807598
8 0.1182791 0.02569327 0.007224635 0.1988131 0.1342149 8.727728 0.3208451 0.09672373 0.01291836 0.01912772
10 0.1249222 0.02524417 0.007102118 0.1994339 0.1301959 10.89004 0.3266623 0.1022254 0.01361313 0.01967565
11 0.1265383 0.02571081 0.007213101 0.2153057 0.1285015 15.44075 0.2991031 0.1000191 0.01367702 0.01934766
12 0.1238783 0.02581549 0.007262427 0.1989066 0.1361586 9.408983 0.3060206 0.09848971 0.01290672 0.0187598
13 0.1274269 0.02668555 0.007348386 0.2224356 0.1487723 4.437609 0.3131074 0.09854067 0.01281071 0.01860249
14 0.1232333 0.02559508 0.007220231 0.205852 0.134615 8.975987 0.3292623 0.10825 0.01346059 0.01988489
22 0.1236879 0.0258277 0.007265899 0.2163826 0.1277318 56.69566 0.3304863 0.1040199 0.01378206 0.01979889
23 0.1259177 0.02513638 0.007169743 0.2346808 0.1304125 262.5989 0.3193155 0.1007888 0.01333585 0.01967106
30 0.1284929 0.02567469 0.007044984 0.2295032 0.1224181 49.01732 0.3025762 0.09671111 0.01278295 0.01823981
33 0.1257018 0.02576202 0.007211191 0.2236097 0.1328869 13.75014 0.3018003 0.05801042 0.004755893 0.01397584
34 0.1221541 0.0264573 0.007368661 0.1917365 0.14009 12.36705 0.2752229 NaN 0.0192667 0.02355945
35 0.1189849 0.02547309 0.007273296 0.1830266 0.14357 4.346179 0.3165212 0.07151562 0.01882718 0.0269104
38 0.1256762 0.02582929 0.00707823 0.1902393 0.1388214 4.480464 0.3016641 0.08250569 0.008195534 0.01716789
41 0.1252552 0.026097 0.007005205 0.2173068 0.1373111 5.681216 0.285486 NaN 0.00298958 0.01409049
43 0.1203249 0.02460488 0.007074254 0.1805456 0.1389101 7.758105 0.2727759 0.0839426 NaN NaN
44 0.1209767 0.02571318 0.007181199 0.1891044 0.129787 14.6305 0.2918417 0.05204502 0.008890877 0.01708728
46 0.1181607 0.02441993 0.007185536 0.1837512 0.131933 7.432493 0.355686 0.2707491 0.09655052 0.1030991
47 0.1278583 0.02520865 0.00714028 0.229014 0.1314949 21.09094 0.2937405 NaN 0.03111658 0.03569119
48 0.1232453 0.02681434 0.007289029 0.2165973 0.1386445 8.651864 0.2919212 0.02278563 0.01151805 0.0187385
49 0.1269388 0.02583586 0.007178289 0.2254073 0.136379 9.684047 0.2936075 0.03977518 0.005100877 0.01479863
50 0.1197686 0.0254605 0.007182939 0.184889 0.1455612 4.417234 0.2945248 NaN NaN 0.01358716
54 0.1208709 0.02525118 0.007225632 0.1925354 0.13076 16.88774 0.5557824 NaN 0.08693385 0.1010881
57 0.1217763 0.02472103 0.007161939 0.1880111 0.1339448 12.72665 0.3078599 0.07071457 0.01407229 0.02243203
58 0.1366082 0.02524459 0.007032322 0.244144 0.137063 12.00768 0.2898086 0.02226198 0.0008313623 0.01328868
61 0.1199134 0.02539145 0.007174722 0.1865788 0.1382487 7.183131 0.2806 NaN NaN 0.008850181
62 0.119156 0.02550329 0.00708348 0.2036502 0.1286537 9.343059 0.3103138 NaN 0.02583718 0.0317998
66 0.1277115 0.02624624 0.007234678 0.1997579 0.1344525 22.45238 0.2843033 NaN 0.00691655 0.01548034
68 0.1220907 0.02549088 0.007235659 0.2000573 0.136436 10.07512 0.2941296 0.04289292 0.006686714 0.01535282
69 0.1191647 0.02623267 0.007330778 0.1931549 0.1333114 20.27248 0.3061963 0.1132032 0.008513057 0.01877998
70 0.1171383 0.0252196 0.007292355 0.1807204 0.1330908 10.53349 0.2627728 NaN 0.02400414 0.02724346
72 0.1262697 0.02481717 0.007199805 0.2105349 0.1381073 13.59847 0.2994391 NaN 0.0191802 0.02533742
73 0.1181556 0.02533831 0.007153513 0.178284 0.1366766 5.447074 0.2931462 NaN 0.005032106 0.014016
75 0.1235508 0.02541151 0.007132623 0.2042661 0.1189258 140.7042 0.2858132 NaN NaN NaN
77 0.1287012 0.02562563 0.007164573 0.2049431 0.1383932 16.70487 0.3069279 0.134465 0.008362449 0.01362214
78 0.1168991 0.02599027 0.00735323 0.1786468 0.1282372 67.84026 0.2962874 NaN 0.03015568 0.03470994
79 0.1176535 0.02657285 0.007327886 0.1891499 0.1308791 17.32122 0.3193624 0.06126743 0.01391843 0.0101805
80 0.1245815 0.02616036 0.007023202 0.199782 0.1397737 5.816895 0.27622 0.04017562 NaN 0.004853918
84 0.1253007 0.02555545 0.00705908 0.2110336 0.1249001 20.98572 0.2937484 0.06044445 0.006464749 0.01575231
85 0.1217222 0.02462712 0.007076423 0.1946337 0.1322655 6.891083 0.2932311 0.07634263 0.006708683 0.0155757
86 0.1188182 0.0256345 0.007166596 0.1950807 0.1395502 4.848645 0.301018 NaN 0.007047598 0.01508112
88 0.1178233 0.02507971 0.007054689 0.1707439 0.1323911 10.88828 0.2591651 0.1400862 NaN NaN
89 0.1215958 0.02574885 0.007173473 0.2045894 0.1345725 7.25314 0.296854 0.04032797 0.012513 0.02026023
90 0.1216066 0.02626896 0.007166449 0.2096052 0.1325994 11.54289 0.2918865 0.05930301 0.00661789 0.0157697
92 0.1230382 0.02621928 0.007213854 0.1874784 0.1373934 8.740938 0.2938845 0.08518518 0.009850421 0.01792959
93 0.1229895 0.02511395 0.007252887 0.2009473 0.1385628 5.888262 0.284444 0.05219409 NaN 0.01082588
94 0.1232294 0.02496535 0.007140875 0.1933059 0.1362177 15.86525 1.069832 0.2555077 0.1196705 0.1906866
96 0.1211212 0.02634321 0.007262606 0.1758427 0.1331433 28.16763 0.2748085 0.0893964 0.04247654 0.04610121
97 0.1249913 0.02381821 0.007075574 0.1938849 0.133211 9.232864 0.3167162 0.04366551 0.02102802 0.02926567
100 0.1232939 0.02442518 0.007140284 0.2034771 0.1220106 31.17142 0.2947974 0.04653811 NaN 0.008509283
102 0.1214165 0.02546733 0.007305531 0.1990205 0.1310168 11.29589 0.3109538 0.05816237 0.006577664 0.01598673
104 0.1240505 0.02514059 0.007228368 0.2226578 0.1295979 16.57208 0.3051902 0.05446021 NaN 0.007337403
105 0.1206054 0.02479736 0.007062312 0.1781361 0.1320648 5.935071 0.2985442 NaN NaN 0.01345466
106 0.1232696 0.02555456 0.00712646 0.2044931 0.1304723 16.48773 0.3243426 0.07594506 0.01631677 0.02508495
107 0.1223999 0.02572665 0.007277914 0.1995052 0.1436056 4.509007 0.2971003 0.1253037 0.00885724 0.01609306
110 0.1225656 0.02529293 0.007101275 0.2156136 0.1298417 13.89579 0.315557 0.0318087 0.00845453 0.01652565
113 0.1272498 0.02533358 0.007200198 0.2068489 0.127261 22.68037 0.2957114 NaN NaN 0.01223682
114 0.1192959 0.02574561 0.007301525 0.1886335 0.1345557 31.46729 0.28763 0.06914529 NaN 0.009364162
120 0.122139 0.02608513 0.00730241 0.2022674 0.1378844 13.0347 NaN 0.09304075 NaN NaN
128 0.1259962 0.02548327 0.007181874 0.2048398 0.1307359 22.76338 0.2881844 0.08730711 0.007705172 0.01622516
129 0.1352576 0.02488185 0.007066448 0.2320267 0.1344953 12.13947 0.2835393 NaN 0.01008329 0.0179133
130 0.1202339 0.02552745 0.006948992 0.1795805 0.1335278 6.057304 0.286839 0.07078782 NaN 0.01278314
134 0.1211683 0.02590099 0.007291292 0.1989564 0.1307923 12.98462 0.2935011 0.09302006 0.005908198 0.01580038
137 0.1239222 0.02569761 0.007231849 0.1994246 0.1287357 30.53925 0.2955808 0.05471674 NaN 0.01142245
138 0.1268918 0.02636816 0.0072162 0.1979179 0.1438612 8.30281 0.2889799 NaN 0.02597269 0.03069111
139 0.1248074 0.0240788 0.007022095 0.2233458 0.1318251 7.59944 0.2926713 NaN 0.01048732 0.01803758
140 0.1287049 0.02514899 0.00703201 0.2342143 0.1192157 29.53641 0.2837105 NaN NaN 0.008171487
144 0.1264683 0.02495211 0.007127171 0.212971 0.1380258 9.436992 0.3225519 0.01343216 0.01248496 0.02032479
145 0.1273702 0.0252308 0.007096673 0.2206503 0.1348728 12.8174 0.2875478 NaN 0.01675254 0.02301112
150 0.1228119 0.02613377 0.007159007 0.1926947 0.1339268 10.25105 0.3283597 0.194345 0.01205197 0.03267873
151 0.1178346 0.02568429 0.007084958 0.1917451 0.1262451 8.848723 0.3718295 NaN 0.04881294 0.05507143
152 0.1181378 0.02547785 0.007053726 0.1887412 0.133631 5.236596 0.4780549 0.07684666 0.06078372 0.07272066
155 0.1170061 0.02536592 0.007281213 0.1858109 0.1279805 35.41237 0.4090159 0.02904281 0.0549315 0.06389864
159 0.1218782 0.02550053 0.007168584 0.2064765 0.129542 17.34931 0.3035846 0.05040074 0.005118274 0.01464593
160 0.1267812 0.02524774 0.007266242 0.2223185 0.1310221 18.4961 0.3481092 0.08976866 0.02514863 0.03385659
161 0.1217107 0.0249604 0.006940635 0.1890706 0.1359241 5.410989 0.2828162 NaN 0.01225712 0.01962873
162 0.1260334 0.02504775 0.007047023 0.2145143 0.1281946 20.26867 0.3009761 NaN 0.01131818 0.01709492
163 0.12239 0.02461809 0.007002517 0.208543 0.1360343 5.06581 0.2804689 NaN 0.002984711 0.01349891
164 0.1288933 0.02628519 0.007029832 0.219844 0.1383547 7.985626 0.3109151 0.061819 0.006355814 0.01601495
165 0.1235519 0.02548722 0.007183355 0.1974703 0.1360709 18.97726 0.3131894 NaN 0.01214569 0.01702272
166 0.1180491 0.02592329 0.007140479 0.1882039 0.1309914 21.93175 0.4444185 0.09955471 0.04732379 0.06072985
168 0.1261008 0.02539616 0.007013914 0.2073275 0.1204346 51.67513 0.2884154 0.05196459 0.002944833 0.01382843
171 0.1322198 0.02600437 0.007157966 0.2377345 0.141813 6.446834 0.298705 NaN 0.009054936 0.01718954
175 0.1213423 0.02575631 0.007104761 0.1919217 0.1409447 5.323894 0.2954134 0.02065385 0.009654779 0.01747847
176 0.1246469 0.025239 0.007044891 0.2195504 0.1277385 21.09915 0.2910741 NaN 0.008966889 0.01705248
177 0.1222331 0.02570279 0.007247351 0.2096806 0.12031 163.9605 0.3010703 NaN 0.01991728 0.02666821
178 0.1229273 0.02567305 0.007278148 0.203895 0.1345822 8.485212 0.295268 0.06385912 0.008690992 0.01731474
180 0.1191001 0.02626293 0.007259431 0.2160189 0.1330095 7.099898 0.1721322 NaN NaN NaN
183 0.119401 0.02527224 0.007020126 0.1968495 0.1328138 6.71864 0.2829836 NaN 0.01428655 0.02106487
184 0.1187086 0.02620227 0.007212197 0.2092104 0.1385494 6.378537 0.2834656 NaN 0.02004993 0.02520061
186 0.1244289 0.02600761 0.007028697 0.2016094 0.1362542 10.11736 0.2797985 NaN NaN 0.0128111
188 0.1211347 0.02625398 0.007331273 0.1938471 0.1384011 11.12333 0.3169681 0.08139656 0.00707484 0.01713316
189 0.1183987 0.02586774 0.007145181 0.1843135 0.131046 71.69004 0.3054007 0.05297185 NaN 0.01235181
191 0.1201854 0.02581638 0.007023385 0.1961092 0.1337769 6.101585 0.2842213 NaN 0.005467783 0.01456478
194 0.1281484 0.0254014 0.007247998 0.2192777 0.1335223 26.36568 0.3571846 0.08879351 0.03001985 0.0332841
196 0.1244961 0.0250387 0.007054632 0.2222109 0.1286096 13.39223 0.2999651 0.0437976 0.00530692 0.01506786
197 0.1211826 0.02559251 0.007160016 0.2067074 0.142555 5.311087 0.2920053 NaN NaN 0.01111181
200 0.1190727 0.02545001 0.007162641 0.1779641 0.1350032 6.61477 0.2972763 0.03387336 0.01139287 0.01913862
203 0.1332855 0.02646333 0.007276378 0.2345801 0.1468098 7.760189 0.276242 0.03395478 NaN 0.01168703
