5 134.4382 131.5017
6 123.7402 123.5527
8 123.1247 124.5987
10 135.6355 134.0401
11 140.7133 139.1077
12 120.02 120.9141
13 126.918 122.4781
14 127.4382 129.1513
22 42.94579 41.17636
23 41.44588 42.38337
30 136.8201 136.5235
33 149.0239 147.4842
34 126.221 124.4802
35 127.6176 130.0731
38 137.4128 140.1432
41 121.553 119.9821
43 151.6476 150.2943
44 124.4562 124.5119
46 130.9616 133.5009
47 136.0852 132.7574
48 118.5713 118.3451
49 127.4196 127.3113
50 107.2962 106.542
54 127.0194 126.9631
57 131.204 132.864
58 125.991 127.5972
61 97.17157 96.88379
62 126.5494 128.8711
66 120.7581 120.7375
68 117.6753 119.7361
69 129.9338 128.3984
70 119.5441 122.0042
72 118.7439 121.8878
73 134.2368 137.8872
75 160.7914 164.0635
77 129.541 128.1736
78 124.8636 123.7505
79 142.4939 141.5435
80 117.9467 117.7877
84 127.8467 128.0156
85 123.2352 123.412
86 133.7498 131.6847
88 137.7998 140.222
89 126.3355 123.7427
90 126.538 126.3639
92 134.709 134.4124
93 129.2324 131.8994
94 136.2056 136.3669
96 133.698 134.8498
97 129.9157 128.0415
100 124.6775 121.7219
102 124.3836 121.9031
104 121.1585 119.2768
105 135.3516 133.9905
106 134.8982 134.7072
107 129.4905 131.9808
110 142.4989 142.4002
113 133.9669 134.5367
114 141.2127 138.3225
120 139.0198 140.875
128 131.026 130.918
129 121.4722 121.3962
130 122.5404 124.5975
134 124.4398 122.5779
137 141.3895 140.7859
138 128.1758 126.9787
139 114.1273 113.1883
140 112.3342 111.6589
144 126.815 125.0076
145 129.0987 129.6248
150 142.9216 142.0866
151 126.3234 126.8921
152 134.4353 135.344
155 134.8226 134.4142
159 128.6687 130.9905
160 135.2184 130.8656
161 114.5287 114.7655
162 144.3606 143.9584
163 117.34 118.4236
164 138.9845 136.836
165 150.0639 151.1623
166 140.2124 141.453
168 129.8332 128.7153
171 126.526 124.7687
175 121.9446 121.8254
176 114.1269 115.1247
177 120.1662 120.3285
178 125.6768 124.836
180 126.9393 132.5737
183 107.8778 110.3001
184 108.5787 110.2843
186 111.7656 109.3822
188 128.9246 126.7844
189 146.5849 146.9707
191 113.3414 112.6858
194 162.5116 163.1587
196 122.5537 123.2471
197 106.3312 105.0235
200 120.4557 119.4727
203 119.6002 120.7756
