5 100400005
6 100400006
8 100400008
10 100400010
11 100400011
12 100400012
13 100400013
14 100400014
22 100400022
23 100400023
30 100400030
33 100400033
34 100400034
35 100400035
38 100400038
41 100400041
43 100400043
44 100400044
46 100400046
47 100400047
48 100400048
49 100400049
50 100400050
54 100400054
57 100400057
58 100400058
61 100400061
62 100400062
66 100400066
68 100400068
69 100400069
70 100400070
72 100400072
73 100400073
75 100400075
77 100400077
78 100400078
79 100400079
80 100400080
84 100400084
85 100400085
86 100400086
88 100400088
89 100400089
90 100400090
92 100400092
93 100400093
94 100400094
96 100400096
97 100400097
100 100400100
102 100400102
104 100400104
105 100400105
106 100400106
107 100400107
110 100400110
113 100400113
114 100400114
120 100400120
128 100400128
129 100400129
130 100400130
134 100400134
137 100400137
138 100400138
139 100400139
140 100400140
144 100400144
145 100400145
150 100400150
151 100400151
152 100400152
155 100400155
159 100400159
160 100400160
161 100400161
162 100400162
163 100400163
164 100400164
165 100400165
166 100400166
168 100400168
171 100400171
175 100400175
176 100400176
177 100400177
178 100400178
180 100400180
183 100400183
184 100400184
186 100400186
188 100400188
189 100400189
191 100400191
194 100400194
196 100400196
197 100400197
200 100400200
203 100400203
