1 2526.081 2582.019 2577.066 2583.22 2607.006 2604.801
2 2471.277 2474.384 2475.854 2576.611 2510.724 2509.523
3 2544.498 2598.897 2595.778 2692.605 2646.882 2643.478
4 2461.954 2508.056 2502.231 2501.157 2527.848 2526.692
5 2709.937 2785.668 2788.309 2773.571 2819.478 2815.39
6 2328.685 2385.354 2388.761 2397.511 2413.979 2413.569
7 2807.568 2831.562 2829.273 2910.616 2885.025 2892.003
8 2566.599 2609.742 2618.731 2614.754 2637.747 2638.414
9 2625.933 2700.49 2689.462 2698.398 2711.228 2714.709
10 2428.572 2469.071 2464.993 2664.745 2527.061 2513.066
11 2852.994 2919.743 2906.749 2928.24 2957.841 2943.103
12 2406.729 2484.195 2483.785 2611.824 2539.72 2542.362
13 2506.686 2569.215 2576.057 2628.749 2647.184 2647.304
14 2696.145 2755.69 2755.448 2788.399 2802.821 2797.54
15 2564.897 2629.893 2630.512 2647.874 2657.223 2658.065
16 2447.077 2503.045 2503.972 2587.751 2569.415 2562.234
17 2794.566 2868.978 2864.485 2989.453 2924.318 2924.252
18 2616.732 2659.667 2691.165 2677.59 2704.958 2726.147
19 2307.1 2372.495 2359.773 2328.872 2373.112 2364.166
20 2619.851 2701.867 2686.299 2738.812 2804.556 2794.021
21 2304.993 2380.636 2379.273 2378.734 2416.55 2406.36
22 2399.9 2454.312 2441.362 2421.298 2458.998 2451.591
23 2439.969 2520.964 2517.748 2475.63 2531.305 2533.768
24 2501.692 2545.507 2547.54 2598.278 2603.457 2604.859
25 2927.688 2945.871 2930.901 2977.664 2996.621 2987.464
26 2859.844 2916.591 2921.101 2972.194 2962.827 2957.265
27 2565.63 2611.946 2608.005 2584.781 2612.594 2617.082
28 2481.831 2565.876 2551.718 2545.705 2584.029 2569.739
29 2378.8 2429.104 2442.39 2400.262 2438.556 2453.12
30 2552.215 2633.329 2612.327 2678.487 2646.484 2623.514
31 2724.893 2801.301 2805.064 2877.509 2861.635 2870.894
32 2394.518 2460.202 2466.417 2497.659 2485.759 2478.503
33 2520.247 2591.104 2597.56 2763.666 2699 2700.686
34 2799.46 2857.4 2851.27 2837.996 2861.637 2854.037
35 2724.641 2776.247 2762.383 2803.927 2824.116 2816.221
36 2598.459 2656.503 2659.103 2656.524 2684.413 2678.656
37 2296.667 2352.579 2361.938 2380.828 2362.304 2370.732
38 2562.186 2629.913 2627.724 2658.583 2674.821 2670.852
39 2369.498 2446.538 2450.998 2407.817 2460.974 2478.929
40 2255.894 2349.913 2345.367 2352.945 2381.254 2389.197
41 2665.053 2723.625 2716.836 2730.203 2735.018 2733.196
42 2742.663 2831.136 2824.818 2828.914 2866.728 2862.92
43 2420.323 2498.335 2493.159 2496.493 2522.24 2513.884
44 2641.065 2711.054 2694.849 2701.142 2743.275 2735.095
45 2390.215 2445.554 2443.348 2445.635 2492.302 2488.722
46 2568.444 2636.972 2630.523 2613.729 2646.266 2649.909
47 2624.967 2669.633 2662.643 2678.639 2682.645 2676.276
48 2461.382 2524.926 2531.388 2677.024 2576.338 2585.96
49 2546.919 2611.122 2602.434 2714.69 2692.892 2690.324
50 2565 2604.233 2599.489 2771.311 2618.347 2613.175
51 2681.158 2744.022 2728.998 2719.47 2766.671 2751.728
52 2582.033 2636.607 2621.355 2630.391 2666.441 2655.487
53 2512.013 2603.553 2605.539 2572.121 2617.137 2618.987
54 2240.698 2321.963 2321.859 2351.366 2347.555 2346.372
55 2766.698 2833.075 2836.041 2897.251 2938.539 2961.876
56 2729.742 2797.37 2803.178 2766.601 2809.209 2813.324
57 2396.336 2453.613 2458.799 2479.62 2461.767 2469.198
58 2657.325 2730.461 2717.677 2703.725 2734.419 2737.938
59 2577.608 2643.404 2643.796 2626.356 2670.293 2669.855
60 2503.393 2551.731 2549.224 2543.309 2571.238 2580.055
61 2651.855 2718.341 2727.51 2712.76 2752.741 2751.314
62 2706.217 2793.877 2765.522 2738.551 2801.291 2784.212
63 2860.777 2933.371 2932.997 3009.598 2965.324 2968.561
64 2546.681 2621.858 2621.142 2618.617 2633.189 2636.253
65 2518.364 2576.629 2558.694 2585.705 2600.386 2587.524
66 2207.611 2273.79 2263.936 2279.645 2296.231 2296.494
67 2412.088 2480.149 2480.016 2549.008 2479.607 2489.198
68 2657.855 2727.029 2720.38 2750.048 2786.241 2779.645
69 2850.373 2871.988 2883.944 2965.906 2944.915 2953.82
70 2345.527 2429.8 2416.987 2583.154 2487.058 2482.405
71 2512.275 2587.195 2581.364 2682.113 2675.856 2683.285
72 2511.661 2574.018 2576.453 2644.226 2610.734 2604.581
73 2646.15 2733.139 2718.043 2726.667 2745.344 2738.304
74 2565.111 2599.973 2606.701 2596.6 2629.975 2635.858
75 2202.087 2271.174 2266.302 2254.314 2302.522 2288.141
76 2416.915 2481.59 2482.672 2576.395 2514.897 2510.888
77 2280.588 2336.951 2339.421 2437.402 2394.276 2385.045
78 2553.272 2622.146 2623.032 2603.29 2626.467 2633.005
79 2597.565 2655.461 2658.187 2692.002 2665.931 2674.934
80 2304.436 2385.614 2379.971 2370.463 2407.44 2404.381
81 2721.493 2782.951 2759.995 2896.446 2830.672 2817.038
82 2274.414 2344.139 2338.936 2388.248 2388.569 2394.145
83 2401.267 2462.366 2451.434 2444.521 2476.959 2464.931
84 2775.564 2838.714 2831.762 2926.781 2949.169 2937.483
85 2526.244 2585.65 2586.422 2590.322 2608.126 2606.285
86 2616.79 2704.907 2700.946 2798.366 2738.052 2737.601
87 2410.609 2488.414 2490.443 2486.8 2535.476 2523.187
88 2580.184 2643.334 2633.753 2694.81 2682.612 2678.566
89 2833.143 2878.943 2876.708 2868.305 2904.82 2907.899
90 2439.263 2519.605 2505.981 2654.931 2548.531 2538.608
91 2410.257 2463.163 2463.131 2491.832 2498.924 2513.79
92 2357.713 2412.657 2406.986 2495.479 2488.488 2484.547
93 2701.27 2786.239 2779.371 2913.123 2836.199 2833.779
94 2481.865 2563.222 2564.807 2586.464 2600.255 2619.342
95 2346.007 2391.033 2392.697 2382.333 2399.019 2398
96 2409.677 2462.721 2475.648 2626.93 2541.763 2555.368
97 2795.615 2871.562 2855.58 2821.966 2867.023 2856.311
98 2690.605 2744.557 2744.252 2748.55 2778.979 2779.728
99 2680.187 2725.35 2738.656 2775.369 2778.646 2774.197
100 2480.416 2560.512 2563.362 2611.902 2579.686 2581.324
