1 2552.133 2605.465 2595.302 2609.271 2630.453 2623.037
2 2497.329 2497.831 2494.09 2602.663 2534.171 2527.759
3 2570.55 2622.344 2614.014 2718.657 2670.329 2661.714
4 2488.005 2531.503 2520.468 2527.208 2551.294 2544.928
5 2735.989 2809.115 2806.545 2799.622 2842.924 2833.626
6 2354.737 2408.801 2406.997 2423.562 2437.426 2431.806
7 2833.62 2855.009 2847.509 2936.667 2908.472 2910.239
8 2592.651 2633.188 2636.967 2640.806 2661.194 2656.65
9 2651.984 2723.937 2707.698 2724.45 2734.674 2732.945
10 2454.624 2492.518 2483.229 2690.797 2550.508 2531.303
11 2879.046 2943.19 2924.985 2954.292 2981.288 2961.34
12 2432.78 2507.642 2502.021 2637.876 2563.167 2560.598
13 2532.738 2592.662 2594.293 2654.801 2670.631 2665.54
14 2722.197 2779.137 2773.684 2814.451 2826.268 2815.776
15 2590.949 2653.339 2648.749 2673.925 2680.67 2676.301
16 2473.129 2526.491 2522.208 2613.802 2592.861 2580.47
17 2820.618 2892.424 2882.721 3015.505 2947.764 2942.488
18 2642.784 2683.114 2709.401 2703.642 2728.405 2744.383
19 2333.152 2395.941 2378.009 2354.924 2396.559 2382.402
20 2645.903 2725.313 2704.535 2764.864 2828.003 2812.258
21 2331.044 2404.083 2397.51 2404.786 2439.996 2424.596
22 2425.952 2477.758 2459.598 2447.349 2482.445 2469.827
23 2466.021 2544.411 2535.984 2501.681 2554.752 2552.004
24 2527.744 2568.953 2565.776 2624.33 2626.904 2623.095
25 2953.74 2969.317 2949.137 3003.715 3020.068 3005.7
26 2885.896 2940.038 2939.337 2998.245 2986.274 2975.501
27 2591.682 2635.392 2626.241 2610.833 2636.041 2635.319
28 2507.882 2589.323 2569.955 2571.756 2607.476 2587.975
29 2404.852 2452.551 2460.626 2426.314 2462.002 2471.356
30 2578.266 2656.776 2630.563 2704.539 2669.931 2641.75
31 2750.944 2824.748 2823.301 2903.56 2885.081 2889.13
32 2420.57 2483.648 2484.654 2523.711 2509.205 2496.739
33 2546.299 2614.551 2615.796 2789.718 2722.447 2718.922
34 2825.512 2880.846 2869.506 2864.048 2885.084 2872.273
35 2750.692 2799.694 2780.62 2829.979 2847.563 2834.457
36 2624.511 2679.949 2677.339 2682.576 2707.859 2696.892
37 2322.719 2376.026 2380.174 2406.88 2385.75 2388.968
38 2588.238 2653.36 2645.96 2684.634 2698.267 2689.088
39 2395.55 2469.984 2469.235 2433.869 2484.42 2497.165
40 2281.946 2373.36 2363.603 2378.996 2404.701 2407.434
41 2691.105 2747.072 2735.072 2756.254 2758.465 2751.432
42 2768.714 2854.582 2843.055 2854.966 2890.174 2881.156
43 2446.375 2521.782 2511.395 2522.544 2545.687 2532.12
44 2667.116 2734.501 2713.085 2727.193 2766.722 2753.331
45 2416.267 2469.001 2461.584 2471.687 2515.748 2506.958
46 2594.495 2660.419 2648.759 2639.781 2669.713 2668.145
47 2651.019 2693.08 2680.879 2704.69 2706.092 2694.513
48 2487.433 2548.373 2549.624 2703.076 2599.784 2604.196
49 2572.971 2634.569 2620.67 2740.742 2716.339 2708.56
50 2591.051 2627.679 2617.725 2797.363 2641.794 2631.411
51 2707.21 2767.469 2747.234 2745.522 2790.118 2769.964
52 2608.085 2660.054 2639.592 2656.443 2689.887 2673.723
53 2538.065 2627 2623.775 2598.172 2640.583 2637.223
54 2266.749 2345.409 2340.095 2377.418 2371.002 2364.608
55 2792.75 2856.522 2854.277 2923.303 2961.985 2980.112
56 2755.793 2820.817 2821.414 2792.653 2832.655 2831.56
57 2422.387 2477.06 2477.035 2505.671 2485.213 2487.434
58 2683.377 2753.908 2735.913 2729.776 2757.865 2756.174
59 2603.66 2666.851 2662.032 2652.408 2693.74 2688.091
60 2529.444 2575.178 2567.46 2569.36 2594.685 2598.291
61 2677.907 2741.788 2745.746 2738.812 2776.187 2769.55
62 2732.269 2817.324 2783.758 2764.602 2824.738 2802.448
63 2886.829 2956.818 2951.234 3035.65 2988.771 2986.798
64 2572.732 2645.305 2639.378 2644.668 2656.635 2654.489
65 2544.416 2600.075 2576.931 2611.757 2623.832 2605.76
66 2233.663 2297.236 2282.172 2305.697 2319.678 2314.73
67 2438.139 2503.595 2498.252 2575.06 2503.054 2507.434
68 2683.906 2750.475 2738.616 2776.1 2809.687 2797.881
69 2876.425 2895.435 2902.18 2991.957 2968.361 2972.056
70 2371.578 2453.247 2435.223 2609.206 2510.504 2500.641
71 2538.326 2610.641 2599.6 2708.165 2699.302 2701.521
72 2537.712 2597.464 2594.689 2670.278 2634.18 2622.817
73 2672.202 2756.585 2736.279 2752.719 2768.791 2756.54
74 2591.162 2623.419 2624.938 2622.651 2653.421 2654.094
75 2228.139 2294.62 2284.538 2280.366 2325.969 2306.377
76 2442.967 2505.037 2500.908 2602.447 2538.343 2529.124
77 2306.64 2360.398 2357.658 2463.454 2417.722 2403.282
78 2579.324 2645.592 2641.268 2629.342 2649.913 2651.242
79 2623.617 2678.908 2676.423 2718.054 2689.377 2693.17
80 2330.487 2409.06 2398.207 2396.515 2430.887 2422.617
81 2747.545 2806.398 2778.232 2922.497 2854.118 2835.274
82 2300.465 2367.586 2357.172 2414.3 2412.015 2412.382
83 2427.319 2485.813 2469.67 2470.573 2500.406 2483.167
84 2801.615 2862.16 2849.998 2952.833 2972.616 2955.719
85 2552.296 2609.097 2604.659 2616.373 2631.572 2624.521
86 2642.841 2728.353 2719.182 2824.418 2761.498 2755.837
87 2436.661 2511.861 2508.679 2512.852 2558.922 2541.424
88 2606.236 2666.781 2651.989 2720.861 2706.059 2696.802
89 2859.195 2902.39 2894.944 2894.356 2928.267 2926.135
90 2465.315 2543.052 2524.217 2680.983 2571.978 2556.844
91 2436.308 2486.609 2481.367 2517.883 2522.371 2532.027
92 2383.764 2436.104 2425.222 2521.531 2511.934 2502.784
93 2727.321 2809.686 2797.607 2939.175 2859.646 2852.015
94 2507.917 2586.668 2583.043 2612.515 2623.701 2637.579
95 2372.058 2414.48 2410.933 2408.384 2422.465 2416.237
96 2435.729 2486.167 2493.884 2652.982 2565.21 2573.605
97 2821.667 2895.009 2873.816 2848.018 2890.47 2874.547
98 2716.656 2768.003 2762.488 2774.601 2802.425 2797.964
99 2706.238 2748.797 2756.892 2801.42 2802.092 2792.433
100 2506.468 2583.959 2581.598 2637.954 2603.132 2599.56
