1 0.74
2 0.78
3 0.73
4 0.76
5 0.73
6 0.8
7 0.72
8 0.74
9 0.74
10 0.77
11 0.69
12 0.75
13 0.76
14 0.71
15 0.78
16 0.74
17 0.73
18 0.75
19 0.8
20 0.72
21 0.82
22 0.77
23 0.73
24 0.76
25 0.68
26 0.66
27 0.73
28 0.78
29 0.76
30 0.8
31 0.67
32 0.78
33 0.77
34 0.69
35 0.74
36 0.74
37 0.81
38 0.77
39 0.76
40 0.8
41 0.77
42 0.71
43 0.77
44 0.72
45 0.76
46 0.74
47 0.75
48 0.72
49 0.78
50 0.81
51 0.75
52 0.74
53 0.75
54 0.83
55 0.68
56 0.7
57 0.79
58 0.71
59 0.75
60 0.74
61 0.72
62 0.69
63 0.7
64 0.74
65 0.75
66 0.83
67 0.77
68 0.72
69 0.72
70 0.76
71 0.77
72 0.73
73 0.73
74 0.76
75 0.79
76 0.81
77 0.82
78 0.71
79 0.76
80 0.8
81 0.74
82 0.8
83 0.79
84 0.7
85 0.74
86 0.72
87 0.74
88 0.76
89 0.67
90 0.77
91 0.77
92 0.78
93 0.71
94 0.73
95 0.79
96 0.75
97 0.69
98 0.75
99 0.72
100 0.73
