1 1000 1000 467 1000 1000 1000
2 1000 1000 519 1000 1000 367
3 1000 1000 1000 1000 1000 274
4 1000 1000 785 1000 1000 382
5 1000 1000 1000 1000 1000 586
6 1000 1000 1000 1000 1000 881
7 1000 1000 538 1000 1000 1000
8 1000 1000 738 1000 1000 410
9 1000 1000 787 1000 1000 853
10 1000 1000 971 1000 1000 320
11 1000 1000 426 1000 1000 1000
12 1000 1000 959 1000 1000 1000
13 1000 1000 1000 1000 1000 326
14 1000 1000 619 1000 1000 1000
15 1000 1000 844 1000 1000 1000
16 1000 1000 315 1000 1000 1000
17 1000 1000 1000 1000 1000 1000
18 1000 1000 888 1000 1000 1000
19 1000 1000 1000 1000 1000 252
20 1000 1000 893 1000 1000 617
21 1000 1000 1000 1000 1000 700
22 1000 1000 463 1000 1000 650
23 1000 1000 412 1000 1000 1000
24 1000 1000 1000 1000 1000 1000
25 1000 1000 656 1000 1000 992
26 1000 1000 848 1000 1000 1000
27 1000 1000 143 1000 1000 1000
28 1000 1000 1000 1000 1000 1000
29 1000 1000 579 1000 1000 688
30 1000 1000 1000 1000 1000 1000
31 1000 1000 372 1000 1000 1000
32 1000 1000 266 1000 1000 679
33 1000 1000 1000 1000 1000 1000
34 1000 1000 1000 1000 1000 464
35 1000 1000 863 1000 1000 1000
36 1000 1000 1000 1000 1000 50
37 1000 1000 1000 1000 1000 996
38 1000 1000 1000 1000 1000 510
39 1000 1000 321 1000 1000 18
40 1000 1000 192 1000 1000 328
41 1000 1000 1000 1000 1000 1000
42 1000 1000 118 1000 1000 1000
43 1000 1000 1000 1000 1000 215
44 1000 1000 684 1000 1000 1000
45 1000 1000 1000 1000 1000 280
46 1000 1000 488 1000 1000 976
47 1000 1000 1000 1000 1000 1000
48 1000 1000 787 1000 1000 1000
49 1000 1000 1000 1000 1000 676
50 1000 1000 696 1000 1000 741
51 1000 1000 407 1000 1000 1000
52 1000 1000 960 1000 1000 436
53 1000 1000 981 1000 1000 980
54 1000 1000 473 1000 1000 1000
55 1000 1000 299 1000 1000 1000
56 1000 1000 1000 1000 1000 1000
57 1000 1000 1000 1000 1000 587
58 1000 1000 160 1000 1000 1000
59 1000 1000 742 1000 1000 235
60 1000 1000 1000 1000 1000 705
61 1000 1000 151 1000 1000 1000
62 1000 1000 267 1000 1000 491
63 1000 1000 926 1000 1000 584
64 1000 1000 91 1000 1000 412
65 1000 1000 1000 1000 1000 1000
66 1000 1000 947 1000 1000 1000
67 1000 1000 442 1000 1000 1000
68 1000 1000 686 1000 1000 1000
69 1000 1000 233 1000 1000 1000
70 1000 1000 961 1000 1000 1000
71 1000 1000 253 1000 1000 1000
72 1000 1000 1000 1000 1000 290
73 1000 1000 611 1000 1000 1000
74 1000 1000 307 1000 1000 1000
75 1000 1000 1000 1000 1000 662
76 1000 1000 985 1000 1000 806
77 1000 1000 620 1000 1000 841
78 1000 1000 1000 1000 1000 309
79 1000 1000 1000 1000 1000 1000
80 1000 1000 1000 1000 1000 954
81 1000 1000 708 1000 1000 935
82 1000 1000 1000 1000 1000 1000
83 1000 1000 616 1000 1000 232
84 1000 1000 833 1000 1000 1000
85 1000 1000 255 1000 1000 883
86 1000 1000 1000 1000 1000 1000
87 1000 1000 909 1000 1000 262
88 1000 1000 1000 1000 1000 1000
89 1000 1000 989 1000 1000 1000
90 1000 1000 1000 1000 1000 198
91 1000 1000 385 1000 1000 945
92 1000 1000 1000 1000 1000 468
93 1000 1000 673 1000 1000 629
94 1000 1000 330 1000 1000 959
95 1000 1000 690 1000 1000 1000
96 1000 1000 755 1000 1000 372
97 1000 1000 1000 1000 1000 1000
98 1000 1000 562 1000 1000 1000
99 1000 1000 644 1000 1000 883
100 1000 1000 553 1000 1000 1000
