1 -1253.04 -1282.009 -1281.533 -1281.61 -1294.503 -1295.4
2 -1225.638 -1228.192 -1230.927 -1278.306 -1246.362 -1247.762
3 -1262.249 -1290.449 -1290.889 -1336.303 -1314.441 -1314.739
4 -1220.977 -1245.028 -1244.116 -1240.578 -1254.924 -1256.346
5 -1344.969 -1383.834 -1387.154 -1376.785 -1400.739 -1400.695
6 -1154.342 -1183.677 -1187.381 -1188.755 -1197.99 -1199.785
7 -1393.784 -1406.781 -1407.636 -1445.308 -1433.513 -1439.002
8 -1273.299 -1295.871 -1302.365 -1297.377 -1309.874 -1312.207
9 -1302.966 -1341.245 -1337.731 -1339.199 -1346.614 -1350.354
10 -1204.286 -1225.535 -1225.497 -1322.373 -1254.531 -1249.533
11 -1416.497 -1450.872 -1446.374 -1454.12 -1469.921 -1464.552
12 -1193.364 -1233.098 -1234.892 -1295.912 -1260.86 -1264.181
13 -1243.343 -1275.608 -1281.029 -1304.374 -1314.592 -1316.652
14 -1338.073 -1368.845 -1370.724 -1384.2 -1392.411 -1391.77
15 -1272.449 -1305.946 -1308.256 -1313.937 -1319.612 -1322.032
16 -1213.538 -1242.522 -1244.986 -1283.875 -1275.707 -1274.117
17 -1387.283 -1425.489 -1425.242 -1484.727 -1453.159 -1455.126
18 -1298.366 -1320.834 -1338.583 -1328.795 -1343.479 -1356.073
19 -1143.55 -1177.247 -1172.887 -1154.436 -1177.556 -1175.083
20 -1299.926 -1341.933 -1336.149 -1359.406 -1393.278 -1390.011
21 -1142.496 -1181.318 -1182.637 -1179.367 -1199.275 -1196.18
22 -1189.95 -1218.156 -1213.681 -1200.649 -1220.499 -1218.795
23 -1209.984 -1251.482 -1251.874 -1227.815 -1256.653 -1259.884
24 -1240.846 -1263.753 -1266.77 -1289.139 -1292.729 -1295.43
25 -1453.844 -1463.935 -1458.451 -1478.832 -1489.311 -1486.732
26 -1419.922 -1449.296 -1453.55 -1476.097 -1472.414 -1471.632
27 -1272.815 -1296.973 -1297.002 -1282.391 -1297.297 -1301.541
28 -1230.915 -1273.938 -1268.859 -1262.852 -1283.015 -1277.869
29 -1179.4 -1205.552 -1214.195 -1190.131 -1210.278 -1219.56
30 -1266.107 -1307.665 -1299.163 -1329.244 -1314.242 -1304.757
31 -1352.446 -1391.651 -1395.532 -1428.754 -1421.817 -1428.447
32 -1187.259 -1221.101 -1226.209 -1238.83 -1233.879 -1232.251
33 -1250.123 -1286.552 -1291.78 -1371.833 -1340.5 -1343.343
34 -1389.73 -1419.7 -1418.635 -1408.998 -1421.819 -1420.018
35 -1352.32 -1379.124 -1374.192 -1391.964 -1403.058 -1401.111
36 -1289.229 -1319.251 -1322.551 -1318.262 -1333.206 -1332.328
37 -1138.334 -1167.29 -1173.969 -1180.414 -1172.152 -1178.366
38 -1271.093 -1305.957 -1306.862 -1319.291 -1328.41 -1328.426
39 -1174.749 -1214.269 -1218.499 -1193.908 -1221.487 -1232.465
40 -1117.947 -1165.957 -1165.683 -1166.472 -1181.627 -1187.599
41 -1322.527 -1352.813 -1351.418 -1355.101 -1358.509 -1359.598
42 -1361.331 -1406.568 -1405.409 -1404.457 -1424.364 -1424.46
43 -1200.162 -1240.168 -1239.58 -1238.246 -1252.12 -1249.942
44 -1310.532 -1346.527 -1340.425 -1340.571 -1362.638 -1360.548
45 -1185.108 -1213.777 -1214.674 -1212.817 -1237.151 -1237.361
46 -1274.222 -1309.486 -1308.261 -1296.864 -1314.133 -1317.955
47 -1302.484 -1325.817 -1324.321 -1329.319 -1332.323 -1331.138
48 -1220.691 -1253.463 -1258.694 -1328.512 -1279.169 -1285.98
49 -1263.46 -1296.561 -1294.217 -1347.345 -1337.446 -1338.162
50 -1272.5 -1293.116 -1292.745 -1375.655 -1300.174 -1299.587
51 -1330.579 -1363.011 -1357.499 -1349.735 -1374.336 -1368.864
52 -1281.017 -1309.304 -1303.678 -1305.196 -1324.22 -1320.743
53 -1246.007 -1292.777 -1295.769 -1276.06 -1299.568 -1302.494
54 -1110.349 -1151.981 -1153.929 -1165.683 -1164.778 -1166.186
55 -1373.349 -1407.538 -1411.02 -1438.626 -1460.269 -1473.938
56 -1354.871 -1389.685 -1394.589 -1373.301 -1395.604 -1399.662
57 -1188.168 -1217.807 -1222.4 -1229.81 -1221.883 -1227.599
58 -1318.663 -1356.231 -1351.839 -1341.862 -1358.209 -1361.969
59 -1278.804 -1312.702 -1314.898 -1303.178 -1326.147 -1327.928
60 -1241.696 -1266.865 -1267.612 -1261.654 -1276.619 -1283.028
61 -1315.928 -1350.171 -1356.755 -1346.38 -1367.37 -1368.657
62 -1343.109 -1387.939 -1375.761 -1359.275 -1391.646 -1385.106
63 -1420.389 -1457.686 -1459.499 -1494.799 -1473.662 -1477.281
64 -1263.34 -1301.929 -1303.571 -1299.308 -1307.594 -1311.127
65 -1249.182 -1279.314 -1272.347 -1282.853 -1291.193 -1286.762
66 -1093.805 -1127.895 -1124.968 -1129.823 -1139.116 -1141.247
67 -1196.044 -1231.074 -1233.008 -1264.504 -1230.804 -1237.599
68 -1318.927 -1354.514 -1353.19 -1365.024 -1384.12 -1382.822
69 -1415.187 -1426.994 -1434.972 -1472.953 -1463.457 -1469.91
70 -1162.763 -1205.9 -1201.494 -1281.577 -1234.529 -1234.202
71 -1246.137 -1284.597 -1283.682 -1331.056 -1328.928 -1334.643
72 -1245.83 -1278.009 -1281.227 -1312.113 -1296.367 -1295.29
73 -1313.075 -1357.569 -1352.022 -1353.333 -1363.672 -1362.152
74 -1272.555 -1290.986 -1296.351 -1288.3 -1305.987 -1310.929
75 -1091.044 -1126.587 -1126.151 -1117.157 -1142.261 -1137.071
76 -1198.458 -1231.795 -1234.336 -1278.198 -1248.448 -1248.444
77 -1130.294 -1159.476 -1162.711 -1208.701 -1188.138 -1185.523
78 -1266.636 -1302.073 -1304.516 -1291.645 -1304.233 -1309.503
79 -1288.783 -1318.731 -1322.093 -1336.001 -1323.965 -1330.467
80 -1142.218 -1183.807 -1182.986 -1175.232 -1194.72 -1195.19
81 -1350.747 -1382.476 -1372.998 -1438.223 -1406.336 -1401.519
82 -1127.207 -1163.07 -1162.468 -1184.124 -1185.284 -1190.073
83 -1190.634 -1222.183 -1218.717 -1212.261 -1229.48 -1225.465
84 -1377.782 -1410.357 -1408.881 -1453.391 -1465.585 -1461.741
85 -1253.122 -1283.825 -1286.211 -1285.161 -1295.063 -1296.143
86 -1298.395 -1343.453 -1343.473 -1389.183 -1360.026 -1361.801
87 -1195.304 -1235.207 -1238.221 -1233.4 -1258.738 -1254.594
88 -1280.092 -1312.667 -1309.876 -1337.405 -1332.306 -1332.283
89 -1406.572 -1430.472 -1431.354 -1424.152 -1443.41 -1446.95
90 -1209.632 -1250.803 -1245.99 -1317.466 -1265.266 -1262.304
91 -1195.128 -1222.581 -1224.565 -1235.916 -1240.462 -1249.895
92 -1168.856 -1197.329 -1196.493 -1237.739 -1235.244 -1235.274
93 -1340.635 -1384.12 -1382.685 -1446.562 -1409.099 -1409.889
94 -1230.933 -1272.611 -1275.403 -1283.232 -1291.127 -1302.671
95 -1163.003 -1186.517 -1189.348 -1181.166 -1190.509 -1192
96 -1194.839 -1222.36 -1230.824 -1303.465 -1261.882 -1270.684
97 -1387.808 -1426.781 -1420.79 -1400.983 -1424.512 -1421.155
98 -1335.302 -1363.278 -1365.126 -1364.275 -1380.489 -1382.864
99 -1330.093 -1353.675 -1362.328 -1377.684 -1380.323 -1380.099
100 -1230.208 -1271.256 -1274.681 -1295.951 -1280.843 -1283.662
