1 26.0319 25.21525 25.34669 26.54643 25.39128 25.59113
2 22.80364 23.29481 22.37599 22.91878 23.13044 22.43418
3 24.9741 26.19471 26.18499 26.02405 26.13876 26.32307
4 22.86685 23.06414 23.82442 22.69646 23.55376 23.56085
5 26.5527 27.01442 26.97054 26.32313 27.07187 26.49139
6 20.06464 21.50406 21.34079 20.65653 21.36375 21.46062
7 27.28513 27.73605 27.62769 27.64061 27.82668 27.93288
8 24.7161 25.57504 26.24407 25.2572 25.56573 26.04016
9 26.29829 26.80285 27.13631 26.36199 27.00659 27.05099
10 23.91973 23.71315 23.58194 24.04446 23.46708 24.04977
11 29.33644 28.33894 28.41761 29.19638 28.37296 28.57172
12 23.43977 24.29988 24.31692 24.6233 24.67119 24.39303
13 23.64643 24.0444 23.94122 23.98516 24.04391 24.2473
14 30.6136 28.57638 27.98999 29.84226 28.28048 28.0721
15 23.24638 24.24327 24.10156 23.79952 24.26556 24.50797
16 23.62852 24.67778 25.3418 24.67085 24.43793 25.37634
17 26.6149 27.7163 27.00218 27.50849 27.78643 27.18832
18 24.86615 25.46938 25.63409 24.73272 24.96075 25.5891
19 22.31437 22.7554 22.61238 22.08472 22.77704 22.41783
20 26.89 26.50029 25.24464 27.24779 26.11483 25.58723
21 21.937 21.20323 21.55706 22.37449 21.34366 21.52884
22 24.0178 24.29158 24.02691 24.31327 24.13381 24.39492
23 24.63746 24.37724 25.09979 24.77933 24.64823 24.91672
24 22.39783 23.20472 23.85461 23.0829 23.25098 23.93016
25 28.96715 29.92288 29.83062 30.2199 29.8355 29.86588
26 30.01798 30.73366 30.93893 31.50465 31.02514 31.09454
27 26.00904 26.22273 25.88757 26.56986 26.57289 25.66423
28 25.26284 23.6701 23.21946 25.45958 23.78593 22.75444
29 24.64428 24.30975 24.53665 24.3714 24.16472 24.43983
30 21.70553 23.09457 23.00178 21.0651 23.1156 22.76039
31 29.44231 28.98486 28.54362 30.21886 29.24659 28.27102
32 23.44314 22.83265 22.49693 24.24518 23.07231 22.85983
33 23.92755 22.74218 22.45829 24.39246 22.76676 22.66368
34 29.47129 29.70956 29.60007 29.737 30.01126 29.69131
35 26.36121 26.26404 26.38423 26.20775 26.13087 26.422
36 25.36654 25.39082 25.74788 25.47414 25.2913 26.03878
37 22.60889 22.27196 22.26475 22.26989 22.18863 22.28114
38 23.50613 23.71371 24.12811 24.30554 23.70115 23.90157
39 24.01297 23.52044 22.97202 24.07236 23.53769 23.44662
40 22.4162 22.17931 22.14349 22.73913 22.10534 22.08924
41 23.28825 24.03918 24.05646 23.47412 24.29859 24.32983
42 28.37778 26.47298 27.15713 28.68817 26.40982 26.9379
43 23.28651 23.76344 23.79861 23.40132 24.19986 24.02763
44 28.81939 26.70569 26.54001 28.89975 27.05708 26.37829
45 23.33004 24.08796 23.83032 23.74465 23.98015 24.07794
46 24.83167 25.53628 25.18402 25.01556 25.80972 25.70736
47 26.57091 26.29402 26.16356 26.5554 26.54718 25.92096
48 24.15823 24.75773 25.76735 25.90091 25.03736 26.02265
49 23.02364 23.9625 24.05508 23.98318 23.92986 24.04094
50 21.16679 22.71139 22.37628 21.11644 22.76611 22.55084
51 24.78242 26.43586 25.87628 25.30076 26.50234 25.70459
52 27.27723 25.36986 25.67619 26.72331 25.06738 24.97559
53 24.69244 24.77239 24.9456 25.62124 25.0597 24.92503
54 19.35538 19.64664 19.5167 20.54443 19.66948 19.78618
55 30.04156 28.61001 30.11756 30.24396 28.47491 29.81237
56 29.41327 27.87821 28.17954 29.86894 27.99184 28.22637
57 22.408 22.48191 22.89687 22.69379 22.72938 22.84592
58 26.33411 27.74693 27.47548 27.52639 27.09 27.65527
59 23.26689 24.99559 24.53802 23.98926 24.89735 24.1111
60 25.85044 25.02128 24.77608 25.91513 24.78418 24.82537
61 27.4915 26.79981 27.04705 28.17432 26.64425 26.91496
62 29.76045 27.50868 28.6185 30.03775 27.51866 28.38533
63 29.40407 28.94557 28.59727 30.56188 29.2036 28.66348
64 25.15007 24.78341 25.18356 25.13608 24.60986 25.12953
65 26.30246 24.66058 24.75726 25.88478 24.36037 24.62792
66 20.32427 20.6354 20.47289 19.97198 20.54764 20.6277
67 23.44236 22.93184 22.88197 23.23726 23.06916 22.92417
68 27.38036 28.98734 28.24215 27.69006 28.93971 28.13006
69 27.81097 28.20994 28.27727 27.07026 28.17751 28.15637
70 23.83369 23.26763 23.72991 23.99323 23.54323 23.81398
71 24.52182 24.10445 24.68249 25.31872 24.00928 24.40631
72 23.89893 24.79067 24.01856 24.56497 24.51639 24.01772
73 26.75844 26.7297 26.49747 27.30804 26.73916 26.20146
74 25.00894 24.09553 24.6232 25.22582 23.976 24.6359
75 21.28962 21.35939 21.38584 21.49079 21.34271 21.83862
76 22.36046 22.33821 21.7494 22.97537 22.78161 21.91753
77 21.35792 20.72135 20.24701 22.03019 20.71335 20.67735
78 26.28641 27.32596 28.04646 26.44877 27.34747 28.2304
79 24.36129 24.59022 24.81043 24.43879 24.75948 24.85212
80 21.80912 21.90057 21.90832 21.94207 21.85882 21.63999
81 24.8429 25.74602 25.64086 25.97145 25.46783 25.4179
82 22.01607 21.54741 21.74838 22.68981 21.5766 21.74052
83 23.7603 22.68278 22.70519 23.69756 22.8856 22.53346
84 27.96124 29.13974 28.39181 28.60019 29.06044 28.57921
85 25.68638 26.31777 25.96438 26.15513 26.1833 26.24878
86 28.40761 27.28008 27.08152 29.46181 27.67977 27.08036
87 24.40345 25.3503 25.25951 25.11743 25.4953 24.74067
88 24.61955 23.84506 24.57639 24.77133 24.01566 24.51176
89 28.77472 31.12936 31.57265 28.91599 31.20071 31.14244
90 22.23296 23.00288 23.17834 22.43301 23.04334 22.93246
91 21.60711 22.53643 22.97895 22.59537 22.55893 23.15126
92 23.56493 22.84993 22.91663 23.43592 22.95961 23.00663
93 30.18603 27.21603 27.47233 31.04958 27.42904 27.27535
94 27.06299 26.81601 25.937 27.02356 26.77545 25.60647
95 21.76668 22.34257 22.79055 22.10426 22.56029 22.81178
96 22.61187 23.86597 25.13283 24.2208 24.18839 24.90948
97 28.6361 28.26183 28.62727 28.27703 28.20623 29.20894
98 25.92919 25.31846 26.26648 25.95713 25.69002 26.13239
99 26.01917 26.11663 26.35581 25.54192 26.19203 26.68678
100 24.50464 23.71886 25.24175 23.95469 23.92002 24.62865
