1 1.985321 1.940591 1.955069 2.002676 1.962375 1.982314
2 1.853957 1.885908 1.832882 1.870069 1.877645 1.844379
3 1.934432 2.031902 2.022358 2.011484 2.022352 2.029382
4 2.149803 2.254666 2.328467 2.147862 2.310208 2.310851
5 2.137876 2.231628 2.218018 2.108654 2.226137 2.199517
6 1.647926 1.796298 1.785812 1.691313 1.782781 1.791563
7 2.167087 2.202492 2.184556 2.194703 2.189775 2.197567
8 1.946734 2.025995 2.065387 1.967994 2.03201 2.050445
9 2.437512 2.484665 2.498315 2.437836 2.521064 2.487509
10 1.925132 1.915045 1.895634 1.907407 1.900714 1.937779
11 2.290495 2.287432 2.283949 2.299124 2.293571 2.293942
12 1.902342 1.975241 1.98963 1.974337 2.00223 1.990915
13 1.887213 1.941353 1.933379 1.917296 1.940724 1.949978
14 3.33813 3.310334 3.171981 3.34947 3.140049 3.195867
15 1.891127 1.999014 1.964502 1.9312 1.989704 2.007678
16 1.983538 2.076061 2.110475 2.044177 2.05209 2.099109
17 2.002055 2.091432 2.060501 2.047709 2.091885 2.085976
18 2.050599 2.123444 2.138566 2.051567 2.099884 2.139777
19 1.766039 1.819845 1.817203 1.752508 1.825238 1.798705
20 2.876972 2.748388 2.603098 2.794241 2.731423 2.676457
21 11.32369 10.72078 11.06577 10.27234 10.35428 10.87634
22 1.925994 1.954806 1.933199 1.937135 1.950651 1.964991
23 1.98573 2.008995 2.03353 1.978322 2.028822 2.030663
24 1.956262 2.04556 2.068496 2.019414 2.042405 2.059297
25 2.393049 2.443278 2.438528 2.394449 2.421199 2.412468
26 11.98577 11.41454 11.46179 11.03858 12.07157 10.86752
27 2.001905 2.04467 2.043448 2.035215 2.072827 2.029367
28 1.923567 1.82526 1.816985 1.931583 1.833735 1.785702
29 1.919646 1.951167 1.960121 1.900862 1.935012 1.949177
30 2.126196 2.256873 2.22778 2.045881 2.27031 2.207319
31 2.311061 2.328003 2.321925 2.350602 2.349476 2.300205
32 1.991202 1.950752 1.939531 2.018648 1.978158 1.988627
33 2.410277 2.384453 2.362268 2.52923 2.364029 2.352815
34 2.248173 2.285518 2.272261 2.272465 2.303728 2.279986
35 2.115705 2.138633 2.145386 2.095997 2.140823 2.139116
36 1.918623 1.92287 1.944957 1.91593 1.928415 1.961543
37 2.011286 1.985124 2.015642 1.968677 1.994748 2.006019
38 1.922236 1.98737 1.991672 1.971983 1.979916 1.978036
39 1.919307 1.920702 1.897672 1.940999 1.924457 1.929378
40 1.783891 1.794123 1.797823 1.800897 1.790038 1.79849
41 1.883646 1.926483 1.921289 1.879004 1.944377 1.954787
42 2.177231 2.108652 2.14549 2.192117 2.103656 2.13139
43 2.022687 2.08024 2.083848 2.017898 2.107402 2.102746
44 2.150042 2.033414 2.043804 2.152363 2.054512 2.030278
45 2.083527 2.171369 2.169295 2.104997 2.159892 2.185645
46 2.108965 2.216088 2.189942 2.104219 2.235355 2.22733
47 2.089657 2.113641 2.105166 2.086413 2.12385 2.101671
48 2.362547 2.489658 2.509662 2.473268 2.49459 2.507035
49 2.114048 2.161306 2.197918 2.153908 2.167845 2.183588
50 2.210624 2.378221 2.350301 2.232344 2.351998 2.368187
51 1.874785 1.97223 1.957525 1.906354 1.978084 1.946218
52 2.031706 1.941988 1.944801 2.002602 1.92273 1.906318
53 2.383705 2.472582 2.544557 2.503001 2.473019 2.516184
54 1.864566 1.932049 1.917985 1.943792 1.930035 1.944136
55 2.434515 2.40621 2.461244 2.437084 2.375116 2.428474
56 2.18221 2.103173 2.112566 2.200736 2.107596 2.116736
57 1.808327 1.843948 1.863431 1.818184 1.865821 1.867145
58 2.088584 2.238219 2.207863 2.156268 2.178939 2.221412
59 1.900103 2.005345 1.994055 1.954925 2.002538 1.969975
60 1.964657 1.957379 1.944342 1.975548 1.938653 1.946957
61 2.123708 2.10338 2.108553 2.166308 2.086607 2.088024
62 2.312742 2.221017 2.261818 2.32326 2.220146 2.248051
63 2.199586 2.195697 2.187584 2.260578 2.205953 2.191498
64 2.662474 2.602101 2.726036 2.642006 2.63476 2.696677
65 2.036592 1.968759 1.960061 2.007559 1.940887 1.950045
66 1.872481 1.878605 1.89254 1.846502 1.906925 1.921801
67 1.814549 1.77546 1.780057 1.792706 1.78832 1.787042
68 2.038751 2.161644 2.139527 2.05531 2.15894 2.128655
69 2.975137 3.049785 3.120857 2.859622 3.020696 3.096354
70 2.12924 2.128813 2.176604 2.146291 2.14069 2.159609
71 1.88053 1.861161 1.886132 1.916193 1.845189 1.868962
72 2.070992 2.114734 2.091523 2.085776 2.120954 2.085945
73 2.584195 2.658306 2.641674 2.605971 2.657631 2.567566
74 1.94642 1.950056 1.959905 1.955274 1.946718 1.966444
75 1.817133 1.829987 1.813612 1.807792 1.832803 1.858035
76 2.338764 2.315899 2.244889 2.415192 2.404626 2.235095
77 1.668301 1.622176 1.592105 1.71135 1.62566 1.625272
78 2.072221 2.201996 2.231912 2.081059 2.195993 2.236996
79 1.942072 2.017738 2.030737 1.943805 2.028495 2.029374
80 8.877544 9.99984 9.32121 9.738417 9.881694 9.707082
81 1.925586 2.034563 2.020301 1.993822 2.01738 2.001785
82 2.028049 2.026686 2.030251 2.044321 2.014337 2.037929
83 1.933854 1.904251 1.897367 1.92117 1.924515 1.885238
84 2.192741 2.273199 2.239548 2.234598 2.267949 2.256976
85 2.176738 2.250903 2.240035 2.196331 2.264448 2.269926
86 2.421973 2.363569 2.364501 2.490159 2.39743 2.353689
87 1.934665 2.01364 2.015377 1.98419 2.016044 1.970228
88 1.897339 1.868699 1.902377 1.903737 1.874682 1.896707
89 2.29946 2.484759 2.526848 2.304165 2.488849 2.49684
90 1.95716 2.062619 2.060548 1.972545 2.053677 2.053361
91 1.719811 1.810464 1.834688 1.799099 1.819685 1.858107
92 2.843827 2.866398 2.934688 2.724817 2.911977 2.896451
93 2.554152 2.434569 2.470338 2.718489 2.464919 2.446228
94 1.999711 2.005307 1.974836 1.993337 2.007268 1.95521
95 1.783815 1.856233 1.887731 1.809208 1.86703 1.887235
96 1.773246 1.872718 1.936813 1.854785 1.898875 1.926465
97 2.144265 2.153656 2.140897 2.118567 2.147933 2.185988
98 2.297007 2.310717 2.414086 2.288206 2.350636 2.375507
99 2.118488 2.166847 2.16904 2.073775 2.169603 2.195831
100 2.2618 2.273922 2.352557 2.19366 2.298686 2.300703
