1 0.4272064 0.06061138 0.02098501 0.6866869 0.6210436 1.456311 0.2024412 NaN NaN
2 0.510215 0.06355481 0.0222578 1.496394 0.6069372 0.993831 0.1870401 NaN NaN
3 0.4001235 0.06438484 0.02082796 0.8665928 0.5476067 1.269848 0.2046915 0.5094105 0.01918615
4 0.4692119 0.07555283 0.02387404 1.181751 0.7475907 1.206801 0.1849968 NaN NaN
5 0.3821523 0.07173474 0.02353071 0.7259384 0.6065189 1.447307 0.2067455 0.4291777 0.01556705
6 0.4494272 0.07583591 0.02373406 1.118971 0.7049496 1.002489 0.1949319 NaN NaN
7 0.4609082 0.06899694 0.02260151 1.406321 0.5988335 1.057696 0.2110563 0.4179671 0.01299994
8 0.4286507 0.07016121 0.02257135 1.114053 0.6137582 1.639862 0.2066798 0.318705 0.009383127
9 0.4205207 0.06616734 0.02236721 0.6518274 0.6636146 1.612861 0.2035697 NaN NaN
10 0.4546962 0.06214162 0.02195652 1.036291 0.5901527 1.349328 0.2018981 0.3409268 0.01394554
11 0.4158698 0.06264023 0.02393428 1.114729 0.6375551 1.06474 0.2155506 0.5174725 0.01708739
12 0.4412256 0.0650045 0.02160379 0.780758 0.6001964 0.718031 0.2008633 0.2686233 0.007453579
13 0.4560984 0.06540415 0.02214681 0.8605329 0.593335 0.7648952 0.2022273 0.3074942 0.01004572
14 0.4099658 0.06076594 0.02055169 0.7016745 0.5959601 0.8889055 0.2011745 NaN NaN
15 0.436328 0.068352 0.02273587 1.008323 0.6111801 1.242009 0.2019436 0.07849964 NaN
16 0.4297561 0.06894144 0.02212901 1.260038 0.5672192 0.8239328 0.2014904 0.2901064 0.008041327
17 0.457577 0.06429652 0.02174635 0.7307917 0.6979221 0.9818239 0.2048542 NaN NaN
18 0.4409135 0.07738243 0.02478383 1.141513 0.736664 1.376199 0.1847832 NaN NaN
19 0.4153421 0.0674463 0.02167916 0.7298307 0.5391943 4.175487 0.2052393 0.4898359 0.01606908
20 0.3886809 0.06111546 0.01958992 0.6463044 0.5249128 0.56295 0.2034758 0.3810219 0.01393046
21 0.4456161 0.07702806 0.02419401 0.8450131 0.8069392 0.9098931 0.1862284 NaN NaN
22 0.4149065 0.06583973 0.02154448 0.5630554 0.6082537 4.423825 0.1847255 0.173 NaN
23 0.4165804 0.06961579 0.022663 0.8543422 0.6072007 1.893074 0.2008512 0.3308687 0.01206905
24 0.4233289 0.06936262 0.02445537 0.939244 0.722256 0.8597272 0.2127256 0.2761117 0.007508316
25 0.4009574 0.05111987 0.02112806 0.8963296 0.5305474 1.049403 0.2159033 0.1088493 NaN
26 0.3937397 0.06111396 0.02051682 0.8874279 0.5313881 0.9152148 0.2066283 NaN NaN
27 0.3910191 0.0668078 0.021236 0.5941406 0.6208069 4.933929 0.202512 0.09121616 NaN
28 0.4907911 0.06412209 0.02363735 0.7323083 0.8080416 1.832744 0.2019122 0.1486044 NaN
29 0.3986874 0.07210135 0.0225788 0.6978294 0.7595749 2.770782 0.1788072 0.1224817 NaN
30 0.4899325 0.07615886 0.02476979 1.304349 0.6643453 1.135245 0.2080156 0.2742396 0.007323351
31 0.4065444 0.06647945 0.02116429 0.9887128 0.5734738 0.9138028 0.2017957 NaN NaN
32 0.4638988 0.07091111 0.02415355 0.7547942 0.8646025 1.443615 0.1982406 0.3089773 0.01104662
33 0.4491085 0.07251649 0.02642856 1.264815 0.9299487 0.5866662 0.1979243 0.2757026 0.007971313
34 0.4064033 0.06924716 0.02173973 0.6647616 0.5596691 4.603292 0.1996234 0.1145001 NaN
35 0.379249 0.06358328 0.02241672 0.8340789 0.6008554 0.6619828 0.2168114 NaN NaN
36 0.3791514 0.06158818 0.02139835 0.7954725 0.5344683 1.557814 0.214448 0.412689 0.01236694
37 0.5109295 0.08153645 0.02471765 1.129219 0.8597823 3.006791 0.1422504 NaN NaN
38 0.4612462 0.06732544 0.02394051 0.9971736 0.6885392 0.8599393 0.195547 0.1006895 NaN
39 0.4219424 0.06472127 0.02294942 0.7616348 0.6328046 2.447938 0.1761449 0.04607824 NaN
40 0.4377194 0.07028386 0.02155057 0.7201276 0.7663081 1.141948 0.1977363 0.3646989 0.01638675
41 0.5212821 0.0837162 0.02690459 1.107011 0.8486082 1.894175 0.1838014 0.1540555 NaN
42 0.3819356 0.07333247 0.02500731 0.8360879 0.7429904 1.200554 0.2157262 0.262881 0.00659459
43 0.49292 0.07986118 0.02452194 0.8774024 0.8050493 2.026427 0.1991509 0.3007216 0.009218862
44 0.389023 0.0648402 0.02181498 0.6941055 0.5905501 1.348498 0.2121535 0.3271439 0.009722368
45 0.3986456 0.06218644 0.01958505 0.6477631 0.6080439 0.7027089 0.1956311 NaN NaN
46 0.4481101 0.08428344 0.02339252 0.8595302 0.7881667 1.957286 0.1975832 NaN NaN
47 0.4311307 0.06765949 0.02139004 1.053682 0.5437994 2.742802 0.2070356 0.4640311 0.01535987
48 0.4051331 0.06339402 0.02239787 0.9947186 0.6201735 0.8453221 0.2093716 0.2652076 0.006320034
49 0.4148808 0.06886078 0.02125415 0.8256599 0.6018165 0.6349451 0.2053979 NaN NaN
50 0.5161254 0.0854451 0.02905345 1.032245 1.01261 1.876922 0.2044864 0.4095115 0.01577892
51 0.4085297 0.0680516 0.02112816 0.6200219 0.6072908 1.858156 0.2064181 NaN NaN
52 0.4340538 0.05931341 0.02083881 0.9664212 0.5266143 1.963883 0.2103702 0.1184843 NaN
53 0.4344496 0.07591363 0.02502079 0.8777542 0.7356021 1.50257 0.2062382 0.4822678 0.02050585
54 0.6133863 0.09079929 0.02647548 1.059676 1.152231 1.039496 0.1970992 0.2627051 0.007178187
55 0.4163935 0.07679936 0.02397269 0.9456045 0.6808786 1.00542 0.2024464 NaN NaN
56 0.4416244 0.06651319 0.02130389 0.7431215 0.6909553 2.565427 0.1893316 0.1596384 NaN
57 0.4807243 0.0695156 0.02293508 1.045738 0.6842636 2.656226 0.1877129 NaN NaN
58 0.4482811 0.07959249 0.02374849 0.9051617 0.7721545 2.194829 0.207477 0.2839551 0.007465297
59 0.4195349 0.06619637 0.02400246 0.6472419 0.7249635 1.345434 0.2057895 0.4751151 0.01852013
60 0.3948709 0.06858077 0.0243492 0.7039817 0.6724061 2.050282 0.2053301 0.3487022 0.01172142
61 0.3902299 0.06674047 0.02096114 0.8365301 0.5654273 1.090277 0.1876299 0.1141195 NaN
62 0.3854105 0.06470871 0.02333279 0.6485826 0.7145124 1.575239 0.2213256 0.2723487 0.007293675
63 0.4641867 0.06644608 0.02246933 1.114234 0.6300351 1.244135 0.2050705 NaN NaN
64 0.3919994 0.07113228 0.0244335 0.8124111 0.6248064 2.475925 0.1856706 0.1394138 NaN
65 0.4042879 0.06538231 0.02096088 0.9184377 0.5274606 1.301221 0.1978253 0.03347349 NaN
66 0.485115 0.07301743 0.02393475 1.100809 0.630653 0.8783457 0.185897 0.1521832 NaN
67 0.5261971 0.06879414 0.02379365 0.9563426 0.8734111 2.694316 0.1855665 0.09986074 NaN
68 0.4813035 0.08569209 0.02077379 0.7161015 1.030391 1.266963 0.751713 30.89725 1.18627
69 0.4147677 0.07395216 0.022146 0.814828 0.5864168 1.397459 0.1956095 0.1168507 NaN
70 0.3740552 0.06608879 0.02177732 0.7199391 0.5610861 0.9368253 0.1993029 0.3212719 0.01162937
71 0.4270614 0.06406207 0.02163599 0.806128 0.5672662 0.7481682 0.2093363 0.2829706 0.00838278
72 0.4776858 0.07738979 0.02592501 1.040907 0.8183415 1.600278 0.2008163 0.2794603 0.008102024
73 0.4319202 0.06818047 0.02268543 0.7747328 0.6776634 2.073727 0.190577 NaN NaN
74 0.3903216 0.07128544 0.02327829 0.7927369 0.6881023 1.362777 0.1905284 0.1600125 NaN
75 0.3958569 0.06537588 0.02368656 0.727229 0.7491734 1.203869 0.2016515 0.2624571 0.006488118
76 0.4630714 0.06913834 0.02135154 0.9957017 0.6399172 0.8573091 0.1820348 NaN NaN
77 0.4352227 0.06039903 0.0221527 0.7345729 0.7098966 0.9288813 0.2364123 0.4554045 0.009148293
78 0.4102414 0.07146066 0.02342037 0.8839353 0.6466984 3.121502 0.2061279 0.2968618 0.008156184
79 0.4804255 0.07893497 0.02671574 1.424168 0.6955961 1.806074 0.1873026 NaN NaN
80 0.4640455 0.07923968 0.02318126 0.7922674 0.664663 1.29781 0.1987924 0.2932694 0.0100454
81 0.4019397 0.07195167 0.02455053 0.8583624 0.6598999 1.275285 0.2087986 0.1036009 NaN
82 0.4656666 0.0687975 0.02123093 0.7995317 0.6455871 0.6879006 0.1708971 0.06187629 NaN
83 0.3932013 0.06716342 0.02121505 0.6716528 0.7240492 1.931088 0.1989762 0.1744949 NaN
84 0.3556229 0.05741514 0.01879107 0.546433 0.552551 0.5011242 0.2078996 0.3375062 0.01127339
85 0.3514894 0.06100721 0.02020577 0.5971241 0.4518078 1.520384 0.2009497 0.09166398 NaN
86 0.4179257 0.06384289 0.02035826 0.8985976 0.5183349 1.097677 0.203442 0.3031088 0.009228117
87 0.4425824 0.06668607 0.02174133 0.798278 0.6500654 1.176693 0.2035548 0.2685965 0.006766273
88 0.4510852 0.06987341 0.02421889 0.9738051 0.6924187 0.9977316 0.2143444 0.2574026 0.006661581
89 0.3705714 0.06240154 0.02080664 0.766819 0.5349567 1.378274 0.2076252 NaN NaN
90 0.482511 0.07705647 0.02516162 1.085498 0.8175223 1.149588 0.1982473 0.3469187 0.01498911
91 0.4769856 0.07181877 0.02370756 1.237886 0.6488426 1.029924 0.1955228 0.3113313 0.0109498
92 0.3966835 0.06573949 0.02302361 0.7675228 0.5760425 0.7973513 0.2042084 0.2610153 0.007346981
93 0.3998429 0.06227673 0.02273798 0.6574612 0.5995712 1.07199 0.1993497 0.1610948 NaN
94 0.3986758 0.06339406 0.02067085 0.5738476 0.6210204 1.398695 0.1990805 0.362765 0.01300532
95 0.4732428 0.07182207 0.02230368 1.219577 0.7032663 1.967705 0.2000987 0.2934828 0.008954881
96 NaN NaN NaN NaN NaN NaN NaN NaN NaN
97 0.4028513 0.07303591 0.0257359 0.7213151 0.6807424 4.191198 0.2094912 NaN NaN
98 0.3860353 0.07042652 0.0234688 0.6753243 0.6202231 1.067828 0.2264083 0.1947704 NaN
99 0.4029346 0.06515 0.02324812 0.9888772 0.6778398 0.8906686 0.1934659 NaN NaN
100 0.4091757 0.07422073 0.02546761 0.9062819 0.662479 1.739364 0.1787869 NaN NaN
