1 26.43667 1.940399 -0.4939464 5.900411 2.495554 -1.392579 -0.04830549 -0.01106365
2 25.52842 1.720212 -0.4885916 5.984845 10.96389 -1.233372 -0.7570338 -0.007462429
3 25.70714 1.923014 -0.5179441 5.656591 6.83582 -1.044812 -0.6853472 -0.05896331
4 25.12708 2.284538 -0.5792942 6.423366 4.298673 -1.294787 -0.3898205 0.00355525
5 25.26515 2.101303 -0.5509085 6.800269 2.859669 -1.294924 -0.4388293 -0.04685882
6 24.8033 1.974067 -0.5777532 6.156293 5.079513 -1.172357 -0.911686 -0.01561889
7 25.75729 1.948497 -0.5173275 6.810385 10.83616 -1.338037 -0.4560206 -0.04339084
8 25.45375 2.019236 -0.5587418 5.965424 4.117941 -1.146411 -0.4610776 -0.05431717
9 26.27694 1.984911 -0.5100431 6.238423 2.54821 -1.304804 -0.2612392 -0.02883697
10 25.68894 1.83233 -0.4992839 5.89738 5.32073 -1.30252 -0.3590196 0.006514285
11 25.51956 1.847267 -0.5491984 7.081141 5.479131 -1.238071 -0.8532615 -0.06018205
12 26.19232 2.089839 -0.5160454 6.707967 3.443276 -0.855033 -0.824606 -0.07553582
13 25.5333 2.013162 -0.5156855 7.604657 3.547999 -1.459132 -0.2052911 0.0007878235
14 26.61464 1.906706 -0.4838488 6.850017 3.332051 -1.037221 -1.078226 -0.05790997
15 25.48094 2.005793 -0.5544009 6.431514 4.561876 -1.357685 -0.9071461 -0.009214475
16 25.23398 2.050567 -0.5586958 6.160147 6.280511 -0.868709 -0.7549964 -0.07805484
17 26.08916 1.996882 -0.5025661 7.551287 2.982442 -1.284642 -0.6716799 -0.03741875
18 25.52503 2.00478 -0.5618042 7.419245 5.237298 -0.96873 -0.6609587 -0.03266544
19 26.25362 2.083919 -0.5271351 4.682568 1.910741 -1.053698 -0.8822766 -0.04440312
20 25.73479 1.842628 -0.4958813 7.612164 3.534509 -1.018764 -0.821937 -0.06967347
21 26.20247 2.081034 -0.5239285 7.429639 2.522643 -1.036559 -1.112804 -0.02430002
22 26.55827 2.072552 -0.5107681 5.164133 1.185267 -1.415449 -0.4339952 0.01155194
23 26.1319 2.01409 -0.5468855 5.75881 2.763111 -0.834275 -1.016736 -0.06911427
24 24.76004 1.842356 -0.5429381 7.313737 4.191753 -1.341135 -0.2464649 -0.0188068
25 25.12846 1.650519 -0.5131055 5.81854 7.050855 -1.483582 -1.341645 -0.01659646
26 25.72015 2.067336 -0.5273104 6.363603 4.391986 -1.645354 -0.5363567 0.008397043
27 26.56473 2.143615 -0.5137808 5.244719 1.448025 -1.166955 -0.5198241 -0.03815515
28 26.33627 1.853057 -0.4838406 6.837249 2.213178 -1.437086 -1.274384 0.00200604
29 26.24362 2.171742 -0.5514506 5.600364 1.856414 -0.6395172 -1.662001 -0.04747184
30 24.89153 2.042919 -0.5450339 6.610575 6.485803 -1.199796 -0.4772394 -0.0518929
31 25.91853 2.137027 -0.5447571 6.774788 5.118502 -1.258377 -0.8749779 -0.0113142
32 26.21866 2.007628 -0.5205 7.132078 1.920791 -1.27985 -0.3553355 0.003111218
33 25.94589 1.936835 -0.5099963 11.27252 5.118722 -0.9221169 -0.7745695 -0.05382213
34 25.82963 2.057212 -0.5033411 5.869756 2.192508 -1.427444 -1.284823 -0.02061677
35 25.39825 1.891567 -0.5430848 7.163657 3.425293 -1.667927 0.1571425 -0.005471555
36 25.6516 1.893721 -0.5378833 5.534662 3.488388 -1.592205 0.09248992 -0.002561851
37 25.68841 2.095012 -0.5088896 6.069475 3.591422 -1.0517 -1.037168 -0.02026019
38 25.60971 1.894192 -0.5331419 7.616414 3.834842 -1.392767 -0.498422 0.0062749
39 26.0452 1.922662 -0.5338146 5.63764 2.494476 -1.107186 -0.6428706 -0.02057169
40 26.6294 2.180445 -0.5164371 6.187379 1.767083 -1.082736 -0.6250344 0.003259088
41 25.53175 1.986245 -0.510093 7.930549 4.488232 -1.344831 -0.2708053 0.0004785079
42 25.82276 1.979971 -0.5482606 8.182198 2.110448 -1.318524 -0.1225097 -0.07110156
43 26.41226 2.264836 -0.5294393 7.078931 2.672061 -1.351152 -0.2631543 0.005000027
44 26.38048 1.925158 -0.5071726 6.374409 2.383156 -1.224494 -0.4841589 -0.05825316
45 26.17502 2.173821 -0.555481 5.843601 2.389815 -1.331627 -0.2360422 0.003335707
46 25.74211 2.367328 -0.548688 6.947681 2.484975 -1.319224 -0.2259438 -0.01831251
47 25.65 2.023972 -0.5046096 5.164835 5.126626 -1.507015 -0.002764292 -0.009679506
48 25.61983 1.917277 -0.5475037 6.320204 5.426662 -1.181956 -0.1794469 -0.05279241
49 25.85623 2.106591 -0.5550496 7.602677 3.84396 -1.303763 -0.9243311 -0.01584451
50 24.56111 2.006511 -0.5614677 8.087852 3.414212 -1.120835 -0.7548249 -0.0374391
51 26.34845 2.018554 -0.5237283 6.202992 2.101289 -1.495674 0.2094244 -0.0127727
52 25.69357 1.796399 -0.5071378 5.351886 4.406656 -1.506376 0.1600046 -0.01194858
53 26.21281 2.088927 -0.550942 6.882227 3.193587 -0.8959263 -0.9465912 -0.05722231
54 26.52583 2.158399 -0.5041887 8.852952 2.583823 -1.183617 -0.1680692 -0.02015948
55 25.82234 1.936441 -0.5376612 9.182486 3.0375 -1.038948 -1.565127 -0.02064903
56 26.5946 1.945056 -0.490634 6.461214 1.877212 -1.260746 -1.19519 -0.02144963
57 25.88337 2.032302 -0.5276752 5.392715 4.118202 -1.290659 -0.7346155 0.00227493
58 25.86267 2.091942 -0.521311 6.371323 3.836006 -1.171659 -0.4809881 -0.06383758
59 25.51012 1.856966 -0.5118415 7.000199 1.981481 -1.406313 -0.1146474 -0.007489634
60 25.48319 1.865766 -0.53066 6.320729 2.074613 -1.331977 -0.1951635 -0.01652248
61 26.4277 1.967544 -0.5090133 6.358023 2.928011 -0.970627 -1.275636 -0.04683684
62 25.87095 1.893302 -0.5286234 6.5637 1.681973 -1.302824 -0.3447013 -0.07388127
63 26.09993 1.883608 -0.5036284 7.153782 5.544722 -1.323815 -0.9035031 -0.03069008
64 25.3475 2.001813 -0.5694964 5.751472 2.811875 -0.9213336 -1.157727 -0.04798669
65 25.47087 1.886621 -0.5124929 5.456746 4.430754 -1.372686 -0.02114064 -0.006564708
66 25.34929 2.011539 -0.53691 6.13107 4.775732 -1.080457 -0.06310144 -0.01927535
67 25.30574 1.778294 -0.4786506 5.715203 4.472696 -1.327226 -0.7231869 0.004030875
68 26.05139 2.047592 -0.5035377 5.898743 3.704514 -1.090252 -0.9100339 -0.06399757
69 25.55007 2.048306 -0.5320184 6.974541 5.315101 -1.140032 -0.9695694 -0.03335402
70 25.74533 2.092955 -0.5600577 6.275391 2.099869 -1.298414 -0.3262081 2.77642e-05
71 25.77507 1.917345 -0.5184142 7.356186 3.824301 -1.340288 -0.3768249 -0.02385725
72 25.45135 1.928763 -0.5346598 8.046659 3.01977 -0.8759767 -0.7822926 -0.07527811
73 26.34102 2.003381 -0.5051522 6.732612 2.037288 -1.035251 -0.8866889 -0.05677163
74 25.46351 2.021737 -0.5477955 6.468696 2.733713 -1.210189 -0.5766827 -0.01144907
75 25.89878 1.967156 -0.5378674 6.244099 1.703485 -1.189348 -0.172419 -0.004345079
76 25.67745 2.129043 -0.5084884 6.365957 5.559189 -1.182654 -1.000066 -0.008806612
77 26.52781 1.880187 -0.5092512 6.567693 2.240316 -1.349902 0.006326477 -0.02459794
78 25.59658 2.12175 -0.5497875 5.557363 3.973852 -1.243401 -0.2208755 -0.01570701
79 24.76503 1.978553 -0.5499282 6.435483 7.847996 -0.9030431 -1.056924 -0.05066989
80 25.91681 2.253494 -0.5359882 6.434823 1.762947 -1.018944 -0.7204501 -0.04710503
81 25.12575 1.854807 -0.5642379 6.947836 4.424081 -1.512028 0.2517213 -0.01247645
82 26.11055 2.085739 -0.522038 6.83686 3.372381 -1.120334 -1.228138 -0.003427038
83 25.77391 2.153815 -0.5464898 5.330298 1.741347 -1.518538 -1.339245 0.01563933
84 25.79955 1.919477 -0.4984353 8.044395 2.390945 -1.225244 -0.6825987 -0.06075736
85 25.77163 2.037339 -0.5415684 4.671408 2.461007 -1.122743 -0.5898241 -0.04555181
86 26.56145 2.032358 -0.5043304 5.975958 4.00335 -1.112006 -0.6400398 -0.06610399
87 26.58099 2.01478 -0.5112774 6.669477 2.425853 -0.9626402 -0.5534532 -0.07872266
88 24.96203 1.815004 -0.5287739 7.239298 5.340689 -1.514705 -0.03362519 0.003899208
89 25.07462 2.008802 -0.5556649 5.58865 3.965206 -1.558723 -0.7904814 -0.007761818
90 25.29368 1.96569 -0.5312615 7.654386 3.533617 -1.286026 -0.3922658 0.00588919
91 25.50611 1.959806 -0.5372621 6.58685 5.546511 -0.9785259 -0.8094522 -0.03889673
92 24.99254 2.006619 -0.5313039 6.769942 2.745659 -1.247876 -0.2790206 -0.02123255
93 26.17508 1.85636 -0.5105643 6.90756 3.020772 -1.135346 -1.149597 -0.04319351
94 26.71717 2.025732 -0.5138236 6.288145 1.429977 -0.9183214 -0.8025727 -0.05952979
95 25.86817 2.1184 -0.5286299 5.627401 3.294164 -1.144938 -0.5426727 -0.02723265
96 25.60395 2.008539 -0.5650061 6.209726 6.935466 -0.9270787 -0.9324092 -0.04977467
97 25.88767 1.876965 -0.5377341 6.907822 2.067168 -1.221938 -0.964986 -0.05603106
98 24.97502 1.951126 -0.5540342 6.678583 2.403385 -1.365723 -0.3613897 -0.01623932
99 24.87535 1.891731 -0.5492598 6.788859 7.166002 -0.8959207 -1.095669 -0.06230995
100 24.98119 2.072882 -0.5889346 6.407114 3.417006 -0.8504215 -1.255708 -0.05814208
