1 0.4884492 0.0708072 0.02357783 1.161987 0.585762 0.2019923 NaN NaN
2 0.6510834 0.07515974 0.02660612 2.736248 0.6911496 0.1874725 NaN NaN
3 0.5236277 0.07332709 0.02452385 1.831061 0.5451108 0.2048269 0.5032542 0.018969
4 0.5043368 0.09609287 0.02772552 1.440124 0.689322 0.1848386 NaN NaN
5 0.4525001 0.08365626 0.02641006 1.037904 0.6210698 0.2067388 0.4209442 0.01512048
6 0.5371322 0.08564566 0.02942232 1.716072 0.7987412 0.1947889 0.05401078 NaN
7 0.5828509 0.07997462 0.02601343 2.888597 0.6366898 0.2109686 0.4134635 0.01290602
8 0.4595482 0.07722861 0.02585144 1.307224 0.5817473 0.206462 0.3128196 0.009099815
9 0.4691534 0.07317576 0.0241497 0.9453289 0.5941141 0.2031769 NaN NaN
10 0.5448297 0.0734787 0.02591615 1.95322 0.6696194 0.2023811 0.3423115 0.01414829
11 0.4860456 0.07512844 0.02730027 1.677662 0.6150301 0.2154098 0.4937895 0.01624197
12 0.5157105 0.08310966 0.0260157 1.199634 0.7003861 0.2005823 0.2686595 0.007430042
13 0.5719628 0.0910588 0.02874491 1.454604 0.8038083 0.2020607 0.3062714 0.00993662
14 0.5211305 0.07442745 0.02496756 1.300313 0.6266794 0.2017029 NaN NaN
15 0.5066229 0.08104919 0.02718375 1.347517 0.680675 0.2020884 0.08328046 NaN
16 0.5139447 0.08446316 0.02699401 2.128599 0.6348444 0.2015834 0.2890267 0.008038931
17 0.503894 0.08007236 0.02590888 0.9676928 0.6708473 0.204862 NaN NaN
18 0.5106039 0.0857858 0.02880961 1.430008 0.7392796 0.1836029 NaN NaN
19 0.4303097 0.06933219 0.02212811 0.7404516 0.5475396 0.2049512 0.4319906 0.01415134
20 0.5851801 0.08331887 0.02755829 1.423185 0.7233986 0.2038633 0.3908188 0.01454574
21 0.5917275 0.09211577 0.02924331 1.187121 1.119462 0.1861055 NaN NaN
22 0.4278836 0.06846959 0.02231675 0.6023562 0.5496951 0.1842229 0.1730324 NaN
23 0.4454982 0.07454233 0.02472281 0.9500912 0.5680616 0.2009328 0.338744 0.01249389
24 0.5321283 0.08272573 0.03068765 1.822068 0.7931755 0.2127325 0.2767583 0.007509046
25 0.4948045 0.0617077 0.02470285 1.727885 0.4787549 0.2163379 0.1162479 NaN
26 0.4635703 0.07769334 0.02375994 1.295066 0.5152806 0.2065953 NaN NaN
27 0.4047785 0.06999082 0.0215418 0.6582849 0.4857238 0.2026301 0.08326851 NaN
28 0.5915009 0.07972426 0.02692367 1.119672 0.7812312 0.2015748 0.1452352 NaN
29 0.4191646 0.07748866 0.02404746 0.7263999 0.6069584 0.1787829 0.1185701 NaN
30 0.5839047 0.09066484 0.02810742 1.855488 0.7635286 0.2079286 0.2727571 0.00728553
31 0.484426 0.08481488 0.02522797 1.620612 0.5828014 0.2016671 NaN NaN
32 0.5250995 0.08280819 0.0276343 1.061029 0.8234414 0.1979395 0.3026769 0.01056496
33 0.7125543 0.1062705 0.0352323 2.500542 1.325814 0.1979227 0.2756647 0.007954086
34 0.4351527 0.07257877 0.02253859 0.7680398 0.4930541 0.1993282 0.115384 NaN
35 0.4816714 0.07786502 0.02781976 1.29706 0.6805839 0.2173118 NaN NaN
36 0.4473678 0.06977133 0.02428909 1.15451 0.5343066 0.2142736 0.4220013 0.01282555
37 0.6204849 0.09307861 0.02626911 1.680101 0.8537564 0.3304668 0.95655 0.05851384
38 0.5377882 0.08215068 0.02928305 1.422097 0.8026449 0.1956424 0.1131068 NaN
39 0.4611273 0.07118954 0.02482501 0.9390676 0.6030288 0.1762744 0.06905766 NaN
40 0.492344 0.081869 0.02507454 0.9077999 0.8020097 0.1976636 0.3578083 0.01606019
41 0.5947556 0.08944591 0.02891258 1.560092 0.8392338 0.1838737 0.1558778 NaN
42 0.4550034 0.08253475 0.02875034 0.9035104 0.7221079 0.2157313 0.2626923 0.006587314
43 0.5252144 0.09170019 0.0266844 1.057445 0.7805007 0.1988363 0.2974303 0.008890558
44 0.4641554 0.07145385 0.02435383 0.9772465 0.5846223 0.2117307 0.3221663 0.009494428
45 0.4448585 0.08033762 0.02478356 0.8488066 0.6264871 0.1961912 NaN NaN
46 0.486098 0.09633231 0.02586597 1.020927 0.6877917 0.1965917 NaN NaN
47 0.5076528 0.07527233 0.02286183 1.472035 0.5059614 0.2069477 0.4580927 0.01508006
48 0.5118545 0.07821254 0.02672994 1.783193 0.6294173 0.2092416 0.2647229 0.00631437
49 0.5285286 0.0907191 0.0285963 1.281908 0.8205182 0.2054368 NaN NaN
50 0.5392639 0.09373775 0.03250894 1.268968 0.9657699 0.2045794 0.4259952 0.0163756
51 0.4484631 0.07336221 0.02400434 0.7306465 0.5866458 0.2064035 NaN NaN
52 0.4983873 0.06736919 0.02363978 1.323345 0.5116234 0.2107152 0.123278 NaN
53 0.4826177 0.08356677 0.02671439 1.061578 0.6979816 0.2075528 0.5188333 0.02223396
54 0.7344036 0.109803 0.031434 1.66594 1.439652 0.1969674 0.2621192 0.007157025
55 0.4881644 0.08511605 0.030173 1.240586 0.790261 0.2016034 NaN NaN
56 0.4608404 0.07018919 0.02346184 0.805939 0.5517961 0.189811 0.1598633 NaN
57 0.5080663 0.07759756 0.02435293 1.349103 0.6162248 0.1876078 NaN NaN
58 0.483415 0.08035416 0.02461267 1.189624 0.582889 0.2078086 0.2846979 0.007570428
59 0.4771144 0.07474244 0.02744051 0.9826154 0.7000166 0.2065483 0.5212986 0.02089279
60 0.4635526 0.07313597 0.02685276 1.32561 0.6476846 0.2054314 0.3495812 0.01179289
61 0.4679004 0.07239527 0.02435648 1.106889 0.5845771 0.1876487 0.1135175 NaN
62 0.4127024 0.07000973 0.02525093 0.7432176 0.5568986 0.2215723 0.2724393 0.00730838
63 0.5275683 0.07496507 0.02552758 1.500819 0.6116071 0.2050533 NaN NaN
64 0.4349614 0.07589838 0.02551808 1.022522 0.5562437 0.1854554 0.1385745 NaN
65 0.5277107 0.07453762 0.02416875 1.444866 0.560984 0.1981041 0.05517051 NaN
66 0.6089076 0.0889463 0.02866426 1.86716 1.014882 0.1859055 0.152673 NaN
67 0.6966117 0.09265468 0.02708659 1.504682 0.7023866 0.1859017 0.1096892 NaN
68 0.475216 0.07409415 0.02287992 1.163936 0.5376902 0.2062222 1.159289 0.04390306
69 0.4907647 0.08153527 0.02596197 1.772895 0.623601 0.1958596 0.1158264 NaN
70 0.4746207 0.08394022 0.02649876 1.304699 0.6834564 0.1992167 0.3220345 0.01161891
71 0.5406668 0.08105174 0.02853347 1.419914 0.7656976 0.2095811 0.284511 0.008457756
72 0.5189707 0.08574609 0.03030821 1.132831 0.8115454 0.2007575 0.2800961 0.008124956
73 0.4724155 0.07534778 0.02478671 0.9819613 0.6316456 0.1889903 NaN NaN
74 0.4574444 0.07927595 0.02674 1.026977 0.6549425 0.1905122 0.1584478 NaN
75 0.4710624 0.07695848 0.02757502 0.8535998 0.8375729 0.2017524 0.2624571 0.006476437
76 0.7420839 0.112961 0.02801926 2.115332 0.8807221 0.1834536 NaN NaN
77 0.5603945 0.07675428 0.0276809 1.240009 0.8809365 0.2453782 0.4968149 0.009504795
78 0.4404362 0.07775037 0.02399301 1.231629 0.5125424 0.2061331 0.2966255 0.008066299
79 0.5539331 0.08442555 0.02777863 2.252047 0.6723496 0.1875016 NaN NaN
80 0.5168062 0.09091104 0.02630904 0.988424 0.8142277 0.1989032 0.2944693 0.01012298
81 0.4738608 0.07637413 0.02847229 1.524594 0.6614791 0.2087006 0.09678194 NaN
82 0.6035487 0.09237854 0.02760875 1.340993 0.9038549 0.1713446 0.07388239 NaN
83 0.433163 0.07659649 0.02408614 0.6902931 0.6026592 0.1988499 0.1746059 NaN
84 0.4885901 0.0782304 0.02723978 0.8327675 0.6851441 0.2081585 0.3346573 0.01110266
85 0.3958239 0.06690533 0.02157281 0.8956198 0.4443642 0.2007934 0.09150754 NaN
86 0.5252663 0.07832332 0.02312283 1.373606 0.5539798 0.2031114 0.3004967 0.008999664
87 0.4900954 0.07719739 0.02562719 0.9155253 0.6930748 0.2034035 0.2683199 0.00675219
88 0.5983306 0.0854403 0.02964581 1.85896 0.7737447 0.2141498 0.2571728 0.006641103
89 0.4092007 0.07248565 0.02375677 1.103036 0.4508165 0.2075243 NaN NaN
90 0.5690089 0.0903413 0.03023252 1.467607 0.8662637 0.1985755 0.3584784 0.01572212
91 0.5541181 0.0838768 0.02779055 1.693911 0.737501 0.1953793 0.3082365 0.01071568
92 0.5070261 0.08476501 0.02884959 1.38088 0.7811365 0.2042724 0.2618877 0.007410633
93 0.4826169 0.07158674 0.02562314 0.9968339 0.6102207 0.199485 0.1644734 NaN
94 0.4318662 0.07237684 0.02405311 0.6817006 0.6033021 0.1996156 0.3698389 0.0134397
95 0.5059424 0.08076208 0.02488864 1.121148 0.6722917 0.2000798 0.2983167 0.009199954
96 0.5337488 0.08333354 0.02720989 2.223547 0.6685833 0.09114242 NaN NaN
97 0.4215437 0.07131567 0.0260817 0.9085198 0.5991985 0.2095591 NaN NaN
98 0.446595 0.0779317 0.0272933 0.9854085 0.6315119 0.2269002 0.1959494 NaN
99 0.5228257 0.07966311 0.02834715 2.132093 0.6380976 0.1937878 NaN NaN
100 0.4594604 0.08615734 0.02809435 1.242969 0.6324213 0.1787051 NaN NaN
