1 26.86393 1.921242 -0.4924443 4.018999 1.357512 5.31019 -1.395881 -0.02845154 -0.01050665
2 26.44758 1.837643 -0.4976572 3.841438 5.159039 4.284805 -1.236193 -0.743503 -0.00709135
3 26.35906 1.984036 -0.5187898 3.9758 1.991467 5.335457 -1.048074 -0.6819052 -0.05868142
4 25.50318 2.084912 -0.5585418 3.844415 3.304315 4.292932 -1.290983 -0.3939239 0.003200443
5 25.51104 2.012501 -0.5459307 4.877217 1.851096 5.887341 -1.306226 -0.4225471 -0.04537712
6 25.18585 2.084564 -0.5854824 3.428771 2.986106 3.862842 -1.158334 -0.9283002 -0.01741826
7 26.21955 1.969572 -0.5259574 4.596339 4.788354 4.698409 -1.345234 -0.4493011 -0.04249634
8 25.79201 2.025267 -0.5553575 4.099012 3.654417 5.999918 -1.177243 -0.4223709 -0.04940027
9 26.5939 1.970459 -0.5080868 4.510271 1.531159 5.827696 -1.316794 -0.2266576 -0.02715839
10 25.9084 1.846295 -0.5017403 3.838612 3.20492 5.335497 -1.300165 -0.3612749 0.006207363
11 25.80364 1.829378 -0.5454156 4.50537 3.415705 4.43845 -1.239289 -0.8588696 -0.05991452
12 26.4185 1.989236 -0.5042276 3.756471 1.985681 3.455083 -0.8506721 -0.8278819 -0.07569806
13 25.92838 1.965929 -0.5097707 3.624987 2.502198 3.648363 -1.457267 -0.2135293 0.0004018987
14 26.96688 1.983212 -0.4943948 4.068343 1.893258 3.986227 -1.039106 -1.066409 -0.05794447
15 25.89995 1.997252 -0.5472565 4.359661 3.251674 5.140701 -1.355584 -0.9008909 -0.00934243
16 25.40832 2.036485 -0.5560862 3.517758 3.462002 3.820117 -0.8715952 -0.7539119 -0.07765242
17 26.16064 1.955931 -0.4998082 3.896894 2.178533 3.985397 -1.287048 -0.6586629 -0.0372034
18 25.67206 2.043733 -0.5639514 4.679764 3.573022 5.447238 -0.9628375 -0.6933511 -0.03385047
19 26.29695 2.085542 -0.5261153 3.965286 1.954875 11.60701 -1.061532 -0.8978425 -0.04312735
20 26.11298 1.94104 -0.5077648 3.360365 1.981699 2.960769 -1.017286 -0.8206972 -0.06997992
21 26.00211 2.114084 -0.5364879 4.235376 1.47418 3.783059 -1.032166 -1.106235 -0.02510793
22 26.53602 2.035313 -0.5126828 4.245827 1.071761 11.23974 -1.420858 -0.4400202 0.01233261
23 26.06644 1.996077 -0.5443631 4.218988 2.459452 6.566142 -0.8323074 -1.014711 -0.06903887
24 25.14764 1.923463 -0.543789 3.947188 2.22579 3.708001 -1.344844 -0.2403346 -0.01750066
25 25.95984 1.679515 -0.5069182 3.497097 3.079515 4.370889 -1.479851 -1.315145 -0.01688756
26 25.90152 1.904442 -0.5180207 3.857451 3.0633 4.153659 -1.647691 -0.5559178 0.008287721
27 26.49224 2.124191 -0.5159671 4.381461 1.326673 11.5773 -1.174991 -0.4855434 -0.03723255
28 26.51584 1.801924 -0.4866622 4.487891 1.680047 5.911617 -1.456321 -1.277428 0.003634443
29 26.25507 2.137034 -0.5487665 4.141513 1.567078 7.950901 -0.64048 -1.670678 -0.04697048
30 25.49856 1.955687 -0.5412595 4.634743 4.360225 4.660796 -1.203628 -0.4854267 -0.05132401
31 26.40834 2.056406 -0.5341237 4.029678 3.052112 4.131971 -1.266362 -0.860573 -0.009922783
32 26.28113 1.95202 -0.5220799 4.593619 1.595503 5.129352 -1.272169 -0.3842421 0.001217301
33 26.79681 1.935509 -0.5129291 5.278837 1.166579 2.93731 -0.9258669 -0.7755236 -0.05287274
34 25.9242 2.057963 -0.5028034 5.035293 1.770005 12.22942 -1.420931 -1.27925 -0.02137163
35 25.70695 1.923735 -0.5476016 3.781812 2.365054 3.127817 -1.673775 0.1734481 -0.00467808
36 26.00061 1.922159 -0.5379698 3.877577 2.146398 5.860162 -1.581123 0.0785928 -0.003592585
37 26.08152 2.124959 -0.5137137 4.887346 1.939974 8.316305 -1.05716 -1.136492 -0.01949713
38 25.97875 1.869498 -0.5243103 4.310806 2.965768 3.742398 -1.385977 -0.4701499 0.005979549
39 26.36408 1.898131 -0.5285301 4.283047 1.829617 7.88002 -1.098929 -0.6635892 -0.0216666
40 26.8129 2.130253 -0.5072796 3.624934 1.504972 4.122183 -1.07853 -0.6267866 0.002891226
41 25.61828 2.041129 -0.5206247 6.0257 3.112837 6.638312 -1.336813 -0.2627611 -0.0002065735
42 25.86966 2.012189 -0.5624285 5.359798 1.678444 4.961614 -1.317973 -0.1243804 -0.07208239
43 26.39942 2.15175 -0.5216988 5.103134 2.229979 6.969534 -1.341965 -0.2882621 0.002727081
44 26.35307 1.966144 -0.5167495 4.446378 1.720021 5.446703 -1.241149 -0.4637766 -0.05563705
45 26.13528 2.087888 -0.5400248 2.551199 1.534186 2.870066 -1.330652 -0.2368326 0.003229193
46 26.01488 2.271109 -0.533936 5.025679 2.071069 6.310819 -1.327173 -0.2000298 -0.01707341
47 25.96146 2.033585 -0.5073818 4.185067 3.095624 8.436836 -1.511267 0.005554184 -0.009023772
48 25.96242 1.848677 -0.5431057 3.809184 2.709039 3.802692 -1.175471 -0.181344 -0.05557372
49 26.32013 2.056179 -0.5502645 3.569627 2.42793 3.102943 -1.302297 -0.9016131 -0.0158935
50 25.14902 2.014077 -0.5496095 5.825774 2.389832 6.337258 -1.116909 -0.751878 -0.03816176
51 26.49329 2.05881 -0.5159513 4.33746 1.672299 6.655835 -1.496254 0.2142524 -0.01271433
52 26.16473 1.846024 -0.5071703 3.772349 3.196691 7.10881 -1.509691 0.1832823 -0.01164336
53 26.24245 2.051178 -0.5551613 4.918746 2.461245 5.576301 -0.8909134 -0.9556525 -0.05774369
54 26.69924 2.127529 -0.5038917 4.833157 2.167758 3.869836 -1.190151 -0.1610606 -0.01881772
55 26.00542 2.043299 -0.5502889 5.21964 2.816864 4.667424 -1.021497 -1.588893 -0.02276295
56 26.71274 1.980548 -0.4933895 4.760445 1.918233 7.728092 -1.26262 -1.202121 -0.02102201
57 26.18942 1.984236 -0.5238722 4.125097 3.125749 7.916807 -1.290429 -0.7676116 0.002116801
58 26.08978 2.195295 -0.5289388 4.778591 2.535406 6.556443 -1.185826 -0.4660532 -0.06162631
59 25.75258 1.852632 -0.5104432 4.618761 1.362501 5.268679 -1.387116 -0.1399899 -0.009889457
60 25.70717 1.937708 -0.5371299 4.838858 1.389339 7.283763 -1.329826 -0.200509 -0.01693052
61 26.38795 2.033416 -0.5217113 4.272671 2.187237 4.534045 -0.9740397 -1.277561 -0.04668905
62 25.88065 1.898799 -0.5310617 4.524575 1.645684 5.262402 -1.3043 -0.3404661 -0.0737013
63 26.23039 1.897272 -0.5049019 4.876885 3.93299 5.183713 -1.324438 -0.8884139 -0.03084145
64 25.41144 2.016067 -0.5731597 4.49047 2.03612 7.661722 -0.9249501 -1.154665 -0.04766986
65 26.03988 1.9655 -0.5249659 3.813692 2.605541 5.165733 -1.372162 -0.02488396 -0.00656531
66 25.94084 2.047882 -0.5399645 3.759614 3.226304 3.825832 -1.082626 -0.06675978 -0.01904564
67 25.97769 1.846516 -0.4833958 4.239768 2.588726 6.878051 -1.32352 -0.6961591 0.003719369
68 26.33806 2.139823 -0.5166771 3.623141 1.994405 4.290056 -1.094177 -0.9149207 -0.06340483
69 25.79462 2.131456 -0.5366696 4.570932 2.639262 5.983956 -1.141615 -0.9750067 -0.03297804
70 26.0604 2.010793 -0.5459546 3.685892 1.477257 4.254045 -1.298739 -0.3293017 0.0002485035
71 26.18245 1.938703 -0.5145978 3.529153 2.199549 3.557785 -1.344527 -0.3664733 -0.02333378
72 25.71985 1.965406 -0.5285073 5.234623 2.759241 5.991503 -0.8751551 -0.7868959 -0.07438734
73 26.59277 1.951837 -0.4986779 5.128157 1.661356 6.951103 -1.048099 -0.8690021 -0.05494659
74 25.51029 2.051091 -0.5646101 4.008075 2.014764 5.120602 -1.208745 -0.5718498 -0.01158689
75 26.12205 1.95312 -0.5347266 3.857903 1.242904 4.693228 -1.192215 -0.1717177 -0.003844129
76 26.29676 2.069955 -0.5068611 3.773468 2.804621 3.733809 -1.18069 -0.9791921 -0.009089196
77 26.64537 1.858795 -0.5043689 3.57817 1.111739 3.686592 -1.361606 0.02395151 -0.02324991
78 25.80371 2.075076 -0.5412623 4.570982 2.589463 8.901388 -1.254906 -0.2016678 -0.01489711
79 25.19983 2.013521 -0.5585743 5.153111 4.548967 6.431284 -0.8988072 -1.065642 -0.05119918
80 26.04235 2.146633 -0.5209273 4.410843 1.537807 5.123262 -1.020879 -0.7119819 -0.04661626
81 25.55057 1.931783 -0.570631 4.600628 2.263499 5.145147 -1.511288 0.2576259 -0.01259393
82 26.19858 2.097099 -0.5250452 3.095647 2.057382 3.064117 -1.11594 -1.219539 -0.003958876
83 25.84302 2.114212 -0.5451302 3.58753 1.300388 5.831009 -1.515562 -1.339667 0.01541907
84 26.28002 1.968578 -0.4995615 2.865192 1.267725 2.451077 -1.222438 -0.7020934 -0.06125023
85 25.96695 2.037794 -0.5436848 3.426189 1.636562 6.042052 -1.119188 -0.5972921 -0.04583944
86 26.90848 2.000578 -0.5021831 4.200319 2.79147 4.843426 -1.100661 -0.6614441 -0.06737062
87 26.50988 2.001383 -0.5101183 3.978938 2.219634 4.779708 -0.965476 -0.5467383 -0.07855302
88 25.64355 1.928238 -0.5468206 4.192802 3.158617 4.291369 -1.511 -0.0345874 0.003610603
89 25.504 1.98718 -0.5464524 3.8035 2.577316 5.298513 -1.559241 -0.7651274 -0.007485421
90 25.57179 2.005438 -0.5279605 4.652181 2.872315 4.550596 -1.28153 -0.4044875 0.00533967
91 25.73712 1.934287 -0.5375222 4.074144 3.954863 4.532866 -0.997736 -0.7817254 -0.0357686
92 25.46913 1.985924 -0.5281247 3.605468 1.882905 3.688942 -1.259117 -0.2584103 -0.01838359
93 26.08719 1.863486 -0.5174618 4.24719 1.75727 4.664502 -1.129428 -1.145825 -0.0442539
94 26.93843 1.977895 -0.5059459 4.114667 1.321768 5.40726 -0.9309245 -0.7728474 -0.05816945
95 25.8547 2.056496 -0.5267516 3.916428 3.636169 6.453578 -1.160286 -0.5017814 -0.02416443
96 26.21073 2.003104 -0.5591895 3.891264 2.175268 4.833785 -0.9205373 -0.9449611 -0.05037784
97 25.90556 1.923416 -0.5479428 6.076345 1.794114 11.64563 -1.217195 -0.9435627 -0.05691839
98 25.10949 1.965382 -0.5534814 4.168814 1.929758 4.538328 -1.36893 -0.3642831 -0.015743
99 25.2916 1.910819 -0.5498778 3.95213 2.846903 3.84064 -0.8980116 -1.080606 -0.06220296
100 25.35641 1.984042 -0.5725191 4.718492 2.365556 6.329311 -0.8491028 -1.263341 -0.05804332
