1 26.82376 1.924766 -0.4935001 3.999745 1.280661 5.051088 -1.806558
2 25.87374 1.780957 -0.5376255 3.8197 4.864778 4.1518 -1.683073
3 26.54557 1.990837 -0.5063997 3.886447 1.902168 4.988267 -1.836035
4 25.63306 2.147376 -0.5582929 3.872388 2.989125 4.365937 -1.723797
5 25.38435 2.035897 -0.565305 4.925944 2.102445 6.001056 -1.885816
6 25.16705 2.065386 -0.5807884 3.753595 2.840502 4.221748 -1.611729
7 26.32101 1.938714 -0.5154946 4.529167 4.605773 4.499865 -1.908336
8 26.061 2.082637 -0.5380754 4.158688 3.52083 5.965326 -1.820387
9 26.71645 1.992064 -0.5049572 4.206249 1.730166 5.362161 -1.855559
10 26.01231 1.841502 -0.4949026 3.755048 3.031296 4.920211 -1.720962
11 25.90246 1.813351 -0.5363443 4.668387 3.706183 4.780103 -1.98824
12 26.39063 2.018075 -0.5143674 3.805028 1.75939 3.501886 -1.743689
13 26.15128 1.936447 -0.4886547 3.801214 2.455525 3.696023 -1.755079
14 26.55423 1.919119 -0.5082774 4.228282 1.87902 4.198199 -1.913001
15 26.1751 1.978387 -0.5179462 4.545204 3.603349 5.569954 -1.742573
16 25.87751 2.065088 -0.5242247 3.316534 3.383278 3.501496 -1.7772
17 25.6409 1.905113 -0.5333015 3.758243 2.060371 3.821967 -1.906548
18 25.92465 2.013325 -0.5356211 4.769108 3.496373 5.214827 -1.78982
19 26.29685 2.070213 -0.5242192 3.892069 1.856646 9.527745 -1.656078
20 25.52975 1.839325 -0.5340184 3.239203 1.787781 2.849022 -1.871091
21 26.32333 2.159457 -0.5215543 3.977631 1.439863 3.422301 -1.562895
22 26.38164 2.010426 -0.5179393 4.03958 1.13368 11.05139 -1.735591
23 26.39947 2.035147 -0.5290614 4.2661 2.522774 7.013675 -1.791286
24 25.71118 1.947533 -0.5023713 4.095184 2.202154 3.84674 -1.740943
25 25.93092 1.69074 -0.5095511 3.353187 2.882308 4.214757 -2.053257
26 26.087 1.905942 -0.5005072 3.96122 2.973385 4.2204 -2.060992
27 26.15741 2.101331 -0.5423818 4.265117 1.34795 10.04686 -1.852559
28 25.84932 1.76187 -0.5272371 4.595134 1.67134 6.264702 -1.718631
29 26.42995 2.142657 -0.537671 4.241729 1.67348 8.254655 -1.722636
30 25.32005 1.954094 -0.5545476 4.615129 4.078783 4.750537 -1.701468
31 26.18555 2.054811 -0.5606337 3.834796 2.780062 3.863008 -2.004065
32 26.04801 1.920534 -0.5337642 4.864289 1.608397 5.515365 -1.661967
33 26.40592 1.90098 -0.5300552 5.25379 1.210231 2.985509 -1.692206
34 25.82571 2.03165 -0.5086677 4.989132 1.956333 13.06629 -1.995186
35 25.82963 1.941851 -0.5358028 3.746647 2.195444 3.107385 -1.861892
36 26.24561 1.934379 -0.5196449 4.076007 2.283473 6.342805 -1.849035
37 26.1573 2.114516 -0.5027875 4.970031 1.896685 7.549489 -1.585701
38 26.27435 1.921409 -0.5143204 4.556902 3.144861 4.326752 -1.751058
39 26.17992 1.847335 -0.5316034 4.066828 1.684128 6.970392 -1.737478
40 26.68567 2.125439 -0.5193223 3.484929 1.401634 3.755732 -1.624977
41 25.62798 2.056396 -0.5219198 5.874319 3.085179 6.379313 -1.766913
42 26.09195 2.08351 -0.5580558 5.305323 1.724031 4.823999 -1.916218
43 26.31246 2.169192 -0.5278786 5.115134 2.095044 6.917816 -1.697349
44 26.03888 1.977224 -0.5399409 4.403301 1.61449 5.666638 -1.879286
45 26.04138 2.080457 -0.5481915 2.631226 1.59666 2.949201 -1.736129
46 26.07924 2.224783 -0.5239593 4.695081 1.94843 5.282859 -1.803036
47 25.7 2.024119 -0.526489 4.178546 3.401593 9.079449 -1.842692
48 26.67848 1.908806 -0.4960292 3.630607 2.482731 3.478848 -1.816296
49 26.33445 2.090857 -0.5507824 3.579251 2.358735 3.173543 -1.742476
50 24.94122 1.987652 -0.5602256 5.886082 2.43108 6.187519 -1.656028
51 26.00617 2.04515 -0.5531654 4.447405 1.486082 7.110872 -1.854641
52 26.2063 1.859252 -0.4986731 3.732943 3.584139 7.473763 -1.837911
53 26.3509 2.063286 -0.5522751 4.897125 2.275911 5.513576 -1.77611
54 26.53899 2.106992 -0.5119433 4.7229 2.055886 3.77315 -1.493086
55 26.78715 2.118368 -0.5093614 4.878535 2.516456 4.282472 -1.961775
56 26.91912 2.005014 -0.4832937 4.890186 1.932399 8.654017 -1.945062
57 26.37276 2.028948 -0.5189655 4.252958 3.442329 8.936032 -1.685051
58 26.10469 2.161538 -0.5253363 4.714482 2.52111 6.934523 -1.884034
59 25.20786 1.83397 -0.5465999 4.62014 1.463437 5.109011 -1.80193
60 25.65576 1.937309 -0.5362493 4.672387 1.390708 6.679622 -1.794669
61 26.67534 2.03579 -0.5073426 4.399105 2.299408 4.536593 -1.880119
62 26.42128 1.957481 -0.5051265 4.295892 1.738904 4.980442 -1.952805
63 25.91345 1.908436 -0.5311708 4.694253 3.652496 4.778246 -1.978636
64 25.82359 2.002654 -0.5405924 4.505991 2.08453 7.195659 -1.837441
65 26.21435 1.978475 -0.508917 3.792881 2.71638 5.468246 -1.801007
66 25.76047 2.027859 -0.547643 3.637181 3.170276 3.711705 -1.513174
67 25.78805 1.847485 -0.5014168 4.026347 2.373062 6.223059 -1.707242
68 25.93155 2.084867 -0.5419879 3.757267 2.30725 4.614753 -1.902504
69 25.76522 2.148338 -0.5403375 4.662418 2.633983 6.320118 -1.953329
70 26.35542 2.047905 -0.5321349 3.582274 1.442682 4.141258 -1.724328
71 26.5518 2.012919 -0.501915 3.490586 2.187356 3.531434 -1.744384
72 25.29823 1.950805 -0.5510232 5.253183 2.61961 6.036717 -1.779072
73 26.2065 1.950065 -0.5269773 5.030883 1.581155 6.925252 -1.865979
74 25.9625 2.048986 -0.5261823 4.122127 1.945461 5.345763 -1.779316
75 26.26997 1.949142 -0.5234193 3.966799 1.233161 5.043377 -1.585175
76 25.66079 2.03465 -0.5522039 3.911025 2.712807 3.961843 -1.646999
77 26.4757 1.814176 -0.5088373 3.673876 1.275701 3.820023 -1.579401
78 26.11169 2.11692 -0.5162948 4.601687 2.814126 9.190342 -1.870753
79 25.37961 2.00653 -0.5424998 5.064312 4.31364 5.989296 -1.779788
80 25.8361 2.170271 -0.5486555 4.552506 1.370634 5.310597 -1.61698
81 25.53287 1.915325 -0.566859 4.32008 2.10521 4.693664 -1.856574
82 26.20739 2.116865 -0.5307408 3.098117 2.156223 3.235825 -1.593328
83 26.00169 2.09503 -0.5348705 3.682549 1.392811 6.344547 -1.69329
84 25.87411 1.939823 -0.525412 2.863738 1.338884 2.445673 -1.964126
85 25.87897 2.0139 -0.5486256 3.387814 1.734127 5.667627 -1.853429
86 26.73514 1.99465 -0.515297 4.242271 2.623975 4.783087 -1.885084
87 26.27052 1.997765 -0.5254513 4.192848 2.173187 5.151123 -1.753973
88 26.02465 1.930362 -0.5139123 4.190313 3.616046 4.222209 -1.768749
89 25.55136 2.014449 -0.5403244 3.777271 2.567933 5.376155 -2.052406
90 25.6791 2.035812 -0.5357869 4.708646 2.42708 4.840203 -1.692206
91 25.96251 1.97627 -0.5246491 3.961995 3.649508 4.592049 -1.686859
92 25.41582 1.93748 -0.5174916 3.457037 1.71858 3.53301 -1.678286
93 26.09398 1.881387 -0.5207336 4.227345 1.839472 4.704999 -1.916423
94 26.36719 1.926438 -0.5360489 4.110141 1.301321 5.550037 -1.830131
95 25.97468 2.103781 -0.5314901 3.960955 3.339611 6.557184 -1.654691
96 26.81088 2.087343 -0.5187512 3.989527 2.451229 4.977166 -1.749472
97 26.41508 1.902022 -0.5068466 5.940811 1.864211 10.86512 -1.961672
98 25.4392 2.031614 -0.5415319 4.230774 1.94747 4.759252 -1.857533
99 25.49935 1.924724 -0.5355289 4.386521 3.446454 4.521194 -1.867622
100 26.00517 2.08721 -0.5373474 4.691683 2.339002 6.023118 -1.805001
