1 0.4228077 0.06067018 0.02094195 0.6783143 0.6357661 1.402021 0.1255862
2 0.4741959 0.06218421 0.02371281 1.400866 0.5999663 0.9468798 0.1235022
3 0.403604 0.06363066 0.02014215 0.790898 0.5384545 1.13718 0.126186
4 0.4584827 0.07729503 0.02372385 1.118528 0.741508 1.225141 0.1246714
5 0.3778233 0.07356837 0.02408667 0.794997 0.5989038 1.480769 0.1257365
6 0.4480165 0.07697594 0.02469983 1.095667 0.7003517 1.078335 0.1225163
7 0.4632223 0.06696566 0.02225324 1.350695 0.6044307 1.001789 0.1265212
8 0.4388182 0.07235959 0.02184622 1.057727 0.6249405 1.616271 0.1255058
9 0.4235382 0.06506251 0.0213787 0.6862527 0.6351055 1.44038 0.1252447
10 0.4543059 0.06091266 0.02162584 1.001136 0.5938995 1.233923 0.1239098
11 0.4277721 0.06284356 0.0240427 1.177352 0.6363662 1.169099 0.12871
12 0.4328514 0.06660981 0.02197018 0.72039 0.6184138 0.7350319 0.125322
13 0.4762701 0.06553487 0.02223255 0.8660985 0.6176451 0.7772027 0.1244162
14 0.4007362 0.0609598 0.02165211 0.7225972 0.6153909 0.9686976 0.1274104
15 0.4638628 0.06823764 0.02230023 1.093607 0.6109673 1.378862 0.122838
16 0.4433392 0.06766262 0.02061878 1.142453 0.5729717 0.755645 0.1259327
17 0.4289741 0.06316941 0.02276996 0.7017103 0.7139124 0.9699234 0.1255613
18 0.4547276 0.07558638 0.024212 1.11151 0.7545805 1.300786 0.1248394
19 0.4105151 0.06653517 0.02161719 0.6957872 0.5197204 2.957407 0.1221213
20 0.3633882 0.05709577 0.02071103 0.6116403 0.5245905 0.5428243 0.1267635
21 0.4565067 0.07609544 0.02306555 0.7829576 0.7718743 0.7901585 0.1214803
22 0.4098638 0.06520982 0.02141958 0.5638297 0.6405403 4.522093 0.1237573
23 0.4317681 0.07107599 0.02207238 0.8715772 0.6105536 2.05207 0.1266129
24 0.4533293 0.06889372 0.0231392 0.8840682 0.7046716 0.8678623 0.1245423
25 0.3948136 0.05094548 0.02076034 0.8483308 0.5287752 1.007735 0.1290981
26 0.406029 0.06199125 0.02034792 0.8645708 0.541614 0.9375567 0.1308549
27 0.367878 0.06636717 0.02174352 0.6422684 0.5829168 3.896423 0.1262208
28 0.4548947 0.06418783 0.02563415 0.7636709 0.8151833 1.992096 0.1231328
29 0.4073197 0.07230264 0.02230435 0.6957993 0.6974924 2.765956 0.1246701
30 0.4792383 0.07648747 0.02513653 1.221414 0.6589816 1.159023 0.1217332
31 0.3877249 0.06569152 0.02134466 0.9162636 0.572371 0.8512882 0.1304227
32 0.4592861 0.07237241 0.02555889 0.8264915 0.8841152 1.601679 0.1236327
33 0.4361129 0.07326331 0.02746503 1.160435 0.9311938 0.5993852 0.1241578
34 0.4041523 0.06843421 0.02189127 0.6868715 0.5538834 5.072553 0.1284629
35 0.3804777 0.06318802 0.02180272 0.7681031 0.6060019 0.6694295 0.1251517
36 0.4014882 0.06299173 0.0212174 0.8442648 0.552265 1.741997 0.1252131
37 0.5221466 0.08176591 0.02462311 1.072095 0.8170237 2.517124 0.1220026
38 0.479038 0.07008362 0.0237404 1.012662 0.6757175 1.003421 0.1236432
39 0.4086784 0.06218942 0.02313175 0.704556 0.6455489 2.114085 0.1246522
40 0.4141974 0.06836306 0.02143357 0.7512919 0.7737817 1.046454 0.1225881
41 0.5161748 0.08341762 0.02664696 1.077434 0.8265299 1.775121 0.1235016
42 0.3888855 0.07516127 0.0243885 0.8396702 0.753945 1.17435 0.127715
43 0.4819475 0.08065414 0.02468911 0.8429113 0.8052826 1.993861 0.1241131
44 0.3702384 0.0658152 0.02235095 0.6538624 0.580722 1.422757 0.1266732
45 0.3996209 0.06408412 0.0198614 0.6801265 0.626426 0.7345749 0.124585
46 0.4412676 0.07899395 0.02261864 0.8027594 0.7417712 1.473643 0.1256469
47 0.4245571 0.06838134 0.02189322 1.142078 0.5390533 3.117181 0.1244355
48 0.4277969 0.06262981 0.02012094 0.9459876 0.6026641 0.7517903 0.1273035
49 0.4147049 0.070007 0.0211028 0.7849894 0.6076464 0.6555631 0.1229253
50 0.5119381 0.08591334 0.02972834 1.023763 1.030294 1.855931 0.1214285
51 0.3743867 0.06911888 0.02253924 0.6001654 0.6098284 2.038898 0.1244609
52 0.4474867 0.05963366 0.02040442 1.045258 0.518691 2.115792 0.1252746
53 0.4328717 0.07555509 0.0251149 0.8444029 0.7598182 1.507661 0.1250343
54 0.5990489 0.08887345 0.02641318 1.06139 1.137289 1.017663 0.1215657
55 0.4322044 0.07385208 0.02147227 0.8604218 0.6708448 0.9179255 0.1297639
56 0.4555897 0.06748811 0.02104031 0.7610895 0.6890568 3.002109 0.1279066
57 0.4945663 0.07204063 0.02277245 1.150593 0.6884572 3.15564 0.1226403
58 0.4419949 0.07667548 0.02344611 0.9199262 0.6936307 2.228997 0.1276751
59 0.3945859 0.06736198 0.02539256 0.7818503 0.7224227 1.294524 0.1248424
60 0.3910971 0.06800269 0.02406716 0.7082548 0.6708673 1.820424 0.125718
61 0.403719 0.0666726 0.02085526 0.8361981 0.5693178 1.085692 0.1268461
62 0.4031836 0.06324369 0.02145016 0.6536797 0.6631711 1.401559 0.1290022
63 0.4402985 0.06632088 0.02309885 1.074603 0.6244451 1.112078 0.1277452
64 0.4120556 0.06963786 0.02306615 0.8309458 0.6237818 2.228899 0.1256538
65 0.4202702 0.06528123 0.02033051 0.9216994 0.5126494 1.400799 0.1248205
66 0.4777001 0.07145257 0.02411758 1.109405 0.6362481 0.8480498 0.1212799
67 0.5025396 0.06763765 0.02386219 0.9221482 0.8820854 2.381361 0.1239916
68 0.3554771 0.0644204 0.01989976 0.7911507 0.495022 1.008573 0.1264939
69 0.4160185 0.07520565 0.02250828 0.8174074 0.5923781 1.511236 0.1263874
70 0.3773326 0.06477959 0.02078158 0.6959016 0.5411295 0.8958436 0.1246838
71 0.4399329 0.06530221 0.02085427 0.813491 0.593074 0.7632876 0.1237097
72 0.461842 0.07915705 0.02708557 1.020318 0.826356 1.622808 0.12672
73 0.401166 0.06817751 0.02325954 0.7946306 0.6524192 1.991071 0.1260155
74 0.4131392 0.06981319 0.02252056 0.7556739 0.703919 1.45358 0.1242308
75 0.4053526 0.06559384 0.02349039 0.7161172 0.7330793 1.292449 0.1235404
76 0.4298046 0.07044608 0.02320852 1.030321 0.6574141 0.9380745 0.1214617
77 0.4449296 0.06084164 0.02324907 0.7340416 0.7162082 0.9568042 0.121385
78 0.4345913 0.07222861 0.02235669 0.9631562 0.6235643 3.137988 0.1276245
79 0.4828366 0.07748311 0.02572069 1.368137 0.6911829 1.609496 0.1241928
80 0.4368667 0.08082311 0.02404475 0.7902602 0.691327 1.383228 0.1224681
81 0.3983902 0.06928088 0.02388952 0.8312242 0.6802756 1.181127 0.1251419
82 0.4660159 0.07000722 0.02119565 0.83397 0.6667391 0.7550203 0.1226886
83 0.4051546 0.06776472 0.02129414 0.6916898 0.736905 2.175697 0.1225061
84 0.3334007 0.05689559 0.01962328 0.5564296 0.5450249 0.4929917 0.1278633
85 0.3503724 0.06069227 0.02014492 0.6359093 0.4544423 1.400775 0.1253336
86 0.4046884 0.06418147 0.02080814 0.8735516 0.5225343 1.082396 0.1266106
87 0.4346401 0.06875647 0.0227822 0.7966588 0.6708818 1.282694 0.1260051
88 0.4792973 0.06840272 0.02281943 1.074957 0.6802716 0.9733585 0.1242931
89 0.3728987 0.06266457 0.02052827 0.7678889 0.5398538 1.405431 0.1299851
90 0.466197 0.07769663 0.02511717 1.004561 0.8166427 1.249006 0.1241579
91 0.4767476 0.07188396 0.02278159 1.114518 0.6271783 1.044247 0.1242
92 0.3955438 0.06310987 0.02258544 0.7347034 0.5831017 0.777627 0.123481
93 0.4033475 0.06341476 0.02276365 0.6923654 0.6147241 1.104286 0.1272933
94 0.3755271 0.0631954 0.0217339 0.5837972 0.6168153 1.422105 0.1263472
95 0.4664324 0.07310615 0.02231108 1.13573 0.7116237 2.034029 0.1229646
96 0.4505858 0.07030533 0.02163287 0.897956 0.6039727 1.158187 0.125314
97 0.4336212 0.06963907 0.02408305 0.7047811 0.6804113 3.846087 0.1287021
98 0.3971541 0.07172732 0.02290163 0.6896429 0.6263107 1.146423 0.1244374
99 0.4327564 0.06904529 0.02383737 1.092095 0.6772131 1.052746 0.1268111
100 0.4282628 0.07526062 0.02354738 0.8718279 0.6598241 1.629236 0.1265635
