1 26.49732 1.957677 -0.4963246 5.963041 2.324291 -1.815591
2 25.1717 1.702276 -0.5318361 6.054901 9.040634 -1.677282
3 25.86978 1.937929 -0.5057872 5.651871 6.932485 -1.825392
4 25.22998 2.276941 -0.5712362 6.474751 4.22199 -1.721217
5 25.04563 2.056962 -0.5612664 6.76429 2.808279 -1.896795
6 24.82886 1.989406 -0.577235 6.20358 5.188088 -1.61811
7 25.87158 1.95392 -0.5111926 6.97782 10.66846 -1.90036
8 25.8022 2.038959 -0.5376429 5.954431 4.280562 -1.812897
9 26.33237 1.986455 -0.5048931 6.20008 2.835663 -1.849536
10 25.81473 1.89129 -0.4996787 5.811658 5.329298 -1.72224
11 25.58209 1.850071 -0.5434871 7.004393 6.116847 -1.976273
12 26.00372 2.063308 -0.5205029 6.79828 3.588816 -1.74498
13 25.88295 2.037391 -0.4989867 7.748605 3.404777 -1.756219
14 26.24958 1.90809 -0.505368 6.873726 3.256889 -1.903701
15 25.81198 2.024652 -0.5277712 6.505217 4.751851 -1.753949
16 25.67095 2.108223 -0.5297372 6.015991 6.529575 -1.779318
17 25.50895 1.969699 -0.5398415 7.5557 2.950884 -1.906548
18 25.89719 2.051816 -0.5419143 7.434558 5.298017 -1.801007
19 26.20551 2.046717 -0.5227859 4.746091 2.011907 -1.648933
20 25.33097 1.805391 -0.529156 7.64015 3.099467 -1.87517
21 26.49061 2.101292 -0.5075079 7.323442 2.60271 -1.568024
22 26.52365 2.093488 -0.5204589 5.077567 1.221656 -1.732191
23 26.33663 2.016431 -0.528349 5.803661 3.025141 -1.801121
24 25.47348 1.891826 -0.5012262 7.424236 3.785624 -1.740943
25 25.21206 1.661438 -0.5157656 5.808282 6.887742 -2.046156
26 25.90238 2.069591 -0.5113738 6.3257 4.593346 -2.063252
27 26.09104 2.078511 -0.5356445 5.226436 1.583441 -1.861231
28 25.49743 1.755188 -0.5163849 6.773756 2.426765 -1.718631
29 26.41196 2.186771 -0.5422343 5.665022 1.789529 -1.729201
30 24.63363 2.005416 -0.5562901 6.483852 6.628555 -1.701468
31 25.50785 2.071576 -0.5646804 6.683763 5.1652 -1.994714
32 25.99075 1.992792 -0.5341173 7.137041 1.725498 -1.671714
33 25.45407 1.923318 -0.5311851 11.00881 5.926447 -1.692206
34 25.72579 2.02731 -0.5089608 5.811851 2.117207 -1.998019
35 25.65242 1.907906 -0.5305153 7.201194 3.148133 -1.860406
36 26.13334 1.94271 -0.5216532 5.664286 3.065253 -1.840921
37 25.60394 2.083902 -0.4997614 6.076213 4.33783 -1.585947
38 25.84718 1.913378 -0.5203017 7.523646 4.025848 -1.752008
39 25.95627 1.924441 -0.5455881 5.795752 2.535242 -1.726089
40 26.48729 2.190645 -0.5302579 6.251137 1.710146 -1.623847
41 25.49831 1.99995 -0.5100126 7.985361 4.332902 -1.766913
42 26.05596 2.008147 -0.5386265 8.21302 2.090611 -1.903701
43 26.33689 2.254349 -0.5338986 7.106307 2.64948 -1.69572
44 26.02708 1.885649 -0.5253564 6.3417 2.35746 -1.883175
45 26.11515 2.191429 -0.564771 5.927425 2.343031 -1.72611
46 25.80592 2.348711 -0.5405735 6.984732 2.41172 -1.804479
47 25.32374 1.980245 -0.5196998 5.138106 5.034956 -1.842692
48 26.42965 1.9725 -0.5019149 6.319979 5.401026 -1.814002
49 25.8544 2.128972 -0.5549159 7.697151 3.681123 -1.737221
50 24.36624 1.985718 -0.5746412 8.231814 3.354805 -1.65147
51 25.8856 1.97529 -0.5579867 6.2049 1.831366 -1.854007
52 25.91315 1.789311 -0.4953425 5.36474 4.303629 -1.835328
53 26.23667 2.069865 -0.5447544 6.88863 3.303403 -1.776019
54 26.44407 2.174217 -0.5167739 8.817981 2.586307 -1.489845
55 26.58602 1.99788 -0.4952902 9.2171 3.11255 -1.964117
56 26.79865 1.9736 -0.4803185 6.442017 1.744161 -1.945062
57 26.01687 2.044967 -0.5181372 5.449287 4.13773 -1.676741
58 25.91915 2.145645 -0.5254479 6.425 3.830024 -1.890138
59 24.99349 1.812151 -0.5436684 7.035025 2.102689 -1.796271
60 25.52464 1.877025 -0.5312916 6.446529 1.984514 -1.790508
61 26.69236 1.981176 -0.4957362 6.33433 2.9028 -1.886993
62 26.35979 1.947815 -0.5023611 6.523843 1.686166 -1.945839
63 25.6465 1.857967 -0.5268556 7.114232 5.606426 -1.982035
64 25.78015 2.028875 -0.5410405 5.79196 2.863793 -1.8241
65 25.96922 1.937399 -0.4985988 5.485883 3.866885 -1.801007
66 25.32347 2.019833 -0.5476193 6.221437 4.824359 -1.512833
67 25.33763 1.780494 -0.4957323 5.820203 3.96413 -1.715036
68 25.58854 1.994389 -0.5275 5.961374 3.543546 -1.904186
69 25.52988 2.050493 -0.5339304 6.966837 5.165354 -1.937049
70 26.00956 2.109638 -0.5427863 6.29535 1.955288 -1.723875
71 26.1326 1.970493 -0.5031183 7.534003 3.746182 -1.757929
72 25.16638 1.903684 -0.5580112 7.91265 2.995903 -1.768954
73 25.88068 1.96646 -0.5310082 6.671956 2.15797 -1.863136
74 25.95621 2.047434 -0.5162757 6.453199 2.811102 -1.784116
75 26.07347 2.013861 -0.5318173 6.075369 1.737012 -1.593976
76 25.03335 2.068085 -0.5518227 6.259426 5.020405 -1.640517
77 26.434 1.874666 -0.5164842 6.583131 2.148331 -1.578881
78 26.0569 2.17769 -0.5261054 5.6745 3.644675 -1.867491
79 25.05987 1.988842 -0.5346073 6.550101 7.549807 -1.779788
80 25.604 2.232031 -0.5596919 6.502447 1.758139 -1.621993
81 25.10389 1.846835 -0.5634291 6.872924 5.006835 -1.854631
82 26.05436 2.111933 -0.5293616 6.820633 3.528626 -1.593328
83 25.90139 2.107026 -0.533081 5.348752 1.741833 -1.694584
84 25.34424 1.908412 -0.5266916 7.934593 2.438081 -1.951146
85 25.71127 2.045563 -0.5498015 4.67061 2.337137 -1.854202
86 26.46538 1.992316 -0.5136962 6.077455 3.664259 -1.885084
87 26.2779 1.948496 -0.520154 6.580442 2.411624 -1.749076
88 25.81329 1.879214 -0.4986471 7.49162 4.482917 -1.768749
89 25.12338 2.001359 -0.5454586 5.598232 3.86787 -2.050858
90 25.33662 1.955793 -0.5344908 7.602056 3.226403 -1.696299
91 25.7417 2.012499 -0.5266908 6.647033 5.834666 -1.696896
92 25.06211 2.013022 -0.5276501 6.668532 2.757096 -1.680661
93 26.11965 1.848964 -0.5103193 6.978686 3.070503 -1.924676
94 26.08959 1.950403 -0.5422857 6.417862 1.483005 -1.822409
95 25.82722 2.14383 -0.532662 5.558641 3.521841 -1.648844
96 26.31442 2.055662 -0.5193848 6.469694 5.956909 -1.74557
97 26.46864 1.929917 -0.5042957 6.993593 1.936335 -1.961672
98 25.28584 1.991944 -0.5378561 6.63865 2.426103 -1.850256
99 24.96953 1.925788 -0.5392815 6.720895 7.56198 -1.870234
100 25.48027 2.084184 -0.5438593 6.370773 3.570096 -1.803258
