1 0.483483 0.07127865 0.02366349 1.093125 0.5923487 0.125523
2 0.5968524 0.07415294 0.02818923 2.3078 0.693748 0.1235318
3 0.5354621 0.0734792 0.02409604 1.854816 0.5411202 0.1263342
4 0.5100762 0.09549765 0.02754455 1.461938 0.6878827 0.1247315
5 0.4415391 0.08209766 0.02702352 1.029283 0.6234688 0.1258077
6 0.5398574 0.08663519 0.02944469 1.73929 0.7776093 0.1225089
7 0.5901201 0.08058518 0.02606708 2.910429 0.6462207 0.1264796
8 0.4750009 0.07682646 0.02493946 1.308175 0.5781229 0.1255965
9 0.4791824 0.07316792 0.0239545 1.0014 0.5884668 0.1252561
10 0.5535982 0.07688475 0.02535225 1.968516 0.6552118 0.1239824
11 0.4980221 0.07484923 0.02692004 1.81153 0.6040128 0.1285959
12 0.521466 0.08411433 0.02663455 1.277456 0.7174371 0.125332
13 0.6077277 0.09452414 0.02845154 1.401398 0.8205207 0.1244914
14 0.4872162 0.07369727 0.0256227 1.300513 0.6214622 0.1273364
15 0.5337649 0.08147166 0.02634376 1.423326 0.6902923 0.1228243
16 0.5348325 0.08437469 0.02528643 2.107643 0.6196724 0.1258606
17 0.4662909 0.08044854 0.02751419 0.9836391 0.6744772 0.1255613
18 0.5269213 0.08634194 0.02771895 1.454527 0.7340908 0.1248204
19 0.4386368 0.0691745 0.02247536 0.7615215 0.5561747 0.1221967
20 0.5289611 0.08077312 0.02891928 1.255976 0.7270599 0.1268063
21 0.6458265 0.09795059 0.02874201 1.201203 1.103268 0.121502
22 0.4202255 0.0691714 0.02224789 0.603633 0.5428503 0.1237403
23 0.4670388 0.07461172 0.02423678 1.019561 0.5643882 0.1265137
24 0.568928 0.08349877 0.02880413 1.692689 0.8049435 0.1245423
25 0.4843662 0.06149173 0.02461982 1.647591 0.4723311 0.1290668
26 0.478402 0.07703974 0.02316613 1.334167 0.5138678 0.1308782
27 0.388359 0.06909468 0.02251009 0.6793221 0.4806735 0.1259542
28 0.5299836 0.07346852 0.02847977 1.24115 0.768971 0.1231328
29 0.4256547 0.07780838 0.02378599 0.7188061 0.6046328 0.1246315
30 0.577464 0.08957088 0.02852358 1.94033 0.7486077 0.1217332
31 0.470988 0.08323663 0.02612914 1.663475 0.5722635 0.1303641
32 0.509242 0.08301007 0.02826197 1.066685 0.8303062 0.123575
33 0.7153941 0.1086793 0.03647116 2.714347 1.292008 0.124158
34 0.4232628 0.07109685 0.02269453 0.7430501 0.4739667 0.1285588
35 0.4834005 0.07718642 0.02717122 1.140951 0.6778433 0.12511
36 0.4631261 0.07298844 0.02362792 0.9755322 0.5247892 0.1257438
37 0.7016505 0.1025873 0.02698014 2.166395 0.9421524 0.1220033
38 0.5520238 0.08238015 0.02858006 1.400104 0.7917195 0.1236855
39 0.8143998 0.1403832 0.02901344 0.9783163 0.5275838 0.12469
40 0.4768708 0.08276092 0.02550068 0.9074601 0.761818 0.1225396
41 0.5956898 0.09036783 0.02892218 1.486151 0.843962 0.1235016
42 0.4633049 0.08305704 0.02818624 0.8692873 0.735557 0.1273363
43 0.5199967 0.09176074 0.0269776 1.048484 0.7978436 0.1242545
44 0.4392673 0.06987642 0.02511662 0.9726309 0.5769807 0.1266273
45 0.4407368 0.08200263 0.02520876 0.8545907 0.6298945 0.1246603
46 0.4908336 0.09528644 0.02570891 0.9836465 0.6854159 0.1255985
47 0.4907272 0.0735486 0.02346177 1.463847 0.5037679 0.1244356
48 0.5389163 0.07746956 0.02469923 1.717903 0.6307376 0.1272652
49 0.5295258 0.09217216 0.02870581 1.281108 0.8221628 0.1229321
50 0.5319189 0.09448983 0.03360864 1.315687 1.00928 0.1214338
51 0.4083534 0.07237261 0.0253023 0.6570026 0.5839065 0.1243328
52 0.5000862 0.06651514 0.02327235 1.278169 0.520464 0.1253655
53 0.4893606 0.0828708 0.02672132 1.093087 0.699302 0.1250342
54 0.7173447 0.110381 0.03160898 1.759703 1.471062 0.12153
55 0.5352469 0.08507963 0.02794069 1.207531 0.7921891 0.1296242
56 0.4656886 0.06982373 0.02294504 0.7400818 0.5539759 0.1279066
57 0.5142508 0.07757857 0.02412656 1.32075 0.6199936 0.1226645
58 0.4855849 0.08272684 0.02459068 1.210066 0.5861344 0.1274525
59 0.4518994 0.07514019 0.0292138 1.078166 0.694885 0.125008
60 0.4615494 0.07422774 0.02710876 1.215144 0.6539343 0.125735
61 0.4763928 0.07151913 0.02372204 1.047611 0.5779397 0.1265939
62 0.4416356 0.07123827 0.02395996 0.7413674 0.5648329 0.1288817
63 0.5124919 0.07565581 0.02656208 1.512269 0.6101996 0.1277531
64 0.4545369 0.0756055 0.02445338 0.999579 0.5621538 0.1255066
65 0.5095099 0.07280604 0.02328227 1.197082 0.5529217 0.1248204
66 0.6027202 0.08969464 0.02922146 1.849966 0.9630498 0.1212721
67 0.566211 0.07594663 0.02613355 1.236627 0.6503793 0.1239597
68 0.4526311 0.07356297 0.0241298 1.159006 0.5400804 0.1264474
69 0.4869173 0.08173344 0.02599615 1.710942 0.6306326 0.126184
70 0.4782607 0.08301846 0.02573817 1.153497 0.6903486 0.1246932
71 0.5585201 0.08230991 0.02779193 1.31563 0.7893512 0.123582
72 0.5002905 0.08610336 0.03133198 1.119803 0.8141295 0.1268078
73 0.4487657 0.0750252 0.02582183 0.993934 0.6268442 0.125937
74 0.4931498 0.07989446 0.02545996 1.055549 0.6678826 0.1241534
75 0.4763847 0.07769909 0.02668679 0.8389218 0.8087841 0.123554
76 0.5773023 0.092315 0.02791424 1.780968 0.7873937 0.1214618
77 0.5527736 0.07689139 0.02798146 1.313817 0.9197999 0.1213746
78 0.4523584 0.07835807 0.02315168 1.117757 0.5239532 0.1277338
79 0.5611494 0.08437224 0.02729785 2.202927 0.6820281 0.1241928
80 0.4954322 0.09149228 0.02742183 1.009575 0.8176183 0.1224722
81 0.485346 0.07645659 0.0283997 1.623609 0.6524242 0.1251292
82 0.591685 0.092383 0.02771701 1.340205 0.8833772 0.1226885
83 0.4415735 0.07464656 0.02388579 0.6863332 0.5972758 0.1226124
84 0.4612057 0.07948336 0.02833188 0.8513518 0.6798888 0.1278605
85 0.3882774 0.06719073 0.02177334 0.8844209 0.4444105 0.12518
86 0.489151 0.07445219 0.02363551 1.184241 0.5551784 0.1266106
87 0.4893763 0.07712891 0.02635786 0.9248258 0.674193 0.1261237
88 0.5860399 0.08332651 0.02790275 1.428983 0.7773941 0.1242932
89 0.4130751 0.07189864 0.0235022 1.091006 0.4543661 0.1299831
90 0.5542227 0.08865769 0.0301086 1.324765 0.8459843 0.1242972
91 0.5684865 0.08549422 0.02716649 1.726771 0.7398283 0.124125
92 0.5105916 0.08506093 0.02843328 1.372593 0.7857797 0.1235015
93 0.4852433 0.07175907 0.02584623 1.019212 0.6130511 0.1273109
94 0.4116732 0.0724022 0.02575757 0.7063561 0.6205852 0.1262664
95 0.5114894 0.08238781 0.02483232 1.243854 0.6737706 0.1229539
96 0.5613783 0.08484888 0.02583629 2.01876 0.7093062 0.1253879
97 0.4494111 0.07158234 0.02469576 0.8567974 0.6003075 0.1287022
98 0.4562814 0.07813142 0.0263419 0.9252715 0.632478 0.1243667
99 0.5342805 0.0805937 0.02757989 2.170046 0.6399456 0.1267836
100 0.4899154 0.08461733 0.02632302 1.292718 0.631368 0.1264936
