1 27.68566 1.952717 -0.4735712 6.779555 2.43218 -8.745326 -0.8672521 -0.805082 0.8946107
2 26.66488 1.711007 -0.4701163 7.948354 10.07747 -19.07625 -0.8476193 -1.408132 1.721465
3 26.75681 1.830765 -0.4882047 7.157815 8.183548 -17.92827 -1.21399 -1.484089 1.710951
4 26.26084 2.076125 -0.5267818 7.010595 4.83761 -4.211103 -0.8038265 -0.3624174 0.4032882
5 26.49452 1.915358 -0.5016515 8.029593 2.577827 -9.075148 -0.8236642 -0.7271368 0.8396929
6 26.09796 1.836167 -0.5346326 7.564367 5.952988 -11.65845 -1.413773 -0.9381108 1.126715
7 26.46831 1.862319 -0.4897226 8.625031 16.13619 -8.662089 -0.6626494 -0.6637625 0.7709054
8 26.5814 1.903386 -0.5163404 6.944456 4.489851 -7.020127 -0.9149256 -0.6518601 0.7171087
9 27.05276 1.860216 -0.4952592 7.448181 2.703963 -12.59521 -1.535061 -1.010564 1.19459
10 26.5629 1.761875 -0.4629882 7.168893 15.09236 -23.50352 -2.717049 -1.963556 2.3069
11 26.90725 1.85438 -0.5008406 8.34579 5.752523 -8.056455 -0.8358752 -0.6465277 0.7384134
12 27.222 1.961904 -0.5079903 8.83744 4.048197 -21.02049 -2.382489 -1.797321 2.031103
13 26.86571 1.878784 -0.487818 9.703617 4.105372 -8.926348 -0.679285 -0.790116 0.878639
14 28.1468 1.916881 -0.4519876 7.817283 4.289513 -7.016864 -0.7472391 -0.6321895 0.6928093
15 26.63689 1.877275 -0.5214965 7.928566 4.934474 -12.52858 -1.311418 -0.8958474 1.115787
16 26.24305 1.915807 -0.5112916 7.474598 11.42633 -13.21579 -0.6780211 -1.334764 1.411113
17 26.95181 1.889985 -0.4951828 9.39348 3.128286 -26.69907 -3.50732 -2.158932 2.484413
18 26.71727 1.863781 -0.5228587 8.566061 5.722236 -6.415266 -1.994776 -0.6098155 0.6716051
19 27.01253 1.929183 -0.5098908 5.485426 1.864832 -7.582643 -0.6533883 -0.6568136 0.7636466
20 27.24418 1.79911 -0.4618159 9.379192 2.653586 -13.67688 -0.8138496 -1.051285 1.241818
21 28.06127 2.088225 -0.4998848 8.926514 2.732816 -8.179451 -1.334291 -0.731812 0.8261131
22 27.10928 2.023041 -0.5111638 5.563016 1.126981 -4.608554 -1.140371 -0.3632922 0.437587
23 27.17614 1.935913 -0.5299136 6.963916 2.903502 -11.62243 -2.252576 -0.9897071 1.147091
24 26.23573 1.742938 -0.4923745 9.382322 5.262009 -10.47414 -0.0004425118 -0.8315525 0.9528627
25 26.95369 1.707708 -0.4492155 6.840106 6.900549 -8.981549 -0.7904618 -0.7774486 0.8750537
26 26.71198 1.983575 -0.5084664 7.983864 4.788733 -17.01829 -2.111901 -1.325409 1.559195
27 27.19209 2.050069 -0.5101297 5.777193 1.557584 -5.174809 -0.7386534 -0.4287121 0.4891383
28 27.90983 1.908714 -0.452477 8.117903 1.954908 -8.630534 -0.8475882 -0.770631 0.8656498
29 27.22779 2.082087 -0.5286045 6.162024 1.946146 -3.728158 -1.577608 -0.3482881 0.3927366
30 25.93843 1.771391 -0.4978321 8.671888 5.886974 -16.65649 -0.8633914 -1.325728 1.55024
31 26.87124 2.01558 -0.5285313 8.315448 5.558309 -20.83797 -2.999389 -1.653847 1.921317
32 27.68423 1.946402 -0.4974409 8.929534 1.854777 -13.8195 -1.432941 -1.186865 1.344153
33 27.26965 1.835231 -0.4939081 14.26878 7.073021 -22.14564 -3.708477 -1.677051 1.942821
34 26.60411 1.955353 -0.487058 7.064242 1.822838 -12.739 -1.302217 -0.9551412 1.158766
35 26.86887 1.801133 -0.4778157 8.212087 3.939971 -7.285415 -0.5403676 -0.5506304 0.6518563
36 26.68575 1.823468 -0.5122567 6.618666 3.449954 -11.3626 -0.9958346 -0.9492105 1.092356
37 27.67718 1.990768 -0.4607933 7.873001 4.249999 -10.59874 -1.20305 -1.054992 1.151587
38 27.05727 1.857984 -0.4933654 9.215342 4.236071 -9.82747 -1.524429 -0.8133439 0.9531847
39 27.38976 1.917469 -0.5017257 6.619825 2.942949 -9.313778 -1.908086 -0.841114 0.9682038
40 27.51267 2.02101 -0.5236643 7.495534 1.547845 -9.377769 -1.490464 -0.8516776 0.9726434
41 26.33467 1.799737 -0.4997122 10.11683 4.132925 -12.57519 -1.464486 -0.935372 1.123933
42 27.47794 1.935079 -0.5021414 9.772868 1.98986 -14.19343 0.01791782 -1.109524 1.242621
43 26.94398 2.042095 -0.5502392 8.365833 3.066503 -10.25466 -0.8321386 -0.765764 0.9177685
44 27.8905 1.966812 -0.4729859 7.38908 2.131016 -7.261152 -0.7571714 -0.6436682 0.7063508
45 26.68287 2.014814 -0.5727061 6.70607 2.312569 -6.908629 -0.7636941 -0.5403323 0.6403903
46 26.365 2.079066 -0.5570802 8.156868 2.564929 -8.865291 -0.8802662 -0.6623888 0.7879025
47 27.03592 1.913121 -0.4684565 6.380334 5.66144 -15.96337 -1.018229 -1.372283 1.583047
48 27.28308 1.852614 -0.4910431 8.06365 7.128674 -26.81635 -1.674295 -2.286555 2.548675
49 26.65114 1.935268 -0.5635759 9.406313 4.115587 -19.19465 -2.087749 -1.191403 1.578827
50 25.81939 1.71403 -0.5045037 10.70789 3.407117 -26.49542 -2.176449 -1.877658 2.329774
51 26.47576 1.870004 -0.5422953 7.018671 1.719318 -6.374467 -0.4459669 -0.4643421 0.5528435
52 27.61183 1.91212 -0.4509875 6.090027 3.967811 -5.459633 -0.532772 -0.4712926 0.5265206
53 27.40591 1.964226 -0.5267449 8.213017 3.361761 -8.950926 -1.577959 -0.770518 0.8773809
54 27.65571 2.07662 -0.5263648 11.22413 3.287458 -25.21229 -2.710861 -1.928781 2.246849
55 27.41203 1.943834 -0.4882586 10.28048 3.125793 -6.839323 -1.442871 -0.5882852 0.6502378
56 27.76334 1.992382 -0.4690423 7.355725 1.753599 -7.577402 -1.569018 -0.6271465 0.7242077
57 27.04487 1.907644 -0.4927186 6.712366 4.875312 -14.76403 -1.566238 -1.310368 1.496097
58 26.76119 1.993279 -0.5192141 7.606336 3.799075 -12.55228 -1.610517 -1.091889 1.230395
59 26.16973 1.731484 -0.4952211 8.511539 2.014752 -8.656503 -0.817641 -0.7601288 0.8618584
60 27.03733 1.885505 -0.4795723 7.541071 1.613248 -6.483248 -0.5237643 -0.559504 0.6278147
61 27.75799 2.022842 -0.4857395 7.319553 3.532316 -6.723739 -1.28478 -0.5605461 0.6471634
62 27.5505 1.904703 -0.4726985 7.593859 1.700793 -9.332122 0.01859007 -0.7921914 0.875598
63 27.56577 1.876478 -0.4732041 8.881745 5.454856 -16.03669 -1.421969 -1.293003 1.477385
64 26.74367 1.936554 -0.5225029 7.027912 3.026404 -13.22596 -2.030584 -1.101465 1.289243
65 27.56829 1.944761 -0.4604019 6.985762 3.709447 -11.17433 -1.253372 -1.052686 1.168784
66 27.01872 1.938783 -0.5003743 7.907064 5.563743 -9.52673 -1.431209 -0.8224566 0.9701749
67 26.72899 1.774602 -0.4645565 7.560067 3.467144 -28.19633 -5.275586 -2.666752 2.966832
68 26.69768 1.912394 -0.484803 6.765361 3.601358 -6.49874 -0.5396319 -0.5613447 0.6259896
69 26.58589 1.845615 -0.481818 8.441905 6.752821 -7.948022 -1.274063 -0.6475437 0.7553114
70 27.24762 1.947123 -0.521688 8.200167 2.068275 -29.71784 -0.6725903 -2.247996 2.686417
71 27.29137 1.926593 -0.4943547 9.296623 3.93865 -13.51323 -1.742181 -1.049162 1.24831
72 26.40995 1.811686 -0.5288486 9.872433 3.192555 -21.90997 -1.493825 -1.727635 1.954924
73 27.31209 1.931887 -0.4954285 8.12256 2.041168 -17.1459 -0.9348281 -1.441804 1.615273
74 27.16567 1.996004 -0.4899379 7.21099 2.884978 -4.821118 -1.335776 -0.4304512 0.4901471
75 27.20511 1.880244 -0.5006449 7.351522 1.518124 -7.434366 -0.8215443 -0.7435726 0.7994909
76 27.40567 2.002509 -0.4881415 8.695755 5.371832 -20.50033 -3.378779 -1.703113 2.017506
77 27.85838 1.897049 -0.5063634 8.497825 3.142384 -20.55383 -0.2428732 -1.441658 1.769643
78 26.46122 1.899404 -0.5154723 6.452331 4.161657 -7.805368 -1.057214 -0.7682555 0.8261814
79 26.54995 1.873636 -0.4730734 8.331664 8.860805 -13.8721 -2.274076 -1.238029 1.403451
80 26.60536 2.025439 -0.5474159 7.698927 1.756235 -11.85958 -1.33241 -0.937988 1.129605
81 26.48449 1.809949 -0.5208033 8.909191 5.01433 -23.10279 -1.949308 -1.640823 2.031124
82 27.54291 2.045671 -0.5156297 8.88475 3.550769 -21.75774 -3.770688 -1.945866 2.172135
83 27.29933 2.105845 -0.4967763 6.072068 1.659967 -5.20588 -0.7739166 -0.4337572 0.5026885
84 26.4358 1.759292 -0.4812565 9.768842 2.607942 -11.01683 -2.204768 -0.9414966 1.074285
85 26.86942 1.916736 -0.5008934 5.531466 2.545394 -9.011785 -0.9559456 -0.7732453 0.9033275
86 28.15107 2.038875 -0.4874703 7.630172 3.403112 -33.21089 -3.858728 -2.731887 3.164772
87 27.26465 1.891739 -0.5144769 7.857706 2.46296 -8.110191 -0.5715986 -0.7449879 0.8011208
88 27.27716 1.786739 -0.4695688 9.511838 3.794526 -16.83531 -0.01705751 -1.355438 1.52879
89 25.64607 1.822858 -0.5157661 6.28266 3.676286 -6.754121 -0.6304814 -0.5463306 0.6298471
90 26.49745 1.815974 -0.5035313 9.699912 3.985897 -31.26774 -1.087802 -2.382157 2.769987
91 26.7811 1.858609 -0.5025061 8.295157 5.514212 -10.80714 -1.559112 -0.9493498 1.090244
92 26.97359 1.903641 -0.4681598 8.339571 2.814985 -8.538381 -1.084187 -0.8156311 0.9085008
93 28.16541 1.980272 -0.4655856 8.93034 3.078087 -31.18732 -3.924788 -2.575182 2.932387
94 27.61645 1.906198 -0.4989548 7.609748 1.38517 -15.9028 -2.58359 -1.438019 1.624535
95 26.73199 1.957215 -0.5172373 6.70675 3.544596 -6.82041 -0.5655409 -0.6679436 0.7215096
96 26.71317 1.902339 -0.5353168 7.628901 10.58164 -19.46193 -1.875997 -1.601789 1.837124
97 26.85361 1.826113 -0.4973612 7.554478 2.134019 -5.21892 -0.5572762 -0.385889 0.4451047
98 26.72203 1.878125 -0.4767705 7.684468 2.333458 -7.164411 -1.119115 -0.5905843 0.6951572
99 26.20024 1.74284 -0.4795382 8.005397 8.91163 -6.976368 -1.478932 -0.5979852 0.69222
100 25.9525 1.902865 -0.5614465 7.651317 3.795261 -27.87088 -2.361029 -2.237103 2.599057
