1 0.5369713 0.07186829 0.02401354 1.173415 1.118864 4.15521 0.4801426 0.3920704 0.4535859
2 0.7262908 0.07693863 0.02997641 3.061786 1.130174 1.837988 0.5176814 0.08978491 0.1125122
3 0.5723982 0.07561529 0.02348055 1.985135 NaN NaN 0.4092539 NaN NaN
4 0.569764 0.08773462 0.02701048 1.516076 0.7698656 0.6912316 0.3013737 0.06341273 0.07368732
5 0.5000621 0.07566675 0.02632225 1.028142 0.5726519 NaN 0.3788654 NaN NaN
6 0.6097708 0.08252878 0.02974297 1.972517 0.7005861 NaN 0.4228645 NaN NaN
7 0.7129889 0.08360929 0.02735833 5.264426 0.6670608 NaN 0.3550475 NaN NaN
8 0.5177001 0.07381261 0.02587726 1.530603 0.7912165 1.723952 0.4041564 0.1665052 0.1900292
9 0.5095596 0.07084297 0.02530904 1.056065 0.7508793 NaN 0.375002 NaN NaN
10 0.6669469 0.08114392 0.02073703 4.837636 NaN NaN NaN NaN NaN
11 0.5512033 0.07484492 0.02651286 2.004259 0.5982317 NaN 0.3662863 NaN NaN
12 0.6183791 0.09184974 0.03703707 1.99094 3.224968 NaN 0.8178179 NaN NaN
13 0.6542718 0.08837835 0.02998375 1.731904 0.7856162 NaN 0.4308073 NaN NaN
14 0.6057128 0.07507584 0.02419933 1.559981 0.7458426 1.287931 0.3501427 0.1179329 0.1322999
15 0.568447 0.07844678 0.02780675 1.480665 0.6364453 NaN 0.3905998 NaN NaN
16 0.6482632 0.0845294 0.02701057 5.169178 0.8431735 NaN 0.4618202 NaN NaN
17 0.5093535 0.07835536 0.02647727 1.000954 NaN NaN 0.4253835 NaN NaN
18 0.5646565 0.07937767 0.02840239 1.243923 NaN NaN NaN NaN NaN
19 0.4711379 0.06694716 0.02560997 1.547286 2.963268 10.39765 0.747853 0.9248088 1.125382
20 0.5922615 0.07584867 0.02753019 1.143058 0.774072 NaN 0.5253892 NaN NaN
21 0.6581497 0.09156121 0.0285543 1.212403 0.6683884 NaN 0.3923838 NaN NaN
22 0.4443366 0.06813492 0.02281135 0.5543157 0.5883003 0.727893 0.3158532 0.06317653 0.07713504
23 0.4804421 0.07254754 0.02571899 1.063049 0.6658195 NaN 0.360666 NaN NaN
24 0.662062 0.0872871 0.03150612 2.45247 0.8403972 NaN 0.4271149 NaN NaN
25 0.5589777 0.0626157 0.02309985 1.608782 0.502218 NaN 0.3467753 NaN NaN
26 0.5108211 0.07698786 0.02536029 1.614101 0.8014187 NaN 0.404782 NaN NaN
27 0.4334744 0.06873408 0.0221682 0.6645375 0.5473769 0.941105 0.3095677 0.08282135 0.09757118
28 0.656198 0.07915654 0.02599347 0.8529221 0.5497919 NaN 0.3680636 NaN NaN
29 0.4532329 0.07443451 0.02409573 0.7673811 0.651219 0.6073099 0.3274434 0.060187 0.06802907
30 0.6462822 0.07935808 0.03002732 2.167528 0.9658274 NaN 0.5600358 NaN NaN
31 0.5222713 0.08142451 0.02622834 1.977281 0.7262592 NaN 0.5308462 NaN NaN
32 0.585908 0.08454847 0.02892239 1.034432 1.355263 NaN 0.5060304 NaN NaN
33 0.7845379 0.1034511 0.03696172 3.645713 1.487543 NaN 0.6657289 NaN NaN
34 0.4590442 0.07029591 0.02351922 0.7069674 0.5882259 NaN 0.3977776 NaN NaN
35 0.5673568 0.07344524 0.02682483 1.532736 0.9448023 1.956647 0.3570379 0.1556655 0.1929406
36 0.4772175 0.06699973 0.02460438 1.15362 0.6374153 NaN 0.3125251 NaN NaN
37 0.6964674 0.08707779 0.02646683 2.077103 0.9573663 NaN 0.4274568 NaN NaN
38 0.6288904 0.08289964 0.02901794 1.632567 0.7673112 NaN 0.3881428 NaN NaN
39 0.5169079 0.07177968 0.02455774 1.114186 0.5478095 NaN 0.3703444 NaN NaN
40 0.5046592 0.07830224 0.02651924 0.8955569 0.6595198 NaN 0.3785025 NaN NaN
41 0.6360019 0.08490574 0.0317721 1.621383 0.9748319 NaN 0.5076408 NaN NaN
42 0.5227158 0.08120692 0.02783778 0.9108911 0.9598516 NaN 0.4641457 NaN NaN
43 0.5540413 0.08846173 0.02929721 1.148371 0.6666085 NaN 0.4007434 NaN NaN
44 0.5200293 0.07250624 0.02365877 0.9314183 0.7412494 1.54448 0.3707456 0.1455021 0.1634503
45 0.45297 0.07730606 0.02683984 0.867404 0.8117328 1.707618 0.3520319 0.134401 0.1668992
46 0.5050846 0.08786667 0.02815582 1.040474 0.4259725 NaN 0.3392575 NaN NaN
47 0.5591821 0.0708187 0.02280593 1.560737 0.6235813 NaN 0.4367899 NaN NaN
48 0.6098604 0.07768253 0.02720003 2.621217 1.078329 NaN 0.5514692 NaN NaN
49 0.5534186 0.08614785 0.0315246 1.585824 1.354761 NaN 0.3853645 NaN NaN
50 0.6325088 0.08530741 0.03347645 1.382932 NaN NaN 0.35257 NaN NaN
51 0.4198487 0.06883722 0.02609833 0.6662797 0.6947287 1.136153 0.3202091 0.08812804 0.1075651
52 0.5619382 0.06814798 0.02203783 1.323326 0.6029329 0.8643883 0.3068952 0.08256383 0.09373244
53 0.5289112 0.07929258 0.02719514 1.192244 0.7038782 NaN 0.3360326 NaN NaN
54 0.7324782 0.1063502 0.03673611 2.752682 1.819346 NaN 0.9164693 NaN NaN
55 0.5715465 0.08466901 0.02844631 1.296263 0.6484632 NaN 0.325972 NaN NaN
56 0.5149503 0.07239051 0.02324905 0.7901889 0.8175259 3.164132 0.6046315 0.27067 0.319792
57 0.5741901 0.07415941 0.02495726 1.761484 0.7880603 NaN 0.4250482 NaN NaN
58 0.4995775 0.07729207 0.02577934 1.330878 0.7659118 NaN 0.3799382 NaN NaN
59 0.5283333 0.07404243 0.02908482 0.985406 0.6256046 NaN 0.3946625 NaN NaN
60 0.5345851 0.07414975 0.02605982 0.8985354 0.8204529 1.30267 0.3386703 0.115369 0.1346628
61 0.5440385 0.07695777 0.02395506 1.419123 0.6905617 1.504295 0.3818576 0.1234086 0.147957
62 0.494717 0.07020947 0.02395252 0.7773082 0.5853075 NaN 0.3992064 NaN NaN
63 0.5880317 0.07510551 0.02574936 1.563008 0.8760532 NaN 0.4725782 NaN NaN
64 0.4897822 0.07267547 0.02540496 1.151727 0.7335884 NaN 0.4267524 NaN NaN
65 0.5787547 0.07366114 0.0235682 1.35962 0.6957812 NaN 0.4126203 NaN NaN
66 0.7192041 0.09125585 0.02942405 2.089507 0.6587799 NaN 0.3807339 NaN NaN
67 0.6240873 0.07559522 0.02332451 1.007864 NaN NaN 0.0634816 NaN NaN
68 0.5066988 0.07076955 0.02380667 1.310644 0.6462388 1.139779 0.3332649 0.102081 0.1170219
69 0.5843511 0.07653957 0.02650978 2.324956 0.4022327 NaN 0.3199472 NaN NaN
70 0.5052252 0.06089843 0.01828989 1.234041 NaN NaN 0.4067171 NaN NaN
71 0.6237869 0.0848594 0.02901653 1.499611 0.8903049 NaN 0.4661347 NaN NaN
72 0.5633593 0.08463541 0.03370754 1.241761 1.160206 NaN 0.552359 NaN NaN
73 0.5183162 0.07561472 0.02632314 1.102217 1.149502 NaN 0.4875022 NaN NaN
74 0.5385676 0.07689026 0.02508582 1.085002 0.7742635 0.9346133 0.3705577 0.09679221 0.1106337
75 0.5338867 0.07501384 0.02721551 0.7328889 NaN NaN 0.3151106 NaN NaN
76 0.7134094 0.08995287 0.02818999 2.143781 1.593899 NaN 0.7464814 NaN NaN
77 0.7357279 0.09526332 0.03443053 1.617578 1.891887 3.758555 0.5402756 0.1615359 0.2242964
78 0.480145 0.06999972 0.02459079 1.426268 0.7456554 3.850777 0.5604282 0.378635 0.4253139
79 0.6902811 0.08124561 0.02716424 2.9898 1.155723 NaN 0.3284321 NaN NaN
80 0.5084972 0.08234406 0.02833202 0.9426868 0.6822806 NaN 0.4516602 NaN NaN
81 0.389603 0.0786321 0.02250907 1.674731 NaN NaN NaN NaN NaN
82 0.6402285 0.09091253 0.02986784 1.617293 0.9946728 NaN 0.5634015 NaN NaN
83 0.4994413 0.0746941 0.02330482 0.6774469 0.704007 0.8167377 0.3036311 0.07624517 0.08829866
84 0.5460955 0.07613128 0.02906979 0.9201404 0.8774902 NaN 0.3772542 NaN NaN
85 0.44196 0.063613 0.02169963 1.006817 0.3994235 NaN 0.3131985 NaN NaN
86 0.5297214 0.07442548 0.02348442 1.263505 0.94839 NaN 0.5736852 NaN NaN
87 0.5212362 0.07689777 0.02727005 0.9851264 0.5221899 NaN 0.3868045 NaN NaN
88 0.6293231 0.07810579 0.02921271 1.41455 1.317623 NaN 0.4779111 NaN NaN
89 0.4358588 0.06579287 0.02417025 1.108828 0.5233384 1.236419 0.3376337 0.1022555 0.1218712
90 0.6302454 0.08522679 0.03281051 1.708379 1.142239 NaN 0.633954 NaN NaN
91 0.6058329 0.08026832 0.0283304 1.87002 0.6769169 NaN 0.4368848 NaN NaN
92 0.6383553 0.08355411 0.0278082 1.253024 0.658432 NaN 0.3497075 NaN NaN
93 0.5969332 0.07841151 0.02104977 1.018737 NaN NaN 0.4815727 NaN NaN
94 0.4635509 0.07053312 0.0248552 0.67575 0.7477244 NaN 0.4040409 NaN NaN
95 0.5445285 0.0771308 0.02572585 0.7062821 NaN NaN 0.3501682 NaN NaN
96 0.6387275 0.08356005 0.02814454 3.680922 0.9212644 NaN 0.5439285 NaN NaN
97 0.4739677 0.06955516 0.02554527 0.9003647 0.658201 0.8484732 0.3185848 0.06578059 0.07959067
98 0.5341798 0.07303432 0.0255945 0.9754035 0.8394192 1.640435 0.3598158 0.1439995 0.1724707
99 0.6285263 0.07635483 0.02787813 2.85149 0.9007363 1.8253 0.4696659 0.164544 0.1971429
100 0.4945929 0.07881092 0.02934377 1.371435 0.8071445 NaN 0.57198 NaN NaN
