1 27.66637 1.922677 -0.469319 5.221389 1.702098 7.113574 -5.204299 -0.6562692 -0.4701857 0.5183368
2 27.14741 1.759514 -0.4694177 6.820753 7.69186 8.273533 -12.05873 -0.9071975 -0.9422781 1.139652
3 26.85779 1.849298 -0.4805291 4.665644 2.7185 5.5847 -5.146163 -0.5528552 -0.4696431 0.5131614
4 26.29369 1.971898 -0.5086496 4.30091 3.948862 5.028582 -3.091422 -0.710297 -0.2582192 0.2792388
5 26.51143 1.903393 -0.5024941 6.026055 1.88965 6.304116 -6.558543 -0.7643214 -0.5344302 0.6114864
6 25.69886 1.903042 -0.533368 4.662062 4.224661 4.913733 -5.424042 -0.9239352 -0.4764575 0.5527
7 26.88463 1.876486 -0.4905143 6.490591 5.572752 6.082402 -5.373785 -0.5572624 -0.4236524 0.4800564
8 26.47927 1.91963 -0.5131132 4.816106 3.874708 6.255239 -4.773512 -0.6886705 -0.4482885 0.4827673
9 27.18604 1.893331 -0.4951323 5.803771 1.920152 7.57801 -7.314452 -0.9865036 -0.6223453 0.7156156
10 26.87528 1.79719 -0.4593727 5.756433 5.292172 6.862101 -8.717961 -1.513911 -0.8048243 0.9318667
11 26.97957 1.850427 -0.4949375 6.256385 5.037619 7.163527 -5.577738 -0.6999962 -0.4573924 0.5119153
12 27.0871 1.870635 -0.4868318 5.013904 2.557212 3.932788 -5.749806 -0.982641 -0.5665936 0.6145845
13 26.75873 1.93533 -0.4816594 4.859041 3.069227 4.643437 -5.167096 -0.4872086 -0.4765928 0.518667
14 28.12297 2.023439 -0.4587288 4.838518 2.654284 4.428738 -4.144701 -0.7094921 -0.3701228 0.395706
15 26.64579 1.859102 -0.5124254 5.741433 3.828216 6.534833 -5.978799 -0.7935189 -0.4564326 0.5495954
16 26.07628 1.904108 -0.5012595 4.219799 3.722862 4.266037 -4.508584 -0.5119134 -0.4650043 0.483655
17 26.69007 1.866882 -0.488009 5.137987 2.551427 5.060881 -5.467179 -0.8434652 -0.4695046 0.5285928
18 26.46182 1.87643 -0.5185829 5.485378 3.937185 5.785048 -3.820708 -1.526913 -0.3690556 0.3980187
19 27.04651 1.979931 -0.5130692 4.650226 1.906249 12.90004 -5.687671 -0.5101892 -0.4971565 0.5676294
20 27.04438 1.919856 -0.4667572 4.5092 2.148818 3.461976 -5.201616 -0.6124388 -0.4500069 0.4992278
21 27.37207 2.12775 -0.5048059 5.395423 1.897978 4.740758 -4.534148 -0.9506628 -0.4149895 0.464677
22 26.93111 1.972011 -0.5093306 4.594666 1.004833 12.6846 -3.939289 -1.090707 -0.3056457 0.366561
23 27.06252 1.961712 -0.5283296 5.784001 2.758899 9.11069 -8.286595 -1.690338 -0.7294918 0.8386594
24 26.13602 1.81936 -0.4828711 5.136961 3.251367 4.637833 -4.647997 -0.2363824 -0.4005497 0.439616
25 26.85332 1.641746 -0.4338576 4.46995 3.957816 5.34143 -4.415434 -0.6357216 -0.3532935 0.3949509
26 26.55168 1.815736 -0.4915098 5.684011 3.157699 5.696525 -7.960748 -1.27995 -0.6649024 0.7669528
27 27.04351 2.027327 -0.5108143 4.91256 1.302537 12.45545 -4.750006 -0.780893 -0.3970626 0.4495341
28 27.91523 1.884004 -0.4491179 5.499247 1.847281 7.005408 -5.530847 -0.5568318 -0.4929246 0.5498288
29 27.13903 2.07194 -0.5257737 4.632875 1.616559 9.221818 -3.109796 -1.490626 -0.288842 0.3225864
30 26.14744 1.856124 -0.5109433 6.457458 4.629466 5.552215 -8.194795 -0.3321348 -0.6339128 0.754184
31 27.06553 1.986015 -0.5181405 5.644679 3.631598 4.992609 -8.328224 -1.549951 -0.7483917 0.8399193
32 27.43885 1.912605 -0.4931951 6.23359 1.63702 6.281433 -6.420827 -0.7415339 -0.5890617 0.652772
33 27.66935 1.91438 -0.4886151 7.79975 2.445572 3.608384 -7.04232 -1.319477 -0.6531178 0.7114001
34 26.64643 1.949512 -0.4843139 6.421972 2.019707 19.86789 -9.521544 -1.144741 -0.7459073 0.887485
35 26.78229 1.89731 -0.4843566 4.959674 2.558525 3.922671 -4.314065 -0.3263613 -0.3112374 0.358737
36 26.65763 1.870704 -0.513383 5.25673 2.564788 7.982825 -6.420331 -0.5936102 -0.5406344 0.6152967
37 27.61212 2.042222 -0.4636693 6.129886 3.129093 8.523009 -5.573394 -0.8766669 -0.5643614 0.6136474
38 26.95439 1.863294 -0.4859195 6.27293 3.914942 5.774433 -6.073974 -1.101088 -0.5154321 0.6011305
39 27.55456 1.898359 -0.4919781 5.242485 2.228358 10.36665 -6.835692 -1.680396 -0.6464009 0.7354262
40 27.45557 2.005518 -0.5147641 4.561458 1.35801 5.023417 -5.102726 -1.042314 -0.4908995 0.5484272
41 26.12292 1.888239 -0.5114558 8.429304 3.515936 10.0928 -8.495713 -1.181417 -0.6514256 0.7826359
42 27.26567 2.015301 -0.5129546 6.581969 1.925246 5.818957 -6.580341 -0.07687242 -0.5640265 0.6013823
43 26.78867 2.025964 -0.5436405 5.91572 2.505365 7.733895 -5.609718 -0.4968734 -0.4466923 0.5162067
44 27.67138 2.074761 -0.4832999 5.401878 1.805826 7.500253 -4.896944 -0.6178682 -0.439111 0.4713371
45 26.32436 1.967316 -0.555644 3.529246 1.969976 4.121386 -3.942304 -0.725955 -0.3161125 0.3599285
46 26.42692 2.077835 -0.543547 5.716873 1.979618 6.538041 -5.183421 -0.6632208 -0.4024929 0.4633398
47 27.00658 1.929339 -0.4699454 5.760461 4.672781 12.31112 -9.57305 -0.7240659 -0.8499663 0.9715129
48 26.97615 1.739735 -0.4729823 5.309117 3.67349 4.851413 -7.302486 -0.6587609 -0.7195212 0.7728427
49 26.66536 1.947613 -0.556387 4.807572 2.683964 3.732044 -5.434947 -0.8227682 -0.3709786 0.4656248
50 26.09333 1.76798 -0.4988617 8.682273 2.585752 8.62076 -10.49085 -1.210273 -0.8271946 0.9953125
51 26.40668 1.900344 -0.5329631 5.221814 1.536415 8.811985 -4.841185 -0.4992171 -0.3574313 0.4173892
52 27.67984 1.932829 -0.4458763 4.232852 3.445593 7.828963 -3.963816 -0.4681823 -0.3346611 0.3650252
53 27.0864 1.940083 -0.5288576 6.104848 2.464231 6.985345 -6.286966 -1.267027 -0.5626879 0.6335867
54 27.66612 1.987556 -0.5074379 7.752789 2.695806 5.907168 -9.851865 -0.948457 -0.8668291 0.9794446
55 27.37647 2.064673 -0.4931543 5.55136 2.809794 4.598119 -3.933133 -1.286639 -0.3646398 0.3837221
56 27.80041 1.999869 -0.465969 5.840275 1.750257 10.19647 -5.562401 -1.276173 -0.4590927 0.5282325
57 27.02747 1.911519 -0.4919575 5.52995 3.868212 11.15413 -8.249486 -1.141831 -0.763887 0.8668382
58 26.60107 1.961061 -0.511643 6.168154 3.040951 10.44379 -6.888731 -0.8786359 -0.6241803 0.689869
59 26.0891 1.709316 -0.4853893 5.511819 1.363867 5.833793 -5.396428 -0.6633358 -0.4703725 0.5318373
60 27.02775 1.925818 -0.4798218 5.848978 1.353364 8.689404 -4.992612 -0.528693 -0.4535157 0.4921139
61 27.46345 2.037923 -0.4888875 5.221704 2.84688 5.013888 -5.104777 -1.148615 -0.4310106 0.4910911
62 27.45826 1.948647 -0.4716006 5.735025 1.546906 7.64738 -5.613906 -0.1522546 -0.4811243 0.5207006
63 27.24603 1.87037 -0.4698536 6.39633 4.213019 6.672646 -7.220422 -1.008333 -0.632019 0.7042933
64 26.58996 1.968761 -0.526626 6.056459 2.472851 10.81699 -8.555928 -1.535829 -0.7325764 0.854212
65 27.54209 1.992037 -0.4673755 5.34772 3.029724 6.398444 -7.366159 -1.087138 -0.7169806 0.7902692
66 27.18131 2.008205 -0.4999771 5.215588 4.275461 4.841484 -5.627601 -1.00569 -0.5039338 0.5871018
67 26.71794 1.838861 -0.4681732 6.579352 3.228643 18.71814 -18.50577 -3.523329 -1.813881 2.020588
68 26.60192 1.969066 -0.4948251 4.252529 2.182041 4.628039 -4.547448 -0.5448462 -0.3966107 0.4304951
69 26.60654 1.990312 -0.4931294 6.002063 2.970282 7.506166 -4.601611 -1.102512 -0.3848545 0.43672
70 27.3054 2.002779 -0.5131129 4.505729 1.595345 4.380667 -5.999321 -0.5555473 -0.546976 0.6074235
71 27.13578 1.94449 -0.4809059 4.130328 2.427742 3.794514 -5.021654 -0.7136628 -0.4331113 0.4906294
72 26.4559 1.830724 -0.5131399 7.541484 2.941177 9.315821 -9.210152 -0.8028614 -0.8126663 0.8975228
73 27.35697 1.910629 -0.4900702 6.9481 1.836567 9.764636 -10.22329 -0.8815161 -0.8880057 0.9985841
74 26.83417 2.026579 -0.500148 4.884035 2.238288 6.480905 -3.697883 -1.176362 -0.3200019 0.3613486
75 27.17883 1.876617 -0.4925937 4.797496 1.110061 5.57179 -4.530707 -0.6303963 -0.4780119 0.4966887
76 27.17645 2.006647 -0.4909374 5.737955 3.863754 4.95324 -7.67156 -1.460321 -0.7195084 0.8243781
77 27.53806 1.941553 -0.4969182 4.844378 1.914463 4.854345 -6.104483 -0.3397434 -0.4844532 0.5747009
78 26.47161 1.888077 -0.5091843 5.393212 3.179919 11.00755 -5.591521 -0.8424929 -0.5733673 0.6029747
79 26.48724 1.868142 -0.4747336 6.803923 6.0551 7.452188 -7.126203 -1.627879 -0.6846219 0.7643494
80 26.53771 2.006332 -0.5389542 6.040864 1.522874 7.340406 -8.167756 -1.014375 -0.659651 0.7941638
81 26.36941 1.829835 -0.5194127 5.854908 3.263338 5.861934 -6.567093 -0.7604843 -0.5094865 0.6094037
82 27.43589 2.068697 -0.5070571 4.834264 2.78896 4.239157 -6.542012 -1.591281 -0.665954 0.7355043
83 27.19751 2.113254 -0.4956651 4.073718 1.383762 7.090009 -3.895398 -0.6948671 -0.3154938 0.3621439
84 26.5472 1.858911 -0.4767622 3.511317 1.753812 2.722492 -4.004177 -0.8134646 -0.3434258 0.3717054
85 26.78115 1.912652 -0.5014572 4.354212 1.563648 7.415966 -5.681552 -0.7907124 -0.4902461 0.5661702
86 28.02835 1.966308 -0.4807805 6.348612 3.738671 5.848583 -18.46671 -1.98893 -1.534434 1.797077
87 26.87048 1.886101 -0.5041565 4.884342 2.363789 6.045448 -4.878262 -0.4803855 -0.4745893 0.494236
88 26.86941 1.913714 -0.4870466 5.828833 4.101875 5.249185 -5.860711 -0.09349297 -0.5148711 0.5601905
89 25.75098 1.817903 -0.5094373 4.967929 2.899152 7.539997 -5.368881 -0.6682532 -0.4314281 0.4928348
90 26.61994 1.862096 -0.4979139 7.449674 3.752884 7.840349 -16.45666 -1.184571 -1.45022 1.630268
91 26.52761 1.811635 -0.4947649 5.419635 4.886765 5.274254 -5.594071 -0.9380267 -0.5272415 0.5884644
92 26.7528 1.946298 -0.4625161 4.279414 2.1265 4.076652 -4.279878 -0.575353 -0.4213105 0.452516
93 27.8186 2.009962 -0.4656652 5.41376 2.29454 5.693515 -6.972212 -1.475863 -0.620842 0.7050191
94 27.75868 1.924564 -0.4906 5.095788 1.225986 6.488202 -6.935061 -1.37758 -0.6765139 0.7434967
95 26.55758 1.90763 -0.5128188 4.916864 3.727917 7.768826 -4.751502 -0.5249946 -0.4694956 0.5010928
96 26.7942 1.821016 -0.521068 6.134414 2.91154 7.030244 -9.176007 -1.307072 -0.8405447 0.9494132
97 26.84751 1.88347 -0.5063188 6.784928 1.779562 12.18545 -5.004562 -0.5564386 -0.3741652 0.4267741
98 26.53514 1.971451 -0.4830761 4.854734 1.95831 5.181652 -3.985674 -0.9069284 -0.3173679 0.3674177
99 26.2435 1.862101 -0.4862739 5.03225 3.646375 4.698995 -3.819896 -0.9864017 -0.3287493 0.3621018
100 26.26318 1.935151 -0.5564318 6.612627 3.118203 8.663839 -17.72485 -1.870363 -1.495837 1.718594
