1 0.4875874 0.06475735 0.02160691 0.8445069 0.6090654 2.065293 0.8727193 0.3144096 0.08512573 0.09616011
2 0.6311546 0.07314593 0.02562055 2.788455 0.9881324 2.866386 7.721449 0.4650366 0.5939298 0.7432607
3 0.4567403 0.06226921 0.02114194 1.522669 0.5745242 1.36382 0.78215 0.3088931 0.0756382 0.08499532
4 0.5090402 0.07070698 0.02272219 1.283824 0.6813056 1.38066 0.4597288 0.2788993 0.0442545 0.04989595
5 0.4183181 0.06666315 0.02337804 0.8032159 0.6551054 1.611354 1.135319 0.3449499 0.09479057 0.1116334
6 0.510792 0.07281374 0.02496202 1.643453 0.6820513 1.237154 0.8816844 0.3304402 0.08146385 0.0962165
7 0.531784 0.07072638 0.02407721 2.013974 0.7392663 1.584914 0.9406015 0.3205918 0.07884387 0.09263577
8 0.469062 0.0671055 0.02222764 1.242839 0.6077526 1.612413 0.690072 0.3111985 0.07102129 0.07856494
9 0.455507 0.06646415 0.02308971 0.8296219 0.6418323 2.179678 1.454925 0.3693226 0.1232923 0.1468263
10 0.5572917 0.06739627 0.02326016 2.047065 0.7030057 1.873262 2.97447 0.5547956 0.2723723 0.3276861
11 0.5021133 0.06717582 0.02395198 1.6518 0.6933118 2.035314 0.9465037 0.3435662 0.08207947 0.09547666
12 0.4756187 0.06377048 0.02284847 1.017231 0.6464865 0.8192287 1.098488 0.3873515 0.1097333 0.1236153
13 0.5116905 0.06858867 0.02268912 1.063924 0.6271251 0.9982055 0.7227409 0.3139686 0.07381279 0.08097031
14 0.4842402 0.06401332 0.01979261 1.001891 0.6291775 1.010099 0.6022043 0.3001012 0.05813646 0.0638381
15 0.4867128 0.06712551 0.02385603 1.232422 0.6551353 1.720417 1.121867 0.337299 0.08775756 0.1087925
16 0.4638427 0.06501251 0.022197 1.431209 0.5836911 0.9123554 0.6817608 0.301099 0.074962 0.08117522
17 0.4766857 0.06302355 0.02245748 0.8371094 0.6688749 1.161588 0.888721 0.3288521 0.08517365 0.09576444
18 0.4734948 0.06981747 0.02456394 1.256187 0.6946718 1.417575 0.5777371 0.3361718 0.05958314 0.06526587
19 0.4419379 0.06571584 0.02214842 0.7622525 0.5320671 4.865015 0.84147 0.3052827 0.07740208 0.09043412
20 0.4339768 0.06162938 0.01991223 0.7992582 0.5747486 0.6639489 0.7919383 0.3209508 0.07114255 0.08172065
21 0.5069592 0.07782229 0.02381369 0.9906928 0.7503204 1.103838 0.6795057 0.3144433 0.06648755 0.07423892
22 0.4225252 0.06393652 0.02184218 0.5287194 0.5765512 5.070255 0.5715709 0.2978618 0.05088715 0.06097463
23 0.4463764 0.07016938 0.02326043 0.9440767 0.5301612 2.888714 NaN NaN NaN NaN
24 0.5051622 0.06843119 0.02421942 1.361722 0.7085857 1.045921 0.6579127 0.300885 0.06228273 0.06904891
25 0.4967156 0.05284142 0.02101201 1.167282 0.5760547 1.338357 0.5861531 0.2937049 0.05669187 0.06377019
26 0.4292229 0.06211882 0.02235724 1.077061 0.6223992 1.370668 1.586493 0.4185647 0.1346348 0.160427
27 0.4029905 0.06457697 0.02157218 0.5735056 0.5781799 5.252773 0.6886128 0.2972818 0.06223377 0.0720363
28 0.5725015 0.06768681 0.02293861 0.8232577 0.7115402 1.990037 1.043585 0.3220029 0.102458 0.1155447
29 0.4181578 0.06935148 0.02217096 0.6804114 0.6428279 3.060653 0.4680645 0.3075837 0.04797931 0.05305636
30 0.5320905 0.07417735 0.02568485 1.661542 0.748324 1.392329 1.796511 0.3597491 0.1389425 0.1708913
31 0.4364331 0.06827857 0.02097745 0.9450084 0.4889343 1.070642 NaN NaN NaN NaN
32 0.5080373 0.07157646 0.02470599 0.8278744 0.7916861 1.628892 1.184148 0.3499562 0.1114232 0.1267008
33 0.5944762 0.08996469 0.0275848 4.220933 1.107573 0.755109 2.114664 0.4988674 0.1913374 0.217511
34 0.4504893 0.06821585 0.02268426 0.7526534 0.5784093 7.351042 NaN 0.2560784 NaN NaN
35 0.4423817 0.0631853 0.02183816 0.9728632 0.676637 0.8976506 0.658479 0.2892712 0.05532829 0.06592836
36 0.4208814 0.06367565 0.0225226 1.05976 0.5821999 2.439192 1.170045 0.3426146 0.1053223 0.1218526
37 0.5939765 0.07843759 0.0238406 1.812927 0.7213763 2.622317 1.062712 0.3487512 0.1103612 0.1219905
38 0.5405091 0.07094501 0.02461174 1.394747 0.7584084 1.497953 1.130465 0.3711826 0.09840596 0.1179703
39 0.4749797 0.06496795 0.02247685 0.9199313 0.5975212 3.334168 1.262695 0.4242528 0.1201113 0.1391094
40 0.4243271 0.06598667 0.02252757 0.7003688 0.6304242 1.229369 0.8558121 0.3322942 0.08180657 0.09417494
41 0.5632254 0.08398257 0.02951602 1.373655 0.9316007 3.445316 3.067125 0.4042284 0.2353813 0.287657
42 0.4426553 0.07228633 0.02382914 0.8410589 0.7528298 1.443197 1.188174 0.3405111 0.1042974 0.1157173
43 0.4973371 0.07754961 0.02632783 0.950038 0.7367258 2.14357 0.9339704 0.3233115 0.07301162 0.08883384
44 0.4495918 0.0695621 0.02096858 0.7456334 0.5999509 2.08536 0.6731907 0.3108748 0.06556207 0.07210011
45 0.4153486 0.06454567 0.02198887 0.7025992 0.6096305 1.015224 0.5978335 0.2880986 0.05253979 0.06193297
46 0.4363967 0.07594734 0.02470008 0.81313 0.7132878 1.886878 0.8243741 0.3127645 0.06647888 0.07941164
47 0.6446167 0.07143044 0.02329575 2.555784 1.563964 18.09122 32.98261 2.445016 2.99272 3.51426
48 0.4848577 0.06153316 0.02267743 1.375275 0.6360356 1.085451 1.435432 0.3839804 0.1423556 0.1596588
49 0.4212854 0.06809792 0.02339986 1.047877 0.6693657 0.7816944 0.9288292 0.3164235 0.06504657 0.08555352
50 0.5859342 0.08096242 0.03101646 1.23052 1.056468 2.668495 2.527461 0.4571068 0.2039877 0.2502738
51 0.3910811 0.0643646 0.02362749 0.594522 0.6039663 2.706781 0.6851329 0.291805 0.05700361 0.06689091
52 0.5052815 0.06006139 0.01924983 1.178961 0.5246784 2.252925 0.5686632 0.2815219 0.05870705 0.06444608
53 0.4608241 0.07222392 0.02508404 0.933027 0.7174315 1.940873 1.120609 0.3832131 0.1005863 0.1163389
54 0.6330287 0.08820399 0.02894116 1.670585 0.864985 1.433829 NaN 0.3562775 NaN NaN
55 0.4524224 0.07236947 0.02165545 1.037824 0.6775667 0.9869164 0.6203991 0.3322833 0.06121399 0.06659794
56 0.49297 0.06855533 0.02133468 0.7669922 0.6404302 3.389765 0.8775684 0.3593141 0.07776479 0.08967995
57 0.5347497 0.06943876 0.02372644 1.61399 0.719939 4.163354 3.5015 0.4944963 0.327491 0.3820847
58 0.4700518 0.07270546 0.02484845 1.132653 0.6715897 3.549843 1.215541 0.3635731 0.1077811 0.1252351
59 0.450583 0.06312267 0.02496315 0.6894138 0.6952702 1.438204 0.8016098 0.3193979 0.0761829 0.08705834
60 0.4733689 0.06928947 0.02337864 0.6906486 0.6744144 2.570154 0.7728326 0.3093978 0.07345583 0.08258537
61 0.4468099 0.06830114 0.02057841 1.105256 0.6225342 1.263541 0.8483263 0.3376054 0.07368563 0.08633039
62 0.4515471 0.06508655 0.02200129 0.6762911 0.6517245 2.362862 0.8926542 0.3197645 0.08215007 0.09242848
63 0.5148443 0.06618628 0.02270997 1.236053 0.6868318 1.755142 1.438996 0.3683071 0.1277142 0.1470936
64 0.4490517 0.07179762 0.02483645 1.09345 0.7381986 4.862079 7.571877 1.008934 0.6331433 0.7617169
65 0.4959331 0.06945572 0.02101607 1.232367 0.6050109 1.752161 1.539076 0.3834933 0.1562164 0.1734864
66 0.5683442 0.07526148 0.0241558 1.582644 0.7253369 1.202417 1.123124 0.3693413 0.1064994 0.1253005
67 0.5963837 0.07409457 0.02635038 1.111816 0.9909182 6.777765 NaN 0.3631007 NaN NaN
68 0.3836295 0.05978776 0.01947016 0.8026588 0.5317475 1.030718 0.6687007 0.3010219 0.06470156 0.07172458
69 0.4668102 0.07223299 0.0229888 0.9951839 0.6457493 1.928358 0.7260524 0.312503 0.064561 0.07518503
70 0.3966008 0.06361755 0.02072825 0.8871508 0.5761065 0.9525012 1.138514 0.3271336 0.1031955 0.1196454
71 0.4736277 0.06299169 0.02096283 0.923663 0.5806362 0.7800583 0.7269021 0.3231995 0.06889301 0.0798872
72 0.5333377 0.07857145 0.02775739 1.036836 0.5930435 2.235269 NaN NaN NaN NaN
73 0.4852 0.07051906 0.02394459 0.9094619 0.7071839 3.124627 NaN 0.3928909 NaN NaN
74 0.4541515 0.06992689 0.02242285 0.8412578 0.6753875 1.761842 0.5519309 0.3093817 0.05828838 0.06550283
75 0.4410565 0.06386969 0.02358443 0.7472501 0.6971414 1.401753 0.6879126 0.3152586 0.07691435 0.08274332
76 0.5301716 0.07206028 0.02310118 1.420549 0.7405423 1.197245 2.01959 0.474013 0.189076 0.2222242
77 0.5415848 0.07234314 0.0233966 1.01621 0.6822932 1.165046 1.085012 0.3128686 0.0935982 0.1113542
78 0.4503506 0.06539994 0.02367655 1.096746 0.595747 3.933017 1.015592 0.3519229 0.1061381 0.1162618
79 0.5828325 0.07440889 0.0253397 2.111873 0.7506678 2.254106 1.837807 0.4788031 0.1778287 0.2038594
80 0.466283 0.07704368 0.02608563 0.8588031 0.7186434 2.088158 1.819625 0.4046867 0.1418732 0.1791098
81 0.4608317 0.0694915 0.02436783 1.244828 0.7006999 1.4635 1.088328 0.3343277 0.08945588 0.1096348
82 0.5092103 0.07245902 0.02286238 1.139636 0.7019051 0.9229883 1.519287 0.4557611 0.1604199 0.1772781
83 0.4447682 0.06681873 0.02020413 0.5868874 0.6000608 2.160094 0.5167068 0.2788556 0.05025536 0.05663649
84 0.3857143 0.05545972 0.0195561 0.6861662 0.5629063 0.5318064 0.5312943 0.3152958 0.05447244 0.05966854
85 0.3829198 0.05837204 0.02029575 0.6959229 0.4837724 2.076677 1.168845 0.322321 0.1052499 0.1254524
86 0.4720031 0.06705421 0.0210812 1.245961 0.6485379 1.418727 NaN 0.3921155 NaN NaN
87 0.4565267 0.06523761 0.02294517 0.8782166 0.6103633 1.483445 0.6869499 0.3158589 0.07003734 0.07489501
88 0.5235803 0.07066778 0.02390014 1.365665 0.7543814 1.276857 1.050006 0.3224366 0.09569484 0.107784
89 0.4081912 0.06075855 0.02202534 0.8695307 0.5473901 2.178534 0.9036902 0.3215476 0.07884479 0.09213219
90 0.5605514 0.078561 0.02721093 1.489992 0.8533093 2.07851 NaN 0.4724394 NaN NaN
91 0.5283843 0.06843389 0.02408166 1.809792 0.6891495 1.29386 1.160036 0.3617718 0.1116445 0.129537
92 0.4699104 0.0636716 0.02140499 0.8129537 0.5965859 0.8949752 0.5956508 0.3060941 0.06519168 0.07232614
93 0.4856889 0.06746999 0.02103462 0.8323996 0.6206774 1.318968 1.186591 0.387359 0.1108393 0.1269986
94 0.4180712 0.06199261 0.02102849 0.5530219 0.5952176 1.648432 1.455957 0.4086607 0.1451043 0.1641219
95 0.4937527 0.06852987 0.0235009 1.350714 0.6702808 2.434778 0.6875628 0.3048614 0.07508817 0.08037999
96 0.4731566 0.06839726 0.02570658 1.608643 0.6101697 1.725131 NaN 0.2313604 NaN NaN
97 0.4427414 0.07027623 0.02471417 0.7616831 0.6751036 4.645319 0.8191888 0.3182547 0.06409477 0.07721206
98 0.4480568 0.06749597 0.02158539 0.7278454 0.6215195 1.257069 0.5922389 0.2920656 0.05488013 0.06350291
99 0.4736111 0.06598529 0.02286812 1.303105 0.6866044 1.113918 0.5778673 0.3074521 0.05540348 0.06308454
100 0.4503477 0.07560353 0.02664874 1.183267 0.6933642 2.530013 NaN 0.4604739 NaN NaN
