1 120.3836 115.9033 117.0875 124.9694 117.6264 119.1962
2 107.0495 111.9441 103.1416 107.8416 110.7692 104.0306
3 109.941 119.1113 119.2265 120.3504 118.8112 120.8991
4 101.3236 103.0439 109.0345 100.3202 106.9349 106.8193
5 119.3602 122.7573 122.1699 117.9819 123.1769 118.6458
6 91.66477 102.1972 100.8085 94.03762 100.5405 101.4311
7 127.0987 130.3615 129.5063 130.2498 131.2461 132.6573
8 113.8173 119.6762 125.5451 117.5991 119.9609 123.4991
9 122.4847 125.0259 128.1353 123.8345 126.8818 127.7281
10 110.0323 109.2898 108.3393 111.8693 106.9067 112.3663
11 135.9817 125.6198 125.616 136.1403 125.2902 126.6503
12 104.5669 111.5355 112.0524 116.9973 114.9128 112.341
13 104.5115 109.0326 109.3555 109.1141 109.1835 112.1794
14 149.5952 137.4698 131.941 143.2498 135.1821 132.938
15 105.1272 112.085 111.9467 112.0201 112.2245 115.1756
16 105.6414 114.2369 119.4385 114.3796 111.9849 119.316
17 115.9483 124.7693 118.1791 128.5287 125.2929 119.7344
18 112.4831 118.4059 119.8656 112.7111 114.3158 119.4239
19 101.9277 107.2268 106.1452 100.0092 107.3806 104.3852
20 120.6277 120.3827 109.9043 124.1941 117.2282 112.3725
21 108.018 102.0455 106.161 112.2154 102.9269 105.192
22 110.8403 113.5028 111.0565 113.5697 112.447 114.0343
23 111.2656 107.4473 113.1611 113.3856 109.2231 111.558
24 95.93903 104.4008 111.0966 102.2571 104.6525 111.4192
25 123.0017 129.929 129.0387 132.6126 128.4287 128.9547
26 129.042 135.1389 137.94 143.3998 137.8228 139.4712
27 118.5844 120.0805 115.945 123.6323 122.6831 114.3273
28 121.4103 112.0092 107.6517 123.4746 113.0272 103.6474
29 115.807 113.4921 115.4665 113.6132 112.3499 114.6199
30 96.35807 106.2867 105.7186 91.80632 106.5982 103.3849
31 132.8426 127.7378 125.2623 139.8756 129.9797 122.7572
32 109.8723 105.8431 102.9976 118.8105 108.2854 106.2477
33 118.577 108.1441 106.3783 124.4973 109.3873 109.3205
34 132.3435 135.9057 134.0737 134.8221 138.1453 134.6501
35 119.0584 119.275 120.1125 118.0469 118.0859 120.0972
36 114.2697 112.3731 115.8075 115.7286 111.6137 118.1709
37 108.0104 107.399 108.0982 106.4412 106.9092 108.1793
38 108.4349 108.751 112.2414 115.5309 108.1313 110.2943
39 109.9017 107.0735 102.828 111.0873 107.1515 106.3091
40 103.5891 104.7997 103.8822 108.0563 104.0155 103.3522
41 105.2112 109.4497 109.6358 106.1465 111.5177 112.2438
42 132.7808 116.5027 121.8084 135.8254 115.8116 119.363
43 108.1978 114.9644 114.8586 109.7828 118.5179 116.9186
44 135.113 120.0876 119.2015 136.03 122.848 117.6633
45 104.838 112.4073 110.3691 108.5074 111.4873 112.1284
46 110.5679 118.8209 116.0355 113.7352 120.7572 120.2523
47 120.5473 119.8883 118.3376 120.5515 121.901 116.4069
48 105.4697 111.1105 119.233 121.1785 113.4636 121.6431
49 103.1246 111.721 112.4001 113.7432 111.1714 112.4061
50 94.92531 108.5718 105.6235 94.98321 109.0641 106.8236
51 107.7468 121.3541 115.5425 111.6366 121.8426 113.8932
52 126.4216 113.0327 115.717 121.683 110.6308 109.6952
53 114.5884 115.0085 116.7823 123.9255 117.4195 116.3665
54 90.65804 94.05082 92.31292 101.0686 94.38515 94.80721
55 137.3788 127.4895 139.8646 141.8019 126.1473 137.079
56 132.9164 125.0739 128.7955 137.1647 125.9356 129.2163
57 101.5504 101.2823 105.1608 103.9712 103.6525 105.2449
58 115.4576 130.4935 127.9587 126.0113 124.2562 129.1969
59 98.92418 112.9242 108.9615 106.3598 111.9168 105.1112
60 120.9477 116.3549 114.3474 122.1284 113.9157 114.3943
61 124.2695 120.0057 122.2611 130.105 118.2503 120.708
62 136.5414 121.091 129.2629 138.6986 120.41 127.2955
63 132.9319 128.6151 126.0371 147.1655 130.4726 126.1207
64 113.6884 109.2614 111.8102 113.6209 107.4328 111.3924
65 125.657 112.9456 114.5894 120.49 110.5234 113.5701
66 96.40683 99.43617 97.80718 95.36928 98.87577 99.18408
67 106.9049 107.0434 105.029 105.1108 108.2402 105.9426
68 131.7023 148.2358 140.7831 135.8942 148.0539 139.4335
69 124.1078 126.6792 127.0779 119.6921 126.5867 126.3008
70 112.2269 107.6509 111.0101 114.4015 109.5598 111.6485
71 113.1725 110.625 116.5313 121.4872 109.4259 114.0507
72 109.0397 114.9488 109.5812 114.447 112.7778 108.8211
73 123.7848 123.5847 120.2236 128.5397 123.3343 117.9716
74 114.3989 108.113 112.3138 115.8967 107.0235 112.266
75 97.75057 98.09547 97.67434 99.99534 97.41685 101.4197
76 105.9459 107.1393 100.4941 112.8469 111.2456 102.8049
77 101.3628 94.6863 90.52184 107.9646 94.67311 94.06878
78 117.8253 125.603 132.4164 119.2951 125.8382 133.6627
79 109.0551 111.9236 113.5714 111.2646 113.3206 114.1135
80 100.6794 102.3555 101.1722 102.9781 101.8469 99.082
81 109.0381 114.5991 113.7467 119.6261 112.2668 111.6995
82 109.6645 105.811 107.4455 114.9956 106.0257 107.3576
83 111.0554 102.0345 101.8911 110.277 103.7415 100.763
84 126.085 134.9553 127.9831 131.2075 134.1043 129.4806
85 114.9796 118.7592 115.8291 118.3865 117.5619 117.9576
86 133.7287 127.1747 125.2541 143.775 130.9038 125.0954
87 112.702 122.6431 121.2953 119.8016 123.701 116.6292
88 114.7151 110.1501 117.6323 116.37 112.0099 116.9747
89 122.2255 139.9813 144.3337 122.2461 140.4742 140.4335
90 100.8113 106.0338 107.0652 102.1933 106.0227 104.803
91 93.7564 101.0326 104.9959 102.8523 101.4686 106.7104
92 114.6444 112.0902 112.5376 112.9931 112.9689 113.3883
93 146.5993 125.8257 127.9241 157.4521 127.3708 126.1909
94 130.3034 131.1341 122.6875 130.1607 130.39 120.17
95 96.06285 103.664 107.2601 99.1269 105.262 107.5811
96 102.6669 108.1963 119.5244 115.5317 111.0976 117.9191
97 129.321 124.749 128.317 125.9763 124.0754 133.168
98 119.8354 116.7648 124.1791 119.7044 119.5079 122.9857
99 116 116.6057 118.226 111.5525 116.6634 120.6552
100 110.6368 104.5616 116.3702 106.4822 105.976 111.1933
