4 3923.466 3875.821
5 3894.197 3754.755
8 3878.803 3852.608
11 3837.97 3811.022
12 3835.601 3766.499
13 3827.207 3718.72
16 3820.997 3779.236
20 3802.622 3756.334
23 3875.138 3841.663
25 3881.691 3792.06
26 4014.316 3980.993
27 3865.445 3700.671
31 3885.711 3834.661
34 3803.912 3707.734
36 3816.088 3678.195
38 3900.386 3874.653
39 3953.103 3916.491
40 3927.247 3900.837
46 3894.386 3819.839
47 3627.72 3540.302
48 3812.138 3772.024
51 3961.268 3926.639
55 3750.874 3616.989
56 3835.758 3811.052
57 3893.488 3819.685
59 3784.772 3652.101
60 3734.751 3663.602
62 3839.456 3806.251
64 3819.76 3800.493
65 3835.998 3796.483
66 3921.882 3907.839
74 3701.404 3655.218
75 3838.989 3779.975
78 3871.655 3825.528
79 3855.524 3782.191
81 3722.623 3630.575
82 3769.432 3667.18
83 3927.618 3915.881
84 3876.94 3736.444
86 3838.295 3704.128
88 3990.716 3967.584
89 3905.333 3788.916
90 3722.427 3661.898
91 3932.174 3914.096
94 3805.296 3671.486
98 3600.912 3469.262
102 3856.763 3810.552
103 3897.223 3768.162
106 3624.56 3541.728
108 3847.228 3824.723
109 3847.125 3787.335
113 3821.424 3785.675
114 3870.582 3783.347
115 3881.753 3859.258
117 3754.026 3689.873
119 3962.406 3878.694
120 3849.543 3801.822
121 3865.018 3774.319
122 3893.339 3775.362
123 3749.221 3691.688
125 3950.628 3897.693
126 3837.714 3803.559
127 3772.078 3690.831
128 3633.812 3509.056
130 3830.549 3804.564
132 3648.089 3602.423
133 3930.028 3867.266
134 3763.957 3725.117
135 3879.286 3848.698
136 3932.197 3790.679
137 3878.408 3818.489
139 3775.124 3684.69
140 3844.752 3824.793
141 3970.917 3948.664
144 3889.681 3806.436
145 3889.984 3864.334
147 3905.419 3871.902
148 3641.496 3525.683
149 3651.859 3562.292
152 3834.025 3777.98
153 3877.328 3802.316
157 3795.408 3745.932
158 3549.831 3484.462
159 3955.684 3929.678
160 3828.968 3763.778
163 3934.625 3860.071
165 3887.392 3762.05
166 3833.165 3793.152
169 3886.918 3784.725
170 4011.03 3891.485
174 3891.085 3849.739
175 3825.904 3730.15
176 3763.533 3594.727
177 3917.669 3916.087
178 3792.864 3709.262
179 3763.6 3731.177
180 3930.817 3865.638
184 3991.999 3964.628
186 4048.785 4032.899
194 3786.437 3730.706
