4 3949.518 3901.873
5 3920.248 3780.807
8 3904.855 3878.659
11 3864.021 3837.074
12 3861.653 3792.551
13 3853.258 3744.772
16 3847.049 3805.287
20 3828.674 3782.386
23 3901.19 3867.715
25 3907.742 3818.111
26 4040.368 4007.044
27 3891.497 3726.723
31 3911.763 3860.712
34 3829.964 3733.786
36 3842.14 3704.247
38 3926.438 3900.705
39 3979.155 3942.543
40 3953.298 3926.889
46 3920.438 3845.89
47 3653.772 3566.354
48 3838.19 3798.076
51 3987.32 3952.691
55 3776.925 3643.04
56 3861.809 3837.104
57 3919.54 3845.737
59 3810.824 3678.153
60 3760.802 3689.653
62 3865.508 3832.302
64 3845.812 3826.545
65 3862.049 3822.535
66 3947.934 3933.89
74 3727.455 3681.27
75 3865.041 3806.027
78 3897.707 3851.58
79 3881.575 3808.243
81 3748.675 3656.626
82 3795.483 3693.232
83 3953.67 3941.933
84 3902.992 3762.496
86 3864.347 3730.179
88 4016.768 3993.636
89 3931.385 3814.968
90 3748.479 3687.95
91 3958.226 3940.148
94 3831.348 3697.537
98 3626.964 3495.313
102 3882.815 3836.603
103 3923.275 3794.213
106 3650.612 3567.78
108 3873.279 3850.774
109 3873.176 3813.387
113 3847.476 3811.726
114 3896.633 3809.399
115 3907.805 3885.31
117 3780.077 3715.925
119 3988.458 3904.745
120 3875.595 3827.874
121 3891.07 3800.371
122 3919.391 3801.414
123 3775.273 3717.74
125 3976.679 3923.745
126 3863.766 3829.611
127 3798.13 3716.883
128 3659.863 3535.107
130 3856.601 3830.616
132 3674.14 3628.475
133 3956.08 3893.318
134 3790.009 3751.169
135 3905.337 3874.75
136 3958.248 3816.731
137 3904.459 3844.54
139 3801.176 3710.742
140 3870.803 3850.845
141 3996.969 3974.715
144 3915.733 3832.488
145 3916.036 3890.386
147 3931.47 3897.954
148 3667.548 3551.735
149 3677.911 3588.344
152 3860.077 3804.032
153 3903.38 3828.368
157 3821.459 3771.983
158 3575.883 3510.514
159 3981.736 3955.73
160 3855.02 3789.829
163 3960.677 3886.122
165 3913.444 3788.101
166 3859.217 3819.204
169 3912.97 3810.777
170 4037.082 3917.537
174 3917.137 3875.791
175 3851.955 3756.202
176 3789.584 3620.779
177 3943.72 3942.138
178 3818.916 3735.314
179 3789.651 3757.228
180 3956.869 3891.69
184 4018.051 3990.68
186 4074.837 4058.951
194 3812.489 3756.758
