4 0.43
5 0.52
8 0.43
11 0.42
12 0.49
13 0.48
16 0.41
20 0.46
23 0.42
25 0.45
26 0.39
27 0.46
31 0.45
34 0.48
36 0.49
38 0.43
39 0.43
40 0.42
46 0.47
47 0.52
48 0.43
51 0.42
55 0.57
56 0.43
57 0.47
59 0.51
60 0.5
62 0.39
64 0.38
65 0.46
66 0.43
74 0.46
75 0.43
78 0.45
79 0.43
81 0.49
82 0.49
83 0.4
84 0.48
86 0.47
88 0.35
89 0.46
90 0.48
91 0.41
94 0.49
98 0.58
102 0.47
103 0.46
106 0.56
108 0.38
109 0.44
113 0.44
114 0.43
115 0.43
117 0.47
119 0.45
120 0.45
121 0.46
122 0.45
123 0.46
125 0.41
126 0.44
127 0.46
128 0.54
130 0.42
132 0.54
133 0.43
134 0.43
135 0.45
136 0.46
137 0.44
139 0.52
140 0.45
141 0.37
144 0.45
145 0.39
147 0.41
148 0.52
149 0.53
152 0.5
153 0.44
157 0.43
158 0.54
159 0.4
160 0.48
163 0.42
165 0.46
166 0.5
169 0.43
170 0.41
174 0.46
175 0.46
176 0.53
177 0.37
178 0.48
179 0.42
180 0.43
184 0.35
186 0.39
194 0.45
