4 1000 1000
5 1000 1000
8 1000 1000
11 1000 1000
12 1000 1000
13 1000 1000
16 1000 1000
20 1000 1000
23 1000 1000
25 1000 1000
26 1000 1000
27 1000 1000
31 1000 1000
34 1000 1000
36 1000 1000
38 1000 1000
39 1000 1000
40 1000 1000
46 1000 1000
47 1000 1000
48 1000 1000
51 1000 1000
55 1000 1000
56 1000 1000
57 1000 1000
59 1000 1000
60 1000 1000
62 1000 1000
64 1000 1000
65 1000 1000
66 1000 1000
74 1000 1000
75 1000 1000
78 1000 1000
79 1000 1000
81 1000 1000
82 1000 1000
83 1000 1000
84 1000 1000
86 1000 1000
88 1000 1000
89 1000 1000
90 1000 1000
91 1000 1000
94 1000 1000
98 1000 1000
102 1000 1000
103 1000 1000
106 1000 1000
108 1000 1000
109 1000 1000
113 1000 1000
114 1000 1000
115 1000 1000
117 1000 1000
119 1000 1000
120 1000 1000
121 1000 1000
122 1000 1000
123 1000 1000
125 1000 1000
126 1000 1000
127 1000 1000
128 1000 1000
130 1000 1000
132 1000 1000
133 1000 1000
134 1000 1000
135 1000 1000
136 1000 1000
137 1000 1000
139 1000 1000
140 1000 1000
141 1000 1000
144 1000 1000
145 1000 1000
147 1000 1000
148 1000 1000
149 1000 1000
152 1000 1000
153 1000 1000
157 1000 1000
158 1000 1000
159 1000 1000
160 1000 1000
163 1000 1000
165 1000 1000
166 1000 1000
169 1000 1000
170 1000 1000
174 1000 1000
175 1000 1000
176 1000 1000
177 1000 1000
178 1000 1000
179 1000 1000
180 1000 1000
184 1000 1000
186 1000 1000
194 1000 1000
