4 -1951.733 -1927.91
5 -1937.098 -1867.378
8 -1929.402 -1916.304
11 -1908.985 -1895.511
12 -1907.801 -1873.249
13 -1903.603 -1849.36
16 -1900.499 -1879.618
20 -1891.311 -1868.167
23 -1927.569 -1910.832
25 -1930.845 -1886.03
26 -1997.158 -1980.496
27 -1922.722 -1840.336
31 -1932.855 -1907.33
34 -1891.956 -1843.867
36 -1898.044 -1829.097
38 -1940.193 -1927.326
39 -1966.552 -1948.246
40 -1953.623 -1940.419
46 -1937.193 -1899.919
47 -1803.86 -1760.151
48 -1896.069 -1876.012
51 -1970.634 -1953.319
55 -1865.437 -1798.494
56 -1907.879 -1895.526
57 -1936.744 -1899.843
59 -1882.386 -1816.051
60 -1857.375 -1821.801
62 -1909.728 -1893.125
64 -1899.88 -1890.247
65 -1907.999 -1888.242
66 -1950.941 -1943.919
74 -1840.702 -1817.609
75 -1909.495 -1879.988
78 -1925.828 -1902.764
79 -1917.762 -1881.096
81 -1851.312 -1805.287
82 -1874.716 -1823.59
83 -1953.809 -1947.941
84 -1928.47 -1858.222
86 -1909.147 -1842.064
88 -1985.358 -1973.792
89 -1942.667 -1884.458
90 -1851.214 -1820.949
91 -1956.087 -1947.048
94 -1892.648 -1825.743
98 -1790.456 -1724.631
102 -1918.382 -1895.276
103 -1938.611 -1874.081
106 -1802.28 -1760.864
108 -1913.614 -1902.361
109 -1913.562 -1883.668
113 -1900.712 -1882.837
114 -1925.291 -1881.673
115 -1930.877 -1919.629
117 -1867.013 -1834.936
119 -1971.203 -1929.347
120 -1914.771 -1890.911
121 -1922.509 -1877.159
122 -1936.67 -1877.681
123 -1864.611 -1835.844
125 -1965.314 -1938.847
126 -1908.857 -1891.78
127 -1876.039 -1835.416
128 -1806.906 -1744.528
130 -1905.275 -1892.282
132 -1814.044 -1791.211
133 -1955.014 -1923.633
134 -1871.979 -1852.559
135 -1929.643 -1914.349
136 -1956.098 -1885.34
137 -1929.204 -1899.244
139 -1877.562 -1832.345
140 -1912.376 -1902.397
141 -1975.459 -1964.332
144 -1934.841 -1893.218
145 -1934.992 -1922.167
147 -1942.709 -1925.951
148 -1810.748 -1752.842
149 -1815.93 -1771.146
152 -1907.012 -1878.99
153 -1928.664 -1891.158
157 -1887.704 -1862.966
158 -1764.915 -1732.231
159 -1967.842 -1954.839
160 -1904.484 -1871.889
163 -1957.313 -1920.035
165 -1933.696 -1871.025
166 -1906.582 -1886.576
169 -1933.459 -1882.363
170 -1995.515 -1935.742
174 -1935.542 -1914.87
175 -1902.952 -1855.075
176 -1871.766 -1787.364
177 -1948.834 -1948.043
178 -1886.432 -1844.631
179 -1871.8 -1855.588
180 -1955.409 -1922.819
184 -1985.999 -1972.314
186 -2014.393 -2006.45
194 -1883.218 -1855.353
