4 5.58175 5.373592
5 4.92262 4.962225
8 6.204784 5.764278
11 5.659912 5.622201
12 6.007351 5.68181
13 5.291066 5.230159
16 5.508567 5.424312
20 5.066538 5.052973
23 5.497276 5.591765
25 5.667795 5.515567
26 5.644066 5.84402
27 5.778784 6.064633
31 5.497718 5.646668
34 5.495961 5.353497
36 5.589098 5.558685
38 5.075767 4.954469
39 5.980554 6.07441
40 5.343131 5.494506
46 5.509314 5.434067
47 5.880975 5.887122
48 5.263691 5.19714
51 5.51627 5.568699
55 5.233202 5.047145
56 5.89368 6.047512
57 5.189738 5.174585
59 5.965439 6.081533
60 5.153069 5.039627
62 13.65812 13.40773
64 14.52203 14.68458
65 12.66913 12.68679
66 14.03739 14.2249
74 12.66697 12.55583
75 12.59823 12.6121
78 13.4271 13.26555
79 13.64238 13.21594
81 11.32197 11.30774
82 12.27124 12.41446
83 14.41027 14.57012
84 12.80882 12.65727
86 13.04723 12.90509
88 15.62927 15.59871
89 13.05305 13.32704
90 13.44856 13.22242
91 14.02969 13.82819
94 11.54407 11.46692
98 10.59432 10.84988
102 14.19154 14.23765
103 12.74462 13.02266
106 11.5944 11.47017
108 14.0909 14.40338
109 12.41868 12.54122
113 12.94022 13.2564
114 13.07125 13.21988
115 13.68631 13.42337
117 12.80101 12.59679
119 13.04318 13.15174
120 13.52422 13.39465
121 13.19519 13.31082
122 12.77544 12.9143
123 11.95203 12.04534
125 15.26051 15.18175
126 14.32445 14.31818
127 12.39586 12.38015
128 10.82356 10.90784
130 13.53243 13.38895
132 11.32762 11.22346
133 12.91469 12.75033
134 13.40345 13.54471
135 14.70553 14.86552
136 12.95918 12.80249
137 13.3312 13.61913
139 12.18044 12.29913
140 13.16627 13.09782
141 15.90487 15.80777
144 12.41369 12.74653
145 14.6532 14.59628
147 13.93024 13.79156
148 11.42649 11.31367
149 11.3417 11.5053
152 12.33374 12.3365
153 12.90676 12.90843
157 13.06706 13.15316
158 11.21621 11.35766
159 14.77861 14.4306
160 12.76543 13.18792
163 12.42634 12.64594
165 12.8212 13.04258
166 12.8569 12.84318
169 13.23888 13.2669
170 13.66455 13.33249
174 12.37219 12.48882
175 12.43563 12.36955
176 10.19509 10.3228
177 16.2725 16.19928
178 12.62876 12.65014
179 12.60755 12.5997
180 13.48214 13.28882
184 15.14998 15.34044
186 15.21405 15.08985
194 12.93445 13.20112
