4 0.2571418 0.2475719
5 0.2283915 0.2303235
8 0.2740326 0.2556973
11 0.2592852 0.2579922
12 0.279098 0.2647923
13 0.2386799 0.2361592
16 0.2570661 0.2531351
20 0.2358504 0.2359704
23 0.2528073 0.2580192
25 0.2594294 0.2539936
26 0.2574207 0.2653369
27 0.2662117 0.2786024
31 0.2511581 0.256317
34 0.2560245 0.2492635
36 0.2493259 0.2481294
38 0.2316058 0.2273827
39 0.2744417 0.2760203
40 0.2420505 0.2484871
46 0.2529788 0.2502467
47 0.2727718 0.2722481
48 0.2470597 0.243891
51 0.255078 0.2563048
55 0.2409946 0.2324197
56 0.2660182 0.2716634
57 0.2415651 0.2408416
59 0.2723112 0.2795566
60 0.2386483 0.2330857
62 0.8007907 0.791687
64 0.8506847 0.8591293
65 0.7558934 0.7596035
66 0.8462837 0.8546225
74 0.7471817 0.7448576
75 0.7672846 0.7697643
78 0.7965098 0.7885232
79 0.8043672 0.7822291
81 0.6678539 0.6645081
82 0.718424 0.7274066
83 0.8544894 0.8618887
84 0.7753455 0.7699121
86 0.7543659 0.74637
88 0.9436894 0.9432686
89 0.758078 0.7703739
90 0.7725387 0.7605556
91 0.8302276 0.8217847
94 0.6915904 0.6856647
98 0.6301622 0.6423939
102 0.8412412 0.8448758
103 0.7711191 0.7838222
106 0.6712976 0.6658022
108 0.8470862 0.8623233
109 0.7654819 0.7692569
113 0.7786511 0.7944018
114 0.7799216 0.7868222
115 0.8011827 0.7888784
117 0.7473577 0.7368225
119 0.7802355 0.7867048
120 0.8031551 0.7987183
121 0.7747077 0.7805807
122 0.7563515 0.7620673
123 0.7004666 0.7033312
125 0.8823282 0.8769966
126 0.8608034 0.8604809
127 0.7143821 0.7152477
128 0.6490086 0.6523081
130 0.80641 0.7984196
132 0.6611299 0.6567134
133 0.8011619 0.793595
134 0.7955409 0.802362
135 0.8500237 0.8560105
136 0.7921491 0.7855957
137 0.793166 0.806548
139 0.7160783 0.7231106
140 0.7699017 0.7681045
141 0.9371254 0.9317957
144 0.7481554 0.7631837
145 0.8652944 0.8605681
147 0.8258649 0.8187631
148 0.6915471 0.6864247
149 0.6643216 0.6706042
152 0.747243 0.750899
153 0.7782368 0.7772521
157 0.7714386 0.7758926
158 0.6553685 0.659988
159 0.8886875 0.8709044
160 0.7450151 0.7627583
163 0.7417701 0.7505693
165 0.7648949 0.772071
166 0.7755717 0.7748313
169 0.7625734 0.7609568
170 0.8065557 0.7940364
174 0.7473737 0.7547487
175 0.7433646 0.7417017
176 0.6097759 0.6150266
177 0.963908 0.9671444
178 0.7359137 0.7378211
179 0.756306 0.7576263
180 0.8046148 0.79305
184 0.912945 0.9231902
186 0.8915173 0.8869526
194 0.75324 0.7627209
