4 27.23214 2.193091 -0.5298929 3.83832 3.312712 -4.706773 -0.4477518 -0.05398754 0.2080403
5 27.22416 2.095187 -0.5211918 4.621825 2.129016 -4.518159 -0.8880052 -0.05225903 0.2235064
8 28.63362 2.073842 -0.466837 3.995109 2.81649 -4.778307 -1.033785 -0.06713619 0.2293755
11 27.86253 2.079181 -0.4842209 3.868192 1.724042 -4.500602 -1.024312 -0.06790597 0.2224198
12 27.76694 2.141887 -0.502071 3.878377 3.214477 -4.734088 -0.732813 -0.05992147 0.2261307
13 27.91834 2.111111 -0.499452 3.774801 3.10709 -4.607891 -1.045373 -0.07463662 0.2397543
16 27.43714 2.155642 -0.5033033 3.6806 2.076728 -4.792376 -0.4927381 -0.07484717 0.2340506
20 27.37631 2.153907 -0.5255045 4.00438 1.447092 -4.691849 -0.6467504 -0.07510463 0.2372751
23 27.36408 2.202703 -0.5249045 4.044491 1.947843 -5.047847 -0.5448747 -0.07627795 0.2448029
25 27.69768 2.097054 -0.4926355 3.986815 1.939604 -4.642546 -0.2998845 -0.06955169 0.223174
26 27.1725 2.099351 -0.5069134 4.282586 2.865891 -6.193565 -1.117176 -0.07423489 0.2865626
27 28.15771 2.163049 -0.4844257 3.639304 4.153929 -4.44151 -0.6754222 -0.0832969 0.2348529
31 27.62861 2.174333 -0.5122485 4.182631 2.753447 -5.07533 -1.250806 -0.07498095 0.2562752
34 27.202 2.210374 -0.5360696 3.954067 2.171895 -4.806403 -1.503101 -0.06980776 0.2532334
36 28.01172 2.165375 -0.4989488 3.828972 2.746715 -4.506024 -1.426078 -0.06597468 0.2361815
38 27.24395 2.120671 -0.5257159 4.217514 2.617115 -4.401131 -1.161873 -0.05922312 0.2158251
39 27.86217 2.082487 -0.4969862 4.382373 3.23308 -5.369177 -0.109881 -0.09212247 0.2606776
40 27.64234 2.114511 -0.4977939 4.156314 2.639556 -4.978645 -0.9930861 -0.08085625 0.2500515
46 27.78997 2.128366 -0.4957968 3.946503 3.0355 -3.955211 -0.7788011 -0.06802312 0.2031218
47 27.8797 2.074388 -0.4955431 3.612914 2.542641 -4.572393 -0.9766075 -0.09283301 0.2648704
48 27.30422 2.11907 -0.5211823 4.018913 2.179841 -4.445372 -1.687646 -0.07263109 0.2406063
51 27.39941 2.243518 -0.5160719 4.033779 3.812361 -4.587056 -0.5500614 -0.0553363 0.2055934
55 27.16761 2.072937 -0.5151896 4.124247 2.613449 -4.945091 -0.9501733 -0.06192942 0.2540923
56 28.03816 2.180711 -0.4988566 3.646355 2.90934 -6.176471 -0.291523 -0.07726751 0.2764387
57 27.34017 2.117631 -0.5133248 4.02575 2.585805 -4.388306 -0.6486972 -0.06134467 0.2137557
59 28.32316 2.187884 -0.478223 3.902984 1.987164 -5.079243 -0.2570388 -0.09567396 0.2665956
60 27.55196 2.116362 -0.5143347 3.66442 2.307948 -4.418145 -0.4417762 -0.07356611 0.2262974
62 27.45877 2.078026 -0.506681 3.977877 1.509241 -3.792575 -0.9555305 -0.07157764 0.2014098
64 27.64932 2.111585 -0.4993236 3.76597 2.897644 -4.012974 -1.810615 -0.09145134 0.235756
65 27.28864 2.208067 -0.5281467 3.992682 2.518687 -4.601509 -0.08774949 -0.06448616 0.2138472
66 27.26948 2.137297 -0.5126016 4.15585 2.525311 -4.42498 -1.23282 -0.05406782 0.2101105
74 27.67326 2.19333 -0.5280852 3.688579 2.098913 -4.318352 -1.394996 -0.08280652 0.2432076
75 26.87747 2.136789 -0.5328661 3.784247 2.239254 -4.591592 -0.4465303 -0.06662302 0.222801
78 27.41108 2.091152 -0.5201783 4.063875 2.422111 -4.651628 -0.8142999 -0.07928247 0.2400269
79 27.57213 2.1212 -0.4939597 3.810482 3.270724 -4.023785 -0.977757 -0.0727167 0.2132683
81 27.00187 2.065259 -0.5410636 3.352696 2.498284 -4.374318 -0.2657747 -0.04633773 0.19908
82 27.85081 2.228455 -0.4975331 3.726625 2.527138 -4.627193 -0.2405607 -0.08326267 0.2376832
83 27.59477 2.118687 -0.5084406 4.243851 2.13015 -4.343709 -0.6509924 -0.0650413 0.2060037
84 27.49905 2.196102 -0.5067455 3.998207 2.045634 -4.460034 -1.084492 -0.07262271 0.2355049
86 27.79425 2.186052 -0.5096802 3.811443 2.930033 -4.373099 -0.7754887 -0.07053029 0.2251416
88 27.06178 2.183553 -0.5310878 4.144624 1.567633 -4.770342 -0.1681506 -0.05781218 0.2023105
89 27.86421 2.174518 -0.5049758 4.202001 3.217136 -5.310001 -1.00426 -0.08863706 0.2759673
90 28.47188 2.264329 -0.4834351 3.891143 2.947847 -4.355667 -0.7336543 -0.09749248 0.2478677
91 27.46533 2.134589 -0.4994214 4.253472 2.389478 -3.900069 -0.5068111 -0.06549564 0.1900028
94 27.35616 2.15037 -0.5233793 3.804451 1.955763 -3.878648 -1.019114 -0.06905379 0.2127297
98 27.49172 2.215462 -0.5306559 3.497498 3.133925 -4.681574 -0.9163233 -0.08356133 0.2649281
102 28.07085 2.350415 -0.5227995 4.06609 2.307894 -3.725663 -0.6843696 -0.05199784 0.1757284
103 27.42996 2.28863 -0.5253322 4.000654 2.733012 -4.721382 -0.6068737 -0.08116357 0.2447606
106 27.88628 2.20643 -0.5054497 3.599208 2.526756 -4.845234 -0.4810922 -0.08452034 0.2581043
108 27.14987 2.142026 -0.5093223 3.580367 3.216773 -4.144453 -0.953327 -0.07487111 0.2135881
109 27.34657 2.167823 -0.5190562 4.141436 2.194685 -4.315103 -0.8714738 -0.07756945 0.2299823
113 27.61755 2.248592 -0.5098607 3.932111 2.044493 -4.811617 -0.8230139 -0.06946659 0.2358931
114 27.49725 2.255744 -0.5136735 3.975113 2.258982 -5.127337 -0.2887345 -0.08157322 0.2513597
115 27.41436 2.157666 -0.5238119 4.007025 2.585137 -3.885374 -0.4204688 -0.05600599 0.1813117
117 27.99184 2.166846 -0.4905135 4.008549 2.143999 -3.736827 -1.283028 -0.0685134 0.2089652
119 27.1545 2.064692 -0.4961496 4.253043 1.841818 -5.144269 -0.3589811 -0.07290825 0.2453054
120 27.29848 2.108824 -0.514485 3.855709 2.214249 -4.736689 -0.7503909 -0.06329452 0.2274338
121 27.66595 2.128652 -0.498791 3.82358 3.062641 -4.189451 -0.9543361 -0.0792756 0.2250997
122 27.27007 2.032786 -0.5028847 3.930033 2.714087 -4.871552 -1.48252 -0.0743684 0.25492
123 27.58086 2.065963 -0.5082314 3.822686 1.675414 -3.991857 -0.3637097 -0.08308895 0.216117
125 27.92802 2.111098 -0.4954278 3.911633 3.047694 -4.855317 -0.5653242 -0.07075642 0.2260489
126 27.19239 2.101281 -0.5318724 3.661624 2.712295 -4.724606 -2.156362 -0.03802237 0.2165932
127 27.9065 2.150172 -0.5045939 3.749901 3.186591 -5.155592 0.2256191 -0.08585392 0.2482817
128 27.12769 2.164918 -0.5133356 3.642658 2.630105 -3.953128 -1.526764 -0.07309533 0.2373774
130 27.11268 2.041333 -0.5162701 3.610229 1.957002 -4.049696 -0.9814083 -0.05682724 0.195281
132 27.50668 2.079427 -0.5053597 3.769436 2.199069 -5.033725 -0.9796033 -0.06241799 0.253912
133 26.54387 2.058047 -0.5261363 4.014538 1.994788 -4.678197 -0.416437 -0.06405397 0.2215847
134 27.47897 2.237395 -0.5246932 3.765025 2.222875 -4.299781 -1.108967 -0.08439047 0.2369677
135 28.28617 2.20085 -0.4929929 4.078039 2.710662 -4.6158 -0.8554032 -0.07029844 0.2248239
136 27.18663 2.188236 -0.5149045 4.257779 1.916845 -4.896339 -0.5323477 -0.06658475 0.2389273
137 27.83338 2.230302 -0.5034938 4.209234 2.253559 -4.627709 -0.726505 -0.09222974 0.2484384
139 27.55473 2.175176 -0.5100452 4.030373 2.998063 -4.809855 -0.6001368 -0.08780237 0.2593913
140 27.63326 2.097744 -0.4962581 4.230584 2.020331 -4.46513 0.08968702 -0.06640306 0.2063928
141 27.71323 2.084933 -0.503115 4.029505 2.143694 -4.377081 -0.4744153 -0.04430962 0.1801344
144 27.42212 2.082022 -0.504278 4.180682 2.142416 -4.773128 -0.5670096 -0.07876764 0.2417721
145 27.50591 2.093593 -0.4773158 3.954686 2.64712 -4.057707 -0.7774479 -0.08931648 0.221384
147 27.53973 2.095426 -0.5046623 4.090524 2.211317 -4.729919 -0.5495635 -0.07593109 0.2312771
148 27.7556 2.338505 -0.5276241 3.726646 1.894577 -4.171115 -0.526143 -0.08988679 0.2414789
149 27.73608 2.177218 -0.5048659 3.654886 2.105155 -4.805577 -0.4509535 -0.1054247 0.2739562
152 27.13057 2.111307 -0.5186801 3.944061 1.669245 -4.629094 -0.4167724 -0.04874994 0.2081423
153 27.52236 2.176482 -0.5191475 4.262321 1.607949 -4.246976 -1.306303 -0.0705606 0.2248716
157 27.51 2.102995 -0.5220797 3.753354 1.361113 -4.936272 -0.7287655 -0.06421703 0.2348421
158 27.45657 2.094824 -0.5158856 3.159835 2.787815 -4.581894 -0.8203918 -0.07251717 0.2436959
159 27.4549 2.065523 -0.5016155 4.125918 1.634264 -4.309438 -0.4887291 -0.0631352 0.1986443
160 27.60209 2.11841 -0.5210566 3.926373 3.563568 -5.036323 -0.8532854 -0.07325526 0.2504286
163 27.07535 2.050672 -0.5235853 4.303959 2.271604 -5.038422 -0.2747866 -0.06731442 0.2362027
165 27.54705 2.12361 -0.5050574 3.860597 2.62361 -5.042054 -1.2215 -0.07080289 0.2537608
166 27.15939 2.131837 -0.5314372 3.936531 1.938521 -4.760144 -0.2824336 -0.05866001 0.2184179
169 27.85603 2.126051 -0.4940574 3.786991 2.98067 -4.446337 -0.2047661 -0.07308808 0.2149192
170 27.34314 2.029259 -0.5182775 4.286818 2.811279 -4.47247 -0.8463403 -0.06157517 0.2151541
174 27.19549 2.081904 -0.5056527 4.264409 2.003379 -4.787759 -0.288483 -0.06562594 0.2254404
175 27.16746 2.083182 -0.5128212 3.671422 2.126345 -3.930044 -0.9736916 -0.05360478 0.1949432
176 26.89126 1.99305 -0.488681 3.820042 2.671218 -4.33663 -0.672734 -0.08755137 0.2506402
177 27.85762 2.171211 -0.5100447 3.878522 2.248036 -4.284666 -1.485439 -0.06171603 0.2055897
178 27.81122 2.167365 -0.5281427 3.950177 1.605715 -5.042827 -0.8262069 -0.05788975 0.2370355
179 27.27532 2.184485 -0.5176964 3.789693 2.026621 -3.886248 -1.052131 -0.07969034 0.2193369
180 27.51457 2.112335 -0.5083714 4.166014 2.988292 -4.190328 -0.6564322 -0.05621341 0.1983897
184 26.93176 2.00241 -0.52189 4.119489 1.614927 -4.6304 -1.084172 -0.07482285 0.2271768
186 27.90827 2.126587 -0.5257076 4.836987 2.81188 -4.579592 -0.8635168 -0.07384613 0.2221671
194 27.97053 2.215715 -0.5195095 3.92516 3.418512 -5.078856 -0.6081189 -0.1050532 0.2755796
