4 27.24725 2.279308 -0.541131 3.101598 2.893655 11.06289 -4.971309 -0.4408744 -0.06049919 0.2233376
5 27.3098 2.297946 -0.5455066 1.602524 0.882509 2 -4.352864 -0.8678233 -0.04983821 0.2146852
8 28.71098 2.140214 -0.4717656 3.425176 3.023496 16.05702 -5.148217 -1.025727 -0.0798562 0.2526475
11 27.91457 2.111831 -0.4867164 2.897613 1.638747 9.302006 -4.563216 -1.014998 -0.07106682 0.227116
12 27.89391 2.213758 -0.5102817 1.969171 2.295175 3.551253 -5.011449 -0.7164996 -0.06740657 0.2420251
13 28.07164 2.333449 -0.5153273 1.639978 1.707381 2.735417 -4.480487 -1.036662 -0.0709016 0.2313489
16 27.42707 2.227294 -0.509912 2.747644 1.689254 8.693678 -4.657188 -0.5076322 -0.06959455 0.2245733
20 27.3442 2.184365 -0.5327483 2.736734 1.253202 7.115016 -4.780756 -0.6357991 -0.0778245 0.2430548
23 27.35408 2.225078 -0.5296494 3.144871 1.874629 10.12648 -5.135331 -0.5678351 -0.07625732 0.2487015
25 27.783 2.183378 -0.5029238 1.981258 1.426829 3.369881 -4.809879 -0.3118128 -0.07253151 0.2317951
26 27.15663 2.143791 -0.5088813 3.044804 2.01884 7.710833 -5.766602 -1.086341 -0.06577817 0.2635399
27 28.01265 2.245684 -0.4944598 1.031309 1.206308 2 -4.376546 -0.7383117 -0.08384109 0.2348359
31 27.63443 2.262116 -0.523596 2.655362 1.714296 5.633842 -4.847612 -1.23636 -0.06548081 0.2394608
34 27.30251 2.347198 -0.5436638 1.821765 1.431583 2.96952 -4.97336 -1.549665 -0.08099422 0.27026
36 28.06698 2.270338 -0.5077146 1.207548 1.021402 2 -4.543481 -1.434832 -0.06544932 0.2368891
38 27.39041 2.205772 -0.5294894 2.726286 1.765617 5.723094 -4.456465 -1.166358 -0.06462095 0.2222582
39 27.93838 2.119545 -0.5027602 3.022406 1.960411 6.512797 -5.141272 -0.1152562 -0.08162441 0.2434026
40 27.56336 2.172225 -0.5020922 3.293377 1.98005 11.29796 -4.612862 -0.972261 -0.06666376 0.2237504
46 27.90756 2.327802 -0.5090281 2.195507 1.997813 4.095919 -3.982748 -0.7679007 -0.06916789 0.2044147
47 28.05213 2.181881 -0.505133 1.450096 0.9552839 2.228173 -4.599723 -0.983569 -0.09393643 0.2669832
48 27.32791 2.190977 -0.529398 2.932891 1.748045 8.249119 -4.38624 -1.658013 -0.06907736 0.2345106
51 27.34528 2.255033 -0.5210781 2.576859 2.782691 5.81945 -4.565755 -0.5134205 -0.05313752 0.2025502
55 27.21742 2.308519 -0.5344 1.117656 0.892084 2 -5.164314 -0.9473623 -0.07035637 0.2691319
56 27.92487 2.17197 -0.5026958 2.712828 2.303038 8.81051 -6.038193 -0.2815275 -0.06945866 0.2653013
57 27.34813 2.199004 -0.5219928 2.14537 1.683097 3.596981 -4.451374 -0.6363236 -0.06631841 0.2204215
59 28.3208 2.214727 -0.4796903 1.283345 1.046576 2 -5.015372 -0.2325876 -0.09280032 0.2615294
60 27.70803 2.19112 -0.5151169 2.281399 1.546412 5.121942 -4.403162 -0.4104027 -0.07353258 0.2248603
62 27.68404 2.131245 -0.5077097 2.86997 1.447269 7.841839 -4.122994 -0.9623131 -0.0817826 0.222361
64 27.6525 2.146584 -0.5042039 2.961958 2.185969 12.12859 -3.821003 -1.758453 -0.08205741 0.2195924
65 27.30597 2.205282 -0.5293037 2.884646 2.318541 9.030768 -4.666448 -0.05352629 -0.06986294 0.220607
66 27.16894 2.19046 -0.5230656 2.990625 1.852259 7.865145 -4.059566 -1.223791 -0.03981991 0.1837595
74 27.7102 2.244387 -0.5310692 2.667824 2.139051 9.253998 -4.477521 -1.44253 -0.08813908 0.2545481
75 26.92688 2.170814 -0.5337657 2.426538 1.713305 6.082641 -4.719383 -0.4434774 -0.06939325 0.2301212
78 27.57476 2.10493 -0.52141 2.345204 1.932048 4.353112 -5.164658 -0.7875902 -0.09617437 0.2730598
79 27.75556 2.256066 -0.5054852 2.391293 2.649447 5.240906 -4.512289 -0.9929011 -0.09214212 0.2479743
81 26.97931 2.222133 -0.5614098 1.817443 1.291615 3.601394 -4.392536 -0.2741697 -0.04235563 0.1963291
82 27.89155 2.230343 -0.4975821 1.475356 1.505058 2.491786 -4.71412 -0.2777978 -0.08640485 0.2447622
83 27.55805 2.152024 -0.5135433 3.937674 1.626834 32.45631 -4.14442 -0.6890083 -0.05438937 0.1899062
84 27.59635 2.303761 -0.5167885 1.19072 0.9966964 2 -4.896665 -1.139918 -0.08967528 0.2672873
86 27.96452 2.342938 -0.5231689 1.38356 1.362216 2.189598 -4.494911 -0.7881688 -0.07509136 0.2334556
88 27.11868 2.189107 -0.5277607 3.196028 1.545163 11.36012 -4.866726 -0.1498609 -0.06054201 0.2079744
89 27.77823 2.368588 -0.5187326 1.587934 1.42963 2.381845 -4.865845 -1.013629 -0.07380794 0.2474058
90 28.48733 2.490665 -0.5059051 2.032989 2.314952 3.439554 -4.608306 -0.716529 -0.09971934 0.2581363
91 27.55482 2.12014 -0.4984192 3.637087 2.51985 18.73946 -4.206363 -0.5407278 -0.07623983 0.2115367
94 27.389 2.343801 -0.5420493 1.171705 0.8250118 2 -3.963761 -1.015837 -0.06858346 0.2150729
98 27.43783 2.258057 -0.5300151 0.9063715 0.8851529 2 -4.461752 -0.9482972 -0.07618119 0.2517644
102 28.11246 2.37631 -0.5208414 2.776369 2.266423 7.145195 -3.718802 -0.6859533 -0.05635687 0.1792671
103 27.32209 2.34131 -0.5319114 1.093898 0.7548156 2 -4.272977 -0.5777823 -0.06249573 0.2115627
106 27.72577 2.329648 -0.5169455 1.727143 2.165302 2.956068 -5.196005 -0.4735479 -0.0979842 0.2825752
108 27.06938 2.207114 -0.5155123 2.767531 2.4204 10.96389 -3.642161 -0.9503974 -0.05545764 0.1776398
109 27.29373 2.248041 -0.5307801 2.447166 1.405246 4.471104 -3.992311 -0.8563372 -0.06283516 0.2048661
113 27.60001 2.273491 -0.5107441 2.546308 1.267213 6.240274 -4.559109 -0.8216764 -0.06098873 0.2195257
114 27.54585 2.320497 -0.5144511 1.885559 1.300557 3.149781 -5.129268 -0.2825732 -0.08424369 0.2541502
115 27.49819 2.27793 -0.5363897 2.899222 2.074655 7.795684 -3.981787 -0.4133555 -0.05596343 0.1842544
117 28.19505 2.352554 -0.5014065 2.135902 1.125434 3.691918 -3.737845 -1.317346 -0.06682536 0.207711
119 27.2255 2.128512 -0.5006047 2.146274 1.078483 3.517542 -4.891781 -0.3289345 -0.061539 0.2250604
120 27.42232 2.132912 -0.5155989 2.49168 1.776402 5.855721 -5.187597 -0.776897 -0.07516368 0.2548152
121 27.58371 2.304454 -0.5167228 1.413843 1.16525 2.201343 -4.002853 -0.9297732 -0.06990075 0.2093678
122 27.3404 2.146894 -0.5128325 1.743234 1.367471 2.9348 -4.806202 -1.485835 -0.07831028 0.2563648
123 27.48931 2.180263 -0.5221585 2.375147 1.040763 5.057839 -3.860158 -0.3652307 -0.07225697 0.2015832
125 27.94001 2.178173 -0.5002372 2.925634 2.56872 8.260414 -4.813575 -0.5678978 -0.0667133 0.2208257
126 27.16378 2.094124 -0.5324309 2.681316 2.464407 8.419072 -4.627864 -2.122189 -0.03659926 0.2110797
127 27.89625 2.255194 -0.5147609 1.816753 1.751184 3.26578 -5.100543 0.2101307 -0.08098743 0.2420961
128 27.07696 2.427832 -0.5407059 1.245461 0.9722774 2 -3.715675 -1.515214 -0.0597009 0.2162554
130 27.12952 2.09638 -0.5210582 3.005703 1.71212 14.24912 -4.050292 -1.010056 -0.05593765 0.1948194
132 27.48893 2.212902 -0.5227032 1.686008 1.523216 2.743172 -5.095049 -1.025254 -0.06364792 0.2577605
133 26.70362 2.123798 -0.5292744 2.34392 1.302164 4.256394 -4.794815 -0.4160137 -0.06761171 0.2287519
134 27.50714 2.288194 -0.523972 2.267879 1.307253 4.971666 -3.984551 -1.112644 -0.07366926 0.2158785
135 28.2536 2.243449 -0.4977973 3.07323 1.887443 9.460897 -4.354297 -0.8603949 -0.05532985 0.2022605
136 27.24016 2.358079 -0.5278281 1.375716 0.9409802 2 -5.15715 -0.5132984 -0.07519073 0.2551851
137 27.7102 2.293228 -0.5110482 2.666959 1.566056 5.73793 -4.359861 -0.7044176 -0.07969783 0.2277347
139 27.63954 2.295758 -0.5179356 1.659151 1.437266 2.452108 -4.727494 -0.5987004 -0.08118533 0.2509088
140 27.72361 2.067621 -0.4919041 3.13218 1.682569 9.062399 -4.637152 0.05398048 -0.07718717 0.2229446
141 27.73444 2.197878 -0.5120823 3.093891 1.844489 9.806716 -4.259332 -0.4932323 -0.04259336 0.1744293
144 27.25074 2.207114 -0.5163651 2.061804 1.125505 3.52244 -4.086408 -0.5610043 -0.05372543 0.194526
145 27.60093 2.14104 -0.4800417 3.117399 2.118741 11.77251 -3.894741 -0.794667 -0.08135851 0.2083261
147 27.58094 2.128952 -0.5050112 3.367654 2.122655 14.05916 -4.719388 -0.5559729 -0.07694776 0.2316288
148 27.86726 2.395228 -0.5334206 1.38202 0.957852 2.104012 -4.252683 -0.5375754 -0.09593845 0.2500954
149 27.71823 2.269614 -0.5161083 1.973381 1.22085 3.664365 -4.536331 -0.4979818 -0.09371832 0.2548934
152 27.24778 2.081515 -0.5154971 1.879237 1.050974 3.128394 -4.939902 -0.4006999 -0.06027969 0.229708
153 27.58632 2.246883 -0.5275938 2.312726 0.9656406 3.815569 -4.305051 -1.307328 -0.07404192 0.2300296
157 27.53676 2.096299 -0.5249832 2.60537 1.249816 7.268224 -4.907849 -0.7384546 -0.05771589 0.2281983
158 27.41561 2.193585 -0.526735 1.744522 1.794059 3.941006 -4.420885 -0.8387858 -0.0703457 0.2364763
159 27.47022 2.112668 -0.509186 3.217025 1.678995 10.99275 -4.675064 -0.5188983 -0.0722846 0.2203751
160 27.55424 2.135169 -0.5262669 2.364259 1.935462 4.851714 -4.669003 -0.8307439 -0.06079895 0.2267163
163 27.11828 2.182435 -0.5379291 2.211595 1.238711 3.43835 -4.802145 -0.2719067 -0.05939428 0.220887
165 27.39717 2.221512 -0.5124563 1.580162 1.103303 2.655107 -4.498145 -1.213597 -0.05531112 0.220384
166 27.2373 2.189065 -0.534208 2.968521 1.483161 8.77046 -4.859542 -0.2799833 -0.0661977 0.2289111
169 27.84197 2.300116 -0.5107026 1.701457 1.452103 2.92543 -4.386727 -0.2109953 -0.06883766 0.2090526
170 27.53401 2.224498 -0.5371469 1.622982 1.539049 2.329302 -4.844327 -0.8786091 -0.07312397 0.2389051
174 27.22181 2.157109 -0.5125238 2.632143 1.292301 5.308621 -4.648035 -0.2859584 -0.0596612 0.2148616
175 27.26006 2.223363 -0.5258643 1.649693 1.313846 2.854552 -4.008192 -0.9909045 -0.0589885 0.2028408
176 26.83899 2.246911 -0.5121506 1.159529 0.9904969 2 -4.060008 -0.6909483 -0.07846168 0.232782
177 27.92615 2.170639 -0.5097251 2.955541 2.144534 9.677614 -4.693195 -1.50775 -0.0760187 0.2334433
178 27.85527 2.28892 -0.5409516 2.277396 1.264589 4.512388 -4.915257 -0.835031 -0.05849957 0.2334314
179 27.36917 2.180385 -0.5154136 2.423083 1.585805 5.412473 -3.928504 -1.040302 -0.08163156 0.2222302
180 27.61912 2.267018 -0.5237645 2.684998 1.861964 5.498709 -4.070216 -0.6214003 -0.04938783 0.1867874
184 26.96858 2.011466 -0.5209493 3.043471 1.395363 8.619054 -4.420926 -1.127697 -0.06563486 0.2120017
186 28.04973 2.184412 -0.5278251 3.682455 2.434981 10.05888 -4.701428 -0.8547632 -0.07731236 0.2291907
194 27.97342 2.327649 -0.5332797 2.491128 1.770625 5.501583 -4.632315 -0.6080918 -0.08679516 0.243491
