4 0.2487036 0.05345307 0.01337808 0.5218337 0.2447247 3.574736 0.4775525 0.1559677 0.02194468 0.03196826
5 0.2158307 0.05879391 0.01357965 0.1906268 NaN 0.1034167 0.4193759 0.1526709 0.02100791 0.03004802
8 0.2828321 0.04682812 0.01209061 0.5543871 0.2560808 7.081085 0.486129 0.1633652 0.02399364 0.03407373
11 0.2339632 0.0451429 0.01209854 0.3362721 0.2739142 3.202153 0.4421069 0.1600945 0.02306331 0.03214385
12 0.2613589 0.04524627 0.01151401 0.3592878 NaN NaN 0.457178 0.156412 0.02225493 0.0316612
13 0.2412389 0.04572111 0.0108956 0.3128852 NaN NaN 0.4213171 0.1569611 0.02292938 0.031894
16 0.2249896 0.0498039 0.01255452 0.3604152 0.314859 3.751133 0.4363017 0.1538735 0.02252153 0.03163158
20 0.20792 0.05154019 0.01338154 0.2279714 NaN NaN 0.4596792 0.1527938 0.02220831 0.03262176
23 0.2254017 0.05263513 0.01346918 0.3660709 0.2831759 3.757158 0.484091 0.1565295 0.02181534 0.03228188
25 0.2288232 0.04602299 0.01200157 0.2467557 NaN NaN 0.4289203 0.15182 0.02189973 0.03086815
26 0.2405155 0.04938778 0.01307193 0.3950027 0.3191714 2.636017 0.552264 0.1698252 0.02366962 0.03520786
27 0.2639165 0.04680594 0.01108518 0.2125781 NaN 0.2560573 0.4049408 0.1527862 0.02278041 0.03116716
31 0.2278709 0.05167552 0.01288481 0.250224 NaN NaN 0.4742948 0.1638944 0.02244542 0.0324595
34 0.2253374 0.05455113 0.01280893 0.2851687 NaN NaN 0.4923898 0.1664538 0.02382672 0.03514258
36 0.2395112 0.04646941 0.01145736 0.1957255 NaN 0.2217073 0.4410831 0.1629691 0.02231835 0.03158174
38 0.2293114 0.05277678 0.01341215 0.1725387 NaN NaN 0.4399393 0.1604433 0.02219791 0.03156059
39 0.2487233 0.04924502 0.01353152 0.4202116 0.4353457 2.683079 0.463926 0.1538365 0.02232823 0.03202877
40 0.2438666 0.05005003 0.01303449 0.3989494 0.3071641 4.696331 0.4668515 0.1606219 0.02313008 0.03313202
46 0.2480836 0.05079041 0.01195538 0.3192101 NaN NaN 0.3824904 0.1529778 0.02177469 0.02942178
47 0.2181379 0.04412579 0.01109527 0.1633125 NaN NaN 0.4245772 0.1541543 0.02245207 0.03194879
48 0.2228975 0.05097609 0.0132979 0.4301868 0.5008087 5.402571 0.4494732 0.1683862 0.02312107 0.03296965
51 0.2549546 0.05035249 0.01280933 0.5249599 0.2952288 1.66001 0.4380611 0.1552479 0.02233982 0.03123221
55 0.2333425 0.05044634 0.01280067 0.1077279 NaN 0.2601009 0.4773132 0.1584828 0.02185548 0.03257659
56 0.2450804 0.04544154 0.01195263 0.4663304 0.2820343 3.304877 0.5572676 0.158555 0.02340249 0.0350975
57 0.2370267 0.04938657 0.01279102 0.2779044 NaN NaN 0.415157 0.1527824 0.02196596 0.03080334
59 0.2503498 0.04810705 0.01149556 0.2425994 0.02038188 0.2306042 0.4336483 0.1512976 0.0221122 0.03121259
60 0.2253102 0.04712849 0.01226309 0.2959593 NaN NaN 0.4063953 0.1492988 0.02168418 0.03028004
62 0.2219014 0.04854621 0.01264541 0.3086551 0.2962422 2.524093 0.4052439 0.156065 0.02222362 0.03072575
64 0.2456458 0.04834161 0.01258722 0.4281209 0.2536536 5.148519 0.3997032 0.1731647 0.02368576 0.0319989
65 0.2410677 0.05007003 0.01279011 0.187949 NaN NaN 0.4166454 0.1499447 0.02130163 0.02997974
66 0.2317479 0.05131663 0.01343978 0.4287364 0.4572639 3.947166 0.4106263 0.1627664 0.02156969 0.02969785
74 0.2327234 0.04985449 0.01236479 0.3536367 NaN NaN 0.4385677 0.1618195 0.02289461 0.0326952
75 0.2199253 0.04985861 0.01297092 0.277279 NaN NaN 0.4427659 0.1517919 0.02245982 0.03211602
78 0.2344071 0.04658665 0.01256221 0.2873953 NaN NaN 0.4670711 0.1571193 0.02260734 0.03271544
79 0.2685025 0.04938743 0.01204441 0.4166546 NaN NaN 0.4148366 0.1576186 0.02234445 0.03096123
81 0.1961728 0.048377 0.01228267 0.2538324 NaN 0.1822062 0.4124478 0.1478065 0.02058295 0.02930993
82 0.2521204 0.04519456 0.01125278 0.3102303 NaN 0.2654144 0.41473 0.1499892 0.02229218 0.031159
83 0.2345276 0.05225108 0.01374732 0.3540321 0.2472062 28.95947 0.4011407 0.1554695 0.02070961 0.02858325
84 0.2414273 0.051559 0.01249776 0.2026172 0.02703345 0.2799778 0.4598547 0.1597177 0.02392858 0.03422025
86 0.2374443 0.04864125 0.01137813 0.2953124 NaN 0.2664374 0.415259 0.1530048 0.02159123 0.03041858
88 0.2173833 0.05107416 0.01320812 0.3104685 0.2649879 4.016015 0.4571722 0.1580125 0.02214654 0.03136695
89 0.2512216 0.05251591 0.01212351 0.291696 NaN 0.2315214 0.4487942 0.1581843 0.02208138 0.03167261
90 0.282983 0.05435318 0.01110609 0.4526793 NaN NaN 0.4163669 0.1530091 0.02265973 0.03143003
91 0.2638315 0.04959542 0.01328836 0.4844835 0.2603203 8.987853 0.3864788 0.1540315 0.02163805 0.02942441
94 0.2073555 0.05333909 0.01249689 0.1725458 NaN 0.2320188 0.3954334 0.1526489 0.02154282 0.03016327
98 0.2411173 0.0474429 0.01186441 0.1506435 NaN 0.2899698 0.4087124 0.1541066 0.0217679 0.03096349
102 0.2522569 0.05449582 0.01236595 0.3670155 NaN NaN 0.3668179 0.1510188 0.02063885 0.02769472
103 0.2195991 0.05448334 0.01263295 0.1537847 NaN 0.2719508 0.4012395 0.1507876 0.02065399 0.02913868
106 0.2881485 0.05167094 0.01135103 0.4804554 NaN 0.2952759 0.4573705 0.1524158 0.0226484 0.03276267
108 0.2417171 0.04860773 0.01233761 0.4647048 0.2610333 4.430723 0.3777591 0.1576371 0.0224299 0.0299989
109 0.2198083 0.05324869 0.01326835 0.2472111 NaN NaN 0.3887585 0.1527339 0.02087705 0.02893848
113 0.2212437 0.05188016 0.01216493 0.2391784 NaN NaN 0.4410552 0.1556702 0.02256903 0.03184392
114 0.2421807 0.05339337 0.01230944 0.2855651 NaN 0.3065162 0.4521023 0.1531752 0.02198144 0.03161706
115 0.2339308 0.05442065 0.0134858 0.4340283 0.3118714 2.627532 0.3866797 0.1506562 0.02079213 0.02846508
117 0.2313822 0.05014318 0.01137104 0.2193837 NaN NaN 0.3757109 0.156996 0.02212912 0.02990032
119 0.225025 0.05018365 0.01311725 0.2412992 NaN 0.2402278 0.4409357 0.1539048 0.02210849 0.03122956
120 0.2304343 0.04733023 0.0127081 0.2957569 NaN NaN 0.4720885 0.1577726 0.02218142 0.03219128
121 0.235852 0.04930633 0.01195527 0.2512575 NaN 0.2423285 0.3859565 0.1547949 0.02202723 0.02992593
122 0.2341189 0.04728584 0.01224961 0.2900547 NaN 0.3030298 0.4627947 0.1666859 0.02379319 0.03387531
123 0.2119872 0.04999089 0.01277114 0.2208522 NaN NaN 0.3643686 0.1460778 0.02118152 0.02877001
125 0.2619653 0.04845558 0.01244499 0.5562288 0.367974 3.774976 0.4483268 0.1575004 0.02261636 0.03171383
126 0.2383589 0.04617264 0.01266621 0.5107263 0.374931 4.098447 0.5178668 0.1910846 0.02451711 0.03556671
127 0.2603602 0.04751168 0.01208412 0.3680546 0.02331537 0.3279561 0.4306389 0.1505693 0.02168553 0.03052583
128 0.2171576 0.05191948 0.01186587 0.1845556 NaN 0.1332378 0.3843542 0.1588373 0.02209818 0.03054508
130 0.2213903 0.0473983 0.01298122 0.3402776 0.240223 6.540455 0.4150722 0.1590354 0.02283646 0.03147631
132 0.2342951 0.0461424 0.01137091 0.2148869 NaN NaN 0.4717766 0.1586748 0.02288013 0.03352199
133 0.2148803 0.0501238 0.01352599 0.2471459 NaN NaN 0.438356 0.1540682 0.02190788 0.03123837
134 0.217729 0.05112177 0.01223138 0.2413794 NaN NaN 0.406786 0.1562344 0.02234886 0.0310505
135 0.2460418 0.05013132 0.01253373 0.3880533 0.3112568 3.653034 0.419965 0.1570519 0.02209491 0.03032216
136 0.2308848 0.05545591 0.01275744 0.1958054 0.01634204 0.2327966 0.4544932 0.1540637 0.02179836 0.03174955
137 0.2408447 0.05492246 0.01302492 0.3079299 NaN NaN 0.4113989 0.1528594 0.02229566 0.03092445
139 0.2489239 0.05054826 0.01227164 0.2655427 NaN 0.169162 0.4185517 0.1520779 0.02173065 0.03091066
140 0.2683719 0.04860741 0.01337878 0.4258455 0.5015425 5.296465 0.4095161 0.1496874 0.02166816 0.03010069
141 0.2287346 0.04978223 0.01278692 0.369087 0.275036 3.360317 0.4184163 0.157309 0.02195483 0.02994174
144 0.2202475 0.0517005 0.01302573 0.232012 NaN 0.2922299 0.3969246 0.1507629 0.02160806 0.02991688
145 0.270047 0.04824391 0.01238376 0.42775 0.2957268 5.192238 0.3785029 0.1560009 0.02246865 0.03000453
147 0.2494074 0.04959284 0.0131121 0.4260445 0.3136795 7.348677 0.4423049 0.1553363 0.02247256 0.03177406
148 0.2342828 0.0542926 0.01232259 0.2102595 NaN 0.2117687 0.3926141 0.1477674 0.02128883 0.03002598
149 0.2291313 0.05036569 0.01213072 0.2591497 NaN 0.3048239 0.4108664 0.1492181 0.02207413 0.03105998
152 0.2145482 0.04572908 0.01256405 0.1981376 NaN NaN 0.4600217 0.1524934 0.02244169 0.03243196
153 0.2108451 0.05232958 0.01304776 0.2109927 NaN NaN 0.429757 0.1606555 0.02228327 0.03162529
157 0.2043358 0.04493607 0.01227866 0.1210228 NaN NaN 0.4743583 0.1549621 0.02234709 0.03254271
158 0.2384647 0.04391193 0.01097823 0.34513 NaN NaN 0.4151007 0.1518135 0.02258606 0.03170982
159 0.2326803 0.04884246 0.0133681 0.3480192 0.3083839 4.350494 0.4428356 0.157126 0.0227771 0.0320328
160 0.2403285 0.04642339 0.01258932 0.3373652 NaN NaN 0.4335271 0.1550289 0.0212451 0.03036415
163 0.2109367 0.04975837 0.01282984 0.2279886 NaN NaN 0.4438479 0.151549 0.02111722 0.03038803
165 0.2299962 0.04846557 0.01216216 0.2655261 0.03588671 0.4024445 0.4407156 0.1600467 0.02267229 0.03195441
166 0.2465833 0.06875472 0.01612023 1.158973 2.233437 27.30449 0.4499422 0.1514287 0.02213637 0.03186705
169 0.248154 0.04932591 0.0119333 0.2889212 0.0416717 0.3209182 0.4016614 0.1498978 0.02187387 0.03007452
170 0.2427521 0.04965916 0.01315055 0.3237435 NaN 0.2221248 0.4509968 0.1578777 0.0219524 0.03144379
174 0.226188 0.05077507 0.01326316 0.2443764 NaN NaN 0.4260063 0.151763 0.02200007 0.03093515
175 0.2151266 0.04871902 0.01210364 0.2667473 NaN 0.1363375 0.4048363 0.1548658 0.02269894 0.03132647
176 0.2462103 0.0493955 0.01201895 0.2381312 NaN 0.2451905 0.3787503 0.1488564 0.02214163 0.03051347
177 0.2404858 0.04830532 0.01259693 0.4045877 0.2591618 2.933655 0.4878707 0.1761969 0.02512768 0.03555461
178 0.2148092 0.05023819 0.01258192 0.2560692 NaN NaN 0.4614132 0.1549808 0.02101445 0.03091821
179 0.2171372 0.04773728 0.01228469 0.2204836 NaN NaN 0.3821774 0.154401 0.0214549 0.0294565
180 0.2375043 0.05306809 0.01282738 0.3334384 NaN NaN 0.3902707 0.1524124 0.0209707 0.02870854
184 0.2136891 0.04724671 0.01357475 0.2906899 0.2949699 2.812522 0.457906 0.1697078 0.02376634 0.03347639
186 0.2554497 0.05379539 0.01382139 0.4726316 0.3081149 3.310664 0.44818 0.1601184 0.0215208 0.0306305
194 0.2321072 0.05128043 0.01220199 0.3259749 NaN NaN 0.4253264 0.1515253 0.02158732 0.03070309
