4 0.2536252 0.05069046 0.0132782 0.5800238 0.190816 0.4566926 0.1547649 0.02187677 0.03135984
5 0.2479454 0.05334164 0.01470986 0.429252 0.2309562 0.4254485 0.1534121 0.02124103 0.03044002
8 0.2818498 0.04547897 0.01241856 0.5257173 0.1989033 0.4661978 0.1621084 0.02367647 0.03327421
11 0.2456347 0.04646073 0.0127677 0.3610496 0.1921794 0.4384936 0.1599076 0.02314623 0.03218002
12 0.2670837 0.04829649 0.01286613 0.5712396 0.1944493 0.4385833 0.1550126 0.02218708 0.03121089
13 0.2668807 0.04675347 0.01269798 0.560672 0.1903481 0.4302765 0.15723 0.02295028 0.03217236
16 0.2372002 0.04807757 0.01267037 0.4018816 0.1817668 0.4495047 0.15406 0.02270201 0.03218407
20 0.2185276 0.05110505 0.01359399 0.3187972 0.1995705 0.4526931 0.1522635 0.0221548 0.03239475
23 0.2299417 0.05220561 0.01350929 0.3831115 0.1986338 0.4805429 0.1558099 0.02205773 0.03247964
25 0.2468231 0.04802451 0.01308577 0.3887386 0.1983296 0.4224182 0.151074 0.0219805 0.03082204
26 0.2597649 0.05047499 0.01389613 0.5233612 0.2100542 0.583509 0.1720905 0.02407083 0.03638727
27 0.2979185 0.0465842 0.01203035 0.7423646 0.1807876 0.4095789 0.1529542 0.02279702 0.03113209
31 0.2567899 0.05154291 0.0135086 0.5106254 0.2072724 0.4827769 0.1650136 0.02279379 0.03302313
34 0.2320522 0.05266853 0.01359236 0.4189312 0.1968617 0.4882383 0.164542 0.02335212 0.0344605
36 0.2644459 0.04853652 0.01264184 0.5136672 0.1906858 0.4427832 0.1625687 0.02256483 0.03190691
38 0.2464264 0.05125403 0.01401867 0.4873285 0.2097287 0.4407707 0.1601243 0.02218142 0.03164488
39 0.2796824 0.04941001 0.01363692 0.5987331 0.2179684 0.4739268 0.1549473 0.02249553 0.03240782
40 0.2582278 0.04911222 0.01336447 0.4882294 0.2056333 0.4817957 0.1624252 0.02357728 0.03399523
46 0.2665033 0.04807154 0.01291445 0.5451054 0.1958635 0.3856484 0.153057 0.02180839 0.02958847
47 0.2547786 0.04510502 0.01246621 0.4762398 0.1803089 0.4229498 0.1541509 0.02260023 0.0320301
48 0.2332271 0.04973117 0.01359151 0.4216032 0.1984982 0.4586295 0.169459 0.0233844 0.03358732
51 0.2719682 0.05263705 0.01325297 0.6618054 0.2013431 0.4376701 0.1556996 0.02234565 0.03128211
55 0.253881 0.04935181 0.01388442 0.496992 0.2084011 0.4542539 0.1565671 0.02153841 0.03162536
56 0.2575732 0.04717591 0.01223975 0.5241679 0.1809417 0.5558135 0.1591219 0.02374968 0.03544955
57 0.2497752 0.0497458 0.01349439 0.4782426 0.1997781 0.4136891 0.1525812 0.02188624 0.03071198
59 0.2724097 0.04950782 0.01251068 0.422966 0.1949186 0.4431467 0.1515022 0.02221446 0.03169719
60 0.2368417 0.04690647 0.01281913 0.4329989 0.184228 0.4103129 0.1493782 0.02166012 0.03038726
62 0.2284137 0.04847205 0.01339925 0.3228857 0.1948927 0.3872757 0.1547871 0.02196068 0.03002657
64 0.2649365 0.04773937 0.01278938 0.531916 0.1848126 0.4144605 0.1755612 0.02412323 0.03294419
65 0.2471262 0.05283951 0.013599 0.4740016 0.1987138 0.4167777 0.1495761 0.02117043 0.02990976
66 0.2538911 0.05117 0.01375247 0.4764798 0.2064394 0.4372142 0.1646543 0.02221721 0.03102726
74 0.232953 0.05006898 0.01294425 0.4073652 0.1853217 0.4273191 0.159754 0.02244287 0.03190158
75 0.2306565 0.05037793 0.01356302 0.4242564 0.1878412 0.4329813 0.1511872 0.02211786 0.03152836
78 0.244098 0.04929568 0.01366984 0.4555231 0.2002262 0.4354493 0.1554496 0.02207696 0.03140156
79 0.2843045 0.04896963 0.01294177 0.6047155 0.1897269 0.3908209 0.1557404 0.02209305 0.03011121
81 0.2254834 0.04533704 0.01291452 0.4590951 0.1683955 0.4073446 0.1478136 0.02080011 0.02937522
82 0.2858126 0.05338175 0.0127843 0.4986017 0.1906092 0.4161294 0.1496654 0.02217581 0.03099226
83 0.2503302 0.05088874 0.01371504 0.4308703 0.2090195 0.413888 0.1559155 0.02106026 0.02924936
84 0.2551167 0.05240318 0.01336815 0.4160372 0.2009648 0.4316664 0.1567674 0.02318937 0.03264046
86 0.2660196 0.0499238 0.01287423 0.5461808 0.1899171 0.4061247 0.1526509 0.02151629 0.03002445
88 0.2199753 0.05321283 0.01397156 0.3369684 0.2044269 0.4494698 0.1579272 0.0219033 0.03092499
89 0.2809247 0.05176481 0.01342739 0.600267 0.2085542 0.4874186 0.1595841 0.02234663 0.03301584
90 0.3225435 0.05548301 0.01273836 0.597964 0.1989667 0.4027974 0.1520246 0.02271816 0.03118561
91 0.2624089 0.05154325 0.01372046 0.4666932 0.2115897 0.3710953 0.1525912 0.02161769 0.02899969
94 0.230353 0.04975613 0.01324513 0.3895393 0.1896762 0.389855 0.1520251 0.02163104 0.03012381
98 0.2583584 0.04960135 0.01266961 0.5719126 0.1767347 0.4260172 0.1544706 0.02188685 0.03151688
102 0.2488204 0.05567826 0.01308349 0.4490761 0.2026831 0.3661036 0.1509181 0.02029202 0.02732569
103 0.2533735 0.054487 0.01328948 0.5041949 0.1968849 0.4293367 0.1525487 0.02133227 0.03063133
106 0.2762591 0.05106814 0.01267696 0.5006719 0.1855302 0.4380347 0.1512233 0.02235396 0.03194554
108 0.2621077 0.04798578 0.01274719 0.5730704 0.1770635 0.4060634 0.1593592 0.02270853 0.03098908
109 0.2545933 0.05330796 0.01383489 0.4388795 0.2046931 0.4068473 0.1541124 0.02150278 0.03004339
113 0.2515011 0.05322819 0.01313015 0.4145161 0.1973154 0.4604025 0.1568482 0.02269334 0.03247166
114 0.2570348 0.05421722 0.01327518 0.4495937 0.197005 0.4512754 0.1533316 0.02157388 0.03112889
115 0.2489463 0.05109784 0.01353364 0.4820399 0.198538 0.3842172 0.1501399 0.02107442 0.02874709
117 0.2910732 0.05340797 0.01330722 0.4595489 0.2044925 0.3820747 0.1567471 0.02247416 0.0304307
119 0.2539011 0.05036959 0.01397197 0.3872209 0.2109857 0.4625133 0.1547237 0.02265157 0.03248458
120 0.2402694 0.04867308 0.01329739 0.4297259 0.1927943 0.4383131 0.1561428 0.02168841 0.03077687
121 0.2746615 0.04877159 0.01290847 0.5661136 0.1907321 0.3959149 0.155561 0.02230136 0.03052992
122 0.2671363 0.04781757 0.01353558 0.5205705 0.195572 0.4706022 0.1676103 0.02370683 0.03396893
123 0.2354612 0.04783086 0.01325002 0.3528183 0.1909956 0.3719971 0.1465906 0.021566 0.02941102
125 0.2681715 0.04766848 0.01283261 0.5476828 0.1936411 0.4510509 0.1573452 0.02283676 0.03201206
126 0.2389049 0.04760399 0.01325029 0.4891815 0.1851584 0.5390359 0.1930049 0.02477166 0.03644754
127 0.2899623 0.0495921 0.01290463 0.6265315 0.1902442 0.4424225 0.1510548 0.02192828 0.0311242
128 0.2602942 0.0504408 0.01310317 0.4992386 0.1864447 0.3939251 0.1595901 0.02253848 0.03126011
130 0.2299179 0.04617204 0.01317959 0.382959 0.180523 0.4133548 0.1587864 0.02289904 0.03145741
132 0.2496302 0.04773343 0.01309973 0.4261987 0.1909529 0.4684521 0.1566068 0.02284387 0.03330751
133 0.2285749 0.0497421 0.01418437 0.3937917 0.1990427 0.4337003 0.1535343 0.02190545 0.03114857
134 0.2431255 0.05240602 0.0130586 0.4292867 0.1872087 0.4288004 0.1577139 0.02246895 0.03175586
135 0.2708159 0.05040583 0.01284963 0.5184719 0.2037707 0.4354166 0.1576786 0.02256437 0.03120317
136 0.2483859 0.05465141 0.01399119 0.3934154 0.2113222 0.4455102 0.1534583 0.0215637 0.03133575
137 0.2590155 0.05326551 0.01336352 0.4477491 0.2084387 0.428105 0.1543012 0.0227772 0.03190511
139 0.281557 0.05238654 0.01349685 0.573427 0.2025951 0.4289794 0.1523402 0.02193103 0.03143119
140 0.256736 0.05030317 0.01366407 0.4150661 0.2115252 0.4029306 0.1493561 0.02133141 0.02944421
141 0.2450754 0.04812683 0.01327797 0.4197803 0.1997463 0.4302241 0.1575936 0.02219156 0.03048627
144 0.2604577 0.05074739 0.01388385 0.43397 0.2102893 0.4380936 0.1533304 0.02228049 0.03171948
145 0.3052793 0.05204021 0.01339688 0.5252948 0.1976928 0.3906808 0.15622 0.02278239 0.03062912
147 0.2520028 0.04945305 0.01352204 0.4349853 0.2026431 0.4452772 0.1550102 0.02242272 0.03185868
148 0.2426421 0.05540682 0.01281633 0.383762 0.1860328 0.3859407 0.1470451 0.02106081 0.02957796
149 0.2773391 0.05211857 0.01306131 0.4488417 0.1864269 0.4263115 0.1502094 0.02258513 0.03196144
152 0.2261675 0.04966194 0.01362778 0.3509791 0.1999449 0.4369934 0.1514528 0.02197235 0.03134712
153 0.2332485 0.05311757 0.01382684 0.3470257 0.211602 0.4271746 0.1605754 0.02222347 0.03150292
157 0.2109864 0.04761843 0.01309925 0.2942163 0.1852939 0.4805233 0.1548492 0.02262154 0.03304034
158 0.2596511 0.04491376 0.0122271 0.528732 0.1626968 0.4282181 0.1525577 0.02240025 0.0318026
159 0.236044 0.04868647 0.01361246 0.343876 0.2050563 0.4185403 0.1557242 0.02259265 0.03118191
160 0.2759182 0.0493186 0.0133596 0.6459707 0.196475 0.455218 0.1570086 0.02149441 0.03114962
163 0.2399731 0.05024856 0.01433567 0.4387807 0.2111848 0.4554394 0.152458 0.02126383 0.03079327
165 0.2587274 0.04873031 0.01310784 0.4943918 0.1935183 0.4829362 0.1621154 0.02323752 0.03375031
166 0.2282918 0.05041197 0.01372797 0.3818967 0.1977733 0.4419408 0.1507329 0.02198444 0.03148769
169 0.2784527 0.04828204 0.01274572 0.5672468 0.1894793 0.4039606 0.1502351 0.02203391 0.03026132
170 0.2592906 0.04946864 0.01421283 0.5258954 0.213022 0.4369517 0.1562731 0.02195168 0.03110704
174 0.2537287 0.0513134 0.01412223 0.4105293 0.2146866 0.4368134 0.1521129 0.02217818 0.03142672
175 0.2384458 0.04771244 0.01318034 0.4150715 0.1848143 0.3991397 0.1541206 0.02259255 0.03105451
176 0.2890192 0.0478094 0.0136175 0.5517287 0.1924966 0.3986871 0.1498743 0.02236611 0.03130088
177 0.2391312 0.04894988 0.0128344 0.4230335 0.190993 0.4593353 0.1738292 0.0250594 0.03471698
178 0.2252215 0.05070826 0.01338449 0.3370764 0.1981492 0.4753542 0.1553951 0.02101703 0.03129344
179 0.2361423 0.05082355 0.01312244 0.3949815 0.1866415 0.3840693 0.1546997 0.02156608 0.02970053
180 0.2679279 0.0506007 0.01363496 0.5526186 0.2072107 0.4003206 0.1533255 0.02147203 0.02956162
184 0.219159 0.04785772 0.01417075 0.3374299 0.2015772 0.4785528 0.1698124 0.02399419 0.03425419
186 0.2585455 0.05356396 0.01458048 0.5293284 0.2368285 0.4400153 0.1596836 0.02162673 0.03056315
194 0.2892583 0.05253925 0.01319919 0.6610511 0.1990624 0.4553658 0.1538746 0.02240889 0.03241232
