4 40.95302 38.15782
5 33.44596 34.00876
8 48.01881 42.58359
11 41.54091 41.11352
12 46.20296 42.70822
13 36.41927 35.08662
16 39.34252 38.20067
20 34.30028 34.02482
23 39.67358 40.06008
25 41.42799 39.20915
26 40.95921 42.95666
27 43.5981 46.94093
31 39.43046 41.0121
34 39.74811 37.43852
36 39.77322 39.447
38 34.39398 33.07335
39 44.13109 45.74958
40 36.8286 38.4623
46 39.45459 38.40232
47 43.82055 44.24801
48 37.59082 36.09146
51 39.05338 40.51829
55 37.25235 34.49582
56 44.52218 46.27657
57 36.20124 35.94221
59 44.9851 46.66821
60 36.19367 35.43598
62 73.03421 69.99323
64 77.96747 80.32715
65 67.62902 67.80993
66 72.13 74.27274
74 70.28833 68.43348
75 65.90939 65.47789
78 75.53172 72.54549
79 77.57453 71.34716
81 59.43346 58.39164
82 68.01557 68.80861
83 78.22839 78.85896
84 70.53814 69.25533
86 76.51625 74.51684
88 78.45003 78.73401
89 73.66903 76.98761
90 82.63268 79.55742
91 73.81608 71.3494
94 60.30581 58.9432
98 62.26733 65.05474
102 83.06982 83.2384
103 71.38639 74.62554
106 67.83627 65.49716
108 72.86529 75.82336
109 65.9322 66.96517
113 66.99499 70.41625
114 71.23293 73.299
115 73.80786 71.05343
117 72.82849 70.51493
119 66.37325 67.65036
120 74.78899 73.15566
121 70.90267 72.17769
122 66.83061 68.10063
123 63.55919 64.51578
125 84.02352 83.35082
126 75.54197 74.2147
127 68.46603 68.46248
128 58.82727 60.38158
130 66.87603 65.63452
132 62.65537 61.5767
133 65.04857 63.12723
134 74.22742 76.39191
135 85.81384 87.37006
136 74.23978 72.275
137 72.5888 75.62988
139 72.14865 73.03538
140 69.99636 69.69602
141 86.39222 84.87142
144 63.74986 68.38747
145 77.50184 77.37382
147 73.59278 71.11868
148 68.57548 66.31246
149 63.56083 65.15178
152 63.32455 63.54787
153 67.84764 68.18111
157 69.37861 70.72312
158 62.78601 64.40022
159 76.0082 72.57679
160 71.86673 77.23742
163 65.04705 66.49117
165 68.58442 70.80147
166 69.18291 68.89048
169 71.91534 72.42081
170 74.88273 70.77989
174 61.76087 62.52097
175 63.84153 63.50231
176 51.71275 52.44703
177 87.98157 85.90093
178 69.22286 69.54636
179 67.55018 68.11365
180 73.48103 71.18021
184 75.20912 77.05558
186 84.82859 82.6985
194 72.80912 76.34168
