4 200100004
5 200100005
8 200100008
11 200100011
12 200100012
13 200100013
16 200100016
20 200100020
23 200100023
25 200100025
26 200100026
27 200100027
31 200100031
34 200100034
36 200100036
38 200100038
39 200100039
40 200100040
46 200100046
47 200100047
48 200100048
51 200100051
55 200100055
56 200100056
57 200100057
59 200100059
60 200100060
62 200100062
64 200100064
65 200100065
66 200100066
74 200100074
75 200100075
78 200100078
79 200100079
81 200100081
82 200100082
83 200100083
84 200100084
86 200100086
88 200100088
89 200100089
90 200100090
91 200100091
94 200100094
98 200100098
102 200100102
103 200100103
106 200100106
108 200100108
109 200100109
113 200100113
114 200100114
115 200100115
117 200100117
119 200100119
120 200100120
121 200100121
122 200100122
123 200100123
125 200100125
126 200100126
127 200100127
128 200100128
130 200100130
132 200100132
133 200100133
134 200100134
135 200100135
136 200100136
137 200100137
139 200100139
140 200100140
141 200100141
144 200100144
145 200100145
147 200100147
148 200100148
149 200100149
152 200100152
153 200100153
157 200100157
158 200100158
159 200100159
160 200100160
163 200100163
165 200100165
166 200100166
169 200100169
170 200100170
174 200100174
175 200100175
176 200100176
177 200100177
178 200100178
179 200100179
180 200100180
184 200100184
186 200100186
194 200100194
