3 14925.79 14558.8
6 15221.68 14935.83
9 15266.83 15025.05
14 15165.7 14835.58
15 15508.81 15324.59
18 15208.08 14986.28
20 15355.33 15047.09
22 15334.35 15094.51
26 14979.9 14764.87
27 15372.25 15117.51
29 15529.84 15322.11
30 15028.89 14800.27
32 15311.4 15046.4
33 15518.56 15143.01
37 14449.54 14012.15
38 15256.09 15064.25
39 15183.75 14938.69
40 15294.97 14987.14
41 15200.31 14834.81
42 15112.06 14943.98
47 14985.57 14709.6
48 15377.06 15196.55
50 15614.45 15474.37
53 15289.15 14857.36
55 15457.54 15087.26
56 15617.66 15430.11
59 14910.16 14490.12
66 15331.64 14954.32
68 15431.41 15038.06
69 15053.15 14853.49
70 15338.45 15019.81
71 15231.48 15028.23
72 15588.37 15294.99
73 15215.19 14713.02
74 15191.6 14907.69
75 15305.93 14962.71
80 15057.88 14608.55
81 15596.17 15197.37
84 15047.6 14578.06
85 15132.56 14801.7
86 15159.21 14765.9
88 15682.63 15344.19
89 15273.34 14992.23
90 15126.11 14717.35
93 14959.03 14613.06
96 15111.01 14712.13
97 15611.49 15443.09
98 15140.24 14802.52
99 14987.12 14687.45
100 15463.78 15030.15
102 15175.44 14912.96
104 15074.22 14756.74
105 14867.42 14486.3
106 15532.55 15160.89
111 15089.11 14712.67
113 15283.8 15033.62
114 15344.05 15139.17
118 15527.84 15257.33
123 15368.24 15012.17
130 15056.36 14779.45
132 15323.73 15017.42
133 15402.14 14942.02
135 15212.71 14926.28
136 15433.6 15150.81
138 15240.22 14878.82
139 15126.4 14763.32
140 15396.29 14970.38
141 15405.23 14960.95
143 15030.85 14789.08
147 15459.64 15258.7
151 15406 15162.77
155 15331.66 14966.04
156 15271.25 15071.35
157 15443.85 15128.74
160 15361.12 15112.31
173 15574.97 15437.47
177 15499.66 15284.23
182 15057.82 14726.72
183 15311.53 15031.57
185 15066.56 14606.28
186 15061.33 14774.35
187 15795.96 15624.87
188 15271.49 14829.7
194 15048.34 14720.79
197 15370.8 15074.4
200 15166.69 14690.21
202 15160.68 14753.26
206 15321.6 15043.03
207 15370.22 14926.27
209 15231.19 15010.04
210 15109.45 14744.72
211 15451.62 15022
214 15461.23 15250.25
215 15347.75 15077.33
217 15071.1 14801.07
218 15263.93 14901.72
220 14971.54 14599.44
221 15241.77 14872.31
222 14950.85 14610.16
223 15471.71 15270.22
