3 14965.71 14598.71
6 15261.59 14975.75
9 15306.75 15064.97
14 15205.61 14875.49
15 15548.72 15364.5
18 15247.99 15026.19
20 15395.24 15087
22 15374.26 15134.42
26 15019.82 14804.78
27 15412.17 15157.42
29 15569.76 15362.02
30 15068.8 14840.18
32 15351.31 15086.31
33 15558.47 15182.93
37 14489.46 14052.06
38 15296 15104.16
39 15223.67 14978.6
40 15334.88 15027.06
41 15240.23 14874.72
42 15151.97 14983.9
47 15025.48 14749.51
48 15416.97 15236.47
50 15654.36 15514.28
53 15329.06 14897.28
55 15497.46 15127.18
56 15657.58 15470.03
59 14950.07 14530.04
66 15371.55 14994.23
68 15471.32 15077.97
69 15093.06 14893.4
70 15378.37 15059.73
71 15271.39 15068.15
72 15628.29 15334.91
73 15255.11 14752.94
74 15231.51 14947.61
75 15345.85 15002.62
80 15097.79 14648.47
81 15636.09 15237.28
84 15087.52 14617.97
85 15172.48 14841.61
86 15199.12 14805.81
88 15722.54 15384.11
89 15313.25 15032.14
90 15166.02 14757.27
93 14998.95 14652.97
96 15150.93 14752.05
97 15651.41 15483
98 15180.16 14842.43
99 15027.03 14727.36
100 15503.69 15070.07
102 15215.35 14952.87
104 15114.13 14796.65
105 14907.33 14526.21
106 15572.46 15200.81
111 15129.02 14752.59
113 15323.71 15073.53
114 15383.97 15179.08
118 15567.76 15297.24
123 15408.15 15052.08
130 15096.28 14819.36
132 15363.65 15057.34
133 15442.06 14981.93
135 15252.62 14966.19
136 15473.51 15190.73
138 15280.13 14918.74
139 15166.31 14803.24
140 15436.2 15010.3
141 15445.15 15000.86
143 15070.77 14828.99
147 15499.56 15298.61
151 15445.91 15202.68
155 15371.58 15005.95
156 15311.16 15111.26
157 15483.77 15168.66
160 15401.03 15152.22
173 15614.88 15477.39
177 15539.58 15324.14
182 15097.73 14766.64
183 15351.44 15071.48
185 15106.47 14646.2
186 15101.25 14814.27
187 15835.88 15664.78
188 15311.4 14869.62
194 15088.26 14760.7
197 15410.71 15114.31
200 15206.61 14730.12
202 15200.6 14793.17
206 15361.52 15082.94
207 15410.13 14966.18
209 15271.11 15049.95
210 15149.37 14784.63
211 15491.54 15061.91
214 15501.15 15290.17
215 15387.66 15117.24
217 15111.01 14840.99
218 15303.85 14941.63
220 15011.45 14639.36
221 15281.68 14912.22
222 14990.77 14650.07
223 15511.62 15310.13
