3 0.4825
6 0.4525
9 0.465
14 0.465
15 0.4325
18 0.4625
20 0.46
22 0.46
26 0.4775
27 0.465
29 0.44
30 0.4675
32 0.46
33 0.445
37 0.5425
38 0.465
39 0.4675
40 0.435
41 0.5075
42 0.4575
47 0.495
48 0.4275
50 0.415
53 0.4725
55 0.435
56 0.42
59 0.4875
66 0.4525
68 0.4525
69 0.455
70 0.455
71 0.4425
72 0.425
73 0.4825
74 0.46
75 0.445
80 0.4825
81 0.4525
84 0.485
85 0.49
86 0.4725
88 0.42
89 0.465
90 0.48
93 0.48
96 0.48
97 0.4125
98 0.485
99 0.475
100 0.4625
102 0.44
104 0.4875
105 0.5025
106 0.43
111 0.455
113 0.4525
114 0.4175
118 0.43
123 0.4625
130 0.4675
132 0.45
133 0.485
135 0.4625
136 0.465
138 0.455
139 0.48
140 0.465
141 0.4525
143 0.4575
147 0.4275
151 0.44
155 0.4725
156 0.445
157 0.465
160 0.44
173 0.4125
177 0.4175
182 0.46
183 0.4525
185 0.5075
186 0.465
187 0.3975
188 0.475
194 0.4525
197 0.465
200 0.495
202 0.4775
206 0.4725
207 0.4725
209 0.4475
210 0.4675
211 0.4825
214 0.455
215 0.435
217 0.465
218 0.45
220 0.4925
221 0.48
222 0.485
223 0.4
