3 1000 1000
6 1000 1000
9 1000 1000
14 1000 1000
15 1000 1000
18 1000 1000
20 1000 1000
22 1000 1000
26 1000 1000
27 1000 1000
29 1000 1000
30 1000 1000
32 1000 1000
33 1000 1000
37 1000 1000
38 1000 1000
39 1000 1000
40 1000 1000
41 1000 1000
42 1000 1000
47 1000 1000
48 1000 1000
50 1000 1000
53 1000 1000
55 1000 1000
56 1000 1000
59 1000 1000
66 1000 1000
68 1000 1000
69 1000 1000
70 1000 1000
71 1000 1000
72 1000 1000
73 1000 1000
74 1000 1000
75 1000 1000
80 1000 1000
81 1000 1000
84 1000 1000
85 1000 1000
86 1000 1000
88 1000 1000
89 1000 1000
90 1000 1000
93 1000 1000
96 1000 1000
97 1000 1000
98 1000 1000
99 1000 1000
100 1000 1000
102 1000 1000
104 1000 1000
105 1000 1000
106 1000 1000
111 1000 1000
113 1000 1000
114 1000 1000
118 1000 1000
123 1000 1000
130 1000 1000
132 1000 1000
133 1000 1000
135 1000 1000
136 1000 1000
138 1000 1000
139 1000 1000
140 1000 1000
141 1000 1000
143 1000 1000
147 1000 1000
151 1000 1000
155 1000 1000
156 1000 1000
157 1000 1000
160 1000 1000
173 1000 1000
177 1000 1000
182 1000 1000
183 1000 1000
185 1000 1000
186 1000 1000
187 1000 1000
188 1000 1000
194 1000 1000
197 1000 1000
200 1000 1000
202 1000 1000
206 1000 1000
207 1000 1000
209 1000 1000
210 1000 1000
211 1000 1000
214 1000 1000
215 1000 1000
217 1000 1000
218 1000 1000
220 1000 1000
221 1000 1000
222 1000 1000
223 1000 1000
