3 -7452.896 -7269.399
6 -7600.838 -7457.916
9 -7623.416 -7502.527
14 -7572.849 -7407.789
15 -7744.403 -7652.295
18 -7594.039 -7483.14
20 -7667.664 -7513.545
22 -7657.173 -7537.255
26 -7479.95 -7372.434
27 -7676.126 -7548.754
29 -7754.922 -7651.054
30 -7504.443 -7390.135
32 -7645.7 -7513.199
33 -7749.28 -7561.507
37 -7214.772 -6996.073
38 -7618.044 -7522.124
39 -7581.877 -7459.344
40 -7637.484 -7483.572
41 -7590.157 -7407.403
42 -7546.03 -7461.991
47 -7482.784 -7344.798
48 -7678.529 -7588.276
50 -7797.224 -7727.185
53 -7634.573 -7418.682
55 -7718.77 -7533.632
56 -7798.832 -7705.057
59 -7445.079 -7235.061
66 -7655.819 -7467.16
68 -7705.704 -7509.029
69 -7516.575 -7416.745
70 -7659.227 -7499.907
71 -7605.74 -7504.116
72 -7784.187 -7637.495
73 -7597.595 -7346.511
74 -7585.799 -7443.846
75 -7642.967 -7471.355
80 -7518.938 -7294.277
81 -7788.087 -7588.684
84 -7513.802 -7279.029
85 -7556.282 -7390.848
86 -7569.604 -7372.95
88 -7831.314 -7662.096
89 -7626.669 -7486.113
90 -7553.054 -7348.676
93 -7469.516 -7296.53
96 -7545.507 -7346.066
97 -7795.745 -7711.544
98 -7560.12 -7391.259
99 -7483.558 -7333.725
100 -7721.89 -7505.075
102 -7577.719 -7446.48
104 -7527.109 -7368.368
105 -7423.709 -7233.149
106 -7756.274 -7570.447
111 -7534.555 -7346.336
113 -7631.899 -7506.809
114 -7662.027 -7559.583
118 -7753.921 -7618.665
123 -7674.119 -7496.085
130 -7518.181 -7379.723
132 -7651.865 -7498.712
133 -7691.072 -7461.01
135 -7596.354 -7453.138
136 -7706.798 -7565.406
138 -7610.11 -7429.412
139 -7553.198 -7371.661
140 -7688.144 -7475.192
141 -7692.617 -7470.474
143 -7505.427 -7384.539
147 -7719.822 -7619.348
151 -7692.998 -7571.383
155 -7655.832 -7473.018
156 -7625.623 -7525.673
157 -7711.927 -7554.372
160 -7670.558 -7546.155
173 -7777.483 -7708.737
177 -7739.831 -7632.114
182 -7518.908 -7353.362
183 -7645.763 -7505.783
185 -7523.28 -7293.141
186 -7520.666 -7377.175
187 -7887.981 -7802.433
188 -7625.743 -7404.852
194 -7514.171 -7350.393
197 -7675.399 -7527.199
200 -7573.347 -7335.103
202 -7570.342 -7366.628
206 -7650.802 -7511.515
207 -7675.11 -7453.133
209 -7605.597 -7495.018
210 -7544.727 -7362.359
211 -7715.812 -7500.998
214 -7720.617 -7615.125
215 -7663.873 -7528.665
217 -7525.548 -7390.536
218 -7621.967 -7440.859
220 -7475.769 -7289.722
221 -7610.885 -7426.154
222 -7465.426 -7295.08
223 -7725.854 -7625.109
