3 5.50362 5.512645
6 12.75555 12.71487
9 12.74879 12.75082
14 12.49705 12.35896
15 14.30785 14.2413
18 12.95527 12.88215
20 13.1471 13.1831
22 12.8879 12.88133
26 12.47313 12.37605
27 12.72976 12.87906
29 13.48471 13.56258
30 12.82422 12.75439
32 12.97577 13.09433
33 13.30583 13.14569
37 10.74086 10.6702
38 13.25041 13.26237
39 12.92816 12.87076
40 13.42184 13.46862
41 12.23322 12.01303
42 13.2026 13.07616
47 11.95424 12.13414
48 13.66398 13.54369
50 14.40096 14.40619
53 12.84167 12.8181
55 12.6583 12.62894
56 13.9985 14.07008
59 11.9903 11.82132
66 12.77778 12.61597
68 12.83002 12.80256
69 12.88221 12.81229
70 12.94076 12.89586
71 12.96236 13.05943
72 13.5898 13.56591
73 12.42116 12.33688
74 12.99246 13.05617
75 13.1821 13.14184
80 12.29167 12.32819
81 12.91766 12.88301
84 12.25246 12.24767
85 12.57414 12.40554
86 12.39365 12.40601
88 13.34761 13.42799
89 12.44559 12.52554
90 12.22158 12.173
93 12.56838 12.65921
96 12.30791 12.21145
97 14.09111 14.09492
98 12.4006 12.54178
99 12.3784 12.14658
100 13.19455 13.09882
102 12.90779 12.99434
104 11.91785 11.87083
105 11.2651 11.34452
106 13.04422 13.04815
111 12.62897 12.62115
113 13.03177 13.10353
114 13.66429 13.49533
118 13.46131 13.46807
123 13.17668 12.99524
130 12.60489 12.75557
132 12.75766 12.85637
133 12.03623 11.95273
135 12.68941 12.54427
136 12.99069 12.75057
138 12.53702 12.41134
139 12.51558 12.60687
140 12.55512 12.7127
141 12.52873 12.52678
143 12.88138 12.74902
147 13.73069 13.71073
151 13.07638 12.92673
155 12.13487 12.32964
156 13.3985 13.40407
157 12.60526 12.52124
160 13.30123 13.2102
173 14.0514 14.05092
177 13.72773 13.5392
182 13.09018 13.11436
183 12.8454 12.90909
185 11.75829 11.75341
186 12.99365 12.81451
187 13.72105 13.90867
188 12.4961 12.43729
194 12.50438 12.60467
197 12.89238 12.81905
200 11.9535 11.7708
202 11.86329 11.86552
206 12.91479 12.94393
207 12.33061 12.16949
209 12.67019 12.57844
210 12.5578 12.40655
211 12.22561 12.20338
214 13.22391 13.25253
215 13.27778 13.24959
217 12.49756 12.60463
218 12.9554 12.84845
220 12.00878 12.01174
221 12.4002 12.41017
222 11.94485 11.79622
223 14.63364 14.70744
