3 0.25404 0.255197
6 0.7563445 0.7543867
9 0.7603359 0.7611766
14 0.7325921 0.7276804
15 0.8370563 0.8341291
18 0.7677435 0.7647031
20 0.7795749 0.7817386
22 0.756082 0.7555556
26 0.7399579 0.7347727
27 0.7603796 0.7678446
29 0.8090109 0.812259
30 0.7521284 0.74894
32 0.7620632 0.7672864
33 0.779733 0.7711049
37 0.6320529 0.6283826
38 0.780279 0.781574
39 0.7608752 0.7583694
40 0.8079191 0.8082232
41 0.7270318 0.7165108
42 0.7804713 0.774416
47 0.7072848 0.71571
48 0.8063392 0.8016392
50 0.856884 0.8574323
53 0.7600493 0.7577236
55 0.7697828 0.7691772
56 0.8223484 0.8263483
59 0.7064255 0.699066
66 0.7544361 0.7463635
68 0.7586079 0.7570299
69 0.7605445 0.757245
70 0.7694139 0.7672041
71 0.7778387 0.7830436
72 0.8074387 0.8056834
73 0.7251979 0.7221909
74 0.7627155 0.7660067
75 0.7854267 0.7830246
80 0.7270541 0.7287167
81 0.7728205 0.7720622
84 0.7214129 0.7210369
85 0.7450479 0.7369892
86 0.7282362 0.7288002
88 0.79493 0.7995239
89 0.7368571 0.7395567
90 0.717492 0.7147216
93 0.7443161 0.7494494
96 0.7275955 0.7239193
97 0.8312976 0.8303564
98 0.7259377 0.733055
99 0.7284838 0.7175743
100 0.7768101 0.7736206
102 0.7589263 0.7628625
104 0.704595 0.7019292
105 0.6663582 0.6706019
106 0.7762066 0.7760084
111 0.7443132 0.742926
113 0.7725271 0.7759859
114 0.8217677 0.8140943
118 0.7950844 0.7952893
123 0.7718814 0.7638343
130 0.7507044 0.7578964
132 0.7530878 0.7586234
133 0.7074978 0.7032749
135 0.750422 0.7427969
136 0.7711383 0.759851
138 0.7422953 0.735514
139 0.7391306 0.7443445
140 0.7432394 0.7509337
141 0.7450227 0.7438757
143 0.7677668 0.7616919
147 0.8062457 0.8061164
151 0.7721125 0.7652505
155 0.7262002 0.7351263
156 0.7939304 0.7940602
157 0.755307 0.7497524
160 0.788576 0.7836707
173 0.8428378 0.8421745
177 0.8153654 0.8059075
182 0.7619929 0.7635371
183 0.7612752 0.7643511
185 0.6967662 0.6964649
186 0.7582345 0.7489595
187 0.8261887 0.8371071
188 0.7395386 0.7385657
194 0.7371068 0.7427385
197 0.7635614 0.759729
200 0.7015472 0.6926372
202 0.7105387 0.7101017
206 0.7703815 0.7716261
207 0.7314152 0.7255682
209 0.75114 0.7456653
210 0.7393958 0.7317748
211 0.7262403 0.7261851
214 0.7901373 0.7910564
215 0.7976327 0.7970008
217 0.7362659 0.740752
218 0.7632993 0.7586015
220 0.7060454 0.7068118
221 0.7496738 0.7496251
222 0.7123394 0.7046643
223 0.8679453 0.8701351
