3 27.66952 2.255925 -0.5210358 1.586488 1.423367 2.544438 -4.375802 -0.941905 -0.09088322 0.2494583
6 27.40088 2.24846 -0.5294656 2.046183 1.999498 3.676923 -4.478597 -0.8520781 -0.07677072 0.2345194
9 27.46675 2.255746 -0.5285153 2.187121 1.444874 4.186062 -4.343163 -0.4906545 -0.06515817 0.2128707
14 27.65584 2.254722 -0.5236927 2.048779 1.659908 3.665483 -4.690663 -0.8031309 -0.08006267 0.2462212
15 28.05332 2.212166 -0.5069886 2.671395 1.514518 5.797281 -4.446301 -0.8278329 -0.065145 0.2153613
18 27.43789 2.237191 -0.5247125 2.419151 1.972048 5.315108 -4.59837 -0.9157888 -0.06902786 0.2316775
20 27.60093 2.281178 -0.516116 2.269709 1.963156 4.356109 -4.801958 -0.7211854 -0.08213346 0.2479516
22 27.70965 2.180618 -0.5223957 2.443552 1.943963 4.900751 -4.754674 -0.7984414 -0.06535248 0.2313296
26 27.56477 2.234403 -0.5190858 2.359364 2.061736 4.953273 -4.411958 -1.008587 -0.0767574 0.2369884
27 27.59666 2.205972 -0.5159666 2.566163 1.355416 5.107462 -4.311752 -0.9293787 -0.06022159 0.2137228
29 27.5849 2.229594 -0.5084901 2.603192 1.768711 5.401964 -4.358231 -0.8293461 -0.06637009 0.2164219
30 27.67741 2.256543 -0.5137796 2.15046 1.840819 4.125171 -4.183602 -1.303455 -0.07891651 0.2334127
32 27.50887 2.242245 -0.5249775 2.109965 1.803902 3.896254 -4.394461 -1.035183 -0.06594755 0.22297
33 27.64926 2.298799 -0.5256476 1.945239 1.574154 3.1952 -4.828887 -0.6430011 -0.07121749 0.2366476
37 27.46441 2.258399 -0.5253909 1.537019 1.380995 2.417135 -3.990489 -1.011124 -0.08171602 0.2367868
38 27.77496 2.212937 -0.5080815 2.437526 1.983923 5.275963 -4.912385 -0.4033326 -0.08283405 0.2457073
39 27.65599 2.277492 -0.5174325 2.135928 1.943814 4.033815 -4.446488 -0.8604438 -0.07661215 0.2328641
40 27.47703 2.270554 -0.5281779 2.033739 1.837579 3.704594 -4.740237 -1.062506 -0.09409186 0.2605883
41 27.56239 2.22661 -0.5185566 1.9564 1.638246 3.333319 -4.605856 -0.983323 -0.06535327 0.2335993
42 27.65462 2.160043 -0.5167828 2.586059 1.747935 6.538152 -4.87299 -0.886424 -0.07101822 0.24202
47 27.47804 2.231336 -0.5165292 2.167442 1.688757 3.87156 -3.945869 -0.9722383 -0.0659764 0.2119564
48 27.39316 2.237194 -0.5235228 2.774415 2.439193 7.603406 -4.351399 -0.9100341 -0.06858349 0.2193083
50 27.62581 2.222927 -0.5175149 2.741972 2.170542 6.559617 -4.481543 -0.9028099 -0.06504883 0.2162037
53 27.77038 2.388853 -0.525155 1.628231 1.329738 2.620113 -4.204196 -0.9524772 -0.05771641 0.2090541
55 27.53132 2.241023 -0.5284391 2.027168 1.360925 3.39652 -4.245463 -0.2283088 -0.07594552 0.2141257
56 27.70674 2.194756 -0.5077788 2.825474 2.065084 6.603318 -4.23381 -0.7477255 -0.06663697 0.2086548
59 27.68569 2.299321 -0.5179658 1.522232 1.34776 2.476367 -4.008261 -0.6257346 -0.07609981 0.2185079
66 27.59699 2.271504 -0.5188418 1.947835 1.422306 3.275102 -4.200805 -1.057055 -0.06739669 0.2191226
68 27.55179 2.308481 -0.5295369 1.758857 1.504999 2.835309 -4.653936 -0.5050732 -0.06859975 0.2275997
69 27.74892 2.237652 -0.521155 2.482219 1.785308 5.352761 -4.056243 -0.9886807 -0.06624583 0.2112874
70 27.4989 2.207522 -0.5139936 2.113323 1.583008 4.109274 -4.40612 -0.9970067 -0.06531559 0.2224031
71 27.51587 2.268483 -0.5328219 2.499841 2.174701 5.444256 -4.245604 -0.905227 -0.07759037 0.2264282
72 27.49369 2.174915 -0.5085846 2.193719 1.835014 3.95057 -4.756102 -0.772005 -0.07737311 0.2399058
73 27.76605 2.278473 -0.5197464 1.447318 1.22692 2.247026 -4.4783 -0.4785041 -0.08274593 0.235891
74 27.72167 2.204234 -0.5165702 1.980994 1.470926 3.730314 -4.585136 -0.9452492 -0.07015957 0.2322133
75 27.68609 2.296092 -0.5255006 2.082984 1.738842 3.768857 -4.231056 -0.9091991 -0.07708861 0.2254418
80 27.72313 2.292777 -0.5133896 1.63051 1.246906 2.578808 -3.932983 -0.7390514 -0.08081686 0.2204429
81 27.457 2.279878 -0.5297437 1.74707 1.422641 2.623389 -4.39286 -0.8752904 -0.06881643 0.2236633
84 27.92259 2.306955 -0.5069601 1.468981 1.331661 2.224445 -3.935529 -0.8891561 -0.08066057 0.2238635
85 27.69695 2.26684 -0.528987 1.859272 1.418546 3.176188 -4.696579 -0.2472055 -0.07277023 0.2302519
86 27.63946 2.27059 -0.5170135 1.633557 1.22376 2.590076 -4.154454 -0.8033653 -0.07099589 0.2196056
88 27.49562 2.184108 -0.508765 2.110467 1.549467 3.539472 -4.285759 -0.9111706 -0.07179457 0.2203998
89 27.5353 2.207501 -0.5187286 2.240363 1.57581 4.049966 -4.451471 -0.9446171 -0.0704485 0.2297445
90 27.54704 2.260868 -0.5226229 1.639696 1.309785 2.681422 -4.354337 -0.7333874 -0.07066377 0.2252319
93 27.80987 2.292112 -0.5155042 1.697294 1.3607 2.891704 -4.130093 -1.072332 -0.07780777 0.2285776
96 27.61947 2.235986 -0.5130043 1.589916 1.181516 2.505547 -4.634841 -0.7849735 -0.08753877 0.2521129
97 27.64428 2.200565 -0.5128556 2.967891 2.31594 8.275079 -4.09825 -0.7987968 -0.07106163 0.2073862
98 27.75107 2.216783 -0.5122666 1.870871 1.494792 3.18093 -4.585101 -1.110063 -0.0717599 0.2403055
99 27.6676 2.245781 -0.5133702 2.033183 1.978163 3.787509 -4.196428 -0.7848914 -0.080505 0.2297677
100 27.71188 2.292922 -0.5287077 1.633137 1.481141 2.684486 -4.864392 -0.6206478 -0.07576267 0.2406306
102 27.76285 2.285318 -0.5221603 2.133892 1.688356 3.936484 -3.929881 -1.072027 -0.07824591 0.2185915
104 27.56317 2.257984 -0.5223293 1.846818 1.514885 3.132522 -3.973932 -0.7989918 -0.06467173 0.2081796
105 27.54008 2.248616 -0.5248509 1.651445 1.208311 2.650658 -4.15177 -0.7672765 -0.06883384 0.2210838
106 27.31778 2.272707 -0.5315603 1.966514 1.448394 3.331843 -4.308406 -0.9444037 -0.06595548 0.2185527
111 27.64755 2.329915 -0.5265426 1.889869 1.41763 3.42983 -4.421862 -0.8212775 -0.08292309 0.2387288
113 27.36173 2.186765 -0.5125757 2.175541 1.825845 4.749719 -4.767609 -0.4177135 -0.06932213 0.2293296
114 27.56769 2.194959 -0.514173 2.497112 1.976827 6.010292 -4.438696 -0.7621271 -0.07952319 0.2294836
118 27.69446 2.234242 -0.5114545 2.2937 1.719089 4.291666 -4.380444 -0.801724 -0.07070151 0.2205381
123 27.74879 2.281009 -0.5184359 1.801583 1.477392 2.894654 -4.722271 -0.712309 -0.08180072 0.2445613
130 27.79174 2.187088 -0.5107097 2.068801 1.442088 3.622897 -4.332376 -1.234925 -0.07796608 0.2380389
132 27.54061 2.224265 -0.5230513 2.005449 1.449427 3.56066 -4.610886 -0.2427599 -0.07059022 0.2228301
133 27.61006 2.243329 -0.5105477 1.37495 1.080115 2 -4.298734 -0.9283969 -0.06006903 0.2170403
135 27.44989 2.229399 -0.5218433 2.107509 1.734917 3.999408 -4.234222 -1.005725 -0.06089325 0.2138798
136 27.56791 2.230986 -0.5175403 2.296542 1.75955 4.200529 -4.399931 -0.8305059 -0.06738592 0.2219221
138 27.35725 2.254979 -0.5284055 1.829558 1.377393 3.114412 -4.24045 -1.069221 -0.06991331 0.2240634
139 27.79953 2.269774 -0.5267526 1.849174 1.231854 2.968983 -4.001151 -1.055364 -0.07242794 0.2183695
140 27.66622 2.278999 -0.5199034 1.890329 1.318441 3.012401 -3.822664 -0.9222959 -0.0583901 0.1960101
141 27.47978 2.243928 -0.5215915 1.672708 1.314877 2.643598 -4.020855 -0.7754532 -0.07000733 0.2114188
143 27.57554 2.230669 -0.53175 2.242338 1.441105 5.002119 -4.759484 -0.4242173 -0.07297353 0.2331953
147 27.53512 2.144676 -0.5157287 2.579919 1.93899 6.348026 -4.563307 -0.6281094 -0.06978702 0.2219711
151 27.68046 2.193293 -0.5134379 2.328988 1.415578 4.394929 -4.138856 -1.020538 -0.06732892 0.2136443
155 27.35823 2.217856 -0.5300651 1.723933 1.116073 2.752571 -4.132619 -0.6215052 -0.05331716 0.1990295
156 27.71478 2.217691 -0.5103496 2.418096 1.616088 5.285258 -4.38345 -0.971255 -0.06175636 0.2152087
157 27.45313 2.205778 -0.514472 2.153541 1.467193 3.585224 -4.40926 -0.7752747 -0.06074868 0.2168812
160 27.59607 2.241344 -0.5238167 2.33433 1.751817 4.809337 -4.887605 -0.8099317 -0.0750944 0.2441284
173 27.48273 2.235579 -0.5186712 2.866238 1.506791 7.048841 -4.416238 -0.9394055 -0.06873746 0.2198284
177 27.45069 2.275146 -0.5300137 2.499825 1.684745 5.513813 -4.393836 -0.558076 -0.05810228 0.2044261
182 27.84012 2.254278 -0.5038141 1.796653 1.648944 3.201976 -4.558915 -1.101467 -0.08816381 0.252149
183 27.58047 2.233684 -0.5205354 2.074049 1.463492 3.636965 -4.369593 -0.7392861 -0.0578968 0.2106552
185 27.48182 2.20478 -0.5161818 1.419459 1.166232 2.191682 -4.463267 -0.7944343 -0.0692988 0.2321841
186 27.85338 2.230843 -0.4970595 2.101858 1.779132 3.970665 -4.298995 -0.711226 -0.08240057 0.231109
187 27.17273 2.170909 -0.5200101 2.772341 1.870416 5.977079 -4.235727 -0.9322156 -0.06140211 0.206535
188 27.63966 2.252461 -0.5278576 1.539866 1.32439 2.391616 -4.4592 -0.7445847 -0.07616644 0.2332349
194 27.57673 2.231042 -0.5212889 1.786018 1.285198 3.177654 -4.146541 -0.7857546 -0.08330375 0.2286332
197 27.58319 2.321512 -0.5314013 1.974377 1.710651 3.129087 -4.581763 -0.8933977 -0.06793464 0.2305882
200 27.56914 2.24539 -0.5230229 1.445834 1.318323 2.227164 -4.54351 -0.6627724 -0.08206475 0.2428248
202 27.41282 2.293469 -0.5283737 1.792651 1.379825 2.803047 -4.328778 -0.9333768 -0.08233101 0.2407297
206 27.57023 2.243279 -0.5197887 2.364117 1.721277 4.734929 -4.533986 -0.7815709 -0.06572841 0.2248357
207 27.56393 2.252699 -0.5131338 1.70011 1.254582 2.588254 -4.341621 -0.6446076 -0.06926108 0.2220234
209 27.53398 2.198858 -0.5169903 2.214689 1.568858 4.034445 -4.075182 -0.9192796 -0.0621464 0.2072929
210 27.86546 2.344728 -0.519588 1.747021 1.48351 2.752409 -4.170479 -0.8392111 -0.0829335 0.2304427
211 27.52908 2.236755 -0.5285231 1.75306 1.364285 2.675895 -4.239636 -0.8244746 -0.06334323 0.2146243
214 27.42908 2.211201 -0.5222509 2.466526 1.610326 4.816519 -4.872571 -0.7765199 -0.06560473 0.2348709
215 27.59312 2.212277 -0.5209522 2.087374 1.326292 3.892425 -4.125564 -0.9799251 -0.06371922 0.2078247
217 27.61299 2.224744 -0.5179915 2.141491 1.639037 4.123462 -4.347411 -0.8249754 -0.08138129 0.2350427
218 27.79146 2.316377 -0.5189637 2.054429 1.89434 3.687785 -4.000826 -0.653912 -0.08337844 0.2189873
220 27.63089 2.332425 -0.5255533 1.637893 1.478945 2.660808 -4.495645 -0.5855528 -0.08355784 0.2412909
221 27.45591 2.308203 -0.5273008 1.868982 1.36977 3.049042 -4.410385 -0.8526087 -0.05967827 0.219089
222 27.55713 2.23242 -0.5161328 1.799583 1.152435 3.129301 -4.042916 -0.9731584 -0.07230502 0.2208725
223 27.6347 2.303106 -0.5247399 2.421037 2.046896 5.712905 -4.45008 -1.071851 -0.06961177 0.222106
