3 0.1451694 0.02569191 0.006605232 0.2491601 0.09795673 0.2120586 0.07669438 0.01141884 0.01616859
6 0.1770609 0.03073109 0.00727347 0.2624793 0.1013252 0.2170935 0.07709303 0.01122752 0.01597507
9 0.1477103 0.02957486 0.007068333 0.2118748 0.1064359 0.2079868 0.07509563 0.01092341 0.01540718
14 0.1722943 0.03165092 0.007228259 0.2277062 0.1035912 0.2205806 0.07648471 0.01086931 0.01572171
15 0.1666288 0.03082433 0.007185252 0.207453 0.1096373 0.2136881 0.07808947 0.0110082 0.01541345
18 0.1749352 0.03101794 0.00733969 0.2395136 0.1050913 0.2284912 0.07782275 0.01128327 0.01635659
20 0.3388342 0.05371832 0.009588904 0.282596 0.1068773 0.2289135 0.07756209 0.01130563 0.01630914
22 0.171407 0.02969194 0.007323961 0.2596616 0.1078601 0.2269042 0.077512 0.01090947 0.01579082
26 0.2203743 0.03599544 0.00778769 0.2606982 0.1038532 0.2140081 0.0774519 0.01124774 0.01597588
27 0.1750476 0.03229671 0.007504593 0.2085155 0.1138889 0.2129828 0.07772504 0.01105499 0.01559677
29 0.1974809 0.03438461 0.007611491 0.2520957 0.1122514 0.2167273 0.07810847 0.01132956 0.01590556
30 0.3785777 0.05934483 0.01049944 0.2629029 0.105739 0.2142855 0.07947967 0.01145292 0.01620119
32 0.1685725 0.02951544 0.007191663 0.267051 0.1053593 0.2165941 0.07862576 0.01106463 0.01564692
33 0.1761042 0.03064833 0.007300146 0.2538783 0.1059508 0.2294697 0.07709068 0.01095277 0.01590878
37 NaN NaN 0.004975921 0.2538737 0.1085388 0.1978523 0.07590381 0.01118118 0.01564757
38 0.2224328 0.03711019 0.007832026 0.2558042 0.107332 0.2345983 0.0763063 0.011575 0.01674385
39 0.2801452 0.04497847 0.008655853 0.2742692 0.104921 0.2148059 0.0771152 0.01129333 0.01593685
40 0.1560518 0.02819948 0.006846706 0.2647413 0.09876732 0.2313869 0.078964 0.01177022 0.01698287
41 0.2178681 0.03548007 0.007976228 0.251699 0.1094058 0.2276396 0.07767746 0.01127979 0.01634714
42 0.1544814 0.02864974 0.007029187 0.2060316 0.1028829 0.2460627 0.07854608 0.011473 0.01697616
47 0.2850689 0.04481001 0.008839696 0.274876 0.1066656 0.2038811 0.07682761 0.01102551 0.01541417
48 0.1687977 0.03009683 0.007173632 0.2659826 0.1019099 0.21449 0.07794104 0.01106806 0.0156353
50 0.1557822 0.02922771 0.007057436 0.2487187 0.1072497 0.2258487 0.07912923 0.01119734 0.01599063
53 0.2392819 0.04145143 0.00785403 0.2622486 0.1059595 0.2075924 0.0773914 0.01099371 0.01532913
55 0.1566405 0.02997557 0.007137868 0.2277411 0.1046619 0.1996413 0.07397073 0.01069929 0.01495486
56 0.1674425 0.02920704 0.007228313 0.2574969 0.1085558 0.2077322 0.07800565 0.01104452 0.01527924
59 NaN NaN NaN 0.2266345 0.1027844 0.1945109 0.07401593 0.01100569 0.01527499
66 0.1992729 0.03407166 0.007691647 0.2437538 0.1064997 0.2031516 0.07788866 0.01106995 0.01531702
68 0.1616296 0.02947718 0.007069565 0.2535921 0.1037443 0.2122736 0.07583959 0.01085568 0.01532268
69 0.2008572 0.03657144 0.007435082 0.2314079 0.1025103 0.1982074 0.07690958 0.0107752 0.01491453
70 0.1584933 0.02883783 0.007038911 0.2249563 0.1035643 0.2131656 0.07845975 0.01133294 0.01585093
71 0.1509381 0.02952668 0.006964904 0.2522354 0.1023112 0.2074731 0.077051 0.01085868 0.01531824
72 0.1814502 0.0301663 0.007268406 0.2858359 0.1032531 0.2259328 0.07845715 0.01154532 0.01636326
73 0.2234318 0.03626563 0.007768984 0.2451279 0.1020345 0.2057217 0.07471939 0.01104898 0.01544906
74 0.1582578 0.02844565 0.006947205 0.2211295 0.1018668 0.2267793 0.07843115 0.01153581 0.01645924
75 0.152932 0.0287153 0.006937771 0.238318 0.1028573 0.2063165 0.07727509 0.01106143 0.01545135
80 NaN NaN NaN 0.2327518 0.1042067 0.1957794 0.07492178 0.01110854 0.01535227
81 0.1544005 0.02949461 0.007217095 0.2474991 0.1101045 0.2121465 0.07702575 0.01088484 0.01543282
84 NaN NaN 0.002209087 0.2606735 0.1065003 0.1910818 0.07540157 0.01105486 0.0151185
85 0.1472246 0.02803769 0.006876058 0.2221832 0.1027746 0.2073111 0.07421414 0.01078192 0.01517461
86 0.2779417 0.04465715 0.008754858 0.2495543 0.1052405 0.2038263 0.07596995 0.01104132 0.01540623
88 0.1699602 0.03045828 0.007284749 0.2358903 0.1070014 0.2088578 0.07827409 0.01126186 0.0156417
89 0.1570243 0.02861375 0.007135182 0.2423236 0.1071595 0.2155885 0.07803041 0.01109664 0.01569066
90 0.1965675 0.03370589 0.007491081 0.2510429 0.1021138 0.2081055 0.07589989 0.01110284 0.01561416
93 0.3589277 0.05799817 0.009915215 0.2628454 0.1034957 0.2072921 0.0772604 0.01141989 0.01594094
96 0.2546211 0.04126674 0.008453332 0.2283149 0.1031799 0.2111576 0.07627991 0.01125703 0.01587396
97 0.1611322 0.02912175 0.007069211 0.2606273 0.1047848 0.2017997 0.07799048 0.01108413 0.01518026
98 0.1856205 0.03145536 0.007338106 0.2340141 0.1060106 0.229281 0.07930886 0.01160648 0.01666283
99 0.2459283 0.0387981 0.008018769 0.2678064 0.1012704 0.1953233 0.07535246 0.01103814 0.01525031
100 0.1362519 0.02675406 0.006732176 0.225999 0.102111 0.2246561 0.07684116 0.01124875 0.01606817
102 0.2925137 0.04754353 0.008834994 0.2546149 0.1053538 0.2045211 0.07747349 0.01106472 0.01548455
104 0.1957071 0.03285766 0.007526169 0.254961 0.1065965 0.1987176 0.07535057 0.01104512 0.01530867
105 0.2026235 0.0340753 0.007674888 0.2400956 0.1015389 0.1991771 0.07531021 0.01098697 0.01530733
106 0.1363555 0.02736815 0.006955599 0.2282547 0.103194 0.2066915 0.07772794 0.01092584 0.01527609
111 0.1738338 0.03173619 0.007153779 0.2138155 0.09935806 0.2076257 0.0762616 0.01101012 0.01549408
113 0.1601307 0.02786518 0.00689946 0.254046 0.09779363 0.2207705 0.0764141 0.01129322 0.01599496
114 0.1476057 0.02774634 0.006856255 0.2325498 0.09926365 0.2097126 0.07740201 0.0113689 0.01584489
118 0.1917793 0.03291224 0.007524618 0.2507038 0.1078165 0.2121659 0.07791076 0.01096955 0.01537447
123 0.1891646 0.03299525 0.007425015 0.2356729 0.1049382 0.2113272 0.07645786 0.01096786 0.01545174
130 0.2367377 0.0388288 0.008062423 0.2473743 0.1057557 0.2095423 0.07927441 0.01127223 0.0157384
132 0.1550074 0.02882711 0.007037298 0.2213606 0.1017156 0.2115085 0.07513315 0.01091492 0.01538133
133 0.2440249 0.03910538 0.008190323 0.2522163 0.1113501 0.2042032 0.07722379 0.0110919 0.01540343
135 0.1823477 0.03114646 0.00743784 0.248797 0.1052005 0.2063787 0.07764151 0.01116493 0.015522
136 0.2000941 0.03472938 0.007791046 0.2327194 0.1119746 0.2068719 0.07697752 0.01108421 0.01548478
138 0.1722789 0.03040086 0.007375794 0.226199 0.1024467 0.20609 0.07809271 0.01116374 0.01557386
139 0.1962701 0.03662335 0.007539102 0.20998 0.1085696 0.2000374 0.07707078 0.01082677 0.01512102
140 0.2128015 0.037453 0.007743485 0.2463517 0.1093077 0.1985215 0.07640815 0.0107765 0.01493226
141 0.1975704 0.03374003 0.007618286 0.2604859 0.1042627 0.1981806 0.07602928 0.01104133 0.01524616
143 0.1305593 0.02675209 0.00672059 0.1737076 0.09753041 0.2174617 0.07529982 0.01113424 0.01583261
147 0.1442623 0.02687298 0.00695933 0.2191077 0.1025884 0.2130078 0.07703536 0.0110376 0.01547553
151 0.1558054 0.02882779 0.007257012 0.2119907 0.1073097 0.2052025 0.07832177 0.01106006 0.01537352
155 0.1483034 0.02841829 0.007148591 0.2281486 0.1077585 0.2081578 0.07562122 0.01067412 0.01508995
156 0.2059146 0.03529981 0.00755979 0.2309667 0.1034306 0.2166569 0.07864275 0.01135087 0.01588088
157 0.2244434 0.03710503 0.008297475 0.2316808 0.1115356 0.2094506 0.07694836 0.01095478 0.01536463
160 0.1442 0.02731715 0.006926326 0.2315998 0.1026534 0.2306685 0.07809998 0.01128392 0.01628057
173 0.1537695 0.03061916 0.007245833 0.2056128 0.1087768 0.2186934 0.07951714 0.01125798 0.01585126
177 0.1458595 0.02831033 0.007091691 0.2124356 0.1031693 0.2110535 0.0765624 0.01090351 0.01528286
182 0.3877552 0.05797864 0.01017103 0.2965277 0.09965643 0.2221317 0.07905593 0.01191566 0.01677641
183 0.1603478 0.0294817 0.007101587 0.2291616 0.1051475 0.2105901 0.07673464 0.01095961 0.01534737
185 0.2490503 0.03925936 0.008299726 0.2574448 0.1040155 0.2078994 0.07621283 0.01111927 0.01558455
186 NaN NaN 0.000744252 0.2646003 0.1027565 0.2034873 0.07617847 0.01135511 0.01568848
187 0.1456971 0.02844575 0.007203857 0.252465 0.1091577 0.2106426 0.07972742 0.01117113 0.01549048
188 0.1569899 0.02903615 0.007072309 0.2348783 0.1035648 0.2085883 0.07583863 0.01087663 0.01537187
194 0.1524528 0.02776975 0.006847415 0.2240033 0.09599749 0.2044083 0.07585481 0.01115676 0.015631
197 0.1539531 0.02949973 0.00714739 0.249777 0.1106574 0.2104428 0.077433 0.01075056 0.01516014
200 0.2042593 0.03396014 0.007661846 0.2431733 0.1028988 0.2060617 0.07509148 0.01106983 0.0155593
202 0.1747962 0.03130763 0.007339509 0.2452472 0.1049582 0.203185 0.07645036 0.01108551 0.0155442
206 0.2101436 0.03548412 0.007805665 0.2513586 0.1097516 0.2187082 0.0772542 0.0112581 0.01591635
207 0.152104 0.02783798 0.007082931 0.2101104 0.1062531 0.19894 0.07511709 0.01086878 0.0150665
209 0.1772988 0.03112583 0.007455743 0.2390629 0.1061838 0.2003362 0.07711508 0.0108398 0.01499494
210 NaN NaN NaN 0.232262 0.1058225 0.1946705 0.07570109 0.01088416 0.01497007
211 0.1523364 0.02858903 0.007193358 0.2333889 0.1097888 0.2022663 0.07619038 0.01070671 0.01500418
214 0.1558829 0.02916172 0.007158171 0.2438275 0.109186 0.2292344 0.0783181 0.01124868 0.01611175
215 0.1460866 0.02790065 0.006932533 0.203884 0.1012442 0.2056144 0.07807769 0.01132135 0.01563002
217 0.1760836 0.03108349 0.007118683 0.2634505 0.101838 0.2087298 0.07643566 0.011036 0.0155231
218 0.2365816 0.04053028 0.007795084 0.2518511 0.1017538 0.1911668 0.07475126 0.01092879 0.01493015
220 0.2572987 0.04156078 0.008253645 0.2566889 0.1018144 0.2052566 0.07523649 0.01103801 0.01548583
221 0.1896255 0.03449881 0.007472948 0.2345702 0.1050417 0.211706 0.0770414 0.01097639 0.0154581
222 NaN NaN NaN 0.1507252 0.1012619 0.1972103 0.07643703 0.01113076 0.01539998
223 0.1461122 0.02770518 0.006682994 0.2517607 0.09789467 0.2264017 0.08122294 0.01147303 0.0162171
