3 27.69779 2.127902 -0.5083339 3.756175 2.688483 -4.416111 -0.9433928 -0.09323095 0.2530611
6 27.42619 2.141871 -0.5153625 3.848044 2.768281 -4.482374 -0.8525342 -0.07928318 0.2369912
9 27.40968 2.18138 -0.5226508 3.948268 2.161537 -4.348331 -0.4986138 -0.06557942 0.2136386
14 27.58402 2.169642 -0.5178802 3.962357 2.316642 -4.536828 -0.7856199 -0.07477073 0.235847
15 27.96188 2.154937 -0.5034943 4.132409 2.017792 -4.410015 -0.8236394 -0.06330724 0.2124261
18 27.38345 2.145952 -0.5168804 3.842297 2.467762 -4.50179 -0.9242564 -0.06599457 0.2257589
20 27.60962 2.196133 -0.5069412 3.985095 2.868993 -4.875576 -0.7339571 -0.08617206 0.2544087
22 27.68431 2.097949 -0.5127777 4.04643 2.741692 -4.681007 -0.8133167 -0.06328633 0.2271623
26 27.48952 2.167473 -0.512581 3.849123 2.668541 -4.31595 -1.01085 -0.07432966 0.2315336
27 27.58518 2.129657 -0.5103606 4.191416 2.028163 -4.380374 -0.9379621 -0.06297831 0.218603
29 27.56894 2.155153 -0.5028803 4.162287 2.577151 -4.508307 -0.8237753 -0.07036527 0.2253468
30 27.65801 2.148011 -0.5035726 3.903635 2.573835 -4.086643 -1.291394 -0.07596965 0.227255
32 27.52618 2.13693 -0.514344 3.939576 2.833779 -4.459684 -1.031821 -0.06917674 0.2280384
33 27.61148 2.119536 -0.5094059 4.040765 2.641766 -4.822625 -0.6428666 -0.07054122 0.2362214
37 27.40139 2.091548 -0.5104134 3.652302 2.388483 -4.004496 -1.012117 -0.08240501 0.2382483
38 27.76606 2.164481 -0.5032198 3.952802 2.601306 -4.950172 -0.3914677 -0.08447635 0.2484496
39 27.58259 2.151134 -0.5073795 3.858293 2.838204 -4.438023 -0.8540892 -0.07687179 0.2329227
40 27.55764 2.161992 -0.5160616 3.795365 2.888127 -4.73921 -1.040225 -0.09525873 0.2611332
41 27.49008 2.109333 -0.5084263 3.94692 2.551325 -4.45994 -0.977263 -0.06042131 0.2242299
42 27.5711 2.112515 -0.5128841 3.81511 2.083002 -4.796371 -0.8797215 -0.06821613 0.2368883
47 27.51035 2.157706 -0.5098177 3.886973 2.796192 -4.066056 -0.986295 -0.07140631 0.2212484
48 27.35592 2.147345 -0.5171071 3.911387 2.84704 -4.348644 -0.9001091 -0.06922265 0.2198792
50 27.61395 2.175517 -0.5136166 4.070236 2.620573 -4.475043 -0.9028262 -0.0636848 0.2148084
53 27.71538 2.227953 -0.5137452 3.849169 2.734967 -4.273793 -0.9551821 -0.05950738 0.2133547
55 27.47493 2.148428 -0.5173985 4.056308 2.335919 -4.200963 -0.2252644 -0.07745853 0.2138791
56 27.69782 2.115513 -0.5018098 4.184141 2.700817 -4.388653 -0.7582026 -0.07221712 0.2194437
59 27.57065 2.128444 -0.5046076 3.719258 2.298388 -3.923293 -0.6440017 -0.07253967 0.2128519
66 27.46988 2.123735 -0.5077061 3.952243 2.463575 -4.102481 -1.062156 -0.06291957 0.2118948
68 27.53602 2.166366 -0.5144796 3.94976 2.691585 -4.556164 -0.4920538 -0.06695723 0.2224046
69 27.63657 2.218577 -0.5178034 3.846128 2.35835 -3.918411 -0.9904213 -0.06325675 0.2037651
70 27.45002 2.132885 -0.5065116 3.869711 2.315922 -4.407019 -1.001718 -0.06559509 0.2228486
71 27.53204 2.227695 -0.5289547 3.942139 2.702886 -4.253446 -0.9057598 -0.07793181 0.2267831
72 27.44752 2.099711 -0.5024022 3.987976 3.053687 -4.821914 -0.7893705 -0.08165162 0.2466819
73 27.70766 2.133631 -0.5069265 3.799334 2.454476 -4.398614 -0.4593463 -0.0795383 0.2300228
74 27.69185 2.134499 -0.5084745 3.812952 2.279822 -4.676569 -0.9455067 -0.07401205 0.2389065
75 27.66484 2.174184 -0.5157836 3.948224 2.496171 -4.281825 -0.9120944 -0.07852405 0.2287005
80 27.68933 2.191528 -0.5047766 3.846279 2.444315 -3.951387 -0.7540593 -0.08133833 0.2217372
81 27.42524 2.159963 -0.5195622 4.189448 2.604767 -4.303204 -0.8747856 -0.06655956 0.2184499
84 27.82817 2.172835 -0.4974774 3.920304 2.683877 -3.860069 -0.8872252 -0.07668963 0.2174562
85 27.61798 2.164784 -0.5192855 3.818552 2.305454 -4.453309 -0.2245348 -0.06466055 0.213952
86 27.61457 2.141277 -0.5045365 3.900819 2.477787 -4.212673 -0.7949174 -0.07369424 0.2240451
88 27.48082 2.119764 -0.5024119 4.177908 2.407357 -4.310205 -0.9105964 -0.0745022 0.223617
89 27.47871 2.125891 -0.5121811 4.038919 2.520644 -4.546324 -0.9442991 -0.0739705 0.2362742
90 27.48715 2.142362 -0.5115736 3.784418 2.583038 -4.32435 -0.7394322 -0.06992729 0.2236156
93 27.75036 2.194062 -0.5085929 3.721236 2.648762 -4.147249 -1.068629 -0.07721026 0.2284498
96 27.53622 2.132676 -0.5067836 3.819866 2.253451 -4.501893 -0.7789241 -0.08194011 0.2424628
97 27.62006 2.153313 -0.5087865 4.067365 2.792979 -4.163028 -0.8055798 -0.07401223 0.2126015
98 27.71422 2.132874 -0.5053371 3.947976 2.3569 -4.817391 -1.1134 -0.07971918 0.2557016
99 27.53521 2.120233 -0.5029468 3.771239 2.712287 -3.97051 -0.7958479 -0.07416821 0.2165331
100 27.68154 2.169696 -0.5180949 3.864246 2.386391 -4.761106 -0.6144171 -0.0737089 0.2352336
102 27.7249 2.182775 -0.5136798 3.968158 2.538496 -4.002752 -1.061523 -0.08177048 0.2240805
104 27.516 2.122082 -0.5075257 3.893389 2.614495 -3.948894 -0.7877721 -0.06577895 0.2080678
105 27.49876 2.135769 -0.5156159 3.791472 2.415721 -4.138326 -0.7902194 -0.06976582 0.2217804
106 27.30902 2.163144 -0.5203875 4.020724 2.40618 -4.23736 -0.9458177 -0.06367256 0.2139058
111 27.64309 2.191644 -0.5145702 3.786936 2.150161 -4.372288 -0.8087934 -0.08080853 0.2348476
113 27.36509 2.125172 -0.5071757 3.690922 2.716606 -4.816438 -0.4138598 -0.0715171 0.2329744
114 27.46249 2.143166 -0.5111147 3.828085 2.458419 -4.336758 -0.7935577 -0.07657746 0.2239722
118 27.65177 2.137259 -0.5050584 4.130459 2.565755 -4.528314 -0.8013745 -0.07533539 0.2301542
123 27.64959 2.17038 -0.5094592 3.969288 2.387822 -4.512796 -0.6956716 -0.07427058 0.230273
130 27.76522 2.14596 -0.5072805 3.961735 2.476922 -4.359651 -1.218986 -0.07755355 0.2380349
132 27.50603 2.124056 -0.5144684 3.882367 2.290638 -4.657638 -0.2519325 -0.07148347 0.225418
133 27.56498 2.086425 -0.4967721 4.08931 2.525722 -4.232484 -0.9442015 -0.05955143 0.2145298
135 27.34195 2.122162 -0.5114462 3.855378 2.582669 -4.175918 -0.9944399 -0.05897551 0.2100229
136 27.47095 2.139382 -0.5075475 4.143359 2.293651 -4.263257 -0.8381844 -0.0619807 0.2126885
138 27.28745 2.108861 -0.514376 3.851471 2.279083 -4.15134 -1.065705 -0.06815284 0.2193927
139 27.78481 2.215711 -0.521667 4.024222 2.055352 -4.069432 -1.064996 -0.07439225 0.2226363
140 27.64445 2.187807 -0.5139202 4.078028 2.514321 -4.003219 -0.9102488 -0.06478114 0.2079199
141 27.44193 2.122476 -0.509539 3.953194 2.69882 -4.057934 -0.7922457 -0.071899 0.2146719
143 27.50146 2.137249 -0.5207627 3.655868 1.701319 -4.574311 -0.4197827 -0.0684174 0.2224927
147 27.50512 2.094631 -0.5120502 3.900046 2.277349 -4.457972 -0.6142699 -0.06388764 0.2126606
151 27.54834 2.098894 -0.5078811 4.119834 2.110992 -4.144634 -1.031306 -0.06571874 0.2128711
155 27.39693 2.12336 -0.5196296 4.012631 2.361217 -4.317484 -0.614188 -0.06124491 0.2125067
156 27.67154 2.15488 -0.5055326 3.849782 2.346462 -4.431607 -0.9681745 -0.06471539 0.2195464
157 27.33648 2.082894 -0.5034986 4.125155 2.265982 -4.329834 -0.7806986 -0.05798567 0.2117894
160 27.53008 2.137494 -0.5149343 3.937503 2.439606 -4.840976 -0.8242639 -0.072326 0.2403671
173 27.43186 2.181351 -0.5136527 4.190254 2.010589 -4.46731 -0.9199662 -0.07095978 0.2233603
177 27.36019 2.139689 -0.5197726 3.959063 2.167489 -4.387922 -0.56896 -0.05797499 0.204704
182 27.82244 2.118941 -0.4924954 3.701362 2.999547 -4.668219 -1.087562 -0.09361932 0.2609071
183 27.59236 2.141466 -0.5097383 3.973736 2.362007 -4.428481 -0.7338263 -0.06154718 0.2159535
185 27.46383 2.111229 -0.5042795 3.788584 2.636025 -4.417647 -0.7909948 -0.07134013 0.2323391
186 27.80451 2.098227 -0.4860608 3.755353 2.724098 -4.362843 -0.7222207 -0.08549387 0.2367585
187 27.20486 2.137718 -0.5168265 4.247083 2.696569 -4.315472 -0.9526047 -0.06456376 0.2124452
188 27.56553 2.149118 -0.5209824 3.913938 2.431249 -4.376018 -0.7401355 -0.07065763 0.2254569
194 27.54395 2.138456 -0.5140659 3.707846 2.334187 -4.187384 -0.7880917 -0.08447522 0.2311627
197 27.55119 2.188691 -0.5180439 4.135697 2.610436 -4.428118 -0.8875397 -0.06415272 0.2216612
200 27.42958 2.09848 -0.5121145 3.790033 2.485934 -4.3101 -0.6512595 -0.07393167 0.2272182
202 27.32723 2.151065 -0.5155596 3.964827 2.546306 -4.206 -0.953078 -0.07912966 0.2337327
206 27.56688 2.15948 -0.5111136 4.001661 2.555914 -4.633336 -0.7665 -0.07119803 0.2329539
207 27.44574 2.100233 -0.5024987 4.004385 2.109143 -4.055155 -0.649963 -0.05848795 0.2022243
209 27.42164 2.125565 -0.5131356 3.975084 2.452407 -4.079604 -0.9229524 -0.06122549 0.2069071
210 27.78508 2.200271 -0.5056631 3.930573 2.459359 -4.002401 -0.8235284 -0.07635559 0.218542
211 27.49045 2.12238 -0.51622 4.086091 2.413284 -4.135676 -0.8348747 -0.06031777 0.2083823
214 27.40626 2.143716 -0.5144431 4.06647 2.558055 -4.824842 -0.794139 -0.0653362 0.2332107
215 27.51449 2.132723 -0.5116028 3.86541 2.049304 -4.037841 -0.9909767 -0.06428034 0.205419
217 27.59247 2.187634 -0.5170997 3.84479 2.777177 -4.412169 -0.8108405 -0.08111288 0.2367159
218 27.74842 2.198329 -0.5095158 3.854766 2.585679 -3.919924 -0.649262 -0.08049229 0.2135422
220 27.65893 2.185808 -0.5118484 3.776934 2.620391 -4.425225 -0.5988192 -0.08273707 0.2382235
221 27.43078 2.196637 -0.5161616 3.940506 2.414602 -4.487918 -0.8566389 -0.06325138 0.225166
222 27.39095 2.109432 -0.5050216 3.798882 2.106292 -3.986747 -0.9944677 -0.06969656 0.2171708
223 27.67579 2.194097 -0.5138401 3.820058 2.755615 -4.669023 -1.056657 -0.07637882 0.2357571
