3 0.1223534 0.02512517 0.005932541 0.1309829 0.03093293 0.1278765 0.2129013 0.07670098 0.0114681 0.01623757
6 0.1326756 0.02673711 0.006409154 0.1834487 0.03933458 0.2172166 0.2170813 0.07709412 0.01106883 0.01580468
9 0.1177435 0.0265867 0.006423183 0.1399154 0.04000425 0.2550183 0.2064632 0.07518317 0.01090813 0.01532293
14 0.1438579 0.03016775 0.006473885 0.1640215 0.0455959 0.2502054 0.221046 0.07682724 0.01099784 0.01582337
15 0.125908 0.02633366 0.006367567 0.1456039 0.03140199 0.3191668 0.2132012 0.07831196 0.0109787 0.01534045
18 0.1307914 0.02776086 0.006484849 0.1816835 0.03782865 0.3255548 0.2295785 0.07798739 0.01125471 0.01632451
20 0.1493457 0.0301838 0.006552698 0.1873384 0.04851476 0.2976208 0.2272694 0.07733022 0.01126358 0.01619882
22 0.1324629 0.02656846 0.006528062 0.1791154 0.04823216 0.3145099 0.2301556 0.07753031 0.01085856 0.01581423
26 0.1440534 0.02895693 0.006547361 0.192079 0.0414072 0.2990442 0.2125253 0.0777224 0.01119529 0.01583922
27 0.1317526 0.02924019 0.006743822 0.1411411 0.05027373 0.3477051 0.2097815 0.07748708 0.01103776 0.01548918
29 0.1368932 0.02874239 0.006538341 0.1648252 0.04031777 0.3296753 0.2104621 0.07793893 0.01121436 0.0155935
30 0.1606031 0.03156393 0.006472182 0.1710817 0.03647643 0.2555396 0.2084951 0.07957232 0.01142492 0.01595785
32 0.131303 0.02738225 0.006298852 0.1669467 0.0336517 0.2486691 0.2192867 0.07846288 0.01101548 0.01570887
33 0.1335986 0.02870577 0.006387978 0.1543885 0.04326725 0.2054943 0.2287419 0.07711658 0.01095248 0.01585603
37 0.154224 0.03170983 0.006422483 0.1462496 0.03600356 0.1444419 0.1974867 0.07589553 0.01123881 0.01566916
38 0.1477105 0.02864696 0.006447496 0.1782381 0.03441753 0.3286965 0.2320787 0.076299 0.01150542 0.01659166
39 0.1401233 0.02814784 0.006215796 0.1722118 0.03555591 0.2349114 0.2137139 0.07721497 0.01116592 0.01575982
40 0.131509 0.02796001 0.006414266 0.1696016 0.04248984 0.230351 0.2285972 0.07915562 0.01166543 0.01681481
41 0.1548422 0.03201066 0.006863047 0.177791 0.05164674 0.2837005 0.225669 0.07787185 0.01133763 0.01629499
42 0.1281726 0.02612632 0.006453995 0.1651124 0.04445974 0.4081721 0.2466435 0.07881002 0.01145473 0.0169584
47 0.1520759 0.03076386 0.006607495 0.1668451 0.04561179 0.2446755 0.2004191 0.07649937 0.01085185 0.01513365
48 0.1389847 0.02815041 0.00657892 0.2149016 0.03756288 0.4702208 0.2132743 0.07808118 0.01096773 0.01548389
50 0.1346459 0.02812634 0.006600412 0.1919262 0.004703385 0.3573514 0.2288255 0.07921145 0.01119184 0.01607455
53 0.1326067 0.029504 0.006193636 0.1415437 0.03747543 0.1734361 0.2039493 0.07721228 0.01088735 0.01510532
55 0.1251727 0.02910015 0.006702013 0.1407181 0.0458615 0.2340567 0.1991285 0.07408068 0.01063819 0.01485884
56 0.1436012 0.02892598 0.006672704 0.1864857 NaN 0.3681013 0.2029639 0.07765546 0.01098715 0.01506392
59 0.1483405 0.0320599 0.006230365 0.1388088 0.03357158 0.1511207 0.196355 0.07425474 0.01102361 0.01530597
66 0.1320448 0.0282739 0.006431423 0.148985 0.04858753 0.2280233 0.2047566 0.07802829 0.01102029 0.01530001
68 0.1278432 0.02775005 0.006276023 0.1460326 0.03532155 0.1733096 0.2133283 0.07592852 0.01086534 0.01537844
69 0.131775 0.02742621 0.006384414 0.1716416 0.04246853 0.3091293 0.1998319 0.07721238 0.01069917 0.01486778
70 0.1271731 0.02608443 0.006258107 0.155965 0.04426868 0.2805547 0.2118821 0.07858 0.01124815 0.01570115
71 0.1292695 0.02783904 0.006586202 0.198538 0.03809179 0.292405 0.2054993 0.07707923 0.01073806 0.01513459
72 0.1350623 0.02656109 0.006447322 0.1765617 0.0435929 0.2572591 0.2216184 0.0784779 0.01136553 0.01606139
73 0.1388421 0.03087539 0.006405604 0.1397215 0.03716821 0.1579299 0.2047619 0.07496051 0.0110288 0.01538555
74 0.1225463 0.02512448 0.006086414 0.1437506 0.03304923 0.2312367 0.2207565 0.07816792 0.01141043 0.01613171
75 0.1309433 0.02830923 0.00637283 0.164408 0.04433755 0.2417024 0.2042798 0.0771587 0.0110348 0.01534539
80 0.1488772 0.03243268 0.006437659 0.1401299 0.04358291 0.1909377 0.1929299 0.07477784 0.01103455 0.01516453
81 0.1210621 0.0273322 0.006581148 0.1406698 0.03650237 0.1619106 0.213174 0.0772657 0.01086216 0.01541508
84 0.1757904 0.03787732 0.006252987 0.1464458 0.03464142 0.1416255 0.192632 0.07551969 0.01105918 0.0151809
85 0.130175 0.02769516 0.006255586 0.1452152 0.04270741 0.2071858 0.2129969 0.07472576 0.01076124 0.01531922
86 0.1341044 0.02861172 0.0062062 0.1254486 0.03593411 0.1602149 0.2024103 0.07579873 0.01098259 0.0153152
88 0.1325849 0.02725821 0.006472842 0.154503 0.03872442 0.2379041 0.2062695 0.07817172 0.01114304 0.01544187
89 0.1221676 0.02570437 0.006392773 0.1493345 0.0423751 0.2414778 0.2119903 0.07781098 0.0109361 0.01546329
90 0.1296738 0.02761673 0.006219778 0.1371105 0.03515764 0.1685646 0.2098907 0.07584183 0.01109771 0.01566531
93 0.1334183 0.02870656 0.00612746 0.1382551 0.03695495 0.1866703 0.2060849 0.07727622 0.01139471 0.01587764
96 0.1440083 0.0294753 0.00635339 0.123341 0.03597407 0.1561538 0.2145446 0.07659726 0.01130749 0.01601245
97 0.1350015 0.02728595 0.006575083 0.2023757 0.02599841 0.3981579 0.1998866 0.07778339 0.01098117 0.01505053
98 0.1305499 0.0257726 0.006072237 0.1462535 0.03760782 0.1958826 0.2170802 0.07884779 0.01133612 0.01602383
99 0.1544973 0.03034951 0.006310769 0.1926473 0.04332988 0.2441118 0.1993654 0.07572201 0.01118298 0.01544663
100 0.1260175 0.02695195 0.006214888 0.1475748 0.04046076 0.1833293 0.2247028 0.07706975 0.01118871 0.01598201
102 0.140661 0.02993776 0.006230999 0.1588751 0.0333659 0.2343637 0.197349 0.07737426 0.01095416 0.01515188
104 0.135649 0.02817822 0.006317501 0.156313 0.03318154 0.189452 0.1955306 0.07537185 0.01096149 0.01510986
105 0.1289431 0.02864298 0.00629189 0.1263364 0.03585454 0.1528307 0.1971523 0.07540076 0.01086399 0.01510611
106 0.1234123 0.02735347 0.006400427 0.1431311 0.0432538 0.230315 0.2079099 0.07788881 0.0109671 0.01534723
111 0.1317224 0.02995753 0.006294425 0.1460272 0.04003217 0.2320994 0.2087715 0.07652595 0.0110549 0.01558684
113 0.1267999 0.02511845 0.006155276 0.1673658 0.03719676 0.3076799 0.2182953 0.07634662 0.01127139 0.01590084
114 0.130263 0.02623665 0.006341758 0.1758369 0.03890329 0.3493322 0.2118963 0.0774906 0.01134131 0.01581918
118 0.1335259 0.02753717 0.006324372 0.164693 0.03790459 0.2723957 0.2068224 0.07764336 0.01092444 0.01516547
123 0.1318432 0.0275151 0.006234677 0.149906 0.03651996 0.1834887 0.2179677 0.07728931 0.01108614 0.01572865
130 0.1340518 0.02686996 0.006337393 0.1474122 0.04135026 0.2276463 0.2081864 0.07936275 0.01127371 0.01572748
132 0.1240536 0.02633258 0.006230895 0.1462083 0.03823267 0.2182725 0.2091553 0.07507694 0.01088251 0.01526348
133 0.1375143 0.02849551 0.006238627 0.11798 0.03059466 0.1234277 0.2042055 0.07718346 0.01102079 0.01529465
135 0.1293717 0.02683037 0.006275016 0.1634068 0.0361029 0.2445432 0.2060199 0.07785872 0.01115072 0.01548549
136 0.1320698 0.02772355 0.006592511 0.1723256 0.05022355 0.2927614 0.2085052 0.07721427 0.01101034 0.01542658
138 0.1238791 0.02734688 0.006347762 0.1432162 0.03816139 0.204634 0.2063423 0.07812676 0.0111011 0.01550328
139 0.1270344 0.02861508 0.006464351 0.1321761 0.04628589 0.207335 0.1994797 0.07686916 0.0107661 0.01503335
140 0.1308383 0.02977212 0.0065428 0.1412761 0.04781532 0.2312181 0.1959507 0.07620874 0.01062832 0.01473209
141 0.12637 0.02728626 0.006376178 0.1338878 0.03617803 0.1658674 0.1960108 0.07573633 0.01087307 0.01500724
143 0.1156016 0.02604045 0.006251939 0.1390163 0.03875137 0.3101656 0.2221851 0.07559032 0.01112359 0.01593881
147 0.1255491 0.02523768 0.006381168 0.1736694 NaN 0.3690955 0.2153588 0.07722687 0.01110866 0.01561177
151 0.1219008 0.02616289 0.006375167 0.1374857 0.03328883 0.2610056 0.2038006 0.07808189 0.01107473 0.01531766
155 0.1181674 0.02687623 0.006544881 0.1176985 0.03537606 0.1764424 0.2030412 0.0751845 0.0106166 0.01488989
156 0.1324693 0.02744953 0.006396673 0.1522306 0.03722099 0.3354495 0.2138734 0.07869521 0.01124222 0.01569003
157 0.1304995 0.02794347 0.006423066 0.1449187 0.03551284 0.220428 0.2097753 0.07689105 0.01097337 0.01537386
160 0.1227453 0.02624064 0.006258078 0.1616138 0.04300647 0.294361 0.2320365 0.07822359 0.01130548 0.01630559
173 0.1234212 0.02794482 0.006642504 0.1462585 0.01436494 0.3604745 0.215412 0.07941978 0.01118639 0.01566709
177 0.1221665 0.02799388 0.006491177 0.1551212 0.03400788 0.3206804 0.2109189 0.07677127 0.01086873 0.01520515
182 0.1493782 0.02935224 0.005982848 0.163909 0.03676943 0.2085957 0.2151591 0.07895524 0.01166271 0.01633987
183 0.125222 0.02722086 0.006242214 0.1386966 0.03627041 0.2098345 0.207673 0.07655495 0.01086512 0.01517673
185 0.1395825 0.02943097 0.006458067 0.1299322 0.03631183 0.1474166 0.2082829 0.07632771 0.01105857 0.01553376
186 0.1623372 0.03142296 0.006348885 0.1694626 0.04445502 0.2490806 0.2017747 0.07608381 0.01130986 0.01555506
187 0.1260322 0.02717193 0.006748827 0.1687097 0.0229761 0.3239561 0.2077654 0.07955515 0.01109059 0.0153194
188 0.1299679 0.02744971 0.006317029 0.1312616 0.03604833 0.1508344 0.2096661 0.07611953 0.0109407 0.01544081
194 0.1249399 0.02790807 0.006247607 0.1336399 0.03697289 0.1986135 0.2025668 0.07569076 0.01125431 0.01565448
197 0.1261245 0.02735375 0.006352531 0.1629938 0.03045527 0.1734543 0.2152586 0.07788898 0.01085435 0.01538359
200 0.1328576 0.02763546 0.00627886 0.1405545 0.03211581 0.1344282 0.209797 0.07561788 0.01108277 0.0156509
202 0.1281415 0.0286929 0.00645297 0.1466592 0.04042139 0.1845809 0.2057435 0.07655893 0.01112444 0.0156346
206 0.1310528 0.02757703 0.006504074 0.1636561 0.04878617 0.3204074 0.2131753 0.07714905 0.01100949 0.01552029
207 0.1324388 0.0284852 0.006386825 0.1320909 0.04099853 0.1729103 0.203328 0.075683 0.01096314 0.01526074
209 0.1312454 0.02712848 0.006427407 0.1502556 0.03980666 0.2289619 0.2007035 0.07719908 0.01082706 0.01499672
210 0.1468992 0.03157882 0.00627722 0.1547595 0.03563944 0.171528 0.1956985 0.07609442 0.01092447 0.01502848
211 0.1263913 0.02860141 0.006644325 0.1434777 0.0417437 0.1814014 0.2027889 0.07628597 0.01069309 0.01496903
214 0.1230718 0.02712913 0.00650273 0.1492569 0.03302967 0.2668342 0.2311901 0.07834982 0.01113125 0.01606312
215 0.1211599 0.02685592 0.00625995 0.1352777 0.03746546 0.2495383 0.2082975 0.07818568 0.01118438 0.01557585
217 0.1367127 0.02830574 0.006444668 0.1651028 0.0470626 0.2790163 0.206013 0.07637613 0.01104067 0.01546869
218 0.145439 0.03035206 0.006389114 0.1831007 0.04786583 0.2563715 0.1939561 0.07508227 0.01084204 0.01492814
220 0.1549037 0.0337136 0.006281271 0.1487615 0.03618584 0.162074 0.2063964 0.0752928 0.01105582 0.01550924
221 0.1313636 0.02903548 0.006417551 0.1421222 0.04194254 0.2037287 0.2090203 0.07696891 0.01078183 0.01517898
222 0.1254106 0.02819914 0.006330003 0.1249287 0.04000726 0.2064296 0.2007898 0.07649703 0.01111511 0.01546892
223 0.1281371 0.0268889 0.006186324 0.1775706 0.02084948 0.317689 0.2174733 0.08069657 0.01136804 0.01585631
