3 39.81481 40.05015
6 70.23314 69.59458
9 69.7105 69.72832
14 70.29014 68.63328
15 81.36497 80.84179
18 70.19736 69.13516
20 73.69956 74.28296
22 71.61603 71.1208
26 70.32553 69.02492
27 68.5777 70.0726
29 72.71102 73.73635
30 71.79549 70.49146
32 71.22221 72.44657
33 74.96053 73.17083
37 59.36409 58.80657
38 73.21443 73.69692
39 72.21211 71.24781
40 75.62757 76.06316
41 67.46101 64.73506
42 72.80266 71.43769
47 65.61638 67.20744
48 75.86138 74.23362
50 78.52622 78.49271
53 72.79787 72.37285
55 68.76861 68.39927
56 76.92197 77.7446
59 67.80185 65.68299
66 70.11519 68.32701
68 71.22427 70.78069
69 72.35055 71.06818
70 69.40849 68.79789
71 72.75273 73.49228
72 73.37256 73.30556
73 69.80636 69.15216
74 70.68217 71.57253
75 75.28871 74.32249
80 69.12215 69.28239
81 71.4104 70.89784
84 70.65779 70.27237
85 71.71577 69.23758
86 69.31112 69.78395
88 71.50256 72.50175
89 66.5136 67.37952
90 66.87863 66.43023
93 70.94455 72.0339
96 68.51432 67.25027
97 77.34909 77.10103
98 68.37384 70.27271
99 69.81789 67.16094
100 73.29784 71.50133
102 71.70326 72.61122
104 64.72706 64.30017
105 60.81289 61.63788
106 70.4562 70.36804
111 70.73122 70.34527
113 69.84194 70.45786
114 75.06626 72.63754
118 73.02678 72.90504
123 74.83976 72.32285
130 71.10594 72.7802
132 69.28339 70.22537
133 63.80723 62.77753
135 68.77037 67.34407
136 72.12069 69.28402
138 67.63179 66.17898
139 70.58987 71.66339
140 69.70128 71.46131
141 68.66128 68.7185
143 71.02542 68.90829
147 74.47361 73.87852
151 70.57656 69.23224
155 64.85026 66.6374
156 72.69383 72.72486
157 68.17932 66.89375
160 73.12575 71.68974
173 76.45268 76.14279
177 74.67434 72.26861
182 74.99063 75.1918
183 70.46509 71.11422
185 63.76621 63.98627
186 73.0032 70.80605
187 71.16716 72.93647
188 71.28259 70.53753
194 68.72648 70.1346
197 72.36922 70.90472
200 66.12424 63.50978
202 64.95126 64.88289
206 71.53786 71.68703
207 68.0649 65.83701
209 68.94329 68.24271
210 71.82871 69.8282
211 65.38254 65.21363
214 71.24891 71.52413
215 71.23436 70.69775
217 69.64589 70.83253
218 73.48581 71.73377
220 66.95917 66.72138
221 68.39295 68.52003
222 64.98096 63.37479
223 81.12926 82.49395
