3 200400003
6 200400006
9 200400009
14 200400014
15 200400015
18 200400018
20 200400020
22 200400022
26 200400026
27 200400027
29 200400029
30 200400030
32 200400032
33 200400033
37 200400037
38 200400038
39 200400039
40 200400040
41 200400041
42 200400042
47 200400047
48 200400048
50 200400050
53 200400053
55 200400055
56 200400056
59 200400059
66 200400066
68 200400068
69 200400069
70 200400070
71 200400071
72 200400072
73 200400073
74 200400074
75 200400075
80 200400080
81 200400081
84 200400084
85 200400085
86 200400086
88 200400088
89 200400089
90 200400090
93 200400093
96 200400096
97 200400097
98 200400098
99 200400099
100 200400100
102 200400102
104 200400104
105 200400105
106 200400106
111 200400111
113 200400113
114 200400114
118 200400118
123 200400123
130 200400130
132 200400132
133 200400133
135 200400135
136 200400136
138 200400138
139 200400139
140 200400140
141 200400141
143 200400143
147 200400147
151 200400151
155 200400155
156 200400156
157 200400157
160 200400160
173 200400173
177 200400177
182 200400182
183 200400183
185 200400185
186 200400186
187 200400187
188 200400188
194 200400194
197 200400197
200 200400200
202 200400202
206 200400206
207 200400207
209 200400209
210 200400210
211 200400211
214 200400214
215 200400215
217 200400217
218 200400218
220 200400220
221 200400221
222 200400222
223 200400223
