4 7852.57 7560.935
5 7757.818 7664.024
7 7725.578 7598.043
9 7718.224 7654.772
11 7806.828 7554.86
12 7839.374 7707.018
13 7538.908 7425.62
14 7724.735 7638.611
15 7792.324 7730.034
16 7697.47 7556.384
18 7509.234 7329.094
19 7744.621 7599.407
20 7551.925 7406.524
21 7237.212 7070.309
22 7458.276 7218.944
24 7370.386 7127.604
25 7827.325 7747.733
29 7667.609 7592.609
30 7692.4 7572.951
31 7374.548 7221.096
32 7737.555 7627.982
33 7849.111 7744.636
34 7595.141 7515.615
38 7666.444 7527.095
41 7685.801 7567.115
42 7411.969 7210.117
43 7560.86 7389.493
46 7660.464 7443.509
47 7783.437 7635.97
49 7760.437 7674.811
52 7704.105 7480.854
53 7800.793 7538.049
54 7636.612 7515.315
55 7756.936 7663.773
57 7619.695 7488.174
60 7735.559 7617.619
61 7573.067 7425.366
62 7714.49 7603.039
64 7611.306 7437.686
65 7828.455 7731.539
68 7896.892 7718.007
69 7700.554 7595.614
70 7655.739 7400.966
71 7749.7 7679.727
72 7582.008 7489.302
73 7638.69 7508.819
74 7791.521 7604.699
76 7493.593 7278.966
78 7763.006 7705.763
79 7765 7724.242
80 7638.248 7483.292
81 7640.898 7374.648
82 7513.765 7388.797
83 7478.751 7368.959
85 7666.601 7539.882
88 7755.648 7671.79
89 7602.472 7453.689
91 7836.508 7643.262
92 7730.743 7627.063
97 7876.598 7776.941
99 7450.536 7316.852
100 7633.127 7417.989
112 7679.564 7414.354
117 7524.789 7294.693
119 7833.876 7642.143
120 7720.591 7557.44
121 7825.576 7774.808
122 7650.071 7439.617
125 7749.497 7590.7
126 7385.085 7278.161
128 7636.71 7472.711
129 7592.98 7481.067
133 7754.543 7625.145
136 7795.728 7609.464
138 7623.516 7534.314
147 7577.176 7383.182
148 7682.206 7527.374
149 7562.497 7321.977
150 7580.434 7478.11
1001 7445.27 7302.292
1002 7660.77 7580.337
1006 7522.788 7261.873
1007 7501.581 7282.016
1008 7499.707 7335.255
1011 7482.832 7313.507
1012 7709.043 7590.542
1021 7697.595 7559.882
1022 7348.083 7149.798
1025 7591.583 7427.406
1026 7708.989 7412.617
1027 7567.176 7434.628
1032 7596.386 7491.778
1034 7714.883 7590.386
1051 7758.826 7617.395
1052 7641.137 7563.128
1053 7761.172 7673.918
1057 7727.908 7569.701
1058 7679.678 7462.256
1061 7530.053 7361.587
1062 7686.414 7517.706
