4 7885.553 7593.918
5 7790.801 7697.008
7 7758.561 7631.027
9 7751.207 7687.755
11 7839.811 7587.843
12 7872.357 7740.001
13 7571.891 7458.603
14 7757.718 7671.594
15 7825.307 7763.017
16 7730.453 7589.367
18 7542.217 7362.077
19 7777.604 7632.39
20 7584.908 7439.507
21 7270.195 7103.292
22 7491.26 7251.927
24 7403.369 7160.587
25 7860.309 7780.717
29 7700.592 7625.592
30 7725.383 7605.934
31 7407.531 7254.08
32 7770.538 7660.965
33 7882.094 7777.619
34 7628.124 7548.599
38 7699.427 7560.078
41 7718.784 7600.099
42 7444.952 7243.1
43 7593.843 7422.476
46 7693.447 7476.492
47 7816.421 7668.953
49 7793.42 7707.795
52 7737.088 7513.837
53 7833.776 7571.032
54 7669.595 7548.298
55 7789.919 7696.756
57 7652.679 7521.157
60 7768.542 7650.603
61 7606.05 7458.349
62 7747.473 7636.022
64 7644.289 7470.669
65 7861.438 7764.522
68 7929.875 7750.99
69 7733.537 7628.597
70 7688.723 7433.949
71 7782.683 7712.71
72 7614.991 7522.285
73 7671.673 7541.802
74 7824.504 7637.682
76 7526.577 7311.949
78 7795.99 7738.746
79 7797.984 7757.225
80 7671.232 7516.275
81 7673.881 7407.631
82 7546.749 7421.78
83 7511.734 7401.942
85 7699.584 7572.866
88 7788.632 7704.773
89 7635.455 7486.672
91 7869.491 7676.245
92 7763.726 7660.046
97 7909.581 7809.924
99 7483.52 7349.835
100 7666.111 7450.972
112 7712.548 7447.337
117 7557.772 7327.676
119 7866.859 7675.126
120 7753.574 7590.423
121 7858.559 7807.791
122 7683.054 7472.6
125 7782.481 7623.683
126 7418.068 7311.145
128 7669.693 7505.694
129 7625.963 7514.05
133 7787.527 7658.128
136 7828.711 7642.447
138 7656.5 7567.297
147 7610.159 7416.165
148 7715.189 7560.357
149 7595.48 7354.96
150 7613.417 7511.094
1001 7478.253 7335.275
1002 7693.753 7613.32
1006 7555.771 7294.856
1007 7534.564 7315
1008 7532.69 7368.238
1011 7515.815 7346.49
1012 7742.026 7623.525
1021 7730.578 7592.865
1022 7381.067 7182.782
1025 7624.566 7460.389
1026 7741.973 7445.6
1027 7600.159 7467.611
1032 7629.37 7524.761
1034 7747.866 7623.37
1051 7791.809 7650.378
1052 7674.12 7596.111
1053 7794.155 7706.901
1057 7760.891 7602.684
1058 7712.661 7495.239
1061 7563.036 7394.571
1062 7719.397 7550.689
