4 0.495
5 0.44
7 0.425
9 0.405
11 0.465
12 0.43
13 0.46
14 0.415
15 0.395
16 0.47
18 0.475
19 0.44
20 0.5
21 0.525
22 0.51
24 0.54
25 0.435
29 0.435
30 0.445
31 0.485
32 0.44
33 0.42
34 0.425
38 0.475
41 0.45
42 0.505
43 0.455
46 0.49
47 0.42
49 0.425
52 0.47
53 0.47
54 0.455
55 0.435
57 0.44
60 0.435
61 0.455
62 0.425
64 0.47
65 0.405
68 0.435
69 0.44
70 0.48
71 0.395
72 0.43
73 0.445
74 0.445
76 0.5
78 0.42
79 0.405
80 0.48
81 0.48
82 0.475
83 0.465
85 0.46
88 0.43
89 0.47
91 0.425
92 0.42
97 0.395
99 0.495
100 0.48
112 0.46
117 0.5
119 0.44
120 0.455
121 0.415
122 0.49
125 0.445
126 0.48
128 0.44
129 0.48
133 0.43
136 0.43
138 0.425
147 0.49
148 0.435
149 0.485
150 0.45
1001 0.48
1002 0.445
1006 0.47
1007 0.455
1008 0.505
1011 0.52
1012 0.45
1021 0.45
1022 0.505
1025 0.48
1026 0.47
1027 0.495
1032 0.455
1034 0.435
1051 0.45
1052 0.43
1053 0.43
1057 0.42
1058 0.475
1061 0.47
1062 0.44
