4 1000 1000
5 1000 1000
7 1000 1000
9 1000 1000
11 1000 1000
12 1000 1000
13 1000 1000
14 1000 1000
15 1000 1000
16 1000 1000
18 1000 1000
19 1000 1000
20 1000 1000
21 1000 1000
22 1000 1000
24 1000 1000
25 1000 1000
29 1000 1000
30 1000 1000
31 1000 1000
32 1000 1000
33 1000 1000
34 1000 1000
38 1000 1000
41 1000 1000
42 1000 1000
43 1000 1000
46 1000 1000
47 1000 1000
49 1000 1000
52 1000 1000
53 1000 1000
54 1000 1000
55 1000 1000
57 1000 1000
60 1000 1000
61 1000 1000
62 1000 1000
64 1000 1000
65 1000 1000
68 1000 1000
69 1000 1000
70 1000 1000
71 1000 1000
72 1000 1000
73 1000 1000
74 1000 1000
76 1000 1000
78 1000 1000
79 1000 1000
80 1000 1000
81 1000 1000
82 1000 1000
83 1000 1000
85 1000 1000
88 1000 1000
89 1000 1000
91 1000 1000
92 1000 1000
97 1000 1000
99 1000 1000
100 1000 1000
112 1000 1000
117 1000 1000
119 1000 1000
120 1000 1000
121 1000 1000
122 1000 1000
125 1000 1000
126 1000 1000
128 1000 1000
129 1000 1000
133 1000 1000
136 1000 1000
138 1000 1000
147 1000 1000
148 1000 1000
149 1000 1000
150 1000 1000
1001 1000 1000
1002 1000 1000
1006 1000 1000
1007 1000 1000
1008 1000 1000
1011 1000 1000
1012 1000 1000
1021 1000 1000
1022 1000 1000
1025 1000 1000
1026 1000 1000
1027 1000 1000
1032 1000 1000
1034 1000 1000
1051 1000 1000
1052 1000 1000
1053 1000 1000
1057 1000 1000
1058 1000 1000
1061 1000 1000
1062 1000 1000
