4 -3916.285 -3770.468
5 -3868.909 -3822.012
7 -3852.789 -3789.022
9 -3849.112 -3817.386
11 -3893.414 -3767.43
12 -3909.687 -3843.509
13 -3759.454 -3702.81
14 -3852.367 -3809.305
15 -3886.162 -3855.017
16 -3838.735 -3768.192
18 -3744.617 -3654.547
19 -3862.31 -3789.703
20 -3765.962 -3693.262
21 -3608.606 -3525.155
22 -3719.138 -3599.472
24 -3675.193 -3553.802
25 -3903.663 -3863.867
29 -3823.804 -3786.304
30 -3836.2 -3776.475
31 -3677.274 -3600.548
32 -3858.778 -3803.991
33 -3914.555 -3862.318
34 -3787.57 -3747.808
38 -3823.222 -3753.547
41 -3832.901 -3773.558
42 -3695.984 -3595.059
43 -3770.43 -3684.747
46 -3820.232 -3711.754
47 -3881.719 -3807.985
49 -3870.218 -3827.406
52 -3842.052 -3730.427
53 -3890.397 -3759.024
54 -3808.306 -3747.657
55 -3868.468 -3821.886
57 -3799.848 -3734.087
60 -3857.779 -3798.81
61 -3776.533 -3702.683
62 -3847.245 -3791.52
64 -3795.653 -3708.843
65 -3904.227 -3855.769
68 -3938.446 -3849.003
69 -3840.277 -3787.807
70 -3817.87 -3690.483
71 -3864.85 -3829.864
72 -3781.004 -3734.651
73 -3809.345 -3744.41
74 -3885.761 -3792.35
76 -3736.797 -3629.483
78 -3871.503 -3842.881
79 -3872.5 -3852.121
80 -3809.124 -3731.646
81 -3810.449 -3677.324
82 -3746.883 -3684.398
83 -3729.376 -3674.48
85 -3823.301 -3759.941
88 -3867.824 -3825.895
89 -3791.236 -3716.845
91 -3908.254 -3811.631
92 -3855.371 -3803.531
97 -3928.299 -3878.471
99 -3715.268 -3648.426
100 -3806.564 -3698.994
112 -3829.782 -3697.177
117 -3752.394 -3637.346
119 -3906.938 -3811.071
120 -3850.296 -3768.72
121 -3902.788 -3877.404
122 -3815.036 -3709.808
125 -3864.749 -3785.35
126 -3682.543 -3629.081
128 -3808.355 -3726.356
129 -3786.49 -3730.533
133 -3867.272 -3802.573
136 -3887.864 -3794.732
138 -3801.758 -3757.157
147 -3778.588 -3681.591
148 -3831.103 -3753.687
149 -3771.249 -3650.988
150 -3780.217 -3729.055
1001 -3712.635 -3641.146
1002 -3820.385 -3780.168
1006 -3751.394 -3620.936
1007 -3740.791 -3631.008
1008 -3739.853 -3657.627
1011 -3731.416 -3646.753
1012 -3844.522 -3785.271
1021 -3838.798 -3769.941
1022 -3664.042 -3564.899
1025 -3785.791 -3703.703
1026 -3844.495 -3696.308
1027 -3773.588 -3707.314
1032 -3788.193 -3735.889
1034 -3847.441 -3785.193
1051 -3869.413 -3798.697
1052 -3810.568 -3771.564
1053 -3870.586 -3826.959
1057 -3853.954 -3774.851
1058 -3829.839 -3721.128
1061 -3755.026 -3670.794
1062 -3833.207 -3748.853
