4 5.328029 5.273112
5 5.201825 5.325637
7 5.773751 5.750196
9 5.542366 5.805887
11 5.250223 5.187295
12 5.561909 5.455028
13 5.386953 5.31398
14 5.25846 5.225027
15 5.900094 5.992694
16 5.767667 5.734657
18 12.25539 12.16564
19 12.85379 13.03418
20 12.19256 12.08217
21 10.84918 10.77555
22 11.38439 11.30271
24 11.49949 11.616
25 14.38189 14.18827
29 13.7372 13.91325
30 13.60518 13.32834
31 11.97674 12.00453
32 13.50492 13.54317
33 14.08112 13.8543
34 13.33453 13.53658
38 12.71224 12.74861
41 12.86471 12.99012
42 11.96124 11.78399
43 12.53128 12.57211
46 11.73616 11.34211
47 14.12188 14.02386
49 14.12327 13.93362
52 12.31278 12.32362
53 12.49217 12.42977
54 12.47726 12.46252
55 14.14727 14.05695
57 13.37829 12.88572
60 13.16484 13.0502
61 12.69275 12.80372
62 13.61493 13.63715
64 12.25019 12.18303
65 13.71745 13.7609
68 13.25276 13.17339
69 13.52088 13.21352
70 13.02925 13.05391
71 13.76158 13.51632
72 13.08849 13.19571
73 13.26295 13.24023
74 12.78213 12.82153
76 11.84629 11.62228
78 13.67508 13.66896
79 14.0746 13.94308
80 12.52118 12.46886
81 12.42565 12.22068
82 12.8225 12.78816
83 12.29657 12.51367
85 12.85242 12.69288
88 14.13973 13.81475
89 12.57424 12.51973
91 13.4135 13.27859
92 14.1992 14.17866
97 14.82503 14.54322
99 11.91873 11.99279
100 11.71905 11.94282
112 5.837011 5.701274
117 5.808387 5.724563
119 5.60575 5.677126
120 5.817358 5.741339
121 5.682331 5.688924
122 5.416205 5.47747
125 5.58266 5.570431
126 5.479135 5.490865
128 5.766111 5.597981
129 5.81863 5.777709
133 6.031095 6.061771
136 5.726389 5.636642
138 5.687846 5.475165
147 11.83219 11.71477
148 13.09335 13.09931
149 12.34438 12.29387
150 13.35288 13.15422
1001 12.68581 12.54901
1002 12.75366 12.85135
1006 11.59737 11.47247
1007 11.92439 11.9525
1008 11.30043 11.37062
1011 11.83315 11.84835
1012 13.02248 12.97036
1021 12.97121 12.99138
1022 11.15169 11.06199
1025 12.10146 12.0618
1026 11.9672 11.90778
1027 12.74165 12.53868
1032 13.16074 13.29666
1034 13.93926 13.79747
1051 12.60018 12.44991
1052 13.96988 13.94434
1053 14.28336 14.26515
1057 13.26828 13.46058
1058 12.49161 12.23648
1061 12.21216 12.39381
1062 13.07808 13.16946
