4 0.2432421 0.2404985
5 0.2393139 0.2445663
7 0.2669874 0.2667746
9 0.2540767 0.2649248
11 0.2478591 0.2453993
12 0.2585637 0.252676
13 0.2511346 0.2487298
14 0.2473951 0.2448834
15 0.2669981 0.2701336
16 0.2626152 0.2619733
18 0.7248826 0.721445
19 0.757972 0.7654848
20 0.7226174 0.7172609
21 0.6397781 0.6357323
22 0.6802896 0.6793573
24 0.668972 0.6734658
25 0.8536874 0.8457529
29 0.8072348 0.814548
30 0.8004 0.7854588
31 0.7179757 0.7178767
32 0.7896707 0.7918272
33 0.8429632 0.8303554
34 0.7854234 0.7952602
38 0.7564653 0.7573181
41 0.770819 0.7764314
42 0.7004052 0.6907596
43 0.7340052 0.735005
46 0.7040318 0.6844573
47 0.8349956 0.8290815
49 0.8299153 0.8204767
52 0.7317336 0.7316829
53 0.7498505 0.7470396
54 0.7538535 0.7505592
55 0.8343221 0.8304756
57 0.7945816 0.7722272
60 0.8398646 0.8319836
61 0.7447849 0.7493112
62 0.8117316 0.8126498
64 0.7329922 0.7300975
65 0.812673 0.8143469
68 0.7876656 0.7843321
69 0.7987654 0.7845545
70 0.7580179 0.7589705
71 0.8266266 0.8157582
72 0.7646459 0.7695138
73 0.7766544 0.7754439
74 0.749412 0.7500618
76 0.6986114 0.6890008
78 0.8233132 0.8246242
79 0.8383505 0.8326413
80 0.7478799 0.7478823
81 0.7327408 0.7244547
82 0.7479435 0.7465954
83 0.7261456 0.7338654
85 0.7525044 0.7460195
88 0.8283528 0.8142119
89 0.7462845 0.7432702
91 0.7913723 0.7853361
92 0.831111 0.8295172
97 0.8707321 0.8584152
99 2.4718 2.583237
100 0.7067953 0.7141364
112 0.2705174 0.2642576
117 0.2676187 0.2645716
119 0.2607513 0.2627484
120 0.2657374 0.2626681
121 0.2600618 0.2607071
122 0.2476708 0.2497258
125 0.266534 0.265155
126 0.254373 0.2555247
128 0.2708501 0.2637664
129 0.2652386 0.26258
133 0.2806074 0.2816176
136 0.2617503 0.2579275
138 0.2600175 0.2509189
147 0.7049298 0.6981116
148 0.7819557 0.7814085
149 0.72591 0.7234466
150 0.7840016 0.7725459
1001 0.7516561 0.7435984
1002 0.7648113 0.7697749
1006 0.6806561 0.6761445
1007 0.7041017 0.7050738
1008 0.7161803 0.7286738
1011 0.6971741 0.6987787
1012 0.7731055 0.7706776
1021 0.7726796 0.7738616
1022 0.6526833 0.6501784
1025 0.7122896 0.7112316
1026 0.7164223 0.7129419
1027 0.7397062 0.7316391
1032 0.7775793 0.7837489
1034 0.8133679 0.8066636
1051 0.7591494 0.7522018
1052 0.8127419 0.812365
1053 0.8429992 0.8423339
1057 0.7965567 0.8061324
1058 0.730004 0.7171492
1061 0.7252103 0.7332035
1062 0.7846637 0.7904623
