4 0.1594713 0.03621143 0.009015164 0.1458339 0.04186361 0.1772685 0.3434542 0.1103286 0.01552237 0.02300416
5 0.1618536 0.03585318 0.008935639 0.2053073 NaN NaN 0.2805831 0.1107747 0.01536173 0.02105998
7 0.1712021 0.03435795 0.008645064 0.2520009 NaN NaN 0.3002757 0.1137391 0.0161439 0.02240467
9 0.1623746 0.03366071 0.00871679 0.197637 NaN NaN 0.3419512 0.1169307 0.01674064 0.02413304
11 0.1603673 0.03684798 0.009054847 0.1500508 0.02416127 0.1399533 0.2699379 0.1077993 0.01455685 0.02012959
12 0.1614531 0.03766072 0.009039706 0.1896168 NaN 0.1790369 0.3027028 0.1114865 0.01540531 0.02179607
13 0.1636639 0.03703527 0.008921397 0.2250887 NaN NaN 0.2871859 0.1113882 0.015684 0.02190126
14 0.1597939 0.03393459 0.008964237 0.1933562 NaN NaN 0.3192697 0.1133746 0.01650762 0.02343802
15 0.1798319 0.03507936 0.008676363 0.1969862 NaN NaN 0.3579323 0.1181718 0.01696662 0.02461674
16 0.169806 0.03554372 0.008764584 0.2260235 NaN 0.2461481 0.3340819 0.1104935 0.01583633 0.02305045
18 0.1653353 0.03390928 0.008505284 0.2098628 0.04767927 0.2885853 0.2894459 0.1077589 0.01609242 0.02234345
19 0.178825 0.03615552 0.008887528 0.2375184 0.02540513 0.3297363 0.29931 0.109476 0.01541577 0.0216235
20 0.1808021 0.03944573 0.009189083 0.2505928 0.04259621 0.3248838 0.2804099 0.1056253 0.01474764 0.02054124
21 0.159529 0.03266093 0.008074124 0.1720296 NaN 0.1834558 0.2916122 0.1051871 0.01599182 0.02237602
22 0.1872262 0.03623506 0.008641979 0.2377044 0.02816945 0.1644309 0.2871341 0.1103587 0.01636612 0.02274944
24 0.1623785 0.03579495 0.008205234 0.1011153 NaN 0.2212448 0.2932643 0.1064608 0.01523019 0.0216689
25 0.1761838 0.03781017 0.009214261 0.1911051 NaN NaN 0.3131838 0.1129558 0.0159541 0.02241734
29 0.1563143 0.03648964 0.008990823 0.1925128 NaN 0.1645435 0.2811366 0.1090621 0.01485735 0.02061102
30 0.1730987 0.03660509 0.008899786 0.2264905 NaN 0.2748216 0.285947 0.1103928 0.01557771 0.02140265
31 0.1471245 0.03527886 0.008444976 0.1500248 NaN 0.1771311 0.2941061 0.1134244 0.01574714 0.02220936
32 0.1984869 0.03770905 0.008986016 0.2636511 NaN 0.3363506 0.2803754 0.1092088 0.01579989 0.02157986
33 0.1632224 0.03683954 0.009214025 0.2251495 NaN NaN 0.2958591 0.1134818 0.01527143 0.02132034
34 0.1616589 0.0364212 0.009063358 0.2176535 NaN NaN 0.3107518 0.1100681 0.01548053 0.02220057
38 0.1670607 0.03444598 0.008633253 0.2083688 NaN 0.1764478 0.3042206 0.1073475 0.01538149 0.02193111
41 0.1682107 0.03788949 0.009241513 0.2034502 0.05246308 0.4111845 0.2740578 0.1114176 0.01546895 0.02120344
42 0.169461 0.03467286 0.008196125 0.1827748 0.02564345 0.1798763 0.2768682 0.1068313 0.01586162 0.02177267
43 0.1717892 0.03705894 0.008934312 0.2441087 0.0598022 0.307868 0.3003153 0.1089752 0.01563351 0.02217684
46 0.1606315 0.03769037 0.009090047 0.1553018 0.04289269 0.1881895 0.2728548 0.1039106 0.01490676 0.02065895
47 0.1752072 0.03746726 0.008960438 0.2181915 0.03362951 0.4488835 0.2965853 0.1107909 0.01599782 0.02219463
49 0.1690121 0.03485675 0.009047988 0.2529627 NaN NaN 0.3203999 0.1094993 0.01573531 0.02242094
52 0.1588051 0.03760564 0.009017257 0.1402417 0.03443034 0.1965944 0.2826946 0.1078211 0.01518927 0.02125423
53 0.1630262 0.03643746 0.009093403 0.1376676 0.04168104 0.191306 0.3133107 0.1096598 0.01589194 0.02248135
54 0.168916 0.03909281 0.008944491 0.1791974 NaN 0.239831 0.2905936 0.1078542 0.01537683 0.02153958
55 0.1713527 0.03632069 0.009082374 0.2679813 NaN NaN 0.3122049 0.1098259 0.01531953 0.02180049
57 0.1689703 0.03514338 0.008624323 0.2369348 NaN 0.2039481 0.3134106 0.1131337 0.01611075 0.02286801
60 0.1626407 0.03507707 0.008879419 0.2100823 NaN NaN 0.3078331 0.1091217 0.01519802 0.02171962
61 0.1718139 0.03272538 0.008470992 0.1986034 0.03840923 0.285091 0.2931981 0.1132305 0.01618299 0.02244108
62 0.1807608 0.03863405 0.008887696 0.290512 NaN NaN 0.2804967 0.1063815 0.01513197 0.02093641
64 0.1598476 0.03707971 0.008483739 0.1748821 NaN 0.1754061 0.2993072 0.1103711 0.01582817 0.02231583
65 0.1770149 0.03804352 0.009388412 0.2572659 NaN NaN 0.2761022 0.1113187 0.01503357 0.0205862
68 0.1603522 0.03585357 0.009160412 0.1756703 NaN 0.2662237 0.3112001 0.1095425 0.01512828 0.02159671
69 0.188329 0.03572325 0.009110232 0.3176045 NaN NaN 0.3030311 0.1117065 0.01578445 0.02207067
70 0.1842311 0.03515618 0.008093333 0.206351 0.04363048 0.2243435 0.2902274 0.1091805 0.01607584 0.02213436
71 0.1650375 0.03752932 0.00921844 0.1619244 NaN NaN 0.3107125 0.1118568 0.01602755 0.02270156
72 0.2095734 0.03820232 0.008979593 0.3098578 0.02754053 0.3807825 0.2861489 0.1091703 0.01627583 0.022314
73 0.1715144 0.03443516 0.008742849 0.1991266 0.03461068 0.396628 0.2832839 0.113059 0.01637572 0.02220364
74 0.1700868 0.03493451 0.008938479 0.2086138 0.03870673 0.258101 0.2878176 0.1107963 0.01531402 0.02133477
76 0.1744021 0.03497472 0.008568329 0.1995121 0.0374847 0.1752708 0.2833521 0.107969 0.01565013 0.02180351
78 0.1629275 0.03280897 0.009101685 0.2117936 NaN NaN 0.3278661 0.1102034 0.0163161 0.02329797
79 0.1667221 0.03507682 0.00929198 0.2794447 0.3524519 4.455784 0.2830829 0.1085436 0.01570599 0.02146786
80 0.1707322 0.03652373 0.008822568 0.2106202 0.04627616 0.2801348 0.3055602 0.1077116 0.01519888 0.02156428
81 0.1659613 0.03582442 0.008602595 0.1639424 0.03138508 0.1732925 0.3128774 0.113879 0.01644758 0.02336737
82 0.184834 0.03671243 0.008284114 0.2381437 NaN 0.1913994 0.2829255 0.1064962 0.01590282 0.02193721
83 0.170329 0.03500329 0.008670202 0.1919939 NaN 0.2621597 0.2714446 0.1059293 0.01553697 0.02124321
85 0.1722502 0.03428156 0.008716465 0.2283474 NaN 0.2019601 0.2856227 0.1094332 0.01549198 0.02141084
88 0.1725485 0.03512301 0.009095281 0.2330292 NaN NaN 0.3413835 0.112647 0.01635488 0.02370105
89 0.1699489 0.03819385 0.008724245 0.2100201 0.02668394 0.2069566 0.3076706 0.1078643 0.0158102 0.02247912
91 0.1677372 0.03564851 0.008909323 0.1870853 0.03459135 0.2408142 0.2995071 0.1104102 0.01548644 0.02162193
92 0.1832832 0.03505161 0.008453046 0.240626 NaN 0.2779613 0.2912187 0.1079099 0.01589958 0.02184074
97 0.1843645 0.03673377 0.008766516 0.2509162 NaN NaN 0.3036917 0.1170427 0.01601698 0.02217746
99 0.1916555 0.03762743 0.008810627 0.2026919 0.04397571 0.3012055 0.276984 0.107175 0.01581465 0.02168766
100 0.1574649 0.03874894 0.008999676 0.1771347 0.03385939 0.1915072 0.2761442 0.1056296 0.01489748 0.02088789
112 0.1747538 0.03625927 0.008335515 0.1676959 0.03337504 0.1603905 0.2937502 0.1076507 0.01544442 0.02173148
117 0.1691506 0.03528275 0.008252531 0.1645317 0.03488943 0.1745725 0.3026559 0.1067618 0.01536097 0.02183321
119 0.163693 0.03888975 0.009154908 0.2061814 0.03531986 0.2583642 0.3299725 0.1085477 0.01503907 0.02196411
120 0.1892824 0.0352776 0.008468484 0.2624873 0.03911564 0.2743923 0.2792591 0.1088508 0.01584009 0.02154618
121 0.1696538 0.03285223 0.008685895 NaN NaN NaN 0.3127224 0.1093756 0.01614239 0.02261665
122 0.1689284 0.03655775 0.008745689 0.1948371 0.03476275 0.2017575 0.3136022 0.109433 0.01556438 0.02232473
125 0.1586748 0.03831885 0.009200337 0.2123446 0.02110029 0.330039 0.2917491 0.111104 0.01515772 0.02129714
126 0.1594027 0.03427033 0.008598581 0.2412649 NaN 0.2971952 0.3269757 0.1084663 0.0165515 0.02393954
128 0.1587299 0.03919731 0.009061266 0.1865579 0.04950222 0.2576956 0.3019757 0.1089878 0.01558591 0.02204546
129 0.1799882 0.0360673 0.008693518 0.2431577 NaN 0.1297845 0.3445472 0.1101628 0.01650821 0.02415655
133 0.1664728 0.03583985 0.008667333 0.2290943 NaN 0.1701205 0.3065681 0.1090364 0.01502813 0.02142665
136 0.176953 0.03699472 0.008581179 0.2388682 0.01581773 0.2315728 0.2927106 0.1066787 0.01545408 0.02157137
138 0.1675155 0.03440351 0.008647298 0.2469328 NaN NaN 0.3337464 0.1132524 0.01700551 0.02435405
147 0.169971 0.03701889 0.008591327 0.1978528 0.03174153 0.2205151 0.2665705 0.1045518 0.01493673 0.02042866
148 0.164893 0.03752658 0.008865192 0.1997546 0.01505699 0.2248543 0.280344 0.1105374 0.01559429 0.02155442
149 0.1841294 0.03726909 0.008613534 0.207409 0.0490755 0.1847489 0.2987048 0.1064197 0.01582677 0.02226638
150 0.1705625 0.03512132 0.008690827 0.2049508 NaN NaN 0.2972707 0.1071328 0.01554523 0.02167227
1001 0.200298 0.0394983 0.008318935 0.2469526 0.04430546 0.2731177 0.2858639 0.1079649 0.01599205 0.02213091
1002 0.1597325 0.0361849 0.009259954 0.2055768 NaN NaN 0.3047205 0.1087223 0.01531669 0.02180171
1006 0.1815637 0.03458291 0.008546327 0.2139087 0.04195679 0.1844913 0.2805341 0.106906 0.01590989 0.0221425
1007 0.1563896 0.03649279 0.008763161 0.1704117 0.05415492 0.2660143 0.2730556 0.1065297 0.01537536 0.0212714
1008 0.169581 0.03798043 0.009110568 0.2141576 0.04040822 0.2325743 0.2511816 0.1028833 0.01436703 0.01951639
1011 0.1753788 0.03646291 0.008594113 0.2039274 0.03717484 0.2531131 0.2843545 0.1063193 0.01534608 0.02130162
1012 0.1607403 0.0378385 0.00950293 0.2001917 0.03469009 0.2915074 0.2901335 0.105528 0.01499361 0.02102684
1021 0.1860879 0.03556278 0.008915872 0.2656203 NaN 0.262519 0.293838 0.1107581 0.01572139 0.02193511
1022 0.1749658 0.03672238 0.008803275 0.1974957 0.04471391 0.1813863 0.2848529 0.107269 0.01572632 0.0220507
1025 0.1670021 0.03501236 0.008785127 0.2111673 0.009424806 0.2275908 0.2822838 0.1053983 0.01482714 0.02066949
1026 0.1879756 0.03677151 0.008490816 0.1847941 0.01888368 0.17254 0.2812359 0.1060617 0.01513798 0.02101403
1027 0.1866179 0.03600528 0.008612069 0.2266251 0.03530158 0.2834912 0.2975554 0.1086634 0.01562569 0.02190681
1032 0.1962788 0.03790892 0.008971655 0.26055 0.02357791 0.4012652 0.2870368 0.1136319 0.01602705 0.02209288
1034 0.178735 0.03370225 0.008504328 0.2393414 0.05687245 0.3758009 0.2944243 0.1082563 0.01595802 0.02204908
1051 0.1674231 0.03859578 0.009343027 0.1934731 NaN 0.1822942 0.2850585 0.107114 0.01534896 0.02136317
1052 0.182944 0.03583669 0.008682907 0.2488192 NaN NaN 0.3020593 0.1088992 0.01590464 0.02200887
1053 0.1718273 0.03577863 0.008746133 0.2545752 NaN NaN 0.3055403 0.1094548 0.01520113 0.02143954
1057 0.1590962 0.03917366 0.009240696 0.1767266 0.05292963 0.3157812 0.2917322 0.1148121 0.01571633 0.02192411
1058 0.1969295 0.03895795 0.009092703 0.2431851 0.06199437 0.2843589 0.2854627 0.1086063 0.01563643 0.02164712
1061 0.1813928 0.03757512 0.008572835 0.2403265 0.02569227 0.2006298 0.2948497 0.1098323 0.01560125 0.02197198
1062 0.1591528 0.03539746 0.008657649 0.1995118 0.04185534 0.2914313 0.3200823 0.1106959 0.01557352 0.02244519
