4 0.1829489 0.03454664 0.009679224 0.3521214 0.1513634 0.3438479 0.1103576 0.01575947 0.02327879
5 0.1778889 0.03619914 0.009402382 0.333172 0.1420618 0.2920332 0.1115474 0.01556481 0.02161447
7 0.1824211 0.03515114 0.009217599 0.3409411 0.1396347 0.3078786 0.113884 0.01635854 0.02289703
9 0.1793486 0.03477888 0.009205755 0.3366214 0.1392186 0.3483796 0.1175788 0.01692706 0.02447235
11 0.1770437 0.03625189 0.01008293 0.3114089 0.1521912 0.2719371 0.1078637 0.01469527 0.02036111
12 0.1877868 0.03640899 0.009795263 0.3546328 0.1510025 0.3065766 0.1115895 0.01562502 0.02215556
13 0.1736673 0.03658258 0.009265011 0.294508 0.137906 0.2889895 0.1112343 0.01581424 0.02214242
14 0.1771043 0.0338093 0.009370041 0.3325191 0.1358469 0.3188366 0.1136175 0.01677107 0.02371702
15 0.2008543 0.03512809 0.009131113 0.4429863 0.1389452 0.3683426 0.1188515 0.01719125 0.02509733
16 0.186547 0.0360628 0.009307767 0.340762 0.1426824 0.3320254 0.1105722 0.01592678 0.02306507
18 0.1920765 0.03590463 0.009223718 0.3266223 0.1304076 0.2881163 0.1075092 0.0159612 0.0221886
19 0.2039966 0.03702212 0.009671162 0.4062852 0.1444155 0.3166688 0.1103491 0.01565301 0.02228732
20 0.2062178 0.0400026 0.009855791 0.334287 0.1491378 0.2773552 0.1052316 0.01477276 0.02049419
21 0.1962619 0.03505272 0.00939133 0.2719931 0.1280653 0.2853497 0.1046211 0.01609507 0.02232033
22 0.2009335 0.0368894 0.009713029 0.3546233 0.1391431 0.2849968 0.1101659 0.01620898 0.02256357
24 0.2194769 0.04099842 0.009675473 0.3430507 0.1437047 0.293793 0.1066231 0.01531318 0.02175505
25 0.1998185 0.03939177 0.009921831 0.2640211 0.1584775 0.3092167 0.1131435 0.01589187 0.02226996
29 0.1824811 0.03902984 0.009693088 0.3106739 0.1457325 0.2941075 0.1098371 0.01509358 0.02118362
30 0.1994677 0.03702774 0.009587845 0.3439376 0.1463858 0.2824449 0.1101251 0.01567988 0.02135037
31 0.1888794 0.03796886 0.009619084 0.3075483 0.1354053 0.3016994 0.1136692 0.01604875 0.02268837
32 0.2517322 0.04202738 0.009949482 0.4019431 0.1522443 0.2852331 0.1092709 0.01604357 0.02197296
33 0.1797368 0.03726113 0.009967042 0.3191763 0.1479786 0.2985285 0.1138947 0.01528141 0.02140222
34 0.1680763 0.03556548 0.00930827 0.3003683 0.1321933 0.322373 0.1104191 0.01564777 0.02270675
38 0.1864752 0.03571474 0.009438859 0.3628581 0.1399451 0.2989563 0.1070436 0.0153637 0.02173269
41 0.1857903 0.0387972 0.009831433 0.3052272 0.1506114 0.2754557 0.1117023 0.01537601 0.02112307
42 0.2205856 0.03719084 0.009460324 0.3531404 0.1322457 0.2794382 0.106846 0.01596659 0.02200324
43 0.1858163 0.0352226 0.009279969 0.371011 0.1317895 0.3017798 0.1093803 0.01560233 0.02219537
46 0.1851956 0.03699796 0.01004202 0.2961974 0.1498658 0.2667285 0.1033923 0.01492442 0.02055172
47 0.2053317 0.03788107 0.00954349 0.3401556 0.1410579 0.2995225 0.1110983 0.01602929 0.02230948
49 0.180815 0.03440396 0.009361164 0.3196848 0.1357254 0.3096209 0.1089744 0.01571662 0.02215503
52 0.1825549 0.03824961 0.009881916 0.274857 0.1489167 0.2799042 0.107943 0.01510829 0.02107838
53 0.1908926 0.0369974 0.009780297 0.2685565 0.1438084 0.3094478 0.1095855 0.01589791 0.02241868
54 0.2280812 0.04184517 0.01001934 0.3379331 0.1473005 0.2977583 0.108344 0.01572482 0.02208598
55 0.185383 0.03741947 0.009658262 0.3449127 0.1449995 0.3203771 0.1104079 0.01542271 0.02217308
57 0.1710377 0.03551969 0.009385755 0.2952179 0.1337373 0.287854 0.1112826 0.01585254 0.02195937
60 0.1778788 0.03761455 0.009952263 0.2911548 0.1493529 0.3038809 0.1087663 0.01505682 0.0215014
61 0.2102514 0.03625051 0.009583839 0.3616097 0.1366058 0.301388 0.1136152 0.016162 0.0226396
62 0.1989145 0.03860149 0.009481602 0.4029076 0.1408932 0.2811845 0.1062803 0.0151563 0.02097278
64 0.1921956 0.03820589 0.009779944 0.3173555 0.1452623 0.3001354 0.1107767 0.01574129 0.02229015
65 0.1852417 0.03769945 0.009709768 0.3414329 0.146902 0.2786263 0.1115626 0.01510748 0.02074075
68 0.17539 0.03624316 0.009965582 0.2937391 0.1492621 0.315844 0.1091609 0.01515997 0.02173895
69 0.1949344 0.035366 0.009310028 0.3913564 0.1353648 0.2972673 0.1116268 0.0158613 0.02203578
70 0.2067491 0.0351189 0.009038979 0.3830747 0.1332953 0.3024063 0.1102028 0.01625908 0.02271611
71 0.1807202 0.03772679 0.009693021 0.2960828 0.140838 0.3096611 0.1113652 0.01602547 0.02273214
72 0.2349865 0.03911786 0.009464501 0.4060385 0.1381005 0.2916745 0.109538 0.01633024 0.0225265
73 0.2053653 0.03559641 0.009438542 0.2899977 0.1386884 0.2871527 0.1131265 0.01646998 0.02243092
74 0.2050245 0.03791612 0.009895198 0.3812402 0.1492415 0.2896812 0.1110388 0.01545208 0.02152705
76 0.1897147 0.03632752 0.009555482 0.3284675 0.1377798 0.2761494 0.1074045 0.0153839 0.02136467
78 0.172504 0.03390195 0.009528123 0.3166501 0.1358011 0.3318799 0.1104764 0.016325 0.02348814
79 0.1748672 0.03556874 0.009604129 0.2818889 0.1405148 0.2835236 0.108549 0.01583913 0.02166897
80 0.1929248 0.03910298 0.009540894 0.3438708 0.1415318 0.297324 0.1070642 0.01517443 0.02133588
81 0.1957673 0.03709572 0.00965279 0.3317447 0.1419612 0.3087599 0.1133971 0.01632969 0.02316238
82 0.2435863 0.0402644 0.009718116 0.4390389 0.1397475 0.2853546 0.1068896 0.01603042 0.02220384
83 0.2144839 0.03673452 0.009462491 0.368686 0.1339395 0.2860277 0.1072997 0.01591241 0.02204094
85 0.1973428 0.03641266 0.009669811 0.3415083 0.1450743 0.2816337 0.1091762 0.01547055 0.02129266
88 0.1831416 0.03520971 0.009718395 0.3005712 0.1449953 0.3268752 0.1116408 0.0162479 0.02318591
89 0.1827653 0.0358972 0.009435454 0.3213063 0.140497 0.3032843 0.1076021 0.01575674 0.02231811
91 0.1787884 0.03543559 0.009604809 0.3003283 0.1445338 0.288348 0.1095119 0.01541283 0.02127745
92 0.2171026 0.03792303 0.009371496 0.3666 0.137098 0.2929843 0.1078784 0.0159679 0.02198036
97 0.2130737 0.03887832 0.009819645 0.4006731 0.1488089 0.2980916 0.1167764 0.01615362 0.02215073
99 0.2691876 0.04634186 0.01037073 0.3382846 0.1468645 0.2786923 0.107365 0.01574351 0.02170684
100 0.1950115 0.03841426 0.009705214 0.3943034 0.1419999 0.294491 0.1067717 0.01527634 0.02179858
112 0.1984693 0.03612306 0.009336207 0.3765284 0.1387978 0.2924205 0.1074596 0.01548622 0.02177268
117 0.1889886 0.03492807 0.00890932 0.3568366 0.1310041 0.3053868 0.1066961 0.0156279 0.02223254
119 0.1805421 0.03745317 0.009524559 0.3623179 0.1426217 0.3278285 0.1087508 0.01503398 0.02187199
120 0.2134202 0.03672062 0.009346371 0.3865635 0.1476918 0.2762599 0.108359 0.01562438 0.02122528
121 0.1942977 0.03512435 0.009405613 0.3218645 0.1451238 0.3189664 0.1094855 0.01635173 0.02302215
122 0.187465 0.03589268 0.00941562 0.325117 0.1446878 0.3135211 0.1095628 0.01568816 0.02242189
125 0.177484 0.0364484 0.009664948 0.3451404 0.1444308 0.2993605 0.1120023 0.01549304 0.02188138
126 0.1711596 0.03359495 0.008921098 0.3265254 0.1244631 0.3309654 0.1083794 0.01647893 0.02401827
128 0.1759232 0.0360503 0.009272269 0.3039546 0.1359244 0.2975378 0.1086078 0.01567339 0.02202893
129 0.1954239 0.03465609 0.009236366 0.3917919 0.1402747 0.3436298 0.1098077 0.01665343 0.02431129
133 0.1854448 0.03644487 0.009356453 0.3972502 0.1397738 0.3082654 0.1088847 0.01518205 0.02160212
136 0.1963163 0.03554008 0.009392042 0.3848659 0.1418721 0.2993541 0.1067948 0.01572601 0.02206164
138 0.1831574 0.03450982 0.009094173 0.3370634 0.1338193 0.3229401 0.1127583 0.01680599 0.02388909
147 0.2290586 0.04133771 0.0100552 0.3516443 0.1426401 0.2697245 0.1045335 0.01501952 0.02063334
148 0.1882113 0.03725569 0.00958978 0.3562245 0.1398505 0.2867873 0.1115317 0.01577003 0.02198663
149 0.2135496 0.03717779 0.009323619 0.3972951 0.1337552 0.2920456 0.1059211 0.01580972 0.02209068
150 0.1930586 0.03591795 0.009327661 0.2744517 0.1356541 0.2912056 0.1068151 0.0157169 0.02172452
1001 0.2511547 0.0422111 0.009663555 0.4039494 0.132414 0.2904684 0.1081894 0.01615132 0.02245038
1002 0.1761291 0.03742332 0.009623601 0.2988562 0.1409552 0.3062281 0.1085789 0.01549867 0.02203603
1006 0.1911188 0.03476458 0.009533803 0.3234672 0.1336446 0.2692052 0.1056598 0.0156605 0.02153756
1007 0.1838621 0.03566955 0.009378909 0.3153074 0.1330111 0.2769021 0.1067478 0.01547761 0.02148302
1008 0.1958187 0.03837067 0.009786493 0.3514376 0.144434 0.2522967 0.1031129 0.01446024 0.01968906
1011 0.2058306 0.03774912 0.009652113 0.3101063 0.1470915 0.2856557 0.1062264 0.01552723 0.02151252
1012 0.182222 0.03785578 0.009806581 0.2984718 0.1492177 0.293291 0.1057035 0.01517736 0.02129043
1021 0.2130419 0.03845874 0.009800573 0.3722996 0.1460789 0.2981579 0.1108557 0.01588229 0.02225034
1022 0.1933995 0.03641877 0.009563994 0.3090746 0.1348877 0.2819601 0.1070721 0.01569061 0.02199218
1025 0.192637 0.03613815 0.009691058 0.3509244 0.1385959 0.2842419 0.1054368 0.01491705 0.02083994
1026 0.2222577 0.03752706 0.009712773 0.4298789 0.1392576 0.2841859 0.1063507 0.01523512 0.02122783
1027 0.232242 0.03983055 0.009735211 0.3572172 0.1458387 0.2893486 0.1074113 0.01549097 0.02153248
1032 0.2291071 0.0399669 0.009792821 0.3608212 0.1475894 0.2884381 0.1133625 0.01619257 0.02226785
1034 0.2087008 0.03636559 0.00925619 0.3491298 0.1381251 0.296561 0.1080675 0.01613085 0.02226238
1051 0.1904137 0.03836233 0.009922621 0.3210957 0.1472996 0.2860079 0.1066217 0.01538945 0.02147038
1052 0.2210809 0.03816795 0.009403692 0.3253139 0.1373655 0.2987103 0.1083567 0.01585477 0.02190326
1053 0.1881606 0.03777896 0.009478874 0.3576873 0.1404506 0.3092387 0.1095945 0.01525943 0.02166954
1057 0.1830959 0.03904342 0.009799719 0.2990012 0.1476508 0.3016697 0.1153436 0.01587477 0.02237658
1058 0.2422901 0.04053538 0.01016511 0.3979397 0.151046 0.2764356 0.1077459 0.01549772 0.02125177
1061 0.212287 0.03902593 0.009474776 0.4708612 0.1379427 0.3042556 0.110168 0.01572583 0.02237761
1062 0.1755719 0.03790343 0.009429336 0.3147462 0.1371392 0.3380457 0.1110751 0.01570706 0.02315151
