4 27.55526 2.307749 -0.5361037 1.373342 0.9943268 2 -4.940582 -0.7581195 -0.05459411 0.2300205
5 27.42195 2.264949 -0.5190048 2.671903 1.73917 6.586138 -3.850277 -1.005489 -0.05567949 0.189803
7 27.8178 2.215649 -0.5160529 2.40734 2.051616 5.114782 -4.338006 -1.218723 -0.07621674 0.2282164
9 27.694 2.191743 -0.5167806 2.621804 1.843995 6.474764 -4.623236 -1.286844 -0.06954034 0.2311739
11 27.2252 2.329754 -0.5373337 1.444705 1.046005 2 -3.93667 -0.9213061 -0.0596306 0.2044213
12 27.46145 2.284616 -0.5238334 2.042008 1.459342 3.231743 -4.376339 -1.014668 -0.06367448 0.2176103
13 27.61855 2.288397 -0.521063 2.420265 1.743572 5.424877 -4.045811 -1.230996 -0.07427156 0.2225335
14 27.3274 2.143764 -0.5169438 2.517731 1.801116 5.857689 -4.568646 -1.076774 -0.07225169 0.2318797
15 27.78624 2.222481 -0.5085314 2.826925 2.662136 8.130748 -5.186307 -1.216999 -0.08310042 0.2607611
16 27.87556 2.252977 -0.517381 2.330683 1.759242 4.587173 -4.853001 -0.7948967 -0.06915771 0.2376858
18 27.54048 2.220529 -0.5165576 1.835298 1.506724 3.555893 -4.203158 -0.8635551 -0.07107842 0.2219107
19 27.43887 2.248692 -0.518868 2.160009 1.808405 4.06133 -4.597023 -0.7565711 -0.06475741 0.2254841
20 27.81477 2.283952 -0.5218674 2.385276 1.801962 4.463329 -4.319779 -0.4706822 -0.06612728 0.2164399
21 27.42226 2.201538 -0.5145718 1.49788 1.175419 2.651678 -4.455234 -0.4717014 -0.06874999 0.2317227
22 27.26859 2.282112 -0.527944 1.420962 1.649697 2.222003 -4.170732 -1.253427 -0.08320018 0.2438501
24 27.9503 2.322518 -0.5276829 1.052095 0.6871805 2 -4.371073 -0.7388682 -0.06895375 0.2309453
25 27.86394 2.219479 -0.4967708 2.946233 1.384076 6.520269 -4.591848 -0.9779003 -0.06568452 0.2234308
29 27.74658 2.267441 -0.5312332 2.446295 1.432612 4.839135 -3.989564 -0.8941467 -0.06045282 0.1981667
30 27.80163 2.26491 -0.5107358 2.528253 1.775684 5.678573 -4.15027 -0.9897681 -0.06289499 0.2088035
31 27.24358 2.325238 -0.5404259 1.582268 1.070976 2.73606 -4.194874 -1.46938 -0.06631612 0.2306721
32 28.06279 2.201907 -0.4912698 2.543482 1.970969 4.914684 -4.125572 -0.8569308 -0.08063389 0.220991
33 27.12181 2.252977 -0.5368879 2.519526 1.861786 5.269972 -4.198867 -1.09517 -0.05239847 0.2000911
34 27.50835 2.206435 -0.5303845 2.878611 1.724267 9.655659 -4.608866 -0.8323057 -0.07807049 0.2368102
38 27.44262 2.206734 -0.5208499 1.815165 1.549388 2.983873 -4.617621 -0.5171127 -0.06497291 0.2233346
41 27.50273 2.231577 -0.5217705 2.625209 1.464726 5.422244 -3.630442 -1.23199 -0.06170243 0.1942183
42 27.51846 2.273702 -0.5091961 1.392177 1.309329 2.344995 -4.093024 -0.8165795 -0.0725113 0.2223914
43 27.62347 2.272456 -0.5369177 2.045673 1.772293 3.753827 -4.469596 -0.9382949 -0.08498467 0.2431355
46 27.48267 2.258076 -0.5316331 1.651956 1.101603 2.40613 -4.073516 -0.3708804 -0.06750094 0.2072231
47 27.56068 2.251811 -0.5091736 2.344351 1.602151 4.803991 -4.337377 -0.8798393 -0.07052142 0.2182547
49 27.54921 2.172392 -0.5227219 2.839161 2.153978 8.681221 -4.739677 -0.5444369 -0.0566382 0.2134758
52 27.59879 2.267724 -0.5304619 1.592524 0.9435742 2.399836 -3.987811 -0.9290981 -0.06678459 0.2107399
53 27.43047 2.203084 -0.513494 1.35116 0.8164544 2.008346 -4.642889 -0.793857 -0.05179066 0.2166788
54 27.56366 2.2881 -0.5126157 2.212111 1.277133 3.789471 -4.398566 -0.7209058 -0.07226311 0.2262922
55 27.70799 2.238688 -0.5306514 2.803913 2.190229 7.720559 -4.615219 -0.7393915 -0.06540478 0.2211497
57 27.34527 2.235376 -0.5333409 2.045879 1.953484 3.927009 -4.618255 -1.163297 -0.08270156 0.2476729
60 27.52001 2.202106 -0.5289849 2.358643 1.634858 4.327631 -4.733641 -0.7080358 -0.07428037 0.2373983
61 27.52104 2.12105 -0.499315 1.997077 1.443751 3.774153 -4.243418 -1.291531 -0.07770618 0.2337964
62 27.564 2.319303 -0.5247161 2.532219 2.322921 5.484121 -4.253101 -0.363867 -0.08155261 0.2183491
64 27.522 2.332575 -0.532913 1.709861 1.242381 2.660264 -4.3878 -1.102687 -0.07226268 0.2332049
65 27.51667 2.249483 -0.5215545 2.81167 2.102616 5.986548 -3.921282 -1.015407 -0.06007055 0.1958925
68 27.39166 2.191128 -0.5264743 2.121913 1.311777 3.516229 -4.706505 -0.6409677 -0.05316806 0.2143649
69 27.60518 2.192137 -0.512573 2.639491 2.645954 6.505955 -4.569736 -0.9630611 -0.07640632 0.2344088
70 27.98498 2.299439 -0.5055217 1.343284 1.362187 2.238455 -4.368101 -0.8805236 -0.07617132 0.229435
71 27.34638 2.218932 -0.5178451 3.097471 2.00305 11.12294 -4.620336 -0.8551712 -0.08487479 0.2405587
72 27.87465 2.186618 -0.4922416 2.669482 2.441904 6.895245 -4.324527 -0.8773851 -0.09444191 0.2429625
73 27.87848 2.126654 -0.4903436 2.412154 1.354904 5.114645 -3.921352 -1.265224 -0.06313147 0.2039823
74 27.68625 2.190087 -0.5190265 1.954747 1.475544 3.070843 -4.07444 -1.117503 -0.05764877 0.2049701
76 27.59878 2.250491 -0.5244033 1.477106 1.411271 2.30918 -4.158973 -0.9832168 -0.07910729 0.2320123
78 27.06795 2.060704 -0.5130379 2.757619 1.93528 7.951474 -4.897911 -0.4707552 -0.06475783 0.2265004
79 27.42365 2.138664 -0.51467 3.032416 1.636529 10.12714 -4.026211 -0.5908802 -0.05787262 0.1884497
80 27.44503 2.288261 -0.5249215 1.900597 1.532719 3.270651 -4.651133 -0.5019397 -0.05251354 0.2140692
81 27.76289 2.270165 -0.522432 1.275495 1.035641 2 -4.541133 -1.367158 -0.08501284 0.2535394
82 27.8619 2.267203 -0.5131384 1.848764 1.722265 3.089117 -4.352211 -0.6457288 -0.09569264 0.2454977
83 27.39375 2.203006 -0.5108431 1.973877 1.473092 3.892068 -3.893958 -0.6744834 -0.06492236 0.2012652
85 27.6586 2.207188 -0.5101919 2.137013 1.727388 3.830986 -4.212996 -0.9554889 -0.06149015 0.2125093
88 27.63672 2.148198 -0.5124229 2.72991 1.966171 6.836988 -5.079027 -0.8754158 -0.07777946 0.2512096
89 27.69283 2.300677 -0.5292995 1.905804 1.572582 3.106693 -4.657413 -0.6905712 -0.07815168 0.2393525
91 27.5768 2.216524 -0.5203263 1.765674 1.300932 2.773099 -4.564619 -0.8312073 -0.07488179 0.2315041
92 27.83394 2.229633 -0.4993242 2.319877 1.949134 4.820244 -4.439215 -0.4017695 -0.07494676 0.217704
97 27.71571 2.281424 -0.5111061 2.547644 2.233955 5.189693 -4.42404 -1.249538 -0.07374528 0.2267083
99 27.79905 2.203995 -0.4949071 2.058656 1.361529 3.679676 -4.152063 -0.8206107 -0.07784453 0.2291604
100 27.17363 2.353583 -0.5444785 1.644794 1.221331 2.494868 -4.096283 -0.6448544 -0.06999634 0.2168282
112 27.758 2.339829 -0.5213146 1.291366 1.24975 2 -4.53813 -0.7284476 -0.08534357 0.2456091
117 27.90109 2.340864 -0.5189062 1.301611 1.154337 2.049568 -4.671583 -0.5070416 -0.08411364 0.2456362
119 27.34525 2.347361 -0.5366246 1.902632 1.512146 3.113685 -4.931157 -0.3920606 -0.05525869 0.2212311
120 28.12453 2.237411 -0.4936116 2.03005 1.87838 3.375613 -4.067753 -0.8676282 -0.0740433 0.2150454
121 27.8579 2.131514 -0.4884249 2.793605 2.05241 6.675303 -4.74799 -0.413022 -0.08223299 0.2336022
122 27.86514 2.291377 -0.5198776 1.636995 1.313249 2.493873 -4.774272 -0.8360343 -0.0736241 0.244479
125 27.24441 2.322743 -0.5421085 2.218757 1.580882 4.245663 -4.110258 -1.11859 -0.05474077 0.2042902
126 27.45842 2.219033 -0.5312677 2.235487 1.907244 5.926911 -4.952105 -0.7137698 -0.08748427 0.2615637
128 27.55037 2.333087 -0.5304488 1.945415 1.314453 3.34926 -4.423576 -0.8425375 -0.08085654 0.2348886
129 27.73971 2.260925 -0.5142696 2.174562 1.97828 3.640839 -5.320951 -0.642251 -0.09910832 0.2818985
133 27.80298 2.316438 -0.5376459 2.181001 1.871793 3.975176 -4.69994 -0.655537 -0.07409653 0.231818
136 27.88072 2.359824 -0.5212797 1.854671 1.734446 2.995363 -4.478544 -0.4104054 -0.086715 0.2326114
138 27.85731 2.197194 -0.5136223 2.465672 1.992037 6.266501 -4.804746 -1.075466 -0.09147236 0.2567187
147 27.46104 2.322629 -0.5214158 1.736909 1.322216 2.755467 -4.082738 -0.4073267 -0.0636312 0.2063663
148 27.39359 2.294935 -0.5316004 2.001746 1.48429 3.412019 -3.95267 -1.139741 -0.07337103 0.2154259
149 27.59545 2.312889 -0.5173466 1.489396 1.484003 2.284143 -4.734871 -0.4024175 -0.09450028 0.2562421
150 27.65928 2.204326 -0.5041195 2.559027 1.57922 6.370687 -4.542845 -0.4160579 -0.06284863 0.2157705
1001 27.47968 2.344904 -0.5073864 1.866403 1.872199 3.483616 -4.311261 -0.815897 -0.0883095 0.2418062
1002 27.37668 2.17966 -0.5236984 2.868054 1.567956 7.241949 -4.569822 -0.7198807 -0.06846449 0.226988
1006 27.42673 2.176687 -0.5181877 1.337758 1.400331 2.11491 -4.227766 -0.869929 -0.1013041 0.253929
1007 27.48773 2.275542 -0.5329915 1.748146 1.124485 3.03684 -3.866347 -0.9217461 -0.07406954 0.2149101
1008 27.45974 2.266682 -0.5276883 1.913061 1.49747 3.075219 -3.681736 -0.4628412 -0.05872264 0.1891787
1011 27.82577 2.247893 -0.5128437 1.874457 1.382497 3.154609 -4.22102 -0.6798373 -0.06138551 0.212949
1012 27.61228 2.238108 -0.5244458 2.583857 1.389095 5.077599 -4.467242 -0.1750369 -0.0643346 0.2102427
1021 27.68007 2.202141 -0.5130151 2.451581 2.119234 4.945217 -4.41253 -1.000482 -0.08150815 0.2370006
1022 27.45014 2.214114 -0.5228243 1.580434 1.289237 2.43326 -4.298099 -0.89546 -0.092273 0.25262
1025 27.46531 2.223467 -0.5260527 1.925235 1.50424 3.362125 -4.333561 -0.3983774 -0.05762192 0.2072946
1026 27.49471 2.284871 -0.5202599 1.213875 1.261629 2 -4.385843 -0.5057943 -0.07279254 0.2254319
1027 27.92942 2.22638 -0.4989968 2.06791 1.670943 3.60002 -4.703473 -0.6627902 -0.08105761 0.2444508
1032 27.72653 2.180655 -0.4967332 2.46817 1.877867 5.263485 -4.236115 -1.332737 -0.08413294 0.2396227
1034 27.90398 2.207682 -0.4966004 2.33783 1.833613 5.056858 -4.519205 -0.4903767 -0.07628197 0.224249
1051 27.24315 2.288942 -0.5260412 1.855176 1.370668 2.735201 -4.256889 -0.6288559 -0.06563075 0.2129009
1052 27.83472 2.197771 -0.4939433 2.78811 2.029575 8.801641 -4.688638 -0.4500507 -0.07273581 0.2262912
1053 27.47228 2.284255 -0.5343386 2.491882 2.184183 5.593108 -4.540477 -0.5970348 -0.05553494 0.2065459
1057 27.53302 2.301787 -0.5333821 2.256025 1.264743 4.000774 -4.023297 -1.401905 -0.07234725 0.2187981
1058 27.82119 2.264332 -0.5084127 1.958678 1.608354 2.943902 -4.362804 -0.8645674 -0.07636997 0.2335299
1061 27.5007 2.343943 -0.535703 1.683792 1.898634 2.721131 -4.38967 -1.058487 -0.0776234 0.2393893
1062 27.42022 2.284562 -0.5338567 1.879871 1.439933 3.430493 -4.778892 -0.8705451 -0.064744 0.2332845
