4 27.56306 2.059565 -0.5109326 4.114196 2.672912 -5.014751 -0.7649475 -0.05956374 0.2376152
5 27.44509 2.179954 -0.5132562 3.977148 2.549786 -4.099933 -1.032611 -0.06377054 0.20648
7 27.84246 2.153688 -0.507581 3.93906 2.619454 -4.420306 -1.233575 -0.08214254 0.2367125
9 27.78387 2.145601 -0.5067597 3.924412 2.532597 -4.869621 -1.285218 -0.07912614 0.2482105
11 27.13252 2.072677 -0.5168957 4.291757 2.290984 -3.952561 -0.9306368 -0.0597949 0.2054174
12 27.38437 2.115068 -0.5080101 4.261967 2.657651 -4.448058 -1.019005 -0.06732753 0.2241852
13 27.55377 2.210328 -0.514729 3.86517 2.158322 -3.89178 -1.223911 -0.06984437 0.2131003
14 27.24425 2.073564 -0.5098426 3.810654 2.556305 -4.610323 -1.074462 -0.07647997 0.2374098
15 27.82788 2.159202 -0.5013037 3.936999 3.550664 -5.457053 -1.230655 -0.09094916 0.2773433
16 27.82533 2.167781 -0.5086054 3.983717 2.561256 -4.867489 -0.7840948 -0.07153277 0.2403318
18 27.44177 2.126142 -0.5110539 3.570702 2.460381 -4.135062 -0.85464 -0.06809514 0.2167428
19 27.50245 2.12758 -0.5095801 4.056737 3.091548 -4.923529 -0.7533635 -0.07777815 0.2486893
20 27.67569 2.193105 -0.5155471 4.066694 2.366028 -4.206359 -0.4599809 -0.06041383 0.2071633
21 27.32695 2.041549 -0.4989545 3.480749 1.894017 -4.253152 -0.4630637 -0.06236962 0.2185325
22 27.29013 2.105412 -0.5130709 3.819175 2.612621 -4.039319 -1.25663 -0.07942549 0.2359568
24 27.89609 2.210175 -0.5137327 3.812067 2.428066 -4.413945 -0.7334644 -0.07309701 0.2357077
25 27.78655 2.153053 -0.4931737 4.375963 1.698298 -4.472216 -1.005609 -0.05993472 0.2146974
29 27.74674 2.222286 -0.5298169 4.087356 2.247193 -4.317473 -0.9120835 -0.06839945 0.2172468
30 27.67529 2.132991 -0.4998441 4.020112 2.531613 -3.996519 -0.982788 -0.05752964 0.1987308
31 27.17844 2.163205 -0.5247598 3.69499 2.224466 -4.330841 -1.457907 -0.07218787 0.2407976
32 28.05188 2.154502 -0.4859196 4.183403 2.868804 -4.180266 -0.8471247 -0.08428827 0.2259223
33 27.08316 2.115991 -0.523155 4.13101 2.371791 -4.252858 -1.111197 -0.05300939 0.2032704
34 27.52213 2.169081 -0.5299183 3.76678 2.268509 -4.817896 -0.8366136 -0.0835415 0.2490854
38 27.43107 2.140933 -0.51432 3.855524 2.781184 -4.505404 -0.5101478 -0.06096428 0.2153014
41 27.51493 2.186788 -0.5165124 4.184299 2.171129 -3.800786 -1.244543 -0.06688491 0.2051322
42 27.40106 2.084568 -0.4936554 3.568848 2.548971 -4.047433 -0.8201646 -0.0721274 0.2207884
43 27.62752 2.14133 -0.526307 3.714043 2.860731 -4.486804 -0.9558502 -0.08488552 0.2438232
46 27.31051 2.080147 -0.5162822 4.12254 2.075049 -3.904644 -0.4027496 -0.06113473 0.1963678
47 27.54196 2.141924 -0.4996888 3.916665 2.499885 -4.394953 -0.8792221 -0.07248027 0.2220742
49 27.52703 2.081604 -0.5115112 3.799543 2.410537 -4.543789 -0.5531126 -0.05235323 0.2028663
52 27.54483 2.136041 -0.518834 4.135878 1.886236 -3.988104 -0.9314592 -0.06608393 0.2100499
53 27.37817 2.091014 -0.5047054 3.949174 1.819296 -4.533671 -0.8231796 -0.0500233 0.2117969
54 27.516 2.149441 -0.499972 4.070021 2.372695 -4.558728 -0.7201614 -0.07984386 0.2390904
55 27.66277 2.162048 -0.5244609 4.059023 2.591915 -4.740794 -0.7523931 -0.06789059 0.2282018
57 27.23044 2.138002 -0.5220262 3.740881 2.18747 -4.038697 -1.147284 -0.06310031 0.209137
60 27.40977 2.130944 -0.5236935 4.187085 2.064447 -4.614347 -0.6949738 -0.07076925 0.2298977
61 27.45464 2.06366 -0.4973536 3.75576 2.646276 -4.427427 -1.286869 -0.08193679 0.2439748
62 27.54622 2.235003 -0.5177991 3.952784 3.084547 -4.27842 -0.3540421 -0.08228831 0.219704
64 27.42652 2.14549 -0.5181608 3.986926 2.286544 -4.393061 -1.139775 -0.07224655 0.2342299
65 27.52513 2.179227 -0.5154559 4.206337 2.560439 -3.977316 -1.032411 -0.06201721 0.2000082
68 27.3143 2.083638 -0.5183438 4.206278 2.105255 -4.691442 -0.5918994 -0.0537402 0.2137386
69 27.51933 2.12417 -0.5094792 3.806443 3.061266 -4.392291 -0.9910933 -0.07038163 0.2235968
70 27.95308 2.122819 -0.4926207 3.677706 2.920238 -4.575673 -0.9072943 -0.08629417 0.2466805
71 27.20473 2.168966 -0.5175278 3.990815 2.127974 -4.539793 -0.8448145 -0.07995933 0.2336267
72 27.95127 2.129565 -0.488334 3.841084 3.032081 -4.409157 -0.8778481 -0.0975807 0.2486027
73 27.80286 2.045577 -0.485066 3.827714 2.005208 -3.952043 -1.25768 -0.06321308 0.2052081
74 27.59136 2.129089 -0.5108771 4.166867 2.841946 -4.153522 -1.116597 -0.06447657 0.2139825
76 27.41869 2.111991 -0.5187094 3.758053 2.41793 -3.944296 -0.9811015 -0.06740106 0.2140739
78 27.01509 2.055049 -0.5146249 3.80265 2.395131 -4.91418 -0.5015858 -0.06324834 0.2263006
79 27.3319 2.106036 -0.5117509 3.94413 2.009685 -4.046276 -0.5959338 -0.06279353 0.1938297
80 27.38326 2.236307 -0.5211892 3.869383 2.575194 -4.513489 -0.4864246 -0.04811643 0.2047863
81 27.56778 2.130541 -0.5141332 3.869941 2.414489 -4.440826 -1.349695 -0.07939264 0.2449918
82 27.82819 2.14818 -0.4990412 3.84848 3.228926 -4.363285 -0.668922 -0.0981647 0.2486006
83 27.48497 2.097663 -0.4986018 3.654375 2.698674 -4.312395 -0.6979304 -0.08156535 0.2318866
85 27.5517 2.091517 -0.5021757 4.046742 2.531427 -4.058019 -0.9670188 -0.05551003 0.2019866
88 27.46826 2.060976 -0.5057733 4.059576 2.1613 -4.781063 -0.8597903 -0.0695831 0.2336023
89 27.698 2.141114 -0.5166327 3.907578 2.381398 -4.512603 -0.7037889 -0.07242067 0.2294284
91 27.57579 2.100487 -0.5067231 4.096397 2.173326 -4.229756 -0.8353837 -0.06726002 0.2127696
92 27.80465 2.15006 -0.4917965 3.839989 2.740459 -4.487381 -0.4022851 -0.07708294 0.2214175
97 27.57367 2.157324 -0.5026278 4.183465 3.045231 -4.284031 -1.264035 -0.06888383 0.2180631
99 27.66347 2.169137 -0.494296 3.96043 2.238459 -4.14075 -0.8453182 -0.07738712 0.2288156
100 27.22723 2.196801 -0.5289818 3.988133 3.031107 -4.531663 -0.641679 -0.08683184 0.2476751
112 27.69294 2.142466 -0.5039837 3.938616 2.85491 -4.449218 -0.7263249 -0.0839821 0.2415423
117 27.8434 2.182124 -0.5081038 3.658923 2.710073 -4.69845 -0.5210741 -0.08529473 0.2483585
119 27.39795 2.220544 -0.5248077 4.020111 2.807104 -4.971369 -0.3778102 -0.05926937 0.22567
120 28.14347 2.152012 -0.4874962 4.112707 2.88314 -4.027598 -0.8448862 -0.06944711 0.2089399
121 27.84428 2.087711 -0.4860338 4.121708 2.383517 -4.816833 -0.4274068 -0.08581737 0.2395394
122 27.84355 2.149496 -0.5065277 4.034852 2.400704 -4.81369 -0.8070309 -0.076437 0.2477639
125 27.25159 2.15262 -0.5214129 4.058562 2.629045 -4.291234 -1.14686 -0.06451051 0.2205667
126 27.43725 2.146198 -0.5253286 3.444051 2.541456 -4.945156 -0.7048434 -0.0876032 0.2612502
128 27.51888 2.188651 -0.5147965 3.835981 2.208816 -4.290765 -0.8329164 -0.07961317 0.2291692
129 27.80447 2.122704 -0.5011781 3.927055 3.021162 -5.28793 -0.638079 -0.09742479 0.2792584
133 27.76535 2.196762 -0.5246927 3.961345 3.136447 -4.727619 -0.64282 -0.07599151 0.2341934
136 27.87264 2.133588 -0.5040077 4.051146 2.938494 -4.590712 -0.4139441 -0.08987321 0.2399254
138 27.73731 2.129231 -0.5072207 3.729439 2.556015 -4.612207 -1.077882 -0.08325874 0.2428447
147 27.32364 2.137061 -0.5062354 3.918442 2.505816 -4.042925 -0.4094237 -0.06138141 0.2030375
148 27.38001 2.162987 -0.5191197 3.953571 2.709131 -4.092595 -1.185932 -0.07966906 0.2270975
149 27.60897 2.156345 -0.5025593 3.715104 2.98572 -4.588228 -0.4263614 -0.09152063 0.2487646
150 27.62283 2.100358 -0.4933118 3.767822 1.913791 -4.44377 -0.433834 -0.06448288 0.2142817
1001 27.49277 2.19343 -0.4964437 3.593948 2.977529 -4.384201 -0.8276283 -0.0896827 0.246277
1002 27.34435 2.168199 -0.523948 3.968979 2.195465 -4.573813 -0.7080598 -0.06749778 0.2259359
1006 27.41945 2.04935 -0.5091269 3.750622 2.348717 -3.893378 -0.8447989 -0.08617537 0.2276951
1007 27.45655 2.112952 -0.5175798 3.699782 2.331214 -3.944415 -0.9231937 -0.07907874 0.2224332
1008 27.39363 2.169889 -0.5211046 3.964505 2.591508 -3.738924 -0.4876321 -0.06098057 0.1936768
1011 27.82317 2.127021 -0.5014241 3.917071 2.158884 -4.202352 -0.6608008 -0.06055492 0.2113883
1012 27.51991 2.1561 -0.5172753 4.161483 2.130392 -4.523779 -0.1699782 -0.06745272 0.2151447
1021 27.64339 2.135131 -0.5047704 4.060052 2.757593 -4.465747 -0.9961056 -0.08585262 0.2428397
1022 27.412 2.10275 -0.512724 3.747358 2.192187 -4.154662 -0.9320463 -0.08627746 0.2428222
1025 27.32662 2.093459 -0.5188138 3.833686 2.611549 -4.323614 -0.4065394 -0.05714981 0.2068787
1026 27.42896 2.082948 -0.5030013 3.85549 3.216387 -4.387397 -0.5131103 -0.073703 0.226696
1027 27.86399 2.116724 -0.4899248 3.967908 2.516581 -4.446329 -0.6282008 -0.07000207 0.2250324
1032 27.80183 2.140266 -0.4905089 4.069604 2.586763 -4.26669 -1.30019 -0.08779999 0.2430695
1034 27.81061 2.127884 -0.489875 3.798564 2.579762 -4.491755 -0.4767432 -0.07689304 0.2238592
1051 27.14721 2.148567 -0.5137397 4.12937 2.315093 -4.077968 -0.5962626 -0.06210896 0.2029992
1052 27.82762 2.135437 -0.4867093 3.769517 2.275765 -4.595062 -0.4404762 -0.0701518 0.2204551
1053 27.4842 2.210907 -0.5249808 3.869569 2.714417 -4.62875 -0.6006031 -0.05767685 0.2117832
1057 27.59764 2.189255 -0.5227595 4.15732 2.11765 -4.249615 -1.415941 -0.08067554 0.2344774
1058 27.68248 2.104959 -0.4948561 4.18473 2.767535 -4.155484 -0.8372748 -0.06930228 0.2196944
1061 27.55156 2.232125 -0.5246617 3.869574 3.666504 -4.560141 -1.057774 -0.08243025 0.2493992
1062 27.41759 2.241033 -0.5306013 3.845826 2.364875 -5.022695 -0.8785918 -0.07062622 0.2474052
