4 37.32701 36.88059
5 35.50332 36.98179
7 42.93057 42.95495
9 40.06105 42.65322
11 36.79663 35.69443
12 39.70027 38.70046
13 38.07028 37.45033
14 37.34321 36.96146
15 43.7872 44.69017
16 42.27688 41.8689
18 66.13011 64.99242
19 70.28371 72.0877
20 69.11991 67.06762
21 58.57364 57.32649
22 62.37482 61.30475
24 66.98981 67.85519
25 78.65456 76.49129
29 77.83496 80.25875
30 75.78254 73.106
31 66.60759 66.96126
32 73.02962 74.31983
33 76.67164 73.99127
34 72.61448 75.2109
38 69.34068 69.53837
41 69.214 70.87488
42 66.29877 63.98553
43 69.01727 69.1134
46 63.33133 59.25212
47 77.6501 76.0924
49 77.22501 74.30675
52 67.17089 67.16346
53 65.06772 64.7051
54 66.40885 66.14233
55 80.44352 79.7099
57 74.22808 68.54863
60 71.87603 70.27957
61 67.21492 68.36804
62 75.87789 76.41926
64 66.48993 65.74331
65 74.5888 74.88228
68 71.15874 70.39101
69 72.94976 69.95499
70 73.13577 72.80179
71 71.21635 68.98089
72 71.01367 72.49222
73 69.7965 69.85904
74 68.77693 69.01654
76 65.08552 62.76188
78 68.9672 69.26246
79 72.90562 71.54635
80 68.16813 67.80062
81 68.40686 66.4435
82 73.80828 73.86063
83 65.4007 67.77778
85 71.2726 69.71387
88 77.55816 74.01754
89 68.87909 67.74092
91 72.1834 70.31183
92 79.53554 78.99383
97 82.7967 79.56051
99 65.83106 66.43198
100 63.53576 66.00118
112 43.59589 42.02801
117 43.91176 42.27388
119 40.7254 41.58571
120 44.27382 43.36278
121 41.20038 40.76716
122 38.74302 38.61757
125 41.88766 41.30876
126 39.6987 39.7042
128 43.61384 41.245
129 44.06726 42.75892
133 46.72559 47.02312
136 42.05223 41.10368
138 42.59769 39.6715
147 65.14059 64.14276
148 72.88484 72.9599
149 70.43063 69.58181
150 73.49635 71.27645
1001 72.27774 70.74135
1002 67.8259 69.21918
1006 63.46994 61.68116
1007 64.7879 65.16924
1008 61.21874 61.62841
1011 66.2935 66.41379
1012 72.52959 71.84525
1021 70.8464 70.59759
1022 61.51333 60.59743
1025 66.56585 66.35794
1026 65.39541 64.29369
1027 72.06912 69.917
1032 72.74478 73.75286
1034 76.47816 75.14279
1051 67.43461 65.93951
1052 75.99082 75.48655
1053 79.72785 79.01771
1057 71.41154 73.04637
1058 71.57421 68.69681
1061 69.20638 71.55041
1062 70.74572 71.30603
