4 200200004
5 200200005
7 200200007
9 200200009
11 200200011
12 200200012
13 200200013
14 200200014
15 200200015
16 200200016
18 200200018
19 200200019
20 200200020
21 200200021
22 200200022
24 200200024
25 200200025
29 200200029
30 200200030
31 200200031
32 200200032
33 200200033
34 200200034
38 200200038
41 200200041
42 200200042
43 200200043
46 200200046
47 200200047
49 200200049
52 200200052
53 200200053
54 200200054
55 200200055
57 200200057
60 200200060
61 200200061
62 200200062
64 200200064
65 200200065
68 200200068
69 200200069
70 200200070
71 200200071
72 200200072
73 200200073
74 200200074
76 200200076
78 200200078
79 200200079
80 200200080
81 200200081
82 200200082
83 200200083
85 200200085
88 200200088
89 200200089
91 200200091
92 200200092
97 200200097
99 200200099
100 200200100
112 200200112
117 200200117
119 200200119
120 200200120
121 200200121
122 200200122
125 200200125
126 200200126
128 200200128
129 200200129
133 200200133
136 200200136
138 200200138
147 200200147
148 200200148
149 200200149
150 200200150
1001 200201001
1002 200201002
1006 200201006
1007 200201007
1008 200201008
1011 200201011
1012 200201012
1021 200201021
1022 200201022
1025 200201025
1026 200201026
1027 200201027
1032 200201032
1034 200201034
1051 200201051
1052 200201052
1053 200201053
1057 200201057
1058 200201058
1061 200201061
1062 200201062
