1 13273.28 13468.67 13452.23 13538.26 13729.2 13712.85
2 13076.22 13345.98 13290.36 13307.51 13526.53 13476.19
3 13579.87 13779.16 13783.33 13939.69 14071.55 14096.87
4 13483.01 13717.5 13668.91 13717.59 13886.72 13811.26
5 13521.33 13688.9 13754.9 13785.14 13930.05 13977.99
6 13396.19 13576.37 13631.53 13646.39 13789.82 13806.48
7 13613.45 13851.55 13859.56 14003.44 14184.81 14208.93
8 13715.73 13928.26 13914.9 14029.34 14164.95 14161.8
9 13756.22 13967.63 13953.55 14055.36 14224.01 14200.94
10 13470.6 13732.14 13659.8 13655.7 13896.08 13830.27
11 14234.21 14456.59 14438.83 14461.23 14664.82 14647.9
12 13638.65 13869.54 13881.48 13966.39 14128.15 14141.77
13 13404.32 13642.38 13624.55 13640.31 13828.33 13803.81
14 13964.86 14224.33 14165.49 14125.76 14378.15 14310.04
15 13140.41 13391.29 13331.79 13548.65 13730.82 13697.45
16 13757.56 13965.63 14028.02 14070.1 14212.08 14264.16
17 13310.73 13545.59 13496.57 13506.01 13716.07 13668.44
18 13087.85 13326.75 13323.84 13296.17 13487.84 13464.55
19 13480.75 13707.2 13705.81 13715.69 13908.12 13883.77
20 13380.02 13588.41 13635.38 13683.82 13821.78 13887.05
21 13374.51 13587.08 13561.21 13772.6 13925.26 13904.47
22 13138.96 13432.59 13357.25 13375.73 13615.5 13547.63
23 13474.05 13668.97 13701.46 13681.03 13816.25 13867.64
24 14062.83 14194.38 14226.27 14308.85 14447.68 14463.1
25 13317.79 13583.89 13604.42 13782.46 13995.16 14019.29
26 13595.19 13817.52 13846.42 13833.78 14032.33 14014.48
27 14133.24 14238.8 14287.33 14451.03 14559.59 14596.76
28 13223.87 13450.82 13476.89 13419 13636.42 13642.59
29 13748.13 14027.5 13979.72 14063.04 14228.08 14175.58
30 13299.26 13498.6 13500.94 13687.1 13851.86 13881.15
31 13459.84 13668.07 13679.58 13841.79 13977.79 13989.48
32 13626.87 13846.59 13814.05 13967.24 14159.31 14119.78
33 14041.99 14231.63 14231.18 14419.92 14529.68 14562.17
34 13337.24 13641.51 13592.51 13560.66 13790.54 13730.23
35 13741.16 13943.47 13908.74 14022.19 14235.32 14204.07
36 13597.86 13789.39 13825.25 13845.75 13987.09 14040.6
37 13634.61 13794.31 13817.08 13879.36 14036.93 14053.74
38 13486.97 13707.7 13705.78 13859.37 13994.79 13978.05
39 14130.25 14337.89 14335.16 14458.34 14598.4 14626.96
40 14079.76 14271.49 14229.42 14299.04 14480.48 14453.41
41 13124.51 13262.46 13295.04 13422.89 13575.07 13593.75
42 13514.08 13834.34 13801.84 14063.26 14182.84 14161.89
43 13150.92 13332.29 13407.12 13652.57 13773.8 13855.05
44 13695.79 13871.89 13886.45 13949.1 14049.51 14065.25
45 13812.87 14088.55 14045.82 14135.66 14349.75 14311.83
46 13406 13599.21 13597.96 13655.18 13811.6 13796.01
47 13922.34 14088.84 14111.06 14211.89 14333.62 14362.67
48 13227.79 13362.88 13393.06 13422.21 13549.42 13568.78
49 13634.75 13887.3 13847.12 13966.76 14166.54 14131.44
50 13696.55 13896.5 13881.88 14050.3 14147.38 14150.66
51 13287.71 13486.81 13524.73 13514.82 13673.65 13696.36
52 13848.16 14093.71 14042.91 14072.75 14283.04 14210.43
53 13504.3 13684.25 13708.7 13756.56 13908.04 13958.54
54 13446.07 13688.54 13621.41 13644.07 13815.4 13778.2
55 13685.99 13874.42 13874.79 13894.65 14057.13 14063.58
56 13537.95 13689.4 13708.91 13846.97 13965.29 13961.92
57 13621.66 13849.33 13801.63 13940.42 14070.97 14030.79
58 14158.68 14339.54 14324.27 14589.61 14733.25 14745.26
59 13852.74 14148.92 14111.39 14115.52 14356.76 14311.33
60 13949.61 14130.07 14144.57 14243.41 14402.46 14423.95
61 13852.2 14081.66 14082.19 14232.95 14435.63 14443.43
62 14100.25 14394.51 14353.71 14549.62 14651.17 14623.59
63 13385.56 13558.42 13572.54 13674.53 13788.36 13811.25
64 13779.39 14034.52 14033.48 14051.34 14262.19 14230.77
65 13824.28 14026.78 14070.84 14064.81 14222.16 14230.21
66 12877.56 13111.9 13069.09 13276.3 13483.29 13422.05
67 13986.51 14151.19 14152.16 14249.9 14407.64 14415.34
68 13172.19 13376.1 13375.47 13460.68 13588.25 13613.03
69 13512.86 13735.2 13787.9 13831.68 14021.76 14076.63
70 14064.24 14238.06 14232.26 14318.27 14433.62 14469.9
71 12598.6 12874.59 12918.8 12954 13084.57 13115.11
72 13596.7 13814.96 13814.18 13820.36 14017.37 14029.41
73 13810.54 13988.86 13967.94 14124.88 14279.15 14257.21
74 13938.76 14115.54 14129.04 14296.82 14430.29 14464.69
75 13247.32 13426.58 13451.8 13398.14 13536.19 13569.78
76 13627.35 13876.86 13815.1 13927.44 14153.44 14097.18
77 13432.21 13639.51 13672.95 13783.35 13931.32 13943.31
78 13457.88 13654.21 13669.09 13702.61 13866.63 13860.44
79 13269.28 13535.05 13528.75 13570.59 13795.58 13767.24
80 13735.62 13961.55 13968.61 13970.07 14179.37 14172.69
81 13284.77 13465.09 13494.44 13700.65 13809.78 13834.34
82 13538.69 13729.6 13740.91 13800.28 13915.99 13920.53
83 14074.29 14252.81 14227.99 14392.4 14535.19 14549.27
84 13647.48 13911.84 13845.71 13940.92 14147.63 14088.3
85 13343.85 13581.06 13564.99 13549.34 13752.18 13731.64
86 13970.67 14115.06 14147.88 14204.95 14336.3 14361.38
87 13782.49 14068.41 14039.63 14022.39 14255.06 14255.6
88 12879.22 13039.48 13101.68 13150.88 13232.44 13294.09
89 13367.67 13645.21 13613 13643.09 13899.59 13846.12
90 13967.55 14229.28 14207.41 14261.9 14445.76 14434.64
91 13939.89 14163.67 14196.53 14204.92 14357.11 14376.32
92 14463.76 14663.64 14634.01 14726.22 14882.31 14873.7
93 14030.82 14174.78 14193.53 14216.39 14332.8 14367.14
94 14397.27 14591.53 14562.94 14586.53 14754.3 14730.56
95 13277.64 13516.98 13514.51 13659.19 13794.49 13786.89
96 14026.09 14305.85 14214.01 14499.08 14699.56 14631.29
97 13198.96 13376.99 13362.68 13391.85 13532.68 13540.14
98 12791.03 13028.13 13064.51 13187.57 13382.97 13394.5
99 14165.72 14361.22 14361.61 14393.83 14567.26 14542.5
100 13366.41 13626.43 13581.05 13568.04 13778.71 13733.16
