1 13313.2 13504.6 13480.17 13578.18 13765.12 13740.79
2 13116.14 13381.9 13318.3 13347.43 13562.46 13504.13
3 13619.79 13815.08 13811.27 13979.61 14107.48 14124.81
4 13522.92 13753.42 13696.85 13757.51 13922.64 13839.2
5 13561.25 13724.82 13782.84 13825.06 13965.97 14005.93
6 13436.11 13612.29 13659.47 13686.3 13825.74 13834.42
7 13653.37 13887.47 13887.5 14043.35 14220.74 14236.87
8 13755.64 13964.18 13942.84 14069.26 14200.88 14189.74
9 13796.13 14003.55 13981.49 14095.28 14259.94 14228.88
10 13510.52 13768.07 13687.74 13695.61 13932 13858.21
11 14274.12 14492.51 14466.77 14501.15 14700.75 14675.84
12 13678.56 13905.47 13909.42 14006.31 14164.08 14169.71
13 13444.24 13678.31 13652.49 13680.23 13864.25 13831.75
14 14004.78 14260.25 14193.43 14165.68 14414.07 14337.98
15 13180.32 13427.22 13359.73 13588.56 13766.74 13725.39
16 13797.47 14001.55 14055.96 14110.01 14248 14292.1
17 13350.65 13581.51 13524.51 13545.92 13751.99 13696.38
18 13127.76 13362.67 13351.78 13336.08 13523.77 13492.49
19 13520.67 13743.12 13733.75 13755.61 13944.04 13911.71
20 13419.93 13624.34 13663.32 13723.73 13857.71 13914.99
21 13414.42 13623 13589.15 13812.51 13961.18 13932.41
22 13178.88 13468.52 13385.19 13415.65 13651.43 13575.57
23 13513.96 13704.9 13729.4 13720.95 13852.17 13895.58
24 14102.75 14230.3 14254.21 14348.76 14483.61 14491.04
25 13357.7 13619.82 13632.36 13822.38 14031.08 14047.23
26 13635.1 13853.44 13874.36 13873.69 14068.25 14042.42
27 14173.15 14274.72 14315.27 14490.94 14595.51 14624.7
28 13263.78 13486.74 13504.83 13458.92 13672.34 13670.53
29 13788.05 14063.43 14007.66 14102.95 14264.01 14203.52
30 13339.17 13534.53 13528.88 13727.01 13887.78 13909.09
31 13499.76 13703.99 13707.52 13881.71 14013.71 14017.42
32 13666.79 13882.51 13841.99 14007.15 14195.23 14147.72
33 14081.9 14267.55 14259.12 14459.83 14565.6 14590.11
34 13377.15 13677.43 13620.45 13600.57 13826.46 13758.17
35 13781.07 13979.4 13936.68 14062.11 14271.24 14232.01
36 13637.78 13825.32 13853.19 13885.66 14023.01 14068.54
37 13674.52 13830.23 13845.02 13919.27 14072.85 14081.68
38 13526.89 13743.63 13733.72 13899.29 14030.71 14005.99
39 14170.16 14373.81 14363.1 14498.26 14634.33 14654.9
40 14119.68 14307.41 14257.36 14338.96 14516.41 14481.35
41 13164.43 13298.39 13322.98 13462.81 13610.99 13621.69
42 13553.99 13870.26 13829.78 14103.18 14218.77 14189.83
43 13190.83 13368.21 13435.06 13692.49 13809.72 13882.99
44 13735.7 13907.82 13914.39 13989.02 14085.43 14093.19
45 13852.78 14124.48 14073.76 14175.58 14385.67 14339.77
46 13445.91 13635.14 13625.9 13695.09 13847.53 13823.95
47 13962.25 14124.76 14139 14251.81 14369.55 14390.61
48 13267.7 13398.8 13421 13462.12 13585.34 13596.72
49 13674.66 13923.22 13875.06 14006.67 14202.46 14159.38
50 13736.46 13932.42 13909.82 14090.22 14183.3 14178.6
51 13327.62 13522.74 13552.67 13554.73 13709.57 13724.3
52 13888.07 14129.63 14070.85 14112.66 14318.96 14238.37
53 13544.22 13720.18 13736.64 13796.47 13943.97 13986.48
54 13485.99 13724.46 13649.35 13683.99 13851.32 13806.15
55 13725.9 13910.34 13902.73 13934.56 14093.06 14091.52
56 13577.86 13725.33 13736.85 13886.89 14001.21 13989.86
57 13661.57 13885.26 13829.57 13980.33 14106.89 14058.73
58 14198.59 14375.46 14352.21 14629.52 14769.17 14773.2
59 13892.65 14184.85 14139.33 14155.43 14392.68 14339.27
60 13989.53 14166 14172.51 14283.33 14438.38 14451.89
61 13892.12 14117.58 14110.13 14272.87 14471.56 14471.37
62 14140.17 14430.43 14381.65 14589.53 14687.09 14651.53
63 13425.48 13594.34 13600.48 13714.45 13824.28 13839.19
64 13819.3 14070.44 14061.42 14091.26 14298.12 14258.71
65 13864.19 14062.7 14098.78 14104.73 14258.08 14258.15
66 12917.47 13147.83 13097.03 13316.21 13519.22 13449.99
67 14026.42 14187.11 14180.1 14289.82 14443.57 14443.28
68 13212.1 13412.03 13403.41 13500.6 13624.17 13640.98
69 13552.77 13771.13 13815.84 13871.6 14057.68 14104.57
70 14104.15 14273.98 14260.2 14358.19 14469.54 14497.84
71 12638.51 12910.51 12946.74 12993.92 13120.5 13143.05
72 13636.61 13850.88 13842.12 13860.27 14053.3 14057.35
73 13850.46 14024.78 13995.88 14164.79 14315.07 14285.15
74 13978.67 14151.46 14156.98 14336.73 14466.22 14492.63
75 13287.23 13462.51 13479.74 13438.05 13572.11 13597.72
76 13667.26 13912.78 13843.04 13967.35 14189.36 14125.12
77 13472.13 13675.43 13700.89 13823.26 13967.24 13971.25
78 13497.8 13690.14 13697.03 13742.52 13902.55 13888.38
79 13309.2 13570.97 13556.69 13610.5 13831.5 13795.18
80 13775.53 13997.48 13996.55 14009.98 14215.29 14200.63
81 13324.68 13501.01 13522.38 13740.57 13845.7 13862.28
82 13578.61 13765.52 13768.85 13840.19 13951.91 13948.47
83 14114.2 14288.73 14255.93 14432.32 14571.12 14577.21
84 13687.39 13947.76 13873.65 13980.83 14183.55 14116.24
85 13383.76 13616.99 13592.93 13589.26 13788.11 13759.58
86 14010.58 14150.98 14175.82 14244.87 14372.22 14389.32
87 13822.41 14104.33 14067.57 14062.3 14290.99 14283.54
88 12919.14 13075.4 13129.62 13190.8 13268.36 13322.03
89 13407.59 13681.13 13640.94 13683 13935.51 13874.06
90 14007.47 14265.2 14235.35 14301.81 14481.69 14462.58
91 13979.8 14199.59 14224.47 14244.84 14393.03 14404.26
92 14503.68 14699.56 14661.95 14766.13 14918.23 14901.64
93 14070.74 14210.7 14221.47 14256.31 14368.73 14395.08
94 14437.18 14627.46 14590.88 14626.44 14790.23 14758.5
95 13317.55 13552.9 13542.45 13699.1 13830.42 13814.84
96 14066.01 14341.77 14241.95 14539 14735.49 14659.23
97 13238.87 13412.91 13390.62 13431.76 13568.6 13568.08
98 12830.94 13064.05 13092.45 13227.48 13418.89 13422.44
99 14205.64 14397.14 14389.55 14433.75 14603.18 14570.44
100 13406.33 13662.36 13608.99 13607.95 13814.64 13761.1
