1 0.5525
2 0.5775
3 0.5175
4 0.535
5 0.505
6 0.5475
7 0.5275
8 0.5
9 0.475
10 0.51
11 0.44
12 0.515
13 0.5075
14 0.4975
15 0.5225
16 0.5075
17 0.5225
18 0.5425
19 0.505
20 0.5
21 0.5525
22 0.5775
23 0.5275
24 0.4725
25 0.5225
26 0.5075
27 0.49
28 0.535
29 0.505
30 0.5425
31 0.5175
32 0.5125
33 0.47
34 0.525
35 0.5125
36 0.5025
37 0.5325
38 0.5075
39 0.495
40 0.465
41 0.56
42 0.52
43 0.52
44 0.51
45 0.5125
46 0.525
47 0.495
48 0.5525
49 0.5225
50 0.52
51 0.5
52 0.4925
53 0.495
54 0.5175
55 0.54
56 0.5325
57 0.5075
58 0.4925
59 0.515
60 0.5075
61 0.48
62 0.4775
63 0.5425
64 0.5025
65 0.4725
66 0.585
67 0.47
68 0.5275
69 0.4925
70 0.4675
71 0.58
72 0.505
73 0.525
74 0.48
75 0.54
76 0.5075
77 0.5125
78 0.5375
79 0.535
80 0.47
81 0.53
82 0.53
83 0.47
84 0.515
85 0.52
86 0.48
87 0.4875
88 0.56
89 0.5125
90 0.47
91 0.47
92 0.45
93 0.475
94 0.5025
95 0.5375
96 0.4975
97 0.5425
98 0.54
99 0.47
100 0.53
