1 1000 1000 892 1000 1000 801
2 1000 1000 1000 1000 1000 523
3 1000 1000 583 1000 1000 472
4 1000 1000 1000 1000 1000 738
5 1000 1000 656 1000 1000 244
6 1000 1000 1000 1000 1000 839
7 1000 1000 879 1000 1000 962
8 1000 1000 640 1000 1000 963
9 1000 1000 1000 1000 1000 265
10 1000 1000 812 1000 1000 239
11 1000 1000 1000 1000 1000 1000
12 1000 1000 180 1000 1000 702
13 1000 1000 649 1000 1000 649
14 1000 1000 812 1000 1000 932
15 1000 1000 850 1000 1000 441
16 1000 1000 414 1000 1000 806
17 1000 1000 949 1000 1000 477
18 1000 1000 1000 1000 1000 601
19 1000 1000 770 1000 1000 955
20 1000 1000 623 1000 1000 980
21 1000 1000 1000 1000 1000 1000
22 1000 1000 542 1000 1000 649
23 1000 1000 132 1000 1000 877
24 1000 1000 865 1000 1000 690
25 1000 1000 918 1000 1000 1000
26 1000 1000 1000 1000 1000 1000
27 1000 1000 1000 1000 1000 1000
28 1000 1000 269 1000 1000 1000
29 1000 1000 1000 1000 1000 272
30 1000 1000 866 1000 1000 1000
31 1000 1000 460 1000 1000 758
32 1000 1000 971 1000 1000 1000
33 1000 1000 626 1000 1000 395
34 1000 1000 698 1000 1000 799
35 1000 1000 472 1000 1000 640
36 1000 1000 111 1000 1000 773
37 1000 1000 849 1000 1000 1000
38 1000 1000 774 1000 1000 498
39 1000 1000 695 1000 1000 1000
40 1000 1000 378 1000 1000 1000
41 1000 1000 749 1000 1000 1000
42 1000 1000 311 1000 1000 793
43 1000 1000 740 1000 1000 541
44 1000 1000 483 1000 1000 664
45 1000 1000 1000 1000 1000 426
46 1000 1000 1000 1000 1000 1000
47 1000 1000 1000 1000 1000 1000
48 1000 1000 553 1000 1000 1000
49 1000 1000 911 1000 1000 907
50 1000 1000 334 1000 1000 719
51 1000 1000 575 1000 1000 357
52 1000 1000 547 1000 1000 712
53 1000 1000 600 1000 1000 1000
54 1000 1000 597 1000 1000 760
55 1000 1000 639 1000 1000 892
56 1000 1000 921 1000 1000 765
57 1000 1000 590 1000 1000 904
58 1000 1000 560 1000 1000 1000
59 1000 1000 172 1000 1000 725
60 1000 1000 389 1000 1000 797
61 1000 1000 661 1000 1000 1000
62 1000 1000 220 1000 1000 1000
63 1000 1000 716 1000 1000 1000
64 1000 1000 1000 1000 1000 888
65 1000 1000 518 1000 1000 633
66 1000 1000 792 1000 1000 399
67 1000 1000 1000 1000 1000 1000
68 1000 1000 346 1000 1000 727
69 1000 1000 932 1000 1000 236
70 1000 1000 997 1000 1000 1000
71 1000 1000 444 1000 1000 843
72 1000 1000 968 1000 1000 792
73 1000 1000 1000 1000 1000 1000
74 1000 1000 378 1000 1000 301
75 1000 1000 132 1000 1000 943
76 1000 1000 951 1000 1000 769
77 1000 1000 702 1000 1000 603
78 1000 1000 761 1000 1000 1000
79 1000 1000 314 1000 1000 1000
80 1000 1000 1000 1000 1000 1000
81 1000 1000 600 1000 1000 1000
82 1000 1000 722 1000 1000 1000
83 1000 1000 260 1000 1000 1000
84 1000 1000 524 1000 1000 771
85 1000 1000 470 1000 1000 234
86 1000 1000 296 1000 1000 1000
87 1000 1000 100 1000 1000 1000
88 1000 1000 197 1000 1000 1000
89 1000 1000 903 1000 1000 773
90 1000 1000 353 1000 1000 1000
91 1000 1000 1000 1000 1000 684
92 1000 1000 937 1000 1000 1000
93 1000 1000 1000 1000 1000 1000
94 1000 1000 331 1000 1000 858
95 1000 1000 898 1000 1000 271
96 1000 1000 984 1000 1000 1000
97 1000 1000 1000 1000 1000 1000
98 1000 1000 1000 1000 1000 866
99 1000 1000 350 1000 1000 489
100 1000 1000 910 1000 1000 900
