1 -6626.64 -6725.337 -6719.115 -6759.13 -6855.599 -6849.426
2 -6528.112 -6663.989 -6638.178 -6643.755 -6754.267 -6731.095
3 -6779.936 -6880.579 -6884.663 -6959.845 -7026.776 -7041.435
4 -6731.505 -6849.749 -6827.456 -6848.796 -6934.36 -6898.631
5 -6750.666 -6835.449 -6870.448 -6882.571 -6956.024 -6981.997
6 -6688.097 -6779.183 -6808.764 -6813.193 -6885.908 -6896.238
7 -6796.727 -6916.774 -6922.778 -6991.718 -7083.406 -7097.466
8 -6847.863 -6955.129 -6950.449 -7004.671 -7073.476 -7073.901
9 -6868.108 -6974.816 -6969.774 -7017.682 -7103.007 -7093.472
10 -6725.302 -6857.072 -6822.901 -6817.849 -6939.04 -6908.136
11 -7107.103 -7219.294 -7212.415 -7220.617 -7323.411 -7316.949
12 -6809.324 -6925.772 -6933.741 -6973.196 -7055.077 -7063.883
13 -6692.161 -6812.191 -6805.273 -6810.156 -6905.163 -6894.903
14 -6972.431 -7103.166 -7075.743 -7052.882 -7180.075 -7148.018
15 -6560.204 -6686.647 -6658.896 -6764.324 -6856.41 -6841.726
16 -6868.78 -6973.814 -7007.008 -7025.049 -7097.041 -7125.08
17 -6645.367 -6763.793 -6741.284 -6743.003 -6849.036 -6827.222
18 -6533.923 -6654.375 -6654.92 -6638.085 -6734.922 -6725.274
19 -6730.377 -6844.599 -6845.907 -6847.846 -6945.061 -6934.886
20 -6680.009 -6785.206 -6810.69 -6831.91 -6901.891 -6936.527
21 -6677.254 -6784.539 -6773.603 -6876.298 -6953.631 -6945.233
22 -6559.482 -6707.297 -6671.626 -6677.866 -6798.752 -6766.815
23 -6727.023 -6825.487 -6843.731 -6830.517 -6899.126 -6926.82
24 -7021.417 -7088.19 -7106.137 -7144.425 -7214.841 -7224.551
25 -6648.895 -6782.946 -6795.21 -6881.232 -6988.58 -7002.643
26 -6787.594 -6899.759 -6916.208 -6906.89 -7007.165 -7000.239
27 -7056.618 -7110.399 -7136.663 -7215.513 -7270.793 -7291.378
28 -6601.935 -6716.409 -6731.445 -6699.501 -6809.208 -6814.295
29 -6864.066 -7004.752 -6982.861 -7021.518 -7105.042 -7080.792
30 -6639.63 -6740.301 -6743.468 -6833.549 -6916.929 -6933.573
31 -6719.922 -6825.033 -6832.788 -6910.896 -6979.894 -6987.74
32 -6803.437 -6914.295 -6900.026 -6973.618 -7070.654 -7052.892
33 -7010.994 -7106.816 -7108.592 -7199.96 -7255.839 -7274.083
34 -6658.619 -6811.753 -6789.253 -6770.328 -6886.268 -6858.117
35 -6860.579 -6962.737 -6947.368 -7001.097 -7108.658 -7095.034
36 -6788.932 -6885.696 -6905.626 -6912.873 -6984.546 -7013.302
37 -6807.303 -6888.155 -6901.54 -6929.678 -7009.465 -7019.869
38 -6733.486 -6844.851 -6845.89 -6919.686 -6988.396 -6982.027
39 -7055.123 -7159.944 -7160.58 -7219.17 -7290.202 -7306.479
40 -7029.882 -7126.743 -7107.709 -7139.52 -7231.241 -7219.703
41 -6552.255 -6622.231 -6640.519 -6701.446 -6778.535 -6789.874
42 -6747.038 -6908.168 -6893.92 -7021.632 -7082.421 -7073.947
43 -6565.459 -6657.143 -6696.558 -6816.286 -6877.9 -6920.527
44 -6837.895 -6926.947 -6936.224 -6964.55 -7015.753 -7025.625
45 -6896.433 -7035.276 -7015.91 -7057.832 -7165.874 -7148.915
46 -6692.998 -6790.607 -6791.979 -6817.588 -6896.801 -6891.006
47 -6951.17 -7035.42 -7048.529 -7095.946 -7157.811 -7174.335
48 -6603.893 -6672.44 -6689.529 -6701.104 -6765.709 -6777.39
49 -6807.375 -6934.648 -6916.558 -6973.378 -7074.269 -7058.718
50 -6838.273 -6939.25 -6933.939 -7015.151 -7064.689 -7068.332
51 -6633.854 -6734.407 -6755.366 -6747.409 -6827.825 -6841.182
52 -6914.078 -7037.855 -7014.453 -7026.374 -7132.521 -7098.215
53 -6742.151 -6833.126 -6847.35 -6868.278 -6945.022 -6972.272
54 -6713.036 -6835.268 -6803.704 -6812.037 -6898.699 -6882.102
55 -6832.994 -6928.208 -6930.396 -6937.324 -7019.567 -7024.789
56 -6758.974 -6835.701 -6847.455 -6913.487 -6973.644 -6973.958
57 -6800.829 -6915.667 -6893.816 -6960.21 -7026.483 -7008.395
58 -7069.339 -7160.77 -7155.136 -7284.803 -7357.624 -7365.629
59 -6916.368 -7065.462 -7048.693 -7047.758 -7169.378 -7148.663
60 -6964.807 -7056.036 -7065.284 -7111.707 -7192.228 -7204.976
61 -6916.1 -7031.831 -7034.094 -7106.476 -7208.816 -7214.713
62 -7040.127 -7188.255 -7169.857 -7264.808 -7316.585 -7304.796
63 -6682.782 -6770.209 -6779.27 -6827.266 -6885.18 -6898.626
64 -6879.694 -7008.26 -7009.738 -7015.672 -7122.097 -7108.385
65 -6902.138 -7004.39 -7028.422 -7022.405 -7102.08 -7108.103
66 -6428.779 -6546.951 -6527.547 -6628.148 -6732.646 -6704.027
67 -6983.253 -7066.595 -7069.081 -7114.952 -7194.822 -7200.67
68 -6576.094 -6679.052 -6680.733 -6720.342 -6785.124 -6799.517
69 -6746.428 -6858.601 -6886.949 -6905.842 -7001.879 -7031.314
70 -7022.118 -7110.03 -7109.131 -7149.137 -7207.81 -7227.95
71 -6289.299 -6428.295 -6452.402 -6467.001 -6533.286 -6550.557
72 -6788.349 -6898.478 -6900.091 -6900.178 -6999.687 -7007.704
73 -6895.271 -6985.431 -6976.968 -7052.44 -7130.575 -7121.604
74 -6959.378 -7048.77 -7057.522 -7138.408 -7206.146 -7225.343
75 -6613.66 -6704.292 -6718.899 -6689.069 -6759.095 -6777.891
76 -6803.674 -6929.43 -6900.551 -6953.718 -7067.718 -7041.591
77 -6706.107 -6810.755 -6829.476 -6881.673 -6956.659 -6964.655
78 -6718.942 -6818.106 -6827.545 -6841.304 -6924.313 -6923.219
79 -6624.641 -6758.526 -6757.374 -6775.295 -6888.79 -6876.62
80 -6857.809 -6971.776 -6977.303 -6975.035 -7080.683 -7079.344
81 -6632.383 -6723.545 -6740.219 -6840.327 -6895.889 -6910.17
82 -6759.347 -6855.8 -6863.455 -6890.14 -6948.994 -6953.265
83 -7027.144 -7117.404 -7106.995 -7186.202 -7258.597 -7267.637
84 -6813.738 -6946.918 -6915.856 -6960.458 -7064.815 -7037.151
85 -6661.923 -6781.532 -6775.496 -6764.671 -6867.092 -6858.819
86 -6975.335 -7048.53 -7066.94 -7092.476 -7159.149 -7173.692
87 -6881.247 -7025.205 -7012.815 -7001.195 -7118.531 -7120.802
88 -6429.612 -6510.739 -6543.841 -6565.441 -6607.219 -6640.046
89 -6673.836 -6813.603 -6799.5 -6811.543 -6940.793 -6916.061
90 -6973.775 -7105.64 -7096.705 -7120.95 -7213.882 -7210.32
91 -6959.944 -7072.835 -7091.264 -7092.462 -7169.554 -7181.16
92 -7221.882 -7322.819 -7310.006 -7353.108 -7432.154 -7429.849
93 -7005.412 -7078.389 -7089.767 -7098.196 -7157.401 -7176.57
94 -7188.633 -7286.767 -7274.472 -7283.263 -7368.151 -7358.28
95 -6628.819 -6749.488 -6750.254 -6819.594 -6888.246 -6886.447
96 -7003.046 -7143.923 -7100.006 -7239.542 -7340.782 -7308.643
97 -6589.48 -6679.495 -6674.338 -6685.924 -6757.34 -6763.071
98 -6385.515 -6505.064 -6525.257 -6583.784 -6682.485 -6690.251
99 -7072.86 -7171.609 -7173.803 -7186.916 -7274.63 -7264.25
100 -6673.206 -6804.217 -6783.527 -6774.02 -6880.357 -6859.58
