1 42.74221 43.10334 41.94388 42.84398 43.05135 41.91196
2 39.43764 40.07649 38.24021 39.59155 40.29277 38.09119
3 46.70843 46.59328 45.67475 46.90472 46.50819 45.59481
4 43.42999 42.35698 44.44919 43.53656 42.52972 44.30941
5 48.58691 48.22097 47.37886 49.15266 48.23038 47.19464
6 43.29058 42.39767 43.50839 43.68395 42.77723 43.32695
7 46.51571 43.45346 43.90773 46.81846 43.50171 43.96607
8 48.39646 48.13259 47.81494 48.78453 47.9376 47.83794
9 53.08686 51.82034 50.17101 52.39656 52.16123 50.11088
10 47.09021 44.45764 44.93722 47.3036 44.36822 44.98542
11 58.78191 56.91664 54.6777 58.62258 57.19266 54.4686
12 47.89551 45.22885 45.68385 48.35567 45.3443 45.54075
13 47.8287 47.10982 45.83561 47.94162 47.29058 46.03473
14 49.8336 48.35779 50.42366 49.60684 48.20299 50.28743
15 43.78036 43.88348 42.86006 44.38283 43.77257 42.98654
16 47.99539 46.30957 45.62503 48.91414 46.28047 45.705
17 45.92706 45.22202 46.38178 46.35214 45.0952 46.2094
18 42.44781 41.13879 41.68048 43.03148 41.01178 41.61627
19 46.04298 47.67065 46.84647 46.80273 47.52031 46.92394
20 48.22092 46.29375 45.55614 48.7135 46.49279 45.60516
21 42.66738 41.49809 42.21187 42.98274 41.64989 42.4359
22 40.08528 40.7259 38.74126 39.97277 40.52978 38.41439
23 45.84966 44.34373 43.16495 45.34288 44.3803 43.29717
24 54.1437 53.43022 52.35108 53.90553 53.42535 52.14054
25 44.72874 45.48745 45.41043 44.74608 45.45834 45.56087
26 46.86396 46.4521 44.8166 46.86705 46.57808 44.81281
27 49.68679 49.44446 50.38556 49.63946 49.20961 49.97422
28 43.79144 42.83973 43.84419 43.80012 43.21094 43.57937
29 47.07886 45.23045 47.06171 47.2416 45.16693 47.10325
30 43.74233 43.04731 43.02653 43.88805 42.99826 43.17105
31 46.01752 44.36431 46.17625 46.12846 44.83589 46.14321
32 47.71246 47.78366 45.17721 48.48476 48.08557 44.88708
33 52.9339 52.67712 53.05069 53.49519 52.58058 53.03576
34 45.99512 45.98468 44.5971 45.89064 45.59356 44.67672
35 47.04718 47.17483 47.09048 47.764 47.41473 47.31931
36 48.97831 48.80741 47.31276 49.22457 48.17332 47.3662
37 44.44446 44.57073 44.13073 44.91153 44.32973 43.90751
38 49.01728 45.12601 46.36909 49.42337 45.29201 46.42483
39 50.43991 49.78627 49.37883 50.80111 49.58679 49.18928
40 55.25656 52.30293 52.60626 54.85621 52.36336 52.29422
41 41.62484 41.19915 40.59703 41.59617 41.67479 40.33624
42 46.04938 44.61451 45.05234 46.58031 44.85004 45.16983
43 45.65983 45.95881 43.34768 45.64027 45.86115 43.31013
44 49.04376 46.2214 45.62598 48.99064 46.60245 45.90772
45 47.54406 44.93231 47.27607 48.41219 45.14048 47.30619
46 45.75471 44.41936 46.04962 45.47893 44.31392 45.9208
47 50.05807 48.33563 49.84678 50.19898 48.18983 49.80171
48 43.12778 42.66779 41.72813 43.29757 42.67094 41.80136
49 45.78647 43.1505 44.74707 46.39065 43.3764 44.45471
50 46.30769 45.21167 45.94642 46.50595 45.23127 45.77194
51 47.24977 45.68356 46.08773 47.11076 45.68072 46.42564
52 49.50298 47.73652 47.03542 50.20598 47.71561 47.88216
53 48.84129 48.80391 47.15731 49.02824 48.84358 47.60771
54 45.17431 46.25594 45.5705 45.81833 46.02411 45.43084
55 46.13132 44.46368 44.42026 46.20235 44.72045 44.18262
56 44.67882 42.84115 43.11085 44.9274 42.98196 42.96929
57 46.91513 44.93651 46.64799 47.0304 44.90149 46.60248
58 52.19197 49.38854 50.95845 52.53822 49.00865 51.0752
59 46.54546 46.90783 47.42591 47.37293 47.03882 47.02166
60 47.03194 48.45203 47.9217 47.92789 48.41058 48.61479
61 51.28442 50.76777 48.76364 51.40856 50.76024 48.64879
62 52.16548 49.53395 51.79543 52.58866 49.35272 52.16768
63 43.46403 42.61892 43.91722 43.66763 42.74676 44.08884
64 48.21848 46.63972 46.95428 48.43804 46.34408 47.03431
65 52.46779 49.81345 49.91431 53.06742 49.84492 49.70381
66 40.51516 38.27742 36.99244 41.17004 38.3242 37.24421
67 53.18319 52.38049 53.07595 53.56641 52.62278 52.98896
68 45.91916 42.89173 42.63735 46.10776 42.96172 42.63353
69 49.32034 47.98887 46.46054 49.63593 47.92851 46.40788
70 54.9365 52.89422 51.13927 56.14624 53.22038 51.0195
71 38.34167 36.59181 37.16808 38.85782 36.44931 37.1749
72 48.44252 47.70396 46.20973 49.1658 47.7341 46.19025
73 45.41896 45.4981 45.99222 46.00804 45.19803 45.92315
74 52.42283 51.86984 49.56926 52.43775 51.67861 49.53318
75 43.58056 44.16729 43.69534 43.89972 44.02639 43.91076
76 46.71662 45.35259 45.90862 47.1921 45.76524 45.86391
77 46.87508 44.38 46.03451 47.4983 44.3258 46.13141
78 42.75074 43.76601 43.85019 42.99787 43.83388 43.64786
79 44.96846 43.98958 42.74189 45.4735 43.92263 42.87007
80 53.09985 51.619 53.02212 53.72775 51.96834 52.89478
81 43.65899 43.84443 44.44724 44.08752 44.10986 44.63629
82 44.73384 43.39629 44.82262 44.66953 43.66036 45.34264
83 54.75899 51.1294 52.69406 54.77261 50.89001 52.7882
84 46.30514 46.39194 46.30777 46.47217 46.86903 45.86147
85 45.64804 43.56451 43.58775 46.19634 43.61644 43.5419
86 50.74849 49.08216 50.52115 51.14382 48.91021 50.13243
87 51.93301 48.72552 50.84031 51.19934 48.80825 51.34399
88 41.38889 41.91359 40.6095 41.55241 42.28368 40.5746
89 47.65591 47.23883 46.48006 47.91573 47.20481 46.45214
90 51.62343 50.35971 53.33925 52.41826 50.24906 52.82444
91 52.06412 51.5529 51.3754 51.96057 51.44952 51.54718
92 56.22329 55.22475 56.08987 56.60585 55.03888 56.05626
93 52.37046 52.40717 51.99318 52.11715 52.82943 51.76299
94 49.69733 48.69199 47.28607 50.72438 49.07123 47.26756
95 44.64837 42.65458 43.40963 45.07058 42.51686 43.30279
96 49.27223 48.23523 50.17251 49.89839 48.19057 50.01281
97 42.41551 43.60824 43.90845 42.54703 43.88694 43.87439
98 42.66608 41.31177 41.55403 43.36218 41.50804 41.28638
99 53.04211 53.11655 50.30877 53.34686 52.71822 50.59997
100 44.74928 44.10595 43.24772 44.68408 44.09029 43.28489
