1 3.751982 3.813092 3.839362 3.803379 3.790858 3.788426
2 3.158094 3.22233 3.157743 3.167834 3.211449 3.142487
3 3.278914 3.331732 3.348986 3.288411 3.333587 3.355033
4 3.156065 3.18671 3.256636 3.159008 3.198958 3.243167
5 3.465035 3.45154 3.440276 3.495729 3.459161 3.423271
6 3.200552 3.202556 3.244559 3.212906 3.232018 3.22206
7 3.379436 3.263145 3.291255 3.40218 3.270583 3.281605
8 3.405967 3.40155 3.375914 3.411094 3.388602 3.384782
9 4.184181 4.085916 4.043825 4.070597 4.121302 4.030091
10 3.464715 3.406629 3.429205 3.478395 3.394064 3.424688
11 4.247756 4.191344 4.133557 4.244707 4.220379 4.104681
12 3.353908 3.279915 3.296065 3.385493 3.279409 3.296054
13 3.692629 3.74156 3.666854 3.714651 3.730906 3.678265
14 4.490997 4.514361 4.471345 4.389458 4.47708 4.423825
15 3.225387 3.282476 3.22325 3.238341 3.274857 3.243498
16 3.442279 3.418132 3.390792 3.491472 3.417158 3.393067
17 3.353459 3.352907 3.391262 3.364342 3.338941 3.382403
18 3.131326 3.123341 3.140106 3.160949 3.119736 3.140039
19 3.342547 3.44722 3.418244 3.368694 3.446128 3.419961
20 3.403018 3.369688 3.346103 3.42965 3.382832 3.3512
21 3.333444 3.33103 3.329889 3.338508 3.340284 3.336442
22 3.121423 3.17099 3.112947 3.092023 3.16171 3.085732
23 3.248212 3.209662 3.168783 3.21854 3.206216 3.17889
24 3.908536 3.871239 3.821366 3.892792 3.862834 3.82715
25 4.23398 4.441077 4.33043 4.137155 4.322072 4.327427
26 3.281837 3.280932 3.234851 3.28068 3.294515 3.22931
27 3.657088 3.671775 3.694003 3.615091 3.654112 3.668798
28 3.755201 3.674925 3.804975 3.747094 3.759156 3.807716
29 3.888134 3.97624 3.969124 3.907941 3.906569 3.990219
30 3.324073 3.301974 3.293135 3.308547 3.29971 3.310064
31 3.393735 3.377218 3.450423 3.404259 3.412591 3.455806
32 3.39079 3.413083 3.342848 3.447432 3.428782 3.325826
33 4.507441 4.59511 4.627375 4.606084 4.599932 4.584432
34 3.785216 3.818759 3.818398 3.714491 3.801399 3.746265
35 3.511303 3.530036 3.525235 3.533457 3.544149 3.551534
36 3.536748 3.590401 3.523439 3.556569 3.559051 3.519736
37 3.235287 3.296511 3.28552 3.257637 3.277038 3.271861
38 3.613945 3.468653 3.525412 3.62591 3.489926 3.52423
39 3.849471 3.846894 3.815159 3.873791 3.82952 3.806568
40 3.879776 3.767713 3.789811 3.849066 3.764137 3.76336
41 3.088487 3.096802 3.096776 3.096524 3.146647 3.088262
42 3.366936 3.373099 3.394327 3.393691 3.384135 3.409826
43 3.292104 3.314438 3.209526 3.291134 3.301823 3.212821
44 3.447135 3.348697 3.31661 3.440355 3.365741 3.33363
45 3.484493 3.44714 3.521594 3.534005 3.463202 3.515967
46 3.417269 3.397903 3.450127 3.409608 3.395321 3.428633
47 3.687577 3.663333 3.727741 3.697932 3.65419 3.71137
48 4.046099 3.860278 3.920101 3.965707 3.964797 3.847128
49 4.000282 3.99226 4.062837 4.059233 4.015643 4.029091
50 3.436657 3.455738 3.478629 3.478164 3.468243 3.499188
51 3.629201 3.639333 3.660397 3.646629 3.671437 3.673055
52 3.630579 3.59726 3.575829 3.650608 3.605053 3.627687
53 3.463997 3.511392 3.435903 3.466608 3.51308 3.471716
54 3.969558 4.128806 4.021573 3.990417 4.064361 4.067503
55 5.429984 5.453402 5.376674 5.515073 5.559769 5.573669
56 3.14417 3.092868 3.113068 3.144656 3.105267 3.094326
57 9.286426 7.936264 8.738898 9.339005 7.834132 8.597155
58 3.713474 3.628897 3.682336 3.730383 3.606436 3.687435
59 3.90807 3.996992 3.981086 3.938454 4.013616 3.986202
60 3.417175 3.519251 3.483959 3.46291 3.517762 3.536993
61 9.66333 10.1437 10.85973 9.985051 10.03095 10.14668
62 4.295978 4.133707 4.276556 4.261281 4.126776 4.271923
63 3.17904 3.184153 3.222005 3.191491 3.186769 3.234515
64 3.553245 3.544009 3.556883 3.559883 3.537578 3.559103
65 3.831895 3.720539 3.754741 3.857084 3.757552 3.722393
66 3.177681 3.097708 3.021877 3.162138 3.093881 3.067708
67 3.788419 3.779278 3.816976 3.821376 3.793654 3.804253
68 3.544327 3.453566 3.444407 3.557043 3.455677 3.458297
69 3.971705 3.912613 3.76482 4.013566 3.912351 3.802216
70 3.856186 3.780878 3.73651 3.916229 3.801633 3.725953
71 3.328896 3.187791 3.239256 3.262155 3.189446 3.250716
72 3.5516 3.554356 3.508091 3.597 3.562535 3.501313
73 3.437721 3.515673 3.51827 3.476085 3.507366 3.529176
74 3.700389 3.695043 3.614293 3.697856 3.681658 3.621773
75 3.286529 3.383181 3.364322 3.336627 3.371291 3.369755
76 3.657864 3.799152 3.759223 3.706468 3.756596 3.746717
77 3.479095 3.44863 3.496185 3.510673 3.438846 3.506685
78 3.201079 3.299263 3.314436 3.203839 3.291385 3.288732
79 3.230139 3.212442 3.165418 3.241062 3.206717 3.173984
80 3.860053 3.829566 3.886205 3.879578 3.861458 3.875536
81 4.095363 4.359591 4.423182 4.177061 4.283437 4.321897
82 3.241612 3.236409 3.270464 3.239609 3.250994 3.309565
83 3.782208 3.65192 3.702166 3.769426 3.628497 3.709939
84 4.828543 4.786612 4.862678 5.003609 4.936027 4.937016
85 3.330594 3.272175 3.285906 3.346243 3.273829 3.276381
86 3.575391 3.545671 3.608365 3.593331 3.532961 3.580751
87 19.99257 19.09784 17.88398 18.29046 18.71432 19.49606
88 3.502272 3.580099 3.450509 3.486908 3.58911 3.476744
89 3.445236 3.443677 3.419579 3.442137 3.440318 3.413749
90 3.754377 3.777769 3.890751 3.786491 3.756463 3.855068
91 4.05181 4.11476 4.104493 4.081377 4.095785 4.112263
92 4.005699 4.025471 4.042295 4.027048 3.999434 4.02958
93 4.137879 4.178501 4.145429 4.07033 4.13992 4.184842
94 3.631502 3.609462 3.545065 3.6834 3.636985 3.562029
95 15.13722 14.98013 14.88802 15.05239 13.18345 13.79672
96 4.5641 4.542129 4.571216 4.612907 4.492655 4.597943
97 4.821009 5.041368 5.149873 4.911572 5.10632 5.100879
98 3.118682 3.111969 3.125635 3.166221 3.127844 3.110361
99 3.718356 3.731943 3.628592 3.743395 3.702077 3.648012
100 4.584918 4.669281 4.680661 4.491383 4.579416 4.437624
