1 0.1945412 0.03576635 0.01102742 0.4432492 0.6190233 0.1370546 NaN 0.002622276
2 0.2177074 0.03637214 0.0112569 NaN NaN 0.1317232 0.05949834 0.002852376
3 0.1979687 0.03450367 0.01116084 0.5312486 0.4095768 0.1594119 0.06055907 0.003929105
4 0.1748586 0.03520458 0.01206033 0.4201267 0.4708373 0.1687509 NaN 0.004621125
5 0.1947034 0.03271319 0.01069599 0.4653722 0.3586224 0.1907792 NaN 0.006358518
6 0.2088871 0.03753948 0.01191584 0.7155602 0.6164913 0.1229874 NaN 0.003093411
7 0.1851078 0.03395341 0.01224798 0.5052025 0.4596598 0.1406389 0.05624374 0.003465605
8 0.1977046 0.03352431 0.01112763 0.5620392 0.3611909 0.1457864 NaN 0.003962714
9 0.1912614 0.0339794 0.010524 0.4454033 0.3095828 NaN 0.1353949 0.007365418
10 0.1865494 0.03330721 0.01117522 0.6180934 0.3392629 0.1378332 NaN 0.003667757
11 0.1661064 0.03157231 0.01034036 0.3417655 0.2457533 NaN NaN NaN
12 0.18367 0.03396136 0.01151118 0.4556304 0.3824712 0.1489021 NaN 0.00375968
13 0.1900183 0.03454643 0.01049271 0.5353253 0.3427613 0.1407012 NaN 0.003654409
14 0.1718523 0.03396997 0.01126287 0.3756178 0.328634 0.1447487 NaN 0.003819833
15 0.1794712 0.03431337 0.01180744 0.4887884 0.4320245 0.1480208 0.07382085 0.00325826
16 0.1808095 0.03390147 0.01167386 0.4503601 0.3666958 0.2302719 0.1345875 0.004851556
17 0.1898458 0.03404492 0.0106997 0.5374314 0.3940381 0.1399304 0.03562511 0.003468448
18 0.1716167 0.03428103 0.0117397 0.4153465 0.5217418 0.1422756 0.07232981 0.003094637
19 0.1817024 0.0332956 0.01070858 0.4261648 0.3416615 0.144306 0.05434936 0.003487978
20 0.178543 0.03431598 0.01112662 0.4204188 0.3509834 0.1698349 0.03250296 0.004703334
21 0.1888525 0.03612995 0.01203051 0.531987 0.6249862 NaN NaN NaN
22 0.2044 0.03869348 0.01187455 2.701372 4.604363 0.1384059 NaN 0.003198525
23 0.195586 0.03401537 0.01119218 0.5620601 0.4252775 0.1405811 NaN 0.003583882
24 0.1883261 0.03201173 0.01003659 0.455121 0.2746948 0.1679339 0.08235978 0.003894472
25 0.2066137 0.03621108 0.01144309 0.6181012 0.465571 0.1658438 0.04949952 0.004245705
26 0.199925 0.03368009 0.01134697 0.6469514 0.3786542 0.1460287 NaN 0.003882117
27 0.1938443 0.03552369 0.01178622 0.4748437 0.369109 0.1570858 0.0418899 0.004080652
28 0.1844003 0.0357208 0.01136896 0.4769019 0.4794634 0.1332357 0.0448767 0.003095511
29 0.1862353 0.03565749 0.01196968 0.5715974 0.3662936 0.1427667 0.05392878 0.003491391
30 0.2042107 0.03666734 0.01212641 0.5077685 0.6645138 0.1302164 NaN 0.003303063
31 0.183187 0.03642355 0.01195865 0.4332424 0.4194532 0.1553069 0.04027771 0.004085936
32 0.195768 0.0320341 0.01029408 0.5160058 0.3426065 0.1464415 0.06455062 0.003388774
33 0.1814595 0.03511258 0.01102559 0.4420662 0.305825 0.1446804 NaN 0.003901539
34 0.1906484 0.03340055 0.01060367 0.5125996 0.3900218 0.1381686 0.03924096 0.003236126
35 0.2083286 0.03502794 0.01114475 0.6196164 0.3976645 0.1399385 NaN 0.003545997
36 0.1885033 0.03451824 0.01088831 0.3912021 0.3628922 0.1491893 NaN 0.004310457
37 0.1938791 0.03524991 0.01136257 0.4783562 0.464903 0.1373599 0.04657967 0.003114795
38 0.1776241 0.03425751 0.011416 0.4207998 0.3598997 0.1870846 0.2384592 0.006616691
39 0.1919373 0.03369424 0.01128564 0.4635828 0.3545779 0.1590038 0.07662447 0.003641245
40 0.1723325 0.03241986 0.01065004 0.3631098 0.2781386 0.2397684 0.1338851 0.005442707
41 0.2062621 0.03592476 0.01161326 0.7415545 0.8285957 0.1702427 0.1049683 0.003282348
42 0.2025907 0.03702599 0.01199253 0.6847845 0.4449726 0.1360144 NaN 0.003643984
43 0.2023139 0.03484204 0.01156889 0.4510154 0.4743714 NaN NaN NaN
44 0.1765611 0.03194702 0.0110029 0.4217909 0.3357671 0.161962 0.05251221 0.004285891
45 0.1787305 0.0367263 0.01198907 0.4209162 0.398159 0.3577085 0.2213798 0.007112536
46 0.1863529 0.03473358 0.01110748 0.5181416 0.4001331 0.1363641 NaN 0.003525751
47 0.1783754 0.03476996 0.01130351 0.3993346 0.3324178 0.2144791 0.1266513 0.004510566
48 0.199917 0.03468383 0.01096619 0.5443556 0.633134 0.1320694 0.05730451 0.002804706
49 0.1875547 0.03633985 0.01254083 0.4595389 0.4602425 0.1400831 0.05549641 0.003341673
50 0.1791531 0.0336907 0.01165976 0.4155317 0.405265 0.1792582 0.0947751 0.00406664
51 0.1772389 0.03441863 0.01135508 0.4839883 0.3431863 0.1461475 NaN 0.004647294
52 0.1842121 0.03350389 0.01124825 0.5008829 0.3312122 0.1434517 NaN 0.004051937
53 0.1789222 0.03391772 0.01068628 0.4329957 0.3187758 0.1512851 0.04523219 0.003903202
54 0.181501 0.03400024 0.01073932 0.4449609 0.3701725 0.1378467 0.02522369 0.003377755
55 0.2036981 0.0341627 0.01119756 0.5323652 0.5253099 0.1359224 0.04704896 0.003236723
56 0.1839151 0.03254426 0.01157124 0.5461223 0.4159687 0.3322388 0.2037291 0.006840057
57 0.1789899 0.03395565 0.01183463 0.4616975 0.3690626 0.1426205 0.04421852 0.003594297
58 0.176735 0.03494175 0.01184469 0.3120944 0.3674054 0.1635005 0.07861584 0.003992591
59 0.1873477 0.03549126 0.01170545 0.393989 0.4245764 0.1365954 NaN 0.003671382
60 0.1915892 0.03795167 0.01142373 0.3598655 0.420495 0.15067 0.07398726 0.00331692
61 0.1830189 0.03465638 0.01133802 0.4259991 0.33483 NaN NaN NaN
62 0.1778285 0.03417696 0.01177017 0.4893091 0.3157333 0.1515019 NaN 0.004187354
63 0.1910138 0.03547827 0.01203256 0.4855056 0.5905688 0.1328887 NaN 0.003256883
64 0.1814417 0.03591978 0.01169148 0.4545761 0.3693776 0.1406897 0.02791689 0.00362044
65 0.1695378 0.03432567 0.01119306 0.3829694 0.303612 0.1568746 NaN 0.00428109
66 0.2182335 0.03640651 0.01188117 NaN NaN 0.1338883 NaN 0.003130424
67 0.1821907 0.03269039 0.01063894 0.4478861 0.2853305 1.260986 0.6042123 0.03516697
68 0.1897938 0.03382198 0.01122252 0.5644539 0.4190264 0.1330558 0.02549192 0.003254753
69 0.1779165 0.03241633 0.01121705 0.396317 0.3317174 NaN NaN NaN
70 0.1849335 0.03151765 0.01045608 0.455567 0.273719 0.1645527 0.04121188 0.004429808
71 0.1916464 0.03941509 0.01307826 0.05949476 NaN 0.1764571 0.3785706 0.005777816
72 0.183678 0.03545991 0.01081057 0.3841228 0.3678949 0.1416545 NaN 0.003887728
73 0.1894245 0.03683914 0.01200344 0.4433671 0.4669801 0.1375495 0.03664719 0.003403209
74 0.1883655 0.03426189 0.01091582 0.4094643 0.3240239 0.0836547 NaN 0.00421691
75 0.1874983 0.03344053 0.01064492 0.4661575 0.4584067 0.1356996 0.01011264 0.003239166
76 0.1826556 0.03662368 0.01185591 0.4942469 0.3836029 0.1411964 NaN 0.003547531
77 0.175794 0.03576422 0.01192447 0.4239829 0.4013737 0.1584387 0.03047521 0.004406279
78 0.2051054 0.03708373 0.01177026 0.5281522 0.5809256 0.1313866 NaN 0.003093138
79 0.1830432 0.03362983 0.01109385 0.4369184 0.4493592 0.1680208 NaN 0.004575482
80 0.1703076 0.03266249 0.01042149 0.3768128 0.277341 NaN NaN NaN
81 0.1915494 0.0363087 0.01167415 0.4776297 0.4862771 0.1338516 NaN 0.00327883
82 0.1812742 0.0343959 0.01170177 0.4699196 0.4368864 0.1400089 0.05147351 0.003405247
83 0.174605 0.03037598 0.0108896 0.4340521 0.2718687 0.1795674 0.08494629 0.004383287
84 0.1917686 0.03687193 0.01139166 0.5385997 0.4025016 0.133634 NaN 0.003514086
85 0.1728509 0.03373575 0.01150657 0.3913421 0.4045356 0.1392999 0.05413997 0.003332396
86 0.1794505 0.03333824 0.01159079 0.5075437 0.3123902 0.1517525 0.0483848 0.004005771
87 0.1755607 0.03615367 0.01135017 0.4093261 0.3293196 NaN NaN NaN
88 0.2105799 0.03528885 0.01057566 0.9428659 0.8102726 0.1280466 0.05175991 0.002778893
89 0.18401 0.03413492 0.01043995 0.4445371 0.3522645 0.1398358 NaN 0.003680942
90 0.1775773 0.03660137 0.0115899 0.4512692 0.3081001 0.2747778 NaN 0.01136906
91 0.1763358 0.03359505 0.01092946 0.4103554 0.2909703 0.2238646 0.3848033 0.006307316
92 0.175363 0.03332325 0.0112131 0.4342038 0.2779445 0.1720861 0.05742841 0.004551772
93 0.1790819 0.03282755 0.01019728 0.4221229 0.266558 0.1669318 0.08160533 0.003914525
94 0.1974288 0.03492274 0.01123342 0.490933 0.3653038 NaN NaN NaN
95 0.1856396 0.03406504 0.01156556 0.5324338 0.4921919 0.1467685 0.06091057 0.003542663
96 0.1938544 0.03548596 0.01188606 0.5555004 0.3709296 0.1480472 NaN 0.004023007
97 0.2020624 0.03459761 0.01091607 0.5898806 0.5427427 0.1309309 0.04634611 0.002866586
98 0.1837623 0.03536847 0.01187192 0.5536901 0.5797239 0.1292312 NaN 0.003380738
99 0.1728227 0.03128813 0.01068127 0.3144114 0.2900128 0.5798468 0.3617839 0.01142941
100 0.1902455 0.03565649 0.01139586 0.5210002 0.465823 0.1358752 NaN 0.003623416
