1 0.1742473 0.03058695 0.009392044 0.3602482 0.4508482 0.6320335 0.1379815 NaN 0.002734375
2 0.1923615 0.03162453 0.01008591 0.5128848 0.4623176 0.5834014 0.1315727 0.05947657 0.002851935
3 0.1699456 0.02984788 0.009609068 0.3512194 0.364427 0.5886257 0.1606436 0.06127533 0.003961848
4 0.1600686 0.03204157 0.01069447 0.3266492 0.4289378 0.7888198 0.1674102 NaN 0.004562339
5 0.177081 0.03022689 0.009464415 0.3862536 0.3440562 0.6917297 0.1936407 NaN 0.006480587
6 0.1902693 0.03298393 0.0105922 0.4990485 0.4465532 0.6276823 0.1228171 NaN 0.003074973
7 0.1589591 0.0300173 0.01049238 0.3473075 0.3421744 0.5007272 0.1408368 0.05636068 0.003460489
8 0.1736927 0.02963531 0.009745057 0.4130922 0.345367 0.6377064 0.1454788 NaN 0.003945079
9 0.1716428 0.02912901 0.009370717 0.3725735 0.3276966 0.6218682 NaN 0.1360899 0.007451528
10 0.1644938 0.03022576 0.01024018 0.4161319 0.3496195 0.7493639 0.1374617 NaN 0.003661742
11 0.1488471 0.02799627 0.009147863 0.2787476 0.2651765 0.6308299 NaN NaN NaN
12 0.1604875 0.0298857 0.009954274 0.328417 0.3104871 0.5038812 0.14877 NaN 0.003713963
13 0.1669628 0.03045626 0.009353857 0.36938 0.3398536 0.6248288 0.1407491 NaN 0.00365244
14 0.1579303 0.03017786 0.0100226 0.3146009 0.3519798 0.7590605 0.1451671 0.014858 0.003798757
15 0.1571507 0.03055107 0.009927831 0.3436184 0.3318988 0.5332346 0.1479505 0.07487437 0.003225513
16 0.1588768 0.03028195 0.01022063 0.3426482 0.33938 0.6541422 0.2217487 0.128644 0.004701784
17 0.1713502 0.03114031 0.009717727 0.4129199 0.4004798 0.8632321 0.1399124 0.03756986 0.003449942
18 0.1605383 0.03127077 0.0105876 0.3472912 0.4529172 0.961666 0.1425664 0.07296931 0.003089246
19 0.1675473 0.02985026 0.009576309 0.3494619 0.3231069 0.7654267 0.144576 0.05503897 0.00348962
20 0.160228 0.03042278 0.009799912 0.3342713 0.346409 0.6975195 0.1691324 0.03226619 0.004671681
21 0.1616302 0.03035634 0.01007577 0.3285341 0.3688307 0.4848308 NaN NaN NaN
22 0.1768687 0.03310172 0.009825511 0.3809081 0.4364166 0.5756618 0.1368291 NaN 0.003174746
23 0.1786432 0.03153511 0.01017351 0.4251516 0.3626318 0.7770223 0.1400771 NaN 0.003559863
24 0.1646598 0.02784012 0.008746801 0.3396159 0.2708349 0.6109845 0.1691279 0.08503907 0.003866077
25 0.1697986 0.02998582 0.009444682 0.3682287 0.3448872 0.4503569 0.1664308 0.04925185 0.004272086
26 0.1811274 0.03032196 0.01010307 0.4990906 0.3857803 0.7668412 0.1469812 NaN 0.003938381
27 0.1673134 0.03048656 0.009988243 0.3475137 0.3487111 0.5427358 0.1570146 0.04193679 0.00407161
28 0.1603865 0.03100476 0.009993735 0.3239425 0.3759187 0.5987854 0.1330883 0.04514475 0.003088552
29 0.166768 0.03134529 0.01076673 0.4023293 0.3453275 0.6344957 0.1422931 0.05288837 0.003481659
30 0.1732952 0.03117716 0.01009218 0.3612935 0.4659414 0.557264 0.1294435 NaN 0.003308433
31 0.1614354 0.03159494 0.01021049 0.3500043 0.3692271 0.5030115 0.1554052 0.04004162 0.004081261
32 0.1721392 0.02734588 0.008867148 0.3660588 0.2725634 0.5663499 0.1468521 0.06548437 0.003395563
33 0.1583627 0.02976042 0.009537279 0.3276061 0.295843 0.5434791 0.1436211 NaN 0.003854866
34 0.1763921 0.03112422 0.009703215 0.4008765 0.3244606 0.8827832 0.1381867 0.03939079 0.003236944
35 0.1756048 0.03029947 0.009695945 0.3726679 0.3628392 0.5609429 0.1400588 NaN 0.003549715
36 0.1679262 0.03127167 0.009744927 0.3029876 0.3579124 0.7650508 0.1501406 NaN 0.004325323
37 0.174006 0.03118644 0.009768235 0.400404 0.3391717 0.5647235 0.1371809 0.04759242 0.003101317
38 0.1585912 0.02952852 0.009894353 0.3216003 0.3402712 0.6273496 0.1874664 0.2389257 0.006619101
39 0.1704917 0.03041152 0.00992677 0.357572 0.3185932 0.557559 0.1586168 0.0760339 0.003642834
40 0.1564992 0.02871801 0.00950898 0.3063332 0.2963713 0.7084896 0.2393853 0.1338994 0.005423775
41 0.17799 0.03081036 0.009973423 0.4100474 0.474964 0.6359696 0.1708959 0.1053479 0.003303606
42 0.1736997 0.03221576 0.01024436 0.4204936 0.3526843 0.5236325 0.1360991 NaN 0.003637052
43 0.1686406 0.02963259 0.009466772 0.3188679 0.3606816 0.431556 NaN NaN NaN
44 0.1608649 0.02882775 0.009798187 0.3545547 0.3453582 0.7872554 0.162027 0.05227477 0.004295343
45 0.1580632 0.03194112 0.01062358 0.3214406 0.3705352 0.6193285 0.3154547 0.1939713 0.006297856
46 0.1691123 0.03080823 0.00963742 0.4113718 0.3399159 0.6243465 0.1364634 NaN 0.003508966
47 0.1612564 0.03019456 0.009772194 0.3458107 0.3174327 0.5891576 0.2092083 0.1230713 0.004405449
48 0.177384 0.0311129 0.009716855 0.3867397 0.4525557 0.7184677 0.1324302 0.05765304 0.002818855
49 0.1664575 0.03139805 0.01078633 0.373088 0.4657648 0.6129276 0.1403555 0.0561454 0.003345667
50 0.1586368 0.02981983 0.01007488 0.3122766 0.3364615 0.5527537 0.1801264 0.09543575 0.00407757
51 0.1588559 0.03053923 0.01022751 0.361543 0.3215861 0.6883294 0.146135 NaN 0.004680325
52 0.1651769 0.03079415 0.01012919 0.3725968 0.3404583 0.7818035 0.1427915 NaN 0.004040977
53 0.1570578 0.03068172 0.00952778 0.3272836 0.2866687 0.6713924 0.1505759 0.04634295 0.003867032
54 0.1664833 0.03163151 0.009868171 0.3603591 0.3696625 0.9599905 0.1381652 0.02697908 0.003375429
55 0.1796882 0.03038785 0.009893244 0.3794432 0.4070874 0.6993984 0.1357847 0.04687179 0.003234384
56 0.1561828 0.02853826 0.009852012 0.3535667 0.32453 0.5556536 0.3331116 0.2044153 0.006846811
57 0.1599128 0.02966665 0.01027793 0.3790994 0.3425997 0.5780159 0.1422858 0.04455222 0.003574509
58 0.1491878 0.03027301 0.009971308 0.246528 0.3070919 0.478806 0.1634175 0.07887525 0.003974483
59 0.1658966 0.03203455 0.01039993 0.2913037 0.3699263 0.6271753 0.1361215 NaN 0.003676394
60 0.1706707 0.03205499 0.009817361 0.3047235 0.4278189 0.5756552 0.15087 0.07383387 0.003330466
61 0.1607293 0.02997449 0.009627687 0.3282881 0.3119824 0.5438197 NaN NaN NaN
62 0.1560608 0.03067699 0.01025547 0.348535 0.2978931 0.621653 0.1514126 NaN 0.004199039
63 0.1681828 0.03142087 0.01035598 0.3316829 0.4191242 0.592708 0.1327391 NaN 0.003247681
64 0.1640523 0.03262906 0.01047849 0.3544372 0.3419774 0.7162603 0.1411021 0.0270095 0.003631381
65 0.155788 0.03165071 0.010199 0.3187834 0.2999401 0.8439883 0.1580474 NaN 0.004336509
66 0.1885549 0.03127028 0.01004224 0.4857198 0.4350787 0.5112862 0.133291 NaN 0.003119796
67 0.1558629 0.02889887 0.009174144 0.3298048 0.3022491 0.5851032 0.7266985 0.3476173 0.02019895
68 0.1715025 0.03001509 0.009910385 0.4280442 0.3674042 0.6234722 0.1327533 0.02653926 0.003252401
69 0.1565364 0.02890941 0.009631926 0.3222243 0.3001594 0.5912561 NaN NaN NaN
70 0.1658545 0.02874699 0.009442548 0.3625388 0.2971797 0.6987118 0.1639643 0.03797545 0.004441256
71 0.1752522 0.03524353 0.0115283 0.4614009 0.5819945 0.5623199 0.1755366 0.3719494 0.005676997
72 0.1637594 0.03161048 0.009648781 0.3107451 0.3364136 0.6559604 0.1414096 NaN 0.003857921
73 0.1636132 0.03267967 0.01009394 0.3484095 0.440882 0.5295867 0.1374898 0.03922585 0.003388648
74 0.16476 0.02975526 0.009252415 0.3161947 0.3094409 0.5264912 0.09384382 NaN 0.004235059
75 0.1728267 0.03142006 0.00983743 0.3883185 0.4015245 1.008154 0.1358858 0.02022553 0.003235621
76 0.159135 0.0301856 0.01005127 0.3475606 0.3608268 0.5158262 0.1407377 NaN 0.003528599
77 0.1600975 0.0317905 0.01055511 0.3433906 0.3402755 0.6925201 0.1559939 0.03181703 0.004303998
78 0.1835768 0.0334687 0.01031583 0.4289401 0.5705176 0.7980274 0.1315095 NaN 0.003098592
79 0.1596144 0.02931867 0.009515983 0.2904707 0.3276854 0.5218704 0.1678032 NaN 0.004561128
80 0.1536586 0.0287273 0.009258213 0.2881498 0.2969672 0.6602258 NaN NaN NaN
81 0.169209 0.03042127 0.009797989 0.3732775 0.3578093 0.5183042 0.1341967 NaN 0.003299626
82 0.1630557 0.03034661 0.01029823 0.3703395 0.3685295 0.6973101 0.1405713 0.05334982 0.003400244
83 0.1538864 0.02798513 0.009437119 0.3469216 0.2677231 0.6341012 0.1787665 0.08453694 0.004363832
84 0.1721312 0.03180755 0.01004084 0.3997455 0.3310628 0.5655795 0.1339023 NaN 0.003504425
85 0.1591753 0.03079866 0.01033459 0.3449175 0.3950894 0.813404 0.1389973 0.05365607 0.003332879
86 0.1581661 0.03049531 0.01034862 0.349523 0.3256587 0.7692923 0.1522235 0.0469161 0.004029573
87 0.159183 0.03372752 0.01040751 0.3303714 0.3249597 0.7179301 NaN NaN NaN
88 0.1787988 0.03084007 0.009390989 0.4222746 0.3961255 0.612317 0.1278877 0.0515293 0.002784204
89 0.1616518 0.02987359 0.009017248 0.3429958 0.2917672 0.5153595 0.139596 NaN 0.003680433
90 0.1611963 0.03242172 0.01023985 0.3515886 0.3141341 0.727894 0.272409 NaN 0.01123415
91 0.1626551 0.03128612 0.009926285 0.3459957 0.2931597 0.7574294 0.2192479 0.3723667 0.006246812
92 0.1535053 0.0304445 0.01000258 0.3070308 0.2871546 0.6820658 0.1711475 0.05659604 0.004525815
93 0.1641217 0.029921 0.009183342 0.3588366 0.2842152 0.8048903 0.1663437 0.08128032 0.003910404
94 0.1794707 0.03153467 0.01005056 0.3763341 0.3577733 0.7614392 NaN NaN NaN
95 0.1603142 0.02971738 0.01003438 0.3334829 0.318195 0.5219648 0.1466904 0.06113735 0.003530466
96 0.1598148 0.03038967 0.009935517 0.3393613 0.3173478 0.4683305 0.1479486 NaN 0.004020819
97 0.1811759 0.03106414 0.00979791 0.4339996 0.4251914 0.7951461 0.1312296 0.04569007 0.002874798
98 0.158872 0.02979419 0.01015535 0.356988 0.3635915 0.5381247 0.1292101 NaN 0.003388054
99 0.1579907 0.02885218 0.009647776 0.2690795 0.3073995 0.8397825 0.660275 0.4126472 0.0130159
100 0.1724563 0.03263035 0.01042368 0.381926 0.3942568 0.7581082 0.1356322 NaN 0.003595634
