1 26.68403 2.039897 -0.5063441 4.40673 2.04964 5.084683 -1.622995 -0.6929893 -0.06123387
2 26.50222 1.991552 -0.5043259 4.752337 2.931883 4.980085 -1.375783 -1.558516 -0.05881618
3 26.70503 1.964902 -0.5116872 4.648983 2.208145 5.241934 -1.856846 -0.1953939 -0.01781239
4 25.76121 1.935389 -0.5525015 4.920956 1.882025 6.123719 -1.735601 -0.7004033 -0.06807529
5 26.65212 1.99428 -0.5031607 4.61488 2.607194 5.920754 -1.675967 -0.4456378 -0.05070469
6 25.99735 1.978463 -0.5258382 4.942476 3.099069 5.271345 -1.717001 -0.4473851 -0.02753124
7 26.03436 1.891099 -0.540943 4.679519 2.107877 4.680839 -1.960729 -0.5398002 -0.004443036
8 26.60942 1.93623 -0.5158222 4.725082 2.774818 5.551364 -2.017864 -0.0174834 -0.01142485
9 26.68522 1.963506 -0.5007433 4.545022 2.569057 5.445397 -1.411496 -0.7176437 -0.1123637
10 25.78634 1.920507 -0.5473273 4.454037 2.625775 5.950437 -2.067052 -0.09355872 0.003412932
11 26.23051 1.922596 -0.5194864 4.312992 1.899521 5.512784 -1.577003 -1.581036 -0.08329581
12 26.05677 1.942084 -0.5342982 4.55218 2.104027 4.717044 -2.090984 -0.2105099 -0.006786331
13 26.57554 2.053094 -0.5204317 4.345295 2.357999 5.223808 -1.984096 -0.02736321 -0.008470393
14 26.01225 1.950267 -0.5393242 4.690176 2.051537 5.967113 -2.214656 0.2339703 -0.0006894292
15 25.94387 1.98132 -0.5509925 4.297269 2.130132 4.907478 -1.930513 -0.3592023 0.003948114
16 25.90654 1.914434 -0.5440005 4.633286 2.172376 5.591638 -1.805577 -0.6019452 -0.03359936
17 26.4988 2.022197 -0.5249714 4.521624 2.528548 6.554851 -1.938614 -0.1435996 -0.0003336132
18 25.96856 1.942791 -0.5523843 4.823731 1.861345 7.053043 -1.841185 -0.6662473 0.00651186
19 26.33081 1.957276 -0.5143649 4.543368 2.306554 6.269422 -2.010079 0.05093312 -0.01134842
20 26.2556 1.971098 -0.5351765 4.517099 2.083724 5.868924 -1.76742 -0.2888047 -0.03848142
21 25.9996 1.960864 -0.5406671 4.389383 1.893879 4.503628 -1.745014 -1.608222 -0.02362663
22 26.52202 2.104004 -0.5164297 4.794634 2.143665 4.989041 -1.396149 -0.9320119 -0.08083669
23 26.17891 1.978121 -0.5252602 4.872201 2.779715 6.247413 -1.892901 -0.4845832 -0.02071796
24 26.72884 1.970948 -0.4957584 4.25814 2.340517 5.469403 -1.76131 -0.6323064 -0.06221696
25 26.65575 1.988117 -0.5086888 4.412984 2.280971 4.363194 -1.835635 -0.3109284 -0.01287162
26 26.2711 1.913437 -0.5229077 4.742894 3.326339 6.139083 -1.905609 -0.1400492 -0.01404222
27 26.20573 1.950319 -0.5218191 4.850489 2.282185 5.006536 -1.785011 -0.3197643 -0.04983559
28 26.14715 1.983653 -0.5318662 4.628327 1.837759 5.08624 -1.863398 -0.5679249 -0.001250956
29 25.73058 1.92271 -0.5552595 4.80373 2.590026 5.45789 -2.149357 -0.02205347 0.00153936
30 26.36005 1.976205 -0.5160698 4.77302 1.994151 4.927185 -1.789939 -0.4049194 -0.01037662
31 25.85739 2.00105 -0.5435806 4.50235 2.038681 4.608343 -1.843247 -0.2713153 -0.01370415
32 26.83298 1.926943 -0.4922123 4.202201 2.592766 5.254919 -2.160664 0.03841697 0.0003761027
33 26.43766 1.978751 -0.5280263 4.521137 2.249357 4.968821 -2.025743 -0.2196158 -0.04477409
34 26.52124 2.00361 -0.5156454 4.757764 2.700861 6.897573 -1.970297 -0.1932449 0.002927516
35 26.43587 1.967646 -0.5030272 4.613428 2.323384 5.009646 -2.098011 -0.1067439 0.0008963547
36 26.62467 2.034896 -0.5103354 4.956425 1.797677 6.279625 -1.819515 -0.288174 -0.03363399
37 26.41468 1.999705 -0.5203289 4.694535 2.677592 5.092618 -1.909031 -0.7433558 -0.01296627
38 25.98427 1.933734 -0.5396509 4.398648 2.037868 5.420603 -2.136468 -0.1426426 -0.0133107
39 26.46154 1.951046 -0.5178433 4.871813 2.504187 5.130208 -1.935043 -0.02408025 -0.0378433
40 26.25187 1.931073 -0.5242322 4.497553 2.113187 6.035343 -1.537153 -1.038456 -0.08718153
41 26.37582 1.983057 -0.5127116 4.57563 2.238298 5.386452 -1.719103 -0.8252035 -0.004732778
42 26.16358 1.975233 -0.5331593 4.775274 2.721958 4.871443 -1.908544 -0.1713174 -0.002493054
43 26.52453 1.966448 -0.5029211 4.347749 1.946077 4.179666 -1.649643 -0.6666233 -0.04903047
44 26.0721 1.902419 -0.5353744 4.414151 2.278537 6.233865 -2.084986 -0.401555 -0.01735989
45 25.71462 1.959752 -0.5531874 4.811705 1.854008 5.353702 -2.14477 -0.2427145 0.006232501
46 26.296 1.998456 -0.535878 4.425211 2.696062 5.267995 -1.940491 -0.353815 -0.007769385
47 25.93797 1.975147 -0.5366462 4.422823 2.356025 5.313046 -1.948336 -0.1992926 -0.03597086
48 26.76922 2.024811 -0.5065989 4.721143 2.237179 5.705813 -1.705361 -1.035759 -0.01769813
49 25.74749 1.907388 -0.5437122 4.782281 2.059626 5.026523 -1.965461 -0.2586289 0.003232797
50 26.00117 1.927108 -0.5391455 4.52639 1.972813 4.969288 -2.166535 -0.6081789 0.003134522
51 25.85784 1.942274 -0.5503294 4.562148 2.294681 5.849101 -1.798607 -0.2913663 -0.03128052
52 26.02757 1.938598 -0.5342962 4.872241 2.414045 6.311937 -2.169713 0.1144807 -0.00101732
53 26.38266 2.023629 -0.5288372 4.534412 2.137236 5.912695 -1.867335 -0.1051761 -0.03462515
54 26.29385 2.020068 -0.525695 4.805181 2.20523 7.195284 -2.011102 -0.1242238 0.001880002
55 26.75728 1.943742 -0.4987873 5.058551 2.334888 5.729103 -1.882469 -0.6093386 -0.007270672
56 25.92972 1.892834 -0.5513014 4.188192 2.280165 4.996623 -2.114641 -0.9448299 0.0082915
57 25.86723 1.892005 -0.5535681 4.499174 2.421467 5.105954 -2.096846 -0.05948905 -0.0001892659
58 26.07428 1.943343 -0.5303442 4.728929 1.433678 4.670952 -2.001062 0.1192741 -0.03387626
59 26.31937 1.965422 -0.52101 5.332355 1.691913 5.502138 -1.972038 -0.0311167 -0.004513026
60 26.6163 2.045357 -0.5100645 4.922883 1.721526 4.893019 -1.870168 -0.158884 -0.02953191
61 26.24358 1.969797 -0.5259016 4.47677 2.196414 5.066688 -1.364232 -1.029838 -0.09160512
62 25.92701 1.908714 -0.5488014 4.866131 2.341195 5.541247 -2.217069 0.1751724 -0.01083598
63 26.08288 1.930142 -0.525425 4.869486 1.899041 5.112974 -1.655681 -0.8960044 -0.03693159
64 26.10217 1.996335 -0.5465926 5.037241 2.305834 6.108254 -1.985929 0.03777197 -0.01560492
65 25.98401 1.968476 -0.5410051 4.958382 2.025386 6.871172 -1.798988 -0.4581391 -0.06139861
66 26.39598 1.971234 -0.5165653 4.512841 2.88398 4.79532 -1.351462 -1.053331 -0.07277273
67 26.50172 1.976637 -0.5189802 4.308725 2.19296 5.135847 -1.462042 -1.105478 -0.08628749
68 26.10705 1.935965 -0.5331709 4.360526 2.767226 5.361934 -1.860641 -0.5642357 -0.008743894
69 26.05627 1.922209 -0.5280704 4.338963 2.116884 5.338088 -1.529187 -0.687545 -0.07252226
70 26.27176 1.940031 -0.5106834 4.450039 2.557027 5.854044 -1.747881 -0.7126011 -0.06786847
71 25.75648 1.986627 -0.561946 5.122079 2.111765 4.826983 -1.529854 -0.3531807 -0.06713883
72 26.60313 2.069199 -0.5209388 4.762709 1.914959 5.665011 -1.968031 -0.09177383 -0.01356969
73 26.01546 2.044943 -0.5432008 4.572783 1.993471 4.566978 -1.990211 -0.2761395 -0.0004316994
74 26.51841 1.975702 -0.5076611 4.462258 2.13917 4.823632 -1.895966 -0.2877639 -0.06074156
75 26.3698 2.009641 -0.5172158 4.72563 2.33197 7.38069 -1.75108 -0.869948 -0.02761447
76 25.97772 1.950336 -0.544419 4.393078 2.093974 4.662133 -2.064983 -0.02419669 0.0007298163
77 25.81938 1.963044 -0.5531738 4.829309 2.149045 5.925502 -1.820978 -0.2169552 -0.02348756
78 26.37573 2.025354 -0.5148432 5.105979 2.322111 5.876237 -1.837114 -0.5066135 -0.004209324
79 26.37421 1.96724 -0.5255229 4.280096 1.724849 4.758513 -1.755064 -0.8007866 -0.05959176
80 26.50766 1.97108 -0.5200434 4.348232 1.819199 5.615672 -1.32489 -1.174953 -0.09815829
81 26.21347 1.966128 -0.5231815 4.471777 2.339519 4.790154 -1.821262 -0.5443832 -0.01826811
82 25.97738 1.918812 -0.543668 4.727457 2.28039 5.765225 -1.918566 -0.639818 -0.008237317
83 26.2117 1.89155 -0.5389667 4.267601 2.550808 5.722717 -1.905767 -0.2578757 -0.05170224
84 26.16551 1.991689 -0.5271649 4.739416 2.6366 5.091439 -1.997526 -0.1278054 0.0019557
85 26.00539 1.946522 -0.5473798 4.668258 2.019142 6.28268 -1.973468 -0.2991408 0.0006630407
86 25.90342 1.916634 -0.5464864 4.925394 2.282816 6.420619 -1.944279 -0.0670615 -0.03879532
87 26.03131 2.045297 -0.5500072 4.995179 2.072617 6.107624 -1.450049 -0.9074892 -0.0830871
88 26.60959 2.063532 -0.5030889 4.361118 2.371434 5.227613 -1.641128 -1.031314 -0.02278987
89 26.7052 2.05685 -0.5200536 4.118814 2.284425 4.727792 -1.986448 -0.005503694 -0.005075152
90 25.92444 2.006547 -0.5495328 4.948611 2.344044 6.258661 -1.522369 -0.7711557 -0.09689702
91 26.20718 2.000934 -0.5354838 4.777869 2.433425 6.399904 -1.930686 -0.2718733 -0.06653972
92 26.0237 1.943617 -0.5368993 4.982789 2.095687 5.957311 -1.7195 -1.077981 -0.07361626
93 26.43298 2.034366 -0.5207868 4.453326 2.589041 6.483996 -2.017761 0.0613599 -0.03542623
94 26.52651 1.957268 -0.5112053 5.329872 2.565028 6.239796 -2.383457 -0.03769934 0.007447241
95 26.1129 1.920094 -0.5338299 4.467784 2.071961 4.858496 -1.739721 -1.295191 -0.03390931
96 26.24376 1.933405 -0.5324937 4.7125 2.147301 4.577851 -2.246944 0.1123549 0.006053476
97 26.41433 1.979233 -0.5017829 4.774761 2.630399 6.289827 -1.835792 -0.599026 -0.0006948389
98 25.97068 1.92983 -0.5425979 4.224895 1.924396 4.912944 -1.750568 -0.5003322 -0.0115618
99 26.47135 1.932955 -0.5113729 4.808757 1.731249 6.800344 -1.65813 -0.9056118 -0.07836814
100 26.20917 2.014304 -0.5315253 5.020897 2.318871 6.177579 -1.867149 -0.2900198 0.001183796
