1 26.54719 2.057792 -0.5086355 7.045015 2.432941 -1.624703 -0.682514 -0.06070533
2 26.36365 2.023747 -0.5078948 7.05154 4.246659 -1.375902 -1.561589 -0.05869738
3 26.47377 1.965931 -0.5125867 7.127353 3.506469 -1.859058 -0.1904378 -0.0175222
4 25.60753 1.939564 -0.5539274 6.993055 2.361564 -1.736577 -0.7058865 -0.0684453
5 26.59204 1.941296 -0.5000355 6.730613 3.234757 -1.681039 -0.4367723 -0.05008677
6 25.97395 2.011671 -0.526704 7.431113 4.248928 -1.714956 -0.4560768 -0.02809488
7 25.89191 1.857562 -0.5398709 7.431681 2.975492 -1.958688 -0.5435515 -0.004852377
8 26.42667 1.924398 -0.513953 6.980914 3.833415 -2.014247 -0.02409105 -0.01188695
9 26.62804 2.018193 -0.5010574 6.804742 3.081422 -1.413077 -0.7071528 -0.1125552
10 25.64922 1.932344 -0.5452487 6.203077 4.23634 -2.067546 -0.09291762 0.003523486
11 26.2123 1.947689 -0.520947 6.276825 2.405364 -1.579927 -1.594329 -0.08264549
12 25.96714 1.919235 -0.5296909 6.963133 2.768693 -2.09208 -0.2047228 -0.006557668
13 26.45123 2.071141 -0.5206851 6.323897 3.62007 -1.986237 -0.01791404 -0.008261991
14 25.92532 1.962785 -0.5425566 6.711469 2.583681 -2.206755 0.2303836 -0.001104281
15 25.80283 1.924033 -0.5454145 6.8416 2.793094 -1.923922 -0.3514701 0.002953963
16 25.7498 1.905594 -0.5424158 6.913931 3.118953 -1.818426 -0.5969565 -0.03197192
17 26.40358 2.024179 -0.5254808 6.355701 3.592198 -1.93509 -0.1428885 -0.0005913218
18 25.85074 1.949053 -0.5531418 6.653593 2.17362 -1.840622 -0.6584157 0.006497109
19 26.21454 1.987674 -0.5182945 6.433806 2.724685 -2.007731 0.04601397 -0.01143539
20 26.10928 1.985423 -0.5353547 6.637919 2.689412 -1.765952 -0.2891653 -0.03873486
21 25.85127 1.965457 -0.5410168 7.313245 2.702816 -1.749596 -1.616319 -0.02344283
22 26.34742 2.118568 -0.5166178 7.177906 2.936877 -1.391724 -0.923304 -0.08134145
23 26.06624 1.951608 -0.5225972 6.693092 3.717701 -1.89499 -0.4792164 -0.02026366
24 26.62031 1.993295 -0.4976447 6.328027 3.387262 -1.752862 -0.6672195 -0.06290512
25 26.47466 2.003615 -0.5116419 7.469562 3.748047 -1.836766 -0.3104087 -0.01260511
26 26.10633 1.90295 -0.5239583 6.876378 4.437341 -1.918671 -0.1192577 -0.01257269
27 25.98032 1.932791 -0.519738 7.650203 3.295257 -1.786487 -0.3139331 -0.04949055
28 26.00258 2.024169 -0.5350017 6.782511 2.646042 -1.864283 -0.5584273 -0.001021593
29 25.45139 1.947282 -0.5570165 6.932573 3.851788 -2.151641 -0.02508414 0.001492131
30 26.24428 1.958009 -0.5106628 7.978906 2.756448 -1.792948 -0.3985307 -0.009972525
31 25.70159 1.985169 -0.5406287 7.267876 2.774153 -1.844559 -0.2584694 -0.01388338
32 26.61306 1.956359 -0.4987294 6.376637 3.607116 -2.159773 0.05015199 0.0004312315
33 26.26257 2.020418 -0.5289095 7.007029 2.966619 -2.015489 -0.2332963 -0.04668356
34 26.35555 1.997714 -0.5159786 6.325796 3.359764 -1.969033 -0.1982441 0.00299371
35 26.35401 1.978577 -0.5028177 7.193828 4.157634 -2.098211 -0.1081311 0.0005324032
36 26.41335 2.012812 -0.5059687 6.955598 2.476551 -1.817857 -0.2878613 -0.03374401
37 26.28248 1.987611 -0.5225436 7.143484 3.106895 -1.908774 -0.7291555 -0.01274394
38 25.78799 1.946174 -0.5386912 6.749085 2.636165 -2.130289 -0.1526272 -0.01501434
39 26.42566 1.922258 -0.5148586 7.329503 3.190063 -1.940557 -0.02116333 -0.03744052
40 26.24633 1.946272 -0.5232278 6.509412 2.539843 -1.534735 -1.042097 -0.0873395
41 26.20372 1.987318 -0.5122109 7.22734 3.428412 -1.723873 -0.8213183 -0.00405982
42 25.95288 1.984492 -0.5345148 7.48958 4.251916 -1.910319 -0.161307 -0.00247015
43 26.48484 1.934456 -0.4981786 7.628741 2.655113 -1.65769 -0.6480204 -0.04698942
44 26.01265 1.897877 -0.5340152 6.352765 2.974452 -2.087182 -0.3939241 -0.01716137
45 25.63221 1.986928 -0.5490602 7.338054 2.458566 -2.152006 -0.2408189 0.006640365
46 26.10953 2.002675 -0.5387964 6.540436 3.398647 -1.941158 -0.3397059 -0.006993388
47 25.8193 1.981775 -0.5346992 6.864981 2.784694 -1.957003 -0.1942896 -0.03514052
48 26.6986 2.014664 -0.5046149 6.925205 2.899402 -1.70542 -1.029055 -0.01772098
49 25.63032 1.917317 -0.5449574 7.693204 2.896769 -1.96471 -0.2515215 0.003027239
50 25.86621 1.898927 -0.5362311 7.000499 2.507661 -2.163756 -0.6083893 0.002920477
51 25.68988 1.967016 -0.550669 6.419049 3.094323 -1.800348 -0.2945139 -0.03088062
52 25.89968 1.924107 -0.5321107 6.712757 3.479148 -2.175767 0.1230151 -0.0004464292
53 26.31153 2.027558 -0.5304461 6.382702 2.939279 -1.860711 -0.1185418 -0.03535298
54 26.17786 2.013099 -0.5277909 6.348947 2.968983 -2.008703 -0.125106 0.001783566
55 26.65994 1.944595 -0.4997328 7.261787 3.182666 -1.882565 -0.606968 -0.00731028
56 25.77697 1.860847 -0.5453603 6.540476 3.603996 -2.114824 -0.9438647 0.008298114
57 25.66282 1.899006 -0.5519114 6.821325 3.230566 -2.095583 -0.0536528 -0.0003462516
58 26.02848 1.914753 -0.5229297 7.753518 1.709652 -1.998618 0.1214311 -0.03391387
59 26.25369 1.964288 -0.51961 7.645769 2.221165 -1.975492 -0.03312602 -0.004278593
60 26.56262 2.093962 -0.5123974 7.907238 2.087677 -1.872887 -0.158764 -0.02919878
61 26.14586 1.963085 -0.5265735 7.168337 2.88866 -1.361669 -1.031648 -0.0916724
62 25.66764 1.900989 -0.5478597 7.053077 3.195209 -2.224548 0.1927991 -0.009745138
63 25.9711 1.933204 -0.5281488 7.438725 2.599735 -1.659361 -0.8823872 -0.03634036
64 25.95491 1.992058 -0.5474871 7.143947 3.019665 -1.990557 0.04938187 -0.01499206
65 25.98362 1.984456 -0.5425458 6.739347 2.420113 -1.805998 -0.444653 -0.06039869
66 26.36765 1.968024 -0.5121516 7.488734 3.843313 -1.35332 -1.054216 -0.07229463
67 26.44816 1.964559 -0.5204188 6.557543 3.330678 -1.45802 -1.107995 -0.08678115
68 26.06535 1.949346 -0.532008 6.522383 3.541623 -1.863838 -0.5526334 -0.008191394
69 25.96155 1.886584 -0.5240897 6.676061 2.67076 -1.531674 -0.6840325 -0.07234509
70 26.20338 1.91622 -0.505265 6.358232 3.41086 -1.754036 -0.7039053 -0.06730306
71 25.67159 2.018121 -0.5630501 7.739977 2.505678 -1.521027 -0.3645748 -0.06874486
72 26.53934 2.074886 -0.5171141 6.912709 2.376686 -1.955126 -0.1106319 -0.01512531
73 25.90862 1.981725 -0.5342181 7.645669 2.773439 -1.988348 -0.2647668 -2.159686e-05
74 26.44596 1.983968 -0.5094076 7.116382 2.825246 -1.881401 -0.3035595 -0.06297363
75 26.29612 2.004912 -0.5150494 6.29826 2.848115 -1.752896 -0.838293 -0.0268717
76 25.72685 2.010221 -0.5546137 7.074251 3.240525 -2.067343 -0.01800425 0.0007020378
77 25.6426 1.966727 -0.5506108 7.053254 2.50711 -1.812168 -0.235241 -0.02468626
78 26.24668 2.011867 -0.513352 7.667784 3.168059 -1.833629 -0.5262941 -0.005108425
79 26.27592 1.967137 -0.5266802 6.658131 2.459878 -1.754654 -0.8010713 -0.05963672
80 26.35862 1.996523 -0.5242661 6.296873 2.416918 -1.331242 -1.174739 -0.09762742
81 26.12293 2.001686 -0.5284335 7.312115 2.840505 -1.823708 -0.541486 -0.01787408
82 25.77449 1.928157 -0.5458365 6.828035 2.952703 -1.917638 -0.6124339 -0.008006016
83 26.06043 1.83144 -0.5317964 6.332244 3.394564 -1.904087 -0.2598269 -0.05191692
84 25.99084 2.053201 -0.5336635 7.060078 3.400034 -1.997137 -0.1260375 0.001821476
85 25.93353 1.937521 -0.5461238 6.659433 2.401031 -1.975135 -0.3034611 0.0009023333
86 25.77841 1.888997 -0.5469214 6.805672 3.529367 -1.954192 -0.04074195 -0.03760597
87 25.98044 2.041131 -0.5498308 6.904315 2.78014 -1.439574 -0.9217012 -0.08374106
88 26.39316 2.079621 -0.5037571 6.315428 4.232006 -1.644859 -1.023267 -0.02238324
89 26.60485 2.05977 -0.5194655 6.399164 2.889335 -1.989651 -0.003669111 -0.004826487
90 25.68274 2.027587 -0.55531 6.978268 3.253622 -1.519993 -0.7725305 -0.09710889
91 26.06404 1.971027 -0.5318099 6.622946 2.971681 -1.927294 -0.2741676 -0.0671389
92 25.88506 1.917281 -0.531862 6.922522 3.019519 -1.719217 -1.076371 -0.07359133
93 26.30243 2.028182 -0.5195988 6.123911 3.269458 -2.015262 0.04854628 -0.03581515
94 26.49297 1.977807 -0.5131151 7.455993 3.422666 -2.37581 -0.02035587 0.006790919
95 25.93387 1.927051 -0.5337612 6.831001 2.88407 -1.73819 -1.296283 -0.03408897
96 26.01291 1.933441 -0.5333534 7.581846 3.733436 -2.247215 0.1118062 0.006050598
97 26.33401 2.004012 -0.5029229 6.704419 3.376451 -1.834278 -0.6103601 -0.00110364
98 25.74292 1.957718 -0.547174 6.807095 2.796737 -1.751444 -0.50185 -0.01154683
99 26.46204 1.897694 -0.5072049 6.745579 1.988414 -1.659625 -0.9023475 -0.07835403
100 26.10352 2.010817 -0.5313431 6.912944 3.23933 -1.866462 -0.2845984 0.00102439
