1 0.1677068 0.03009791 0.009726336 0.3500752 0.439908 0.6068981 0.07025738
2 0.1798575 0.03201096 0.01098279 0.4963685 0.4779184 0.5911189 0.06901939
3 0.1644469 0.02993039 0.00987234 0.3417925 0.3769676 0.6052413 0.07227825
4 0.1691796 0.03185955 0.01007885 0.3224628 0.4230171 0.7982719 0.07123247
5 0.1715295 0.03053043 0.009843444 0.3788939 0.3509845 0.7099083 0.07309084
6 0.1967291 0.0331947 0.01026425 0.5079275 0.4464087 0.6256461 0.07057155
7 0.1614373 0.02989481 0.01031601 0.3470723 0.3433796 0.5019397 0.0716403
8 0.1733665 0.02933114 0.0097364 0.4119415 0.3459111 0.639661 0.07342682
9 0.1642804 0.0294342 0.009863182 0.3647436 0.3242811 0.6297321 0.07524327
10 0.1653098 0.0298395 0.009971989 0.4151491 0.3393355 0.7025134 0.07276058
11 0.1447957 0.02804175 0.009646318 0.2852117 0.2681975 0.6369321 0.07840465
12 0.1625541 0.03036767 0.009972609 0.3368585 0.3186193 0.5290621 0.07241272
13 0.163329 0.03066414 0.009734922 0.3763921 0.3427102 0.6547515 0.07293293
14 0.1679355 0.03021222 0.009485295 0.3171687 0.3473284 0.7921336 0.07356221
15 0.1546863 0.02991007 0.01005428 0.3413245 0.3334214 0.5218469 0.07201807
16 0.1592017 0.03018172 0.01041461 0.3496187 0.3429814 0.6688669 0.07288869
17 0.1774329 0.0309696 0.009294221 0.4186493 0.3803318 0.8219558 0.07199681
18 0.1621672 0.03181114 0.01049999 0.3417372 0.4495287 0.9958021 0.07085454
19 0.1657183 0.02948997 0.009764944 0.3455017 0.33142 0.74164 0.07308428
20 0.1566322 0.03070016 0.01006051 0.3227681 0.3502486 0.7201736 0.07344286
21 0.1667411 0.0300596 0.009729136 0.329132 0.364664 0.478659 0.07023477
22 0.1670713 0.03356186 0.0107715 0.393656 0.4706095 0.6082409 0.06902851
23 0.1768968 0.03168652 0.01056686 0.4379018 0.3777632 0.8101564 0.07167565
24 0.1599104 0.02835098 0.009107836 0.338986 0.2705395 0.6298399 0.07545535
25 0.1696746 0.03004405 0.009453758 0.3626215 0.3490732 0.4562515 0.07200601
26 0.175654 0.03061988 0.01069708 0.491292 0.4063065 0.7902301 0.0729363
27 0.1717556 0.03063438 0.009766002 0.3473597 0.3452846 0.5411686 0.07410444
28 0.1629761 0.03186568 0.009890691 0.3215792 0.371587 0.6043251 0.07127626
29 0.1727624 0.03156611 0.0102534 0.4099941 0.3474404 0.6570968 0.07307441
30 0.1737269 0.03118911 0.01006776 0.3607416 0.4614091 0.5567398 0.07087232
31 0.1651885 0.03212496 0.009773894 0.3413261 0.3634785 0.5013621 0.07230071
32 0.1599537 0.02770852 0.009695012 0.3616526 0.2804707 0.6003012 0.07254888
33 0.1598893 0.02913228 0.009285043 0.3212965 0.2949209 0.5327957 0.07569475
34 0.1701306 0.03084238 0.01007302 0.3935222 0.3274371 0.8493513 0.07181893
35 0.174851 0.0303766 0.009714335 0.3762306 0.3577469 0.5570767 0.07258966
36 0.1642993 0.03084347 0.01006744 0.3059211 0.3438739 0.7698395 0.0732825
37 0.1694606 0.03153576 0.00997769 0.3864774 0.3463614 0.5698728 0.07134451
38 0.1616966 0.02958761 0.009596764 0.3245821 0.3354436 0.6201411 0.07291437
39 0.1679932 0.03018287 0.01003898 0.3522852 0.3139573 0.5684499 0.07373704
40 0.15561 0.02874993 0.00944895 0.299574 0.2955619 0.6899484 0.07620749
41 0.1721881 0.03121883 0.01039328 0.4241311 0.5006692 0.6432611 0.06991209
42 0.175256 0.03237322 0.01018081 0.4282057 0.3578975 0.5171204 0.07213929
43 0.1591541 0.03009664 0.01037942 0.3282084 0.3773846 0.4672286 0.07220114
44 0.1609483 0.02852328 0.009850534 0.3583205 0.3332176 0.762723 0.07272002
45 0.167354 0.03172896 0.009817025 0.3122833 0.3577049 0.6042874 0.07255843
46 0.1770652 0.03048548 0.009107388 0.4223163 0.3344533 0.6128548 0.07182201
47 0.1657868 0.03022475 0.009400959 0.3464403 0.3192336 0.5927833 0.07373734
48 0.1717715 0.03097602 0.01005145 0.3817588 0.4457335 0.7109748 0.07030671
49 0.171033 0.03169288 0.01041179 0.3802268 0.4618424 0.6076918 0.07198507
50 0.1612286 0.02963383 0.009893768 0.3109301 0.3362364 0.5583048 0.07208448
51 0.1614249 0.03013964 0.01001744 0.3509801 0.3220632 0.6886534 0.07346236
52 0.165201 0.03051255 0.01027811 0.3757232 0.3432885 0.8010286 0.07395121
53 0.1530874 0.03055914 0.009876641 0.3224433 0.2886927 0.6917458 0.0737768
54 0.1643003 0.03133841 0.009931605 0.3555228 0.362756 0.9347032 0.07228151
55 0.1770195 0.03062975 0.00990049 0.3772722 0.4002634 0.6832084 0.07091119
56 0.1558308 0.02859588 0.009867453 0.3543012 0.3217265 0.5390136 0.07132797
57 0.1652277 0.02954415 0.009768079 0.3746156 0.3381109 0.5790467 0.07292354
58 0.1554821 0.03011135 0.009461728 0.2399151 0.306165 0.4681244 0.07393971
59 0.1669337 0.03236932 0.01033555 0.290924 0.368945 0.6354176 0.07241276
60 0.1702906 0.03114951 0.00979296 0.2986602 0.4129674 0.5619768 0.07290075
61 0.1556897 0.03010749 0.01012326 0.3259454 0.3132942 0.5590913 0.07487247
62 0.1645687 0.03027842 0.009564808 0.3473937 0.2988733 0.6072486 0.07516554
63 0.1760911 0.03105739 0.009856995 0.335098 0.4099151 0.5746193 0.07084128
64 0.166252 0.03224569 0.01032541 0.3556851 0.340201 0.6804243 0.07323858
65 0.155456 0.03188793 0.01024426 0.315154 0.3045695 0.8446879 0.07548264
66 0.1842809 0.03102716 0.01052448 0.4899032 0.4533995 0.5256236 0.06870548
67 0.1591991 0.02902025 0.009032066 0.3287471 0.3040217 0.5881883 0.07564238
68 0.1713745 0.02956265 0.00990758 0.4399101 0.3754495 0.6153173 0.07172829
69 0.1526889 0.02869215 0.01002353 0.3189509 0.3082146 0.5823929 0.07394553
70 0.1583369 0.02888459 0.009911834 0.3522266 0.2960021 0.7166863 0.07585617
71 0.1779577 0.03498643 0.01137637 0.4431687 0.5542099 0.5610415 0.06911701
72 0.1581135 0.03165404 0.01005548 0.3108082 0.3374915 0.6429435 0.0730847
73 0.167634 0.03184237 0.00981851 0.3465559 0.434082 0.5217604 0.07179469
74 0.1565753 0.02943533 0.009772947 0.3194281 0.3098187 0.5304918 0.07491202
75 0.1725789 0.03091225 0.009895161 0.375511 0.3955413 0.9677186 0.07096389
76 0.1608715 0.03078096 0.009997187 0.3525092 0.3526577 0.5427727 0.07292402
77 0.1651605 0.03206509 0.01010351 0.3413401 0.3327541 0.6913094 0.07260991
78 0.1823908 0.03370968 0.01042767 0.4275919 0.5432324 0.7743294 0.07113932
79 0.1563537 0.02946589 0.01002286 0.3040176 0.3447779 0.5423509 0.0712251
80 0.1589849 0.02927503 0.009114761 0.2924104 0.2948571 0.6931222 0.07564002
81 0.1713064 0.03041951 0.009613893 0.359456 0.3586163 0.5224387 0.07156842
82 0.1708643 0.02992429 0.009757489 0.3661818 0.3699659 0.7008659 0.07150331
83 0.1576733 0.02758026 0.009022073 0.346199 0.2609594 0.636507 0.07582404
84 0.1705462 0.03225071 0.01017902 0.4022264 0.3303152 0.5814094 0.07243285
85 0.15876 0.03102429 0.01040535 0.3473247 0.3983221 0.8029085 0.07214884
86 0.1615421 0.03095436 0.0101158 0.3478697 0.3210376 0.7767932 0.07494519
87 0.1702746 0.03243786 0.009535805 0.3234861 0.3141933 0.7142003 0.0743983
88 0.1723382 0.0313489 0.01002582 0.4270228 0.3967048 0.6525156 0.07003367
89 0.157139 0.03036749 0.009206999 0.3327882 0.2981701 0.4984399 0.07258979
90 0.1696057 0.03233796 0.009500053 0.3620314 0.3117437 0.6876761 0.07574595
91 0.1633779 0.03145757 0.01001218 0.3536873 0.2923225 0.761115 0.07564144
92 0.1573423 0.03000759 0.009706707 0.3102412 0.2845408 0.6669414 0.07743553
93 0.1610189 0.03051207 0.00945327 0.3584122 0.2880616 0.8330103 0.07524382
94 0.1709974 0.03156399 0.01054006 0.3595289 0.3564209 0.7661473 0.07322987
95 0.1646073 0.02985147 0.009829399 0.3349835 0.3218962 0.5265277 0.0710907
96 0.1674021 0.03032303 0.009319191 0.3296957 0.3141796 0.459383 0.07356378
97 0.1790573 0.0310868 0.009787497 0.4437884 0.4276141 0.7615657 0.07086043
98 0.1599656 0.03023771 0.01016794 0.3701958 0.3673835 0.535996 0.07104922
99 0.1506204 0.02904538 0.0103935 0.2770798 0.3089723 0.8616118 0.07580547
100 0.1693881 0.03257869 0.01061614 0.3781238 0.392757 0.7484463 0.07156315
