1 26.19112 2.016186 -0.5276988 7.01907 2.42498 -2.41672
2 25.61968 1.944649 -0.5528781 7.092638 4.095861 -2.343249
3 26.22213 1.937862 -0.527217 7.157354 3.45901 -2.50832
4 26.15862 1.988205 -0.5202012 6.956323 2.349235 -2.459322
5 26.28328 1.915854 -0.5174977 6.710504 3.204066 -2.539945
6 26.29091 2.022104 -0.5050618 7.345537 4.479668 -2.418744
7 26.03558 1.868914 -0.5307625 7.475436 2.963885 -2.490881
8 26.41417 1.919349 -0.5132118 6.986755 3.895532 -2.551921
9 26.14307 1.96269 -0.5264986 6.805799 3.019384 -2.625789
10 25.79456 1.954014 -0.53987 6.186615 4.177816 -2.527594
11 25.75214 1.886127 -0.5439034 6.306619 2.434193 -2.759475
12 26.00812 1.929092 -0.5280166 7.028138 2.667751 -2.524268
13 26.15445 2.030644 -0.5368591 6.323869 3.539829 -2.528526
14 26.50222 2.016905 -0.5101058 6.725038 2.590464 -2.582123
15 25.61837 1.902611 -0.5579852 6.807603 2.811655 -2.477466
16 25.63429 1.88782 -0.5473713 6.907736 3.162571 -2.55099
17 26.75738 2.052894 -0.5060211 6.34906 3.633706 -2.485292
18 25.97497 1.973855 -0.5490116 6.637894 2.127163 -2.429548
19 26.07853 1.971398 -0.5259735 6.433627 2.666184 -2.5408
20 25.92754 1.956656 -0.5442005 6.687672 2.666362 -2.544401
21 26.16779 1.991152 -0.5222209 7.369606 2.628851 -2.419365
22 25.61113 2.045774 -0.5621754 7.191308 2.899401 -2.342874
23 25.75264 1.925253 -0.5418229 6.765396 3.623545 -2.479733
24 26.27149 1.959562 -0.5158167 6.347482 3.240411 -2.651745
25 26.47582 2.012066 -0.5123186 7.495592 3.736349 -2.483008
26 25.67692 1.857981 -0.5481901 6.823513 4.383306 -2.527121
27 26.23439 1.950123 -0.5039755 7.648562 3.300716 -2.591442
28 26.15945 2.028257 -0.524358 6.777242 2.774259 -2.449447
29 25.88234 2.006945 -0.5340569 6.911752 3.872862 -2.547154
30 26.2945 1.968095 -0.5087246 8.093181 2.562221 -2.421084
31 26.04677 2.027871 -0.5213149 7.262061 2.873069 -2.500171
32 25.78039 1.852403 -0.5396665 6.374255 3.494187 -2.540215
33 26.42516 2.027003 -0.5184665 7.018805 2.999566 -2.647049
34 26.00243 1.977408 -0.5390112 6.270596 3.366072 -2.488061
35 26.30991 1.979621 -0.5056934 7.197331 4.087129 -2.523537
36 26.14753 1.990002 -0.5226082 6.972123 2.486912 -2.546824
37 26.07923 1.981874 -0.5366592 7.122118 3.05997 -2.476687
38 26.04229 1.982296 -0.5261612 6.674075 2.664138 -2.538263
39 26.31442 1.913078 -0.5201433 7.348642 3.196105 -2.590065
40 26.24535 1.945873 -0.521808 6.520913 2.512406 -2.670667
41 25.82498 1.936746 -0.5317017 7.185875 3.294722 -2.379527
42 26.00141 2.002597 -0.5330298 7.54727 4.241986 -2.495319
43 25.75428 1.863714 -0.5387853 7.629741 2.708186 -2.476543
44 25.91306 1.872182 -0.5355709 6.337463 2.990774 -2.544966
45 26.27505 2.054233 -0.5125812 7.312348 2.52541 -2.536612
46 26.57945 2.051001 -0.5105544 6.496677 3.484363 -2.487409
47 26.16213 2.036455 -0.5181391 6.874941 2.817037 -2.584951
48 26.37711 1.984584 -0.5214784 6.867141 2.925256 -2.403319
49 25.92723 1.94992 -0.5284889 7.714931 2.89963 -2.490293
50 26.02266 1.914287 -0.5268775 7.000108 2.477388 -2.516188
51 25.90814 1.982921 -0.5363652 6.365886 3.157837 -2.536125
52 25.81974 1.941912 -0.5404723 6.664218 3.466311 -2.582697
53 26.02754 1.992099 -0.5462549 6.4224 2.94818 -2.566172
54 26.03762 1.999546 -0.5346906 6.362855 3.010506 -2.507107
55 26.58116 1.915934 -0.5014533 7.215909 3.181395 -2.461018
56 25.80077 1.857556 -0.5440411 6.521762 3.607096 -2.481729
57 26.0753 1.940778 -0.5274226 6.817436 3.257701 -2.53367
58 26.46849 1.979138 -0.5024534 7.782182 1.701478 -2.601907
59 26.30342 1.956833 -0.5153022 7.635801 2.217187 -2.524862
60 26.56434 2.109415 -0.5134706 7.865882 2.148928 -2.545433
61 25.7156 1.912714 -0.5501176 7.195051 2.859072 -2.614141
62 26.28967 1.97408 -0.5151628 7.062516 3.269422 -2.635138
63 26.3946 1.975443 -0.505464 7.463755 2.516054 -2.430827
64 26.07543 2.014363 -0.541716 7.109041 2.93295 -2.553983
65 25.97585 1.974359 -0.541828 6.68049 2.429403 -2.63157
66 25.99571 1.925142 -0.5319232 7.470237 3.805177 -2.306034
67 26.62413 1.961649 -0.5073808 6.614038 3.369107 -2.648598
68 25.96701 1.944832 -0.5387113 6.532458 3.624345 -2.463965
69 25.64647 1.845801 -0.5407574 6.725547 2.647162 -2.577432
70 25.71727 1.85859 -0.5296936 6.39865 3.422394 -2.664227
71 25.83528 2.049984 -0.5556372 7.751318 2.458226 -2.297652
72 26.14185 2.024538 -0.538702 6.905976 2.440481 -2.542517
73 26.1537 1.998104 -0.5192674 7.636339 2.84647 -2.496476
74 25.89209 1.934203 -0.5417111 7.135808 2.775387 -2.625104
75 26.22097 2.00169 -0.5200314 6.303996 2.868453 -2.447802
76 25.79403 2.005082 -0.5494277 7.069439 3.187653 -2.533767
77 26.05347 2.023704 -0.5299288 7.026058 2.407284 -2.515527
78 26.15451 2.010906 -0.5180791 7.615574 3.143918 -2.438342
79 25.96095 1.940255 -0.5458272 6.699693 2.399721 -2.463445
80 26.612 2.015543 -0.5093927 6.3264 2.455979 -2.643204
81 26.30776 2.015475 -0.5172882 7.298136 2.893356 -2.461179
82 26.25033 1.978488 -0.5176651 6.798566 2.968268 -2.480649
83 26.39501 1.884065 -0.5182392 6.330558 3.405152 -2.666791
84 25.83311 2.012153 -0.5395143 7.04158 3.343042 -2.516578
85 25.89976 1.940807 -0.5499069 6.639476 2.498122 -2.492197
86 26.0094 1.923453 -0.5347853 6.825296 3.467031 -2.61489
87 26.67536 2.105039 -0.507273 6.883767 2.887536 -2.592695
88 25.87298 2.010961 -0.5314545 6.361148 4.109402 -2.373561
89 26.40202 2.03515 -0.5307531 6.376905 2.78846 -2.524444
90 26.25223 2.089531 -0.5216086 7.004573 3.230268 -2.640126
91 26.05769 1.97485 -0.5339141 6.626602 3.000417 -2.64434
92 26.13982 1.936005 -0.516436 6.951457 3.060518 -2.727069
93 26.06822 2.000877 -0.5323168 6.174467 3.322677 -2.646171
94 26.04803 1.920126 -0.5366315 7.47682 3.31579 -2.582192
95 26.22024 1.951151 -0.5186835 6.88084 2.81385 -2.452435
96 26.53949 1.982374 -0.5033908 7.609204 3.776994 -2.577182
97 26.26478 2.010605 -0.5096359 6.69696 3.408297 -2.424485
98 25.74222 1.941828 -0.5446787 6.789182 2.759969 -2.421736
99 25.89462 1.859711 -0.5426215 6.741401 1.978482 -2.668375
100 25.89129 1.991457 -0.5436347 6.893832 3.196977 -2.463293
