1 0.186341 0.03567161 0.01142688 0.4461391 0.63982 0.07025127
2 0.2022428 0.03655188 0.01232856 NaN NaN 0.06906386
3 0.1928328 0.03463075 0.01153047 0.5290053 0.4118782 0.0722783
4 0.1857221 0.03483755 0.01129652 0.4077962 0.4761421 0.07123188
5 0.1887995 0.03312084 0.01107222 0.4567901 0.34735 0.073095
6 0.2181054 0.03685328 0.01147157 0.766349 0.6477379 0.07057015
7 0.1885311 0.03398334 0.01209978 0.5042511 0.4638692 0.07164182
8 0.1983022 0.03341905 0.01113381 0.5699262 0.3596703 0.07342469
9 0.1826116 0.03415038 0.01109628 0.4394498 0.3092103 0.07532431
10 0.1874767 0.03344473 0.01100991 0.5944442 0.3279615 0.07276044
11 0.1598832 0.03158123 0.01091182 0.3429172 0.2466521 0.07840465
12 0.1841475 0.03420547 0.01150192 0.4501663 0.392188 0.07241142
13 0.1844923 0.03445106 0.01083338 0.5270583 0.3369801 0.07293293
14 0.1831393 0.03375931 0.01058543 0.3786604 0.3273455 0.0735629
15 0.1762901 0.03423989 0.01203907 0.4886749 0.4225846 0.0720232
16 0.1797926 0.03379964 0.01181582 0.4566349 0.3621836 0.07288945
17 0.1968081 0.03383144 0.01032692 0.545799 0.392733 0.07199645
18 0.1722321 0.03440483 0.01158127 0.4089847 0.5290414 0.07086664
19 0.1784649 0.03328183 0.01088844 0.4188467 0.3433681 0.07308429
20 0.176081 0.03423811 0.01139381 0.4145219 0.3462119 0.07343989
21 0.1951383 0.03604069 0.01167697 0.5156188 0.6304134 0.0702348
22 0.1882742 0.03844489 0.01228092 NaN NaN 0.06901286
23 0.1891814 0.03437435 0.01165674 0.5564255 0.4363669 0.07167511
24 0.1810797 0.03223083 0.01042602 0.4416447 0.2752979 0.07547947
25 0.2063238 0.03640985 0.01147325 0.6159082 0.4671062 0.07200721
26 0.1921838 0.03360816 0.01188139 0.6384234 0.3711297 0.0729363
27 0.2006381 0.03543853 0.01147935 0.4775416 0.3684773 0.07410442
28 0.1885319 0.03538577 0.01117133 0.4944536 0.4802636 0.07126935
29 0.193889 0.03594011 0.01139746 0.5694783 0.3632 0.07308721
30 0.2041909 0.0368842 0.01214019 0.4688861 0.6390898 0.07087234
31 0.1913454 0.03651619 0.0115083 0.4423673 0.4254483 0.07230043
32 0.1808788 0.03173129 0.01123681 0.5043561 0.3410314 0.07254802
33 0.1857619 0.03499448 0.01086135 0.4489127 0.3078083 0.075742
34 0.1835101 0.03367828 0.01099472 0.514463 0.3869476 0.07181638
35 0.2069325 0.03523788 0.01119871 0.6058182 0.393871 0.07258892
36 0.1827377 0.03477738 0.01124162 0.3948537 0.36185 0.07325775
37 0.1884073 0.03554225 0.01160446 0.4746752 0.4719615 0.07134768
38 0.1822779 0.03433017 0.01106028 0.4234417 0.3635973 0.07291735
39 0.1900746 0.03378863 0.01143237 0.4661394 0.3567921 0.07373127
40 0.172702 0.03239829 0.01065473 0.3631682 0.277915 0.07606497
41 0.1969243 0.03558664 0.01207291 0.7195793 0.8305392 0.06990782
42 0.2036343 0.0373745 0.0119752 0.6908992 0.4453842 0.07213977
43 0.1869503 0.03503215 0.01253802 0.4697953 0.4790867 0.07219945
44 0.1761117 0.03162631 0.01110152 0.4286679 0.3414402 0.07271628
45 0.191825 0.03643394 0.01115222 0.418168 0.3976173 0.07255898
46 0.1960292 0.03443205 0.01051103 0.5343741 0.4034282 0.07182201
47 0.1846547 0.03510682 0.01088505 0.4033404 0.3378515 0.07373736
48 0.192658 0.03458345 0.01128189 0.5490924 0.6203331 0.07029183
49 0.1935459 0.03639879 0.01215085 0.4550623 0.4724414 0.07198498
50 0.1824913 0.03372656 0.01145737 0.4131288 0.3977294 0.07208355
51 0.1812579 0.03410453 0.0110318 0.4863137 0.3348934 0.07346234
52 0.1816395 0.03394506 0.01130395 0.4998086 0.3244505 0.07393116
53 0.1746268 0.03397493 0.01105604 0.4368961 0.3218712 0.07376567
54 0.1799843 0.03406275 0.01090172 0.4489924 0.3688417 0.07228156
55 0.2017642 0.03361228 0.01126465 0.5249895 0.4854845 0.07090471
56 0.1839278 0.03238976 0.01153011 0.5532079 0.4170838 0.07132756
57 0.1864911 0.03385241 0.01127652 0.46356 0.3684806 0.07292246
58 0.1860153 0.03524407 0.01131628 0.3121346 0.372363 0.07390652
59 0.1886536 0.03518979 0.01164568 0.3996125 0.4191211 0.07241063
60 0.1917089 0.03815771 0.01138637 0.3644835 0.4154695 0.07290007
61 0.1755431 0.03471885 0.01191788 0.4242567 0.3305042 0.07485265
62 0.1892495 0.03428859 0.01100281 0.4889828 0.3166141 0.07504404
63 0.2002459 0.03552107 0.0115184 0.4641663 0.5792344 0.07083842
64 0.1823853 0.03605866 0.01150458 0.4467261 0.3695703 0.07324342
65 0.1697827 0.03409041 0.01117668 0.3839925 0.2955882 0.07547367
66 0.2106234 0.03646266 0.01240656 NaN NaN 0.06877226
67 0.1864273 0.03231918 0.01047991 0.4516805 0.2884237 0.07564238
68 0.1888367 0.03400916 0.01136787 0.5841425 0.4361381 0.07172178
69 0.1747751 0.0327611 0.01171891 0.3926318 0.3262902 0.07396206
70 0.1777083 0.03152609 0.01104506 0.4591198 0.2733673 0.07585541
71 0.1935627 0.03970262 0.0128224 NaN NaN 0.06907492
72 0.1767859 0.0354693 0.0112995 0.3991255 0.3697587 0.07308609
73 0.1955303 0.03666195 0.01168854 0.4528857 0.4649711 0.07179469
74 0.1791504 0.03508231 0.01167488 0.4074769 0.330926 0.07494927
75 0.186618 0.03367032 0.01074419 0.4602212 0.4380301 0.07095122
76 0.1835123 0.03637762 0.01176066 0.4852819 0.3901544 0.07292409
77 0.1819247 0.03593344 0.0113762 0.4096641 0.3913571 0.07261043
78 0.2027213 0.03715371 0.01182704 0.5191845 0.5570851 0.07114101
79 0.1764156 0.03389097 0.01152443 0.4337452 0.4528418 0.07122315
80 0.1763043 0.03256693 0.0101828 0.3868709 0.2803608 0.07564002
81 0.1961504 0.03611834 0.01144104 0.4794593 0.48467 0.07156561
82 0.1904027 0.03422036 0.01105128 0.46784 0.4353167 0.0715033
83 0.1789603 0.03068655 0.01050547 0.4348907 0.2726967 0.07565732
84 0.1887838 0.0364029 0.01159969 0.5313027 0.3961658 0.07243223
85 0.1743646 0.03419241 0.01159751 0.4046402 0.388788 0.07215083
86 0.1821633 0.03349708 0.01130445 0.500126 0.3097908 0.0748523
87 0.1908621 0.03565269 0.0104915 0.4234338 0.3269072 0.07429252
88 0.2001996 0.03517934 0.01123196 0.8558215 0.7264648 0.06993045
89 0.1789301 0.03401377 0.01065334 0.4342778 0.355564 0.07258935
90 0.1872385 0.03643705 0.01087858 0.4442453 0.3080857 0.07563909
91 0.1761979 0.0337331 0.01095294 0.4119182 0.285758 0.07567136
92 0.1808696 0.03317809 0.01092226 0.4407907 0.278616 0.07742986
93 0.1765259 0.03300308 0.01050517 0.4285896 0.2711869 0.07524382
94 0.1883653 0.03487395 0.0117954 0.4781218 0.3690019 0.07320264
95 0.1919493 0.03430304 0.01131568 0.5146615 0.4692639 0.07109732
96 0.205479 0.03534012 0.01125729 0.5616011 0.3779083 0.0735626
97 0.200106 0.03490589 0.01099835 0.6024207 0.5647492 0.07086043
98 0.1834917 0.03492655 0.01184833 0.5454321 0.5588793 0.07104978
99 0.1611942 0.03183129 0.01139521 0.3208289 0.292169 0.07571032
100 0.1863844 0.03571516 0.01166157 0.5178204 0.4566932 0.07156266
