1 26.34427 1.981871 -0.5235894 4.375192 2.00169 4.958017 -2.418201
2 25.80626 1.928484 -0.5506599 4.792167 2.751859 5.01482 -2.334405
3 26.45772 1.945692 -0.5269843 4.629097 2.118764 5.290189 -2.50843
4 26.33862 1.99485 -0.5201109 4.94945 1.900293 6.191768 -2.460589
5 26.35539 1.971417 -0.520863 4.652038 2.507581 5.971901 -2.537904
6 26.33606 2.019867 -0.5071674 4.980092 3.183277 5.278973 -2.414497
7 26.14663 1.897528 -0.5315497 4.668727 2.116064 4.683675 -2.490866
8 26.61305 1.919183 -0.5138761 4.73125 2.732459 5.545672 -2.551774
9 26.25644 1.922889 -0.527482 4.578919 2.542813 5.530562 -2.616943
10 25.90837 1.929201 -0.5407857 4.377444 2.64352 5.720559 -2.527342
11 25.8016 1.873819 -0.5432761 4.334379 1.941601 5.549291 -2.759475
12 26.16145 1.964223 -0.5341586 4.61967 2.134249 4.85752 -2.523574
13 26.28039 2.016569 -0.5373643 4.388534 2.359156 5.390909 -2.528526
14 26.55095 2.000548 -0.5068627 4.757437 2.096697 6.171675 -2.585971
15 25.7711 1.948204 -0.5620793 4.207236 2.066336 4.821824 -2.478926
16 25.80447 1.886678 -0.5479159 4.682447 2.183273 5.69069 -2.549312
17 26.83243 2.060046 -0.5062744 4.51198 2.61539 6.411906 -2.486732
18 26.08471 1.974558 -0.548973 4.876228 1.865502 7.239912 -2.426181
19 26.19755 1.925219 -0.5199735 4.538795 2.271662 6.077087 -2.542897
20 26.07077 1.955573 -0.5451782 4.561266 1.950315 5.977262 -2.544232
21 26.30294 1.978345 -0.5210306 4.371254 1.971758 4.440594 -2.419365
22 25.7941 2.030724 -0.5621786 4.851809 2.075834 5.154479 -2.351644
23 25.92423 1.948758 -0.5439224 4.888262 2.765982 6.347747 -2.479382
24 26.41844 1.952542 -0.5154648 4.312253 2.39309 5.589778 -2.663484
25 26.64735 1.980556 -0.5081883 4.422102 2.237398 4.381121 -2.483744
26 25.86781 1.871738 -0.5474544 4.808341 3.16398 6.193769 -2.527121
27 26.45054 1.981592 -0.5080215 4.886223 2.293705 5.030009 -2.591442
28 26.3187 2.035153 -0.5259827 4.696376 1.81212 5.149235 -2.44892
29 26.12466 1.983052 -0.5331994 4.793405 2.707205 5.582664 -2.544744
30 26.3777 1.97953 -0.5138077 4.783464 1.966982 4.945552 -2.425225
31 26.21891 2.067561 -0.5268309 4.521221 2.034957 4.622896 -2.500135
32 26.07806 1.853557 -0.5359514 4.240169 2.563491 5.472963 -2.540024
33 26.58747 1.983459 -0.5172867 4.445915 2.19401 4.889135 -2.651596
34 26.18154 1.952483 -0.5353319 4.712652 2.627908 6.703973 -2.488109
35 26.41529 1.972009 -0.5064087 4.592646 2.346951 4.971988 -2.524503
36 26.31316 1.975577 -0.5232385 4.929689 1.809516 6.27688 -2.547413
37 26.23908 1.998209 -0.5346802 4.686644 2.54764 5.113784 -2.477105
38 26.24178 1.96818 -0.5271683 4.38581 2.065378 5.39114 -2.538216
39 26.37922 1.934436 -0.5224307 4.871435 2.441335 5.220085 -2.590797
40 26.2923 1.943588 -0.5242112 4.470833 2.022086 5.890273 -2.66668
41 26.06898 1.971975 -0.5364985 4.567545 2.209834 5.342848 -2.381757
42 26.25942 1.996468 -0.5325435 4.754068 2.779943 4.806789 -2.49595
43 25.82996 1.894758 -0.5435971 4.424556 1.935838 4.440059 -2.474962
44 26.00515 1.87807 -0.5370004 4.402326 2.3001 6.191724 -2.54732
45 26.33711 2.03118 -0.5162904 4.771572 1.858974 5.307361 -2.535752
46 26.75469 2.043036 -0.5075625 4.396724 2.802004 5.189061 -2.487409
47 26.25621 2.017232 -0.5186729 4.418073 2.371128 5.317069 -2.584951
48 26.46556 1.986087 -0.5225213 4.729811 2.200386 5.7425 -2.408945
49 26.05648 1.970691 -0.5311852 4.755792 2.151006 5.010555 -2.490302
50 26.15522 1.934734 -0.5293301 4.504691 1.978365 5.000153 -2.515852
51 26.05534 1.943224 -0.5342812 4.583929 2.208188 5.860134 -2.536736
52 25.9239 1.9137 -0.5373773 4.883614 2.412333 6.379722 -2.585035
53 26.09213 1.973711 -0.5428653 4.556316 2.047171 6.016777 -2.566537
54 26.17029 1.9987 -0.5317401 4.738166 2.154869 7.066245 -2.507297
55 26.70614 1.960388 -0.5052642 5.0012 2.324633 5.643266 -2.460089
56 25.94285 1.892133 -0.5506695 4.215011 2.281054 4.910809 -2.483396
57 26.2219 1.934087 -0.5290714 4.482268 2.439746 5.106937 -2.533468
58 26.48785 1.996381 -0.5083869 4.67674 1.38936 4.582762 -2.606926
59 26.3985 1.989543 -0.5198026 5.318928 1.679208 5.499378 -2.523856
60 26.60404 2.003715 -0.5054043 4.887952 1.663106 4.845892 -2.54323
61 25.84946 1.922372 -0.5493189 4.524373 2.143142 5.202372 -2.61341
62 26.4854 1.958328 -0.5138637 4.819169 2.338785 5.447982 -2.636837
63 26.48355 1.962824 -0.5025807 4.809705 1.966626 5.032654 -2.429692
64 26.19957 1.991365 -0.5378224 4.994599 2.331447 5.881174 -2.552866
65 26.01092 1.973269 -0.5416291 5.003919 1.96182 6.870715 -2.640198
66 26.03265 1.916415 -0.5349836 4.545709 2.834875 4.856282 -2.316914
67 26.68029 1.991749 -0.5078178 4.35826 2.18505 5.157675 -2.648598
68 26.03088 1.922055 -0.5390664 4.265821 2.791307 5.207526 -2.467041
69 25.732 1.872407 -0.5439269 4.341618 2.064587 5.267074 -2.574164
70 25.83341 1.902979 -0.5377768 4.433893 2.460605 5.954144 -2.664474
71 25.92388 2.005668 -0.5531781 5.158337 2.120074 4.818102 -2.294547
72 26.20541 2.02002 -0.5423875 4.744805 1.896985 5.580044 -2.540423
73 26.22787 2.042243 -0.5262054 4.551219 2.019745 4.519068 -2.496476
74 25.98448 1.907324 -0.5375312 4.423125 2.137063 4.829193 -2.616446
75 26.30297 1.978344 -0.5190583 4.695621 2.27695 7.142075 -2.448047
76 26.05248 1.982234 -0.5436037 4.439851 2.184422 4.903533 -2.532248
77 26.207 2.013638 -0.5318813 4.873442 2.165317 5.986561 -2.515784
78 26.32243 2.032814 -0.5205328 5.118145 2.371365 5.832692 -2.437838
79 26.07754 1.921262 -0.5426277 4.394874 1.728973 4.84607 -2.46502
80 26.78218 2.014783 -0.50808 4.448755 1.847133 5.865074 -2.643204
81 26.41382 1.980406 -0.5122532 4.492784 2.233787 4.818064 -2.462964
82 26.44231 1.951902 -0.5143255 4.714866 2.299274 5.749405 -2.479716
83 26.49373 1.917883 -0.522213 4.205215 2.58374 5.733078 -2.675552
84 26.06488 2.0039 -0.537873 4.748753 2.634652 5.216517 -2.516452
85 25.9815 1.950224 -0.5513006 4.684585 1.980563 6.257552 -2.492262
86 26.15318 1.962117 -0.5357741 4.962675 2.278923 6.468267 -2.622418
87 26.70708 2.082037 -0.5050515 4.914368 2.069972 6.070337 -2.600756
88 26.13775 2.018066 -0.5326009 4.463106 2.330534 5.447983 -2.37432
89 26.51745 2.060018 -0.5345412 4.087912 2.178349 4.570002 -2.523648
90 26.50648 2.080679 -0.5173219 4.872717 2.43728 5.98019 -2.640419
91 26.16654 1.99733 -0.5362052 4.819036 2.489381 6.426494 -2.64667
92 26.25721 1.953081 -0.5207587 4.96406 2.123462 5.861216 -2.732929
93 26.24831 2.03604 -0.5363041 4.499987 2.546444 6.632443 -2.646171
94 26.15567 1.918468 -0.5364963 5.339004 2.428846 6.248333 -2.57922
95 26.35658 1.942222 -0.5181847 4.53662 2.048114 4.916823 -2.455087
96 26.75216 2.002775 -0.5043595 4.658768 2.09692 4.520065 -2.577192
97 26.3619 1.992963 -0.5090359 4.666683 2.675159 6.04488 -2.424485
98 25.99458 1.947586 -0.5441411 4.238391 2.0251 4.900958 -2.417344
99 25.91067 1.860665 -0.5428929 4.895322 1.729541 6.929115 -2.662877
100 25.99867 1.993429 -0.5434381 4.970632 2.278177 6.089084 -2.463265
