1 26.99905 1.978226 -0.5002144 4.948298 2.164954 5.568867 -4.670582 -0.4937027 -0.3218765 0.3527614
2 26.78921 1.942423 -0.503913 5.639988 2.955737 5.669017 -5.170006 -0.5595462 -0.3539819 0.4024526
3 27.1364 1.949132 -0.496757 5.250964 2.26001 5.708866 -4.461963 -0.8505186 -0.3256122 0.3488257
4 26.73321 1.928087 -0.5022941 5.639709 1.991982 6.865036 -5.042189 -0.3781237 -0.3480305 0.38501
5 27.08959 1.973807 -0.4867034 5.233457 2.655119 6.637123 -4.697127 -0.5815348 -0.364689 0.3794849
6 26.78188 1.953091 -0.4922145 5.951988 3.303803 6.127494 -5.505814 -0.5795397 -0.4362166 0.4660568
7 27.13841 1.952738 -0.4880403 5.442557 2.4575 5.289314 -5.312333 -0.597127 -0.368725 0.4123555
8 27.08002 1.937325 -0.5015193 5.626641 2.95354 6.252446 -6.038232 -0.7983615 -0.4438111 0.492404
9 27.1397 1.967905 -0.4906026 5.122175 2.605453 5.903281 -4.576141 -0.59298 -0.3528409 0.3616964
10 26.87489 1.952261 -0.4923592 5.112081 2.921516 6.499063 -5.236862 -0.5431951 -0.4009059 0.4292729
11 26.8783 1.938843 -0.4878147 4.804429 1.942273 6.126594 -4.696127 -0.7860607 -0.3342865 0.356057
12 27.10605 1.980193 -0.4876597 5.19371 2.429595 5.160966 -5.096111 -0.4328194 -0.358685 0.3912532
13 27.0352 2.019969 -0.5104655 5.026454 2.447275 5.901985 -5.195292 -0.7038757 -0.3850043 0.4202662
14 26.82522 1.970133 -0.5055479 5.476894 2.086668 6.895675 -5.324117 -0.5789841 -0.3710316 0.4085521
15 26.54747 1.962261 -0.5140331 4.816316 2.260504 5.297164 -4.680537 -0.7178749 -0.3413913 0.3715535
16 26.87739 1.92083 -0.4906581 5.301923 2.244407 6.236265 -5.334418 -1.184614 -0.4122148 0.4511201
17 27.10839 1.986962 -0.5022052 5.121134 2.637714 7.160019 -4.619993 -0.7813105 -0.3520956 0.3760068
18 26.80517 1.926791 -0.5135042 5.53393 1.912143 8.050819 -5.085279 -0.8884764 -0.3749965 0.4166736
19 26.65954 1.873071 -0.4976619 5.302747 2.290795 7.010802 -5.878929 -0.9766412 -0.4391542 0.4909265
20 27.11313 1.985272 -0.4989735 5.045642 2.010377 6.28159 -4.752801 -0.8458605 -0.3648786 0.3877065
21 26.82411 1.975949 -0.5010136 4.979117 2.074359 4.838659 -4.895955 -0.7213326 -0.3143389 0.3636466
22 26.72412 2.017582 -0.5218714 5.659763 2.14916 5.705324 -5.052565 -0.593414 -0.3465553 0.3924779
23 26.95843 2.010008 -0.4995541 5.824412 2.934099 7.285521 -6.537315 -0.6789415 -0.4925438 0.5441771
24 27.09272 1.980903 -0.48953 4.944707 2.464272 6.144439 -5.237141 -0.7476879 -0.3690981 0.4069348
25 26.88518 1.950078 -0.5077114 5.181799 2.339121 4.844671 -5.535126 -0.8176155 -0.417477 0.4563787
26 26.81926 1.916236 -0.4997082 5.740653 3.517256 7.572374 -6.272093 -0.9194453 -0.5027121 0.5450811
27 26.76716 1.946738 -0.4908391 5.485775 2.389612 5.451425 -4.345208 -0.7301987 -0.3078429 0.3250466
28 26.84652 1.980291 -0.5076618 5.446176 1.990401 5.667354 -5.462903 -0.8441004 -0.4016459 0.4467449
29 26.67177 1.943604 -0.5066018 5.620976 2.811406 6.221298 -6.178739 -0.8353142 -0.4491574 0.5034644
30 26.9569 1.959727 -0.4892022 5.318266 2.100296 5.202966 -4.358194 -0.6033626 -0.3323143 0.3443295
31 26.74035 2.006727 -0.5003121 5.058371 2.197379 4.956939 -4.402722 -0.8236671 -0.332909 0.351918
32 27.18433 1.910346 -0.4813576 5.036239 2.714004 6.06614 -5.986205 -0.6713387 -0.4323774 0.4874676
33 26.96578 1.951107 -0.50529 5.103464 2.358144 5.507089 -5.299577 -0.400714 -0.3618181 0.395248
34 27.02444 1.969746 -0.5033922 5.649692 2.671369 8.033831 -7.286422 -0.8486981 -0.5334369 0.6124968
35 26.83196 1.939033 -0.4900346 5.415609 2.648006 5.654474 -5.165691 -0.5855394 -0.3674681 0.4046352
36 27.1096 1.978186 -0.4897392 5.576818 1.915466 6.710233 -5.335921 -0.7926526 -0.3981358 0.4331506
37 26.95809 1.968658 -0.4997573 5.472839 2.712306 5.76978 -5.06877 -0.6309401 -0.3401217 0.3844914
38 27.24547 2.004717 -0.4853887 4.994309 2.0713 5.755406 -5.3919 -0.2607908 -0.3860752 0.4203159
39 27.08117 1.950036 -0.4934007 5.773358 2.687572 5.884257 -6.093848 -1.067083 -0.4300104 0.4884338
40 27.07573 1.978861 -0.489977 4.918185 2.22399 6.553769 -4.350438 -0.7712754 -0.299476 0.3183686
41 26.91923 1.959846 -0.4895945 5.095444 2.416018 5.837477 -4.218521 -1.029453 -0.307064 0.3371173
42 26.99695 1.973014 -0.498501 5.65655 2.679212 5.275991 -6.495625 -0.8283069 -0.4970308 0.5492982
43 26.81933 1.935323 -0.4918024 4.896187 2.04829 4.508731 -4.23519 -0.8228422 -0.340847 0.3498296
44 27.10465 1.953706 -0.486203 4.903943 2.33361 6.709211 -4.901678 -0.4473169 -0.338489 0.3707216
45 26.80396 1.972283 -0.49788 5.420241 1.868436 5.93669 -4.842166 -0.9868466 -0.3393683 0.3790497
46 27.01722 1.984444 -0.5071078 5.175117 2.784845 5.926676 -5.177813 -0.4986276 -0.362673 0.4013608
47 26.72895 1.961673 -0.4963562 4.918057 2.355088 5.776504 -4.573711 -0.7855989 -0.3187669 0.3474096
48 27.19203 2.004578 -0.4977749 5.35588 2.306586 6.338628 -4.435458 -0.7947713 -0.3247835 0.3508281
49 26.85863 1.960019 -0.4913159 5.459697 2.132178 5.722749 -4.393769 -0.8849788 -0.3216817 0.3441287
50 26.87761 1.922291 -0.4909492 5.191662 2.200747 5.648726 -4.906814 -0.6912646 -0.326348 0.3691185
51 26.75547 1.944327 -0.5015401 5.10804 2.525893 6.269602 -4.984666 -0.605166 -0.3914612 0.41148
52 26.92295 1.945502 -0.4898299 5.639708 2.61973 7.251416 -5.839653 -0.5317474 -0.4242776 0.467661
53 26.88415 1.988644 -0.5126473 5.319886 2.345138 6.671193 -6.259825 -0.9120259 -0.4630311 0.5165936
54 26.73411 1.933137 -0.5022795 5.454589 2.139701 7.830593 -5.044617 -0.7186027 -0.3625304 0.3991568
55 27.45831 1.966864 -0.4776971 5.871908 2.647149 6.349342 -5.119966 -0.6546496 -0.3759047 0.4099967
56 26.85048 1.935571 -0.5025021 4.972968 2.47156 5.680703 -4.921722 -0.728915 -0.3327523 0.3754933
57 26.77232 1.922713 -0.4999467 4.973929 2.654626 5.45881 -4.557527 -0.5928103 -0.3198816 0.345127
58 27.03497 1.971417 -0.4813973 5.072433 1.435896 4.784396 -4.350756 -0.5945416 -0.2831364 0.3040846
59 26.80851 1.889314 -0.4963006 6.192979 1.731798 6.318391 -5.604989 -0.7984966 -0.4043201 0.4469891
60 26.69505 1.925645 -0.5119986 5.418842 1.831155 5.213623 -4.539152 -0.8281023 -0.3026341 0.3349684
61 26.83904 1.959695 -0.4956947 4.931894 2.264118 5.451953 -4.382176 -0.9702242 -0.3174454 0.3390573
62 26.94365 1.948348 -0.4977845 5.641576 2.603688 6.228664 -7.106447 -0.6716205 -0.5003113 0.5693194
63 26.84965 1.927437 -0.4884279 5.442135 2.078419 5.495735 -4.467183 -0.7212188 -0.3248481 0.3481034
64 26.90225 1.983096 -0.5123617 5.789243 2.531871 6.918857 -6.159844 -0.8555177 -0.4570817 0.5071681
65 26.92499 1.987534 -0.504886 5.673043 2.163676 7.462881 -6.531494 -0.7910511 -0.4805919 0.5344957
66 27.47783 2.007705 -0.4774517 5.32502 3.096107 5.41063 -4.767494 -0.6147269 -0.3595948 0.3903047
67 27.05226 1.967873 -0.497122 4.939104 2.404468 5.578278 -4.64883 -0.8741843 -0.3370544 0.3605837
68 27.1901 1.996406 -0.490344 4.923412 3.106232 5.756804 -4.826852 -0.6696632 -0.3600668 0.3891551
69 26.85143 1.916029 -0.4814975 4.878196 2.189925 5.753474 -4.867505 -0.9832338 -0.3826136 0.406453
70 27.01594 1.950605 -0.4733149 5.092652 2.605154 6.665583 -4.847868 -0.7122717 -0.3591701 0.3828531
71 26.82641 1.967249 -0.5182264 6.171995 2.178378 5.446277 -6.036715 -0.5689262 -0.4608926 0.5073351
72 27.06561 2.006385 -0.5073366 5.502803 2.02844 6.297982 -5.317576 -0.6270716 -0.3942126 0.4258152
73 26.6166 1.984317 -0.5052678 5.114338 1.974659 4.85873 -4.199058 -0.6980875 -0.2982878 0.3147687
74 26.99878 1.962335 -0.4925702 5.18763 2.194232 5.463419 -5.248135 -0.5534407 -0.3916542 0.4161312
75 26.83423 1.941807 -0.4981274 5.445312 2.429197 8.308652 -5.540487 -0.6642232 -0.4146248 0.4573232
76 26.76848 1.962155 -0.5092866 5.172783 2.291191 5.481301 -4.779772 -0.6359584 -0.342952 0.3705268
77 26.93339 1.970502 -0.4991289 5.582709 2.175972 6.450528 -5.733699 -0.8901005 -0.4528978 0.4911057
78 26.68109 1.945428 -0.5061994 5.925072 2.626274 6.643987 -4.985056 -0.8000179 -0.3793565 0.4096404
79 27.07588 1.967134 -0.4988289 5.151761 1.69834 5.381133 -5.744097 -0.4391295 -0.4030279 0.4532386
80 27.16878 1.981053 -0.4990896 5.10322 1.933206 6.494523 -5.87767 -1.158788 -0.4641356 0.5028094
81 26.71277 1.931015 -0.5009878 5.009384 2.307598 5.304541 -4.51916 -0.6126947 -0.3187251 0.3446791
82 26.90069 1.932656 -0.4984807 5.495097 2.315009 6.556785 -5.108153 -0.6440334 -0.3641565 0.4023662
83 27.24501 1.960103 -0.488083 4.816242 2.660475 6.30362 -5.174267 -0.7974164 -0.3565533 0.39593
84 26.69041 1.933538 -0.5049718 5.684389 2.71578 5.940301 -5.905891 -0.749616 -0.4202461 0.4741547
85 26.93725 1.954867 -0.5018426 5.318399 2.067473 7.286618 -4.841397 -0.718238 -0.3604889 0.3908292
86 26.85057 1.933615 -0.4975166 5.572226 2.454918 6.918763 -5.219018 -0.6502496 -0.3654433 0.4010335
87 27.00423 2.065641 -0.5136022 5.587105 2.020713 6.563401 -5.831273 -1.267921 -0.4373132 0.4821687
88 26.90735 1.980013 -0.4961736 5.092795 2.673498 5.927792 -4.780485 -0.8560468 -0.3584604 0.3948465
89 27.08111 2.03966 -0.516101 4.79845 2.244107 5.297899 -5.224343 -0.6192165 -0.3704268 0.4081205
90 26.68343 1.965702 -0.5101136 5.503355 2.3785 6.497094 -5.374521 -0.7376678 -0.4139004 0.4363563
91 26.74674 1.981063 -0.5118122 5.405441 2.461532 6.907174 -6.225548 -0.4636676 -0.4533563 0.495225
92 26.77181 1.924988 -0.4909105 5.56818 2.227211 6.224254 -5.005312 -0.6872733 -0.3399602 0.3705045
93 26.82289 2.010954 -0.5084607 5.096365 2.816085 7.469004 -5.402617 -0.7230222 -0.3631712 0.4113818
94 27.0881 1.966091 -0.4969525 6.427415 2.696162 7.818676 -6.43046 -0.8583153 -0.4102518 0.4861539
95 27.15008 1.956161 -0.4856026 5.201638 2.272561 5.165164 -5.407076 -0.53676 -0.3766129 0.4242507
96 27.00732 1.941485 -0.4951708 5.362939 2.300656 4.856404 -5.106301 -0.533779 -0.3440596 0.3806335
97 26.63427 1.922521 -0.4984623 5.462122 2.804611 6.969836 -4.700946 -0.7814039 -0.3529884 0.3840197
98 26.87322 1.938997 -0.4990316 4.871437 2.059953 5.371293 -5.208453 -0.6979948 -0.4174198 0.4478667
99 26.79111 1.920102 -0.4968544 5.306105 1.792775 7.520448 -4.660806 -0.8924803 -0.3029996 0.339654
100 26.89516 2.001851 -0.5053711 5.778756 2.554036 7.068416 -5.057158 -0.6511595 -0.3837765 0.4119928
