1 0.1798261 0.02998496 0.009679036 0.3618461 0.3929217 0.6629964 0.480351 0.1627785 0.04177006 0.04889158
2 0.19567 0.03173521 0.01034403 0.3788008 0.2059366 0.6751378 NaN 0.1598856 NaN NaN
3 0.1779165 0.02977702 0.009530614 0.2508105 NaN 0.6466046 NaN NaN NaN NaN
4 0.1805109 0.0311169 0.0105372 0.4391122 0.6196897 0.9269629 1.615405 0.2225411 0.1411441 0.1667794
5 0.1858216 0.0300364 0.009543607 0.3649536 0.2643855 0.8089005 NaN 0.1632583 NaN NaN
6 0.2037191 0.032596 0.01045593 0.4627683 0.3225506 0.7572881 NaN 0.1612146 NaN NaN
7 0.183284 0.03016865 0.00978134 0.3666585 0.2741382 0.5908542 NaN 0.1655203 NaN NaN
8 0.1835628 0.03058839 0.00997369 0.4209431 0.2967707 0.7443718 NaN 0.159259 NaN NaN
9 0.1790592 0.03008767 0.009528508 0.4578039 0.4147232 0.6922572 1.476126 0.3247519 0.1585303 0.1701931
10 0.1829012 0.02983773 0.009580322 0.4204697 0.2705992 0.8242723 NaN 0.1622172 NaN NaN
11 0.1619774 0.02802772 0.008988619 0.2993264 0.2848421 0.7438661 0.9860276 0.2356305 0.09446659 0.10565
12 0.1811556 0.02972607 0.009387833 0.3442836 0.253592 0.5730459 NaN 0.1572536 NaN NaN
13 0.1725945 0.03033872 0.009385154 0.308612 0.1984503 0.728539 NaN 0.08284708 NaN NaN
14 0.1700551 0.03054007 0.0096813 0.2407072 0.05758494 0.8861603 NaN 0.1116942 NaN NaN
15 0.1617416 0.02744926 0.005610304 NaN NaN 0.515263 NaN NaN NaN NaN
16 0.1774516 0.02943136 0.009659783 0.3360411 0.2817088 0.7536456 NaN 0.1289887 NaN NaN
17 0.1810618 0.03044367 0.009897999 0.4813211 0.4469109 0.9566834 1.083881 0.2322437 0.1059619 0.1206299
18 0.1753063 0.03073861 0.01025603 0.2870734 0.2116158 1.074974 NaN 0.1353057 NaN NaN
19 0.1748899 0.02900362 0.009889709 0.331891 0.2736704 0.8940353 NaN 0.1400784 NaN NaN
20 0.1715851 0.02993101 0.009402332 0.2906588 0.2386118 0.7478685 NaN 0.0851392 NaN NaN
21 0.1770792 0.0301914 0.009834016 0.3592254 0.3570326 0.5274501 0.5067392 0.1641835 0.03966004 0.04857658
22 0.1775551 0.032849 0.0103648 0.3319943 0.2473695 0.6808616 NaN 0.1419507 NaN NaN
23 0.1925648 0.03244514 0.01009507 0.4155204 0.305902 0.9840673 NaN 0.1692166 NaN NaN
24 0.1725012 0.02896613 0.009075391 0.3698393 0.2832939 0.7404571 0.7222745 0.1844863 0.06312946 0.07274675
25 0.1735123 0.03021796 0.009743273 0.3506125 0.2856346 0.5165967 NaN 0.1657006 NaN NaN
26 0.194079 0.03102294 0.01023086 0.4946663 0.309627 0.9830356 NaN 0.1683734 NaN NaN
27 0.1825581 0.03068821 0.00995365 0.3868738 0.3689396 0.6056316 0.6705739 0.202032 0.06725457 0.07363662
28 0.1731023 0.03131182 0.009944847 0.3259306 0.2919504 0.6908201 NaN 0.1564104 NaN NaN
29 0.1832596 0.03117018 0.01023015 0.4091241 0.2978344 0.7615156 NaN 0.1601212 NaN NaN
30 0.1872155 0.03121612 0.01012131 0.4535689 0.5862895 0.5738163 0.8484747 0.1982973 0.09067677 0.09748648
31 0.1774526 0.03115425 0.009948836 0.4923511 0.5953068 0.5503837 1.487374 0.3290145 0.1491324 0.1673779
32 0.1811198 0.0280675 0.00914553 0.3550379 0.2369325 0.6907784 NaN 0.1556034 NaN NaN
33 0.1663472 0.02915948 0.009283475 0.2449957 0.1470787 0.6143115 NaN 0.138301 NaN NaN
34 0.1833539 0.0310211 0.009974452 0.379452 0.2878285 1.140413 NaN 0.177135 NaN NaN
35 0.1871925 0.03055552 0.009814589 0.3452835 0.2269891 0.6466479 NaN 0.1436476 NaN NaN
36 0.179053 0.03041009 0.00974643 0.3046582 0.2840566 0.8403547 NaN 0.1476567 NaN NaN
37 0.1812526 0.03111821 0.009548074 0.1279372 NaN 0.608919 NaN 0.09995994 NaN NaN
38 0.1779908 0.0293862 0.009115873 0.3022331 0.2434226 0.6624648 NaN 0.1636733 NaN NaN
39 0.1836185 0.03069814 0.009962828 0.3759671 0.2947042 0.6843052 NaN 0.1509564 NaN NaN
40 0.1704941 0.02888594 0.009116217 0.3225579 0.2765519 0.7884735 0.3646973 0.1737823 0.03262494 0.03655803
41 0.1920323 0.03088128 0.01002349 0.4344641 0.4387109 0.6705305 0.4771044 0.1792053 0.04468422 0.05208023
42 0.1861531 0.031731 0.01002391 0.4052346 0.3102278 0.5851232 NaN 0.1713876 NaN NaN
43 0.1744844 0.02918742 0.009547989 0.2893606 0.2045247 0.4721213 NaN 0.0976439 NaN NaN
44 0.1787513 0.02869441 0.009229468 0.3682094 0.3177881 0.8364163 0.6296168 0.1691414 0.05631855 0.06460036
45 0.1753731 0.03090916 0.009811972 0.2742943 0.2274562 0.6911528 NaN NaN NaN NaN
46 0.1855465 0.03061835 0.01011718 0.7231606 0.6342841 0.8712029 2.236333 0.2407531 0.1869823 0.2234747
47 0.1734054 0.02926204 0.009465482 0.3617214 0.3214711 0.6637501 0.5840762 0.179227 0.05419657 0.06160322
48 0.1855076 0.03152461 0.009968761 0.4206064 0.4592605 0.7962095 0.6662893 0.1812922 0.06382358 0.07247266
49 0.185514 0.03101782 0.01050108 0.4650935 0.5822301 0.6632172 1.086741 0.3321905 0.1094258 0.1228599
50 0.1795708 0.02948093 0.009752936 0.4169108 0.4675853 0.6806098 1.401479 0.2568998 0.1155036 0.1411691
51 0.1747932 0.02952019 0.009605791 0.3413309 0.2493318 0.755556 NaN 0.1482631 NaN NaN
52 0.1847586 0.03066584 0.009792281 0.3720127 0.2867233 0.9354289 NaN 0.1639074 NaN NaN
53 0.1676686 0.03088744 0.009698528 0.3450647 0.268511 0.8356672 NaN 0.1662712 NaN NaN
54 0.1734276 0.03022727 0.009711653 0.1890982 NaN 0.9743348 NaN NaN NaN NaN
55 0.1965565 0.0311121 0.00982489 0.3931707 0.3008129 0.8057672 NaN 0.1597768 NaN NaN
56 0.1732501 0.02910745 0.009426284 0.2502577 NaN 0.648499 NaN 0.08448547 NaN NaN
57 0.1769318 0.02917455 0.00974108 0.4314806 0.3605938 0.6284509 0.8099846 0.184683 0.07524291 0.08591024
58 0.1673932 0.02900754 0.009251401 0.2480686 0.3007444 0.50315 0.3748489 0.1641582 0.03181808 0.03628689
59 0.1785177 0.03098209 0.01052496 0.2928876 0.3220523 0.7653771 NaN 0.1551389 NaN NaN
60 0.1703645 0.03054837 0.01025305 0.3116195 0.371337 0.5884829 0.4971607 0.1781319 0.04141915 0.04890351
61 0.1717169 0.02934504 0.009637349 0.3767889 0.3596581 0.600561 1.085707 0.3185696 0.1050978 0.1198355
62 0.1757454 0.03062929 0.0097117 0.3709851 0.2859455 0.7500045 NaN 0.1770487 NaN NaN
63 0.1851173 0.0307625 0.01014617 0.3885492 0.4334887 0.6521421 0.6456153 0.1975002 0.06343905 0.07153363
64 0.1783938 0.03206361 0.01021434 0.3643397 0.2954051 0.862789 NaN 0.1656063 NaN NaN
65 0.1704785 0.03142401 0.009856847 0.3338522 0.2743857 0.9952453 NaN 0.1761974 NaN NaN
66 0.2065759 0.03146776 0.00923381 NaN NaN 0.5696956 NaN 0.06180589 NaN NaN
67 0.1669711 0.02907518 0.009117013 0.3019237 0.1698822 0.6490469 NaN NaN NaN NaN
68 0.1884584 0.0300706 0.009202692 0.3372633 NaN 0.663783 NaN 0.08009205 NaN NaN
69 0.1734205 0.02813594 0.009228618 0.3180871 0.2567892 0.6606593 NaN 0.1377519 NaN NaN
70 0.1823194 0.02869725 0.009203802 0.3494048 0.2457467 0.8250412 NaN 0.1332091 NaN NaN
71 0.1880275 0.03383516 0.01106294 0.3737328 0.3502111 0.6398817 NaN 0.1697113 NaN NaN
72 0.1717379 0.03117862 0.009790929 0.3096056 0.2812462 0.7619718 NaN 0.1572047 NaN NaN
73 0.1745991 0.03102524 0.009914328 0.3452355 0.3866093 0.5444958 0.3883308 0.1681114 0.03770547 0.0415864
74 0.1724289 0.02984672 0.009332916 0.3011005 0.2546329 0.620778 NaN 0.129325 NaN NaN
75 0.1823617 0.03051859 0.009888477 0.3382788 0.2375004 1.136613 NaN 0.1476263 NaN NaN
76 0.1736686 0.03044914 0.00988434 0.3263881 0.23425 0.6326834 NaN 0.1437952 NaN NaN
77 0.1773257 0.0309537 0.009928451 0.3391386 0.2938578 0.79998 NaN 0.1629844 NaN NaN
78 0.1914138 0.03264628 0.01054589 0.3422383 0.2421762 0.8269132 NaN 0.1401517 NaN NaN
79 0.1709662 0.02973865 0.009505727 0.2770659 0.2494234 0.6115126 NaN 0.1613993 NaN NaN
80 0.1664225 0.02941455 0.009274052 0.3000305 0.2653794 0.8011653 NaN 0.1594642 NaN NaN
81 0.1770874 0.02981891 0.009833781 0.3814183 0.3552379 0.59462 0.5431925 0.1749179 0.04971981 0.05721724
82 0.1793092 0.03011388 0.009912068 0.3259506 0.2518789 0.82862 NaN 0.1526057 NaN NaN
83 0.1721238 0.02825895 0.008854807 0.3728046 0.2676678 0.7403497 0.8240038 0.2274804 0.07157638 0.08419574
84 0.1816782 0.03120318 0.01020079 0.3941023 0.3004744 0.7073794 NaN 0.1591669 NaN NaN
85 0.1748518 0.03019961 0.01006766 0.4027155 0.4682575 0.9879281 1.299841 0.2354929 0.1230063 0.140435
86 0.1766022 0.03021092 0.009783285 0.3279864 0.2221267 0.8408488 NaN 0.1211938 NaN NaN
87 0.1685959 0.03247152 0.009841512 0.3074521 0.286322 0.8196918 NaN 0.1570872 NaN NaN
88 0.1890962 0.03050355 0.009679744 0.3825315 0.1804227 0.7175795 NaN 0.1282293 NaN NaN
89 0.1639511 0.03005169 0.009251432 0.3273366 0.2542735 0.6095901 NaN 0.1648873 NaN NaN
90 0.1714762 0.0308123 0.009845365 0.3461084 0.2793775 0.7949529 NaN 0.1623312 NaN NaN
91 0.1704429 0.03077451 0.009823488 0.3406667 0.2696389 0.8686064 NaN 0.17558 NaN NaN
92 0.1697781 0.0295697 0.0095586 0.3041399 0.2400806 0.7119228 NaN 0.09826289 NaN NaN
93 0.1802947 0.03060232 0.009495652 0.4632996 0.3771409 1.094874 1.986909 0.2933198 0.1603523 0.1955943
94 0.1912377 0.0327466 0.01017605 0.3573071 0.2581763 1.008756 NaN 0.1216928 NaN NaN
95 0.1808911 0.02952842 0.009499618 0.3293466 0.2508947 0.5691004 NaN 0.1573429 NaN NaN
96 0.1799275 0.03060502 0.009996118 0.5347464 0.5480748 0.5614841 2.211053 0.3105337 0.1844146 0.2192932
97 0.1862841 0.03097733 0.01012915 0.3203635 NaN 0.8732042 NaN 0.1040543 NaN NaN
98 0.1744086 0.02912464 0.009634235 0.3305183 0.2593505 0.6057041 NaN 0.1549896 NaN NaN
99 0.1662153 0.02913797 0.009722047 0.2813234 0.2874912 0.9697192 0.4686635 0.1807425 0.03847102 0.04563379
100 0.1867947 0.03255739 0.01023263 0.3740146 0.2979919 0.9149967 NaN 0.1576052 NaN NaN
