1 0.2009709 0.03452761 0.01131112 0.3552929 0.3422722 0.2465253 0.1736408 NaN NaN
2 0.2156763 0.03577275 0.01114941 0.4647618 NaN NaN 0.18738 NaN NaN
3 0.2095934 0.03425512 0.01132041 0.486661 0.3439106 0.02468798 0.1769666 NaN NaN
4 0.1993542 0.03370968 0.01154225 0.3746974 0.3635955 0.2071319 0.1743781 NaN NaN
5 0.2045266 0.03258921 0.01073791 0.4171797 0.3240557 NaN 0.1842241 NaN NaN
6 0.2281 0.03595772 0.01161148 0.5348573 NaN NaN 0.2004393 NaN NaN
7 0.2173444 0.03413544 0.01173378 0.4922505 0.6021324 0.3886542 0.198793 0.016796 0.01034755
8 0.2069158 0.03380036 0.01071098 0.4701138 NaN NaN 0.1990143 NaN NaN
9 0.2012463 0.03315584 0.01070213 0.4476642 0.3600439 NaN 0.1742794 NaN NaN
10 0.2104287 0.03264865 0.01063335 0.5863798 0.3527067 0.1657806 0.1877553 NaN NaN
11 0.1824135 0.03061728 0.01001745 0.3487609 0.2454394 NaN 0.1787492 NaN NaN
12 0.2086766 0.03381984 0.01099646 0.4226373 0.3657537 NaN 0.1862982 NaN NaN
13 0.2000061 0.03379446 0.01075531 0.5086026 0.3449124 0.02321235 0.1845174 NaN NaN
14 0.1890577 0.03299707 0.01092597 0.3515902 0.292332 NaN 0.1811686 NaN NaN
15 0.1996037 0.03366787 0.01166377 0.4616861 0.3466937 0.1692663 0.1851139 NaN NaN
16 0.2072925 0.03351498 0.01121501 0.4369502 0.5036878 0.2066132 0.2028537 NaN NaN
17 0.2012919 0.0334465 0.01063304 0.4710808 0.3363464 0.1516611 0.1761848 NaN NaN
18 0.1895597 0.03375436 0.0114637 0.3468945 0.3732158 0.212434 0.1853807 NaN NaN
19 0.1914767 0.03253313 0.01105605 0.4145613 0.3899662 0.1731674 0.1857602 NaN NaN
20 0.1952899 0.03370894 0.01084129 0.3944127 0.3199708 NaN 0.1851118 NaN NaN
21 0.2109085 0.03560001 0.01179741 0.4416359 0.4083214 0.2987919 0.1852632 0.01249499 0.007520597
22 0.2096873 0.03666315 0.01203311 0.4522035 0.5057513 0.4649858 0.1853388 0.02595256 0.02847466
23 0.2111819 0.03357993 0.01085449 0.4584781 NaN NaN 0.1999622 NaN NaN
24 0.1971922 0.03198736 0.01025708 0.4397682 0.2671681 NaN 0.1825477 NaN NaN
25 0.2095459 0.0356008 0.01138021 0.4963231 NaN NaN 0.1977523 NaN NaN
26 0.2079888 0.03331424 0.01044119 0.4808859 NaN NaN 0.1804724 NaN NaN
27 0.2098757 0.03430575 0.01156273 0.438366 0.3215517 NaN 0.1692631 NaN NaN
28 0.1989896 0.0347484 0.01146094 0.4302933 0.4413312 0.2365284 0.1960113 0.005122514 NaN
29 0.2003939 0.03462401 0.01060307 0.4200071 NaN NaN 0.192852 NaN NaN
30 0.2225577 0.03595359 0.01211379 0.4329965 0.4203428 0.2468677 0.1781982 0.006539595 NaN
31 0.2079523 0.03501049 0.01153962 0.4194477 0.3826218 0.0848582 0.181085 NaN NaN
32 0.2079583 0.03206082 0.01065494 0.4954819 0.4093243 0.2235409 0.1905473 NaN NaN
33 0.1946523 0.0343644 0.011082 0.4368393 0.3186197 NaN 0.1904596 NaN NaN
34 0.196573 0.03287529 0.01061128 0.4164469 NaN NaN 0.2067312 NaN NaN
35 0.2155007 0.03481894 0.01078436 0.4971045 NaN NaN 0.1939057 NaN NaN
36 0.2018925 0.03399513 0.01100917 0.3832757 0.3944916 0.08280745 0.1884226 NaN NaN
37 0.2074548 0.03443958 0.01142914 0.4138508 0.3742493 0.1638395 0.1851885 NaN NaN
38 0.2095457 0.03445751 0.01125485 0.4645526 0.7481645 0.4581189 0.1965414 0.01416881 0.007304594
39 0.2128796 0.03370228 0.0114599 0.4856025 0.5709048 0.1113009 0.2056364 NaN NaN
40 0.1902436 0.03206423 0.01022882 0.3972174 0.4062232 0.8880136 0.2009498 0.07995335 0.09184825
41 0.2233377 0.03460128 0.01154727 0.4969491 0.2728954 0.2919988 0.1757732 0.0145715 0.01320766
42 0.2212041 0.03618823 0.01170062 0.5999504 NaN NaN 0.2310412 NaN NaN
43 0.2143324 0.03466054 0.01201441 0.4489075 0.476892 0.1911766 0.1942772 NaN NaN
44 0.2030071 0.03145164 0.01046038 0.405608 0.2862133 NaN 0.1792361 NaN NaN
45 0.2041479 0.03538253 0.01134563 0.3930486 0.420975 0.1537395 0.1950913 NaN NaN
46 0.2019497 0.03376487 0.0111188 0.4613223 0.4588685 0.2848275 0.1869752 0.006529754 NaN
47 0.1977253 0.03418413 0.01095728 0.3885022 0.2905749 NaN 0.1793422 NaN NaN
48 0.2108298 0.03429248 0.01110637 0.43519 0.264427 0.199727 0.1674254 NaN NaN
49 0.2153579 0.03577498 0.0119161 0.4224796 0.4295461 0.1606796 0.1926119 NaN NaN
50 0.2022163 0.03301688 0.01121344 0.3860978 0.3049671 NaN 0.1730798 NaN NaN
51 0.1964766 0.03278676 0.01087746 0.4557244 0.3265429 NaN 0.1837677 NaN NaN
52 0.2229209 0.03340299 0.01184459 0.6608211 1.002841 0.6508839 0.195292 0.02331648 0.0234656
53 0.1903871 0.03310159 0.01082455 0.4200246 0.3165176 NaN 0.187371 NaN NaN
54 0.1925811 0.03286244 0.01078844 0.4061344 0.2998058 NaN 0.1723459 NaN NaN
55 0.2313505 0.03388893 0.01116529 0.5154815 0.6801739 0.4283862 0.1932788 0.02112976 0.01836608
56 0.2056739 0.03261964 0.01105517 0.4685621 0.2857136 0.1367158 0.1768071 NaN NaN
57 0.205951 0.03326244 0.01125483 0.4746459 0.3855586 NaN 0.1732194 NaN NaN
58 0.2006992 0.03409634 0.01108826 0.2690217 NaN NaN 0.1608257 NaN NaN
59 0.2024694 0.03463838 0.01184072 0.3896069 0.4551728 NaN 0.1925825 NaN NaN
60 0.1934585 0.03687742 0.01202344 0.3521273 0.3961719 NaN 0.1825343 NaN NaN
61 0.1992499 0.03339241 0.01124543 0.4173188 0.357237 NaN 0.1870402 NaN NaN
62 0.1998928 0.03381788 0.01096732 0.4578679 NaN NaN 0.2237413 NaN NaN
63 0.2131798 0.03455146 0.01172011 0.4201143 0.3751895 0.1719103 0.1741607 NaN NaN
64 0.150635 0.03259227 0.007264278 NaN NaN NaN NaN NaN NaN
65 0.1882911 0.03427929 0.01105145 0.4076918 0.430063 NaN 0.2029729 NaN NaN
66 0.2448964 0.03667199 0.01157364 0.6184647 0.4412918 0.3131543 0.1883148 0.02005253 0.01717854
67 0.1956866 0.03233848 0.01060196 0.4451428 0.2884144 NaN 0.1800757 NaN NaN
68 0.2183988 0.03429251 0.01086027 0.5645446 0.3881496 0.1980401 0.1935483 NaN NaN
69 0.199691 0.03182216 0.01078654 0.3760003 0.3075209 NaN 0.189234 NaN NaN
70 0.2063927 0.03172131 0.01010714 0.4565252 0.2845192 NaN 0.171497 NaN NaN
71 0.2110448 0.03788036 0.01252722 0.4190642 NaN NaN 0.217889 NaN NaN
72 0.1926308 0.03503943 0.01095345 0.3802302 0.333363 NaN 0.1828231 NaN NaN
73 0.2069993 0.03553956 0.0117891 0.4016647 0.3584134 0.02110472 0.1702923 NaN NaN
74 0.2002796 0.03391016 0.01123579 0.4021421 0.4706612 0.05002781 0.2006638 NaN NaN
75 0.2012992 0.03287205 0.01087248 0.4093288 0.355675 0.2354062 0.1816114 NaN NaN
76 0.1998591 0.03523066 0.01152008 0.4500063 0.3276167 NaN 0.1811428 NaN NaN
77 0.1959415 0.03406212 0.01118385 0.3795865 NaN NaN 0.1927162 NaN NaN
78 0.2163278 0.03587269 0.01263274 0.4983896 0.6472829 0.3925213 0.2023195 0.02264839 0.01947874
79 0.1990752 0.03353509 0.01165713 0.4021216 0.6435132 0.4682441 0.202884 0.02693501 0.02258089
80 0.183382 0.03250429 0.01039116 0.3771102 0.3266926 NaN 0.1906964 NaN NaN
81 0.2065327 0.03528025 0.01178831 0.4399571 0.3567284 0.1630892 0.1793544 NaN NaN
82 0.203387 0.03313031 0.01132518 0.4154972 0.3521512 0.1306078 0.1796996 NaN NaN
83 0.199884 0.03051726 0.01019807 0.4443623 0.2952079 NaN 0.1837207 NaN NaN
84 0.2059856 0.03491549 0.01168961 0.5083708 0.5469685 0.382754 0.1952494 0.01302271 0.008661955
85 0.1947534 0.03339021 0.01103666 0.3754277 0.3450127 0.1348408 0.1786517 NaN NaN
86 0.2026421 0.03338242 0.01115567 0.5348597 0.3732982 NaN 0.1865296 NaN NaN
87 0.1916481 0.03473896 0.0109526 0.3926599 0.3494266 NaN 0.1893649 NaN NaN
88 0.2235488 0.03419096 0.01106284 0.5773608 0.3573846 0.2855489 0.1822782 0.01276066 0.006124348
89 0.1895163 0.03349151 0.01065132 0.4036145 0.2870882 NaN 0.1835539 NaN NaN
90 0.1917384 0.03547763 0.01124704 0.4334489 0.3208601 NaN 0.1902825 NaN NaN
91 0.1894896 0.03294352 0.01101228 0.4097524 0.335721 NaN 0.1958057 NaN NaN
92 0.1955921 0.03243739 0.01072325 0.4373389 0.2481176 NaN 0.1696942 NaN NaN
93 0.1928046 0.03194592 0.01034475 0.4356438 0.2673954 NaN 0.1769699 NaN NaN
94 0.2138449 0.03538977 0.01185406 0.5137164 0.6343567 0.4248166 0.2062933 0.01669935 0.01130431
95 0.2169683 0.03428563 0.0114781 0.5229176 0.6408557 0.5122923 0.1931118 0.0279139 0.02794913
96 0.2176477 0.0353435 0.01176694 0.5648791 0.5640577 0.20279 0.1964444 NaN NaN
97 0.2092331 0.03357946 0.01146771 0.4792991 0.4241679 0.3372666 0.1782967 0.01518662 0.01256014
98 0.202681 0.03411472 0.01105643 0.4169753 NaN NaN 0.1927563 NaN NaN
99 0.1815593 0.03154231 0.01072616 0.3008924 0.2163155 NaN 0.1531712 NaN NaN
100 0.2074443 0.03455343 0.01133534 0.4702308 0.3973235 0.1820869 0.1810327 NaN NaN
