1 26.99277 1.969625 -0.5028302 7.591225 2.310595 -6.625179 -0.5423117 -0.465682 0.5311368
2 26.77429 1.943782 -0.5075456 7.962261 4.084073 -8.286318 -0.5659008 -0.5731617 0.6747207
3 27.09793 1.939168 -0.4986666 7.817896 3.381116 -6.524672 -1.065193 -0.4868151 0.544619
4 26.68523 1.906673 -0.5026022 7.626319 2.384285 -7.053951 -0.4537719 -0.5006514 0.5711967
5 27.17267 1.930461 -0.4862267 7.276191 2.986505 -6.708099 -0.7141736 -0.5287261 0.5728303
6 26.94424 1.939357 -0.4911448 8.394013 4.353468 -8.416877 -0.677768 -0.6697367 0.7338344
7 27.1964 1.903211 -0.4875384 8.19519 3.018463 -7.978825 -0.6845404 -0.5476588 0.6396361
8 27.07842 1.920423 -0.5022291 7.842322 3.873196 -8.570647 -0.9603927 -0.6272754 0.715715
9 27.12668 1.952854 -0.487309 7.352395 3.009208 -6.346833 -0.7728653 -0.5093774 0.5431483
10 26.92456 1.960265 -0.4924507 6.818213 4.276478 -7.083043 -0.6753275 -0.561928 0.6147525
11 26.91537 1.932466 -0.4877592 6.591107 2.508166 -6.296192 -0.8943862 -0.4675508 0.513913
12 27.19461 1.958244 -0.485478 7.703046 2.636166 -7.296478 -0.5974131 -0.529452 0.5970764
13 27.04151 2.010825 -0.5102535 6.927152 3.603067 -7.090205 -0.8042963 -0.5316065 0.5973272
14 26.84227 1.943967 -0.5056096 7.269618 2.460265 -6.926102 -0.6732685 -0.4943568 0.5562568
15 26.63918 1.892871 -0.5110119 7.446994 2.9571 -6.897499 -0.81432 -0.507136 0.5761706
16 26.94434 1.934458 -0.4925823 7.651563 3.057133 -7.14138 -1.370449 -0.5556346 0.6213467
17 27.18693 2.005209 -0.5059951 6.873294 3.459165 -6.636551 -0.9115755 -0.5196848 0.5736674
18 26.80842 1.937584 -0.5169479 7.333058 2.111973 -7.026269 -1.037748 -0.5180023 0.5930459
19 26.68216 1.924311 -0.5061039 7.002638 2.684288 -7.174721 -1.051358 -0.5363923 0.6098746
20 27.11903 1.992392 -0.5011967 7.232034 2.642741 -6.581675 -1.079443 -0.5189986 0.5683186
21 26.87571 1.957862 -0.5026696 8.100799 2.650165 -7.42065 -0.8796755 -0.4947572 0.5914495
22 26.76216 1.990914 -0.5197032 8.055541 2.718401 -7.472456 -0.7608434 -0.5167115 0.6076063
23 26.95364 1.925153 -0.4934037 7.60222 3.637061 -9.476412 -0.9212689 -0.7145448 0.8097152
24 27.08187 1.96281 -0.4889028 6.865708 3.27777 -6.851074 -0.7962828 -0.4964988 0.5594224
25 26.90445 1.931715 -0.5111527 8.364589 3.597766 -9.001828 -0.9957757 -0.6550957 0.7504806
26 26.80607 1.88288 -0.5003669 7.677833 4.296497 -8.140341 -1.025442 -0.6395777 0.7104288
27 26.71171 1.901744 -0.4878988 8.188588 3.126719 -5.680766 -0.7931703 -0.4140622 0.4537089
28 26.80198 1.979853 -0.5094377 7.424652 2.672792 -7.337703 -0.9894803 -0.5404329 0.6183017
29 26.58426 1.933001 -0.5071667 7.787629 3.74189 -8.514867 -0.9545134 -0.6187666 0.7106453
30 27.02949 1.923618 -0.4857459 8.66417 2.679539 -6.171628 -0.6586099 -0.4780863 0.5168525
31 26.72578 1.942463 -0.4951691 7.902107 2.871983 -6.474539 -1.014482 -0.4948452 0.5499959
32 27.12667 1.925949 -0.4871999 7.111304 3.427863 -7.738757 -0.707387 -0.5533268 0.6396117
33 26.95741 1.97859 -0.5079551 7.679644 2.954855 -7.228096 -0.4621282 -0.503966 0.5684028
34 26.97391 1.95165 -0.504326 7.128332 3.203159 -10.26495 -1.030755 -0.7340702 0.863849
35 26.94443 1.951865 -0.4924103 7.98726 4.0827 -8.259299 -0.7614267 -0.599142 0.6861209
36 27.09739 1.967792 -0.488805 7.578786 2.441619 -6.991001 -0.9193358 -0.5184612 0.5823669
37 27.01272 1.944051 -0.502535 7.859735 2.926655 -7.495671 -0.7879308 -0.5078339 0.5997627
38 27.23994 2.003639 -0.4857938 7.441663 2.717488 -8.077709 -0.3337328 -0.5921363 0.6682287
39 27.1977 1.911276 -0.4917735 8.161147 3.245935 -8.19659 -1.198511 -0.5727131 0.6687276
40 27.12081 1.968672 -0.4884842 6.874584 2.545808 -5.274843 -0.8203162 -0.3743377 0.4098897
41 26.87487 1.923518 -0.4875844 7.736335 3.453853 -5.800852 -1.080736 -0.4285369 0.4878485
42 27.01062 1.945152 -0.4996291 8.684741 4.189282 -13.09637 -1.226844 -0.9511986 1.09924
43 26.90499 1.873748 -0.4889622 8.365527 2.704293 -6.583866 -1.07714 -0.5303289 0.5775091
44 27.16532 1.916293 -0.4835982 6.944361 3.021218 -7.064047 -0.5250493 -0.5053002 0.5731108
45 26.9362 1.99292 -0.496535 8.044262 2.393996 -7.091773 -1.245004 -0.5116565 0.5902529
46 26.95228 1.967619 -0.5096996 7.258994 3.18859 -7.627842 -0.5628009 -0.5446588 0.6240204
47 26.75384 1.980872 -0.4983791 7.445592 2.807745 -6.504704 -0.898412 -0.4745309 0.5340057
48 27.26119 1.97816 -0.4962544 7.471337 2.927498 -5.617993 -0.8352253 -0.4157657 0.4625695
49 26.92995 1.942245 -0.4931871 8.454654 2.879941 -6.639141 -1.176753 -0.5020845 0.5590389
50 26.85726 1.898584 -0.4907553 7.636915 2.455628 -6.838305 -0.8673648 -0.4661725 0.5454973
51 26.73762 1.939186 -0.5011544 6.931209 3.110186 -6.741656 -0.7140135 -0.5349444 0.5814549
52 26.97927 1.926553 -0.4887712 7.380836 3.580033 -7.957207 -0.6517949 -0.5777937 0.6574476
53 26.92243 1.970594 -0.5136354 6.95197 2.923009 -7.203703 -0.9113278 -0.5242732 0.5953781
54 26.76336 1.952588 -0.5080866 6.855878 2.925024 -6.544543 -0.8305573 -0.4803894 0.5415104
55 27.51525 1.92184 -0.4754166 8.044554 3.243463 -7.580998 -0.7731609 -0.5656283 0.6382326
56 26.90679 1.905541 -0.4990045 7.227228 3.480716 -6.859446 -0.8606406 -0.4788064 0.554636
57 26.77627 1.910395 -0.4995379 7.404677 3.465722 -6.584533 -0.7019701 -0.4786429 0.5382888
58 27.12258 1.949425 -0.4774569 8.209531 1.67474 -5.309024 -0.5973598 -0.3571952 0.3964075
59 26.8843 1.908427 -0.4987581 8.395636 2.192867 -7.288444 -0.9083426 -0.5228631 0.5935724
60 26.78394 1.985361 -0.5194544 8.543963 2.104192 -6.815399 -0.9803227 -0.4689158 0.5413443
61 26.88727 1.909994 -0.4952941 7.740886 2.847796 -6.784244 -1.207292 -0.504379 0.5686774
62 26.91109 1.929722 -0.4978218 7.976796 3.327646 -12.43642 -0.8801325 -0.8610418 1.011638
63 26.91456 1.911865 -0.4906584 8.067969 2.565492 -5.906002 -0.7833085 -0.4386198 0.485902
64 26.91559 1.953324 -0.5129161 7.892963 2.961046 -8.421029 -0.9845533 -0.6194959 0.7057363
65 27.0082 2.006362 -0.5092031 7.334877 2.548206 -7.824823 -0.8038535 -0.5620223 0.6393645
66 27.69557 2.008356 -0.4775053 8.349328 3.678406 -7.178469 -0.8146561 -0.5518943 0.6189614
67 27.08825 1.944487 -0.4989735 7.082942 3.363714 -6.51318 -1.047809 -0.4862289 0.540582
68 27.37298 1.998345 -0.4916051 7.262988 3.932879 -7.255907 -0.8197294 -0.5534673 0.6201369
69 26.91765 1.893114 -0.4815376 7.193358 2.630273 -6.528891 -1.22558 -0.5201042 0.5690836
70 27.16297 1.95796 -0.4723139 6.878257 3.472641 -6.206892 -0.8461894 -0.4748795 0.5182866
71 26.93298 1.979168 -0.5229403 8.894245 2.430011 -11.02193 -0.8498639 -0.8023059 0.9280217
72 27.15079 2.042198 -0.5093812 7.441866 2.440904 -6.872115 -0.7486812 -0.5166383 0.5714628
73 26.72839 1.938142 -0.4999985 8.302887 2.596255 -5.815839 -0.7761842 -0.4276536 0.4702035
74 27.03604 1.943154 -0.4952589 7.855086 2.701393 -7.473357 -0.6989292 -0.5628005 0.6213387
75 26.87842 1.952636 -0.4989703 6.940454 2.882677 -7.126412 -0.7897723 -0.5392984 0.606489
76 26.67265 1.971379 -0.5157154 7.692962 3.163637 -6.761324 -0.758192 -0.4999963 0.5569385
77 26.96335 1.962681 -0.4981836 7.895837 2.346657 -8.416366 -1.075784 -0.6595683 0.7388898
78 26.67256 1.915625 -0.5063456 8.381028 3.206919 -6.975341 -0.9435526 -0.5338441 0.5938129
79 27.15179 1.960071 -0.501998 7.443013 2.297597 -8.313604 -0.5579358 -0.587348 0.6801624
80 27.11194 1.987949 -0.5025332 6.875181 2.370474 -6.908308 -1.174725 -0.5344871 0.5928993
81 26.77715 1.944186 -0.5078229 7.931126 2.896631 -6.714213 -0.7132414 -0.4867995 0.5500561
82 26.80838 1.899987 -0.4975168 7.53768 2.853841 -7.120868 -0.7728014 -0.5154248 0.5878332
83 27.25331 1.897962 -0.4830695 6.835848 3.524857 -7.0411 -1.00988 -0.4968 0.5708572
84 26.63722 1.95244 -0.5093934 7.758099 3.262773 -7.549697 -0.8792169 -0.5333444 0.6193202
85 27.02441 1.960214 -0.5045585 7.208136 2.503739 -6.799377 -0.8483799 -0.5107885 0.5735626
86 26.84398 1.923166 -0.5016963 7.454576 3.664167 -7.078028 -0.7441937 -0.4976087 0.5667981
87 27.0197 2.026111 -0.5116271 7.432267 2.740533 -6.863484 -1.32116 -0.5085009 0.573139
88 26.87438 1.968912 -0.4957724 7.083902 4.250815 -7.109595 -0.9540003 -0.5328487 0.6094113
89 27.11802 2.012711 -0.5144622 6.928528 2.760945 -7.120802 -0.7594544 -0.5141438 0.5834581
90 26.62509 2.008409 -0.5197047 7.57385 3.178071 -6.60738 -0.8040049 -0.5039774 0.5468295
91 26.71118 1.932158 -0.5088421 7.251167 2.999914 -7.458758 -0.48827 -0.5390387 0.6023537
92 26.74962 1.916343 -0.4893683 7.344624 3.097665 -6.064698 -0.7439925 -0.4239369 0.4714167
93 26.77012 1.957004 -0.5036245 6.61793 3.514187 -7.148895 -0.8314099 -0.4866263 0.5691803
94 27.18143 1.985228 -0.5000329 8.249685 3.455726 -8.006494 -0.9830941 -0.5136796 0.6176485
95 27.21952 1.955376 -0.4881551 7.647886 3.030552 -7.867425 -0.6118152 -0.5514887 0.641807
96 27.02272 1.937475 -0.4982287 8.483709 3.660367 -7.802534 -0.7011618 -0.530432 0.6152047
97 26.67357 1.906406 -0.4976767 7.329624 3.223057 -6.747481 -0.8512265 -0.5162962 0.5787782
98 26.8574 1.944927 -0.504951 7.582563 2.786768 -8.235839 -0.8858384 -0.6592405 0.7326031
99 26.86089 1.900464 -0.4963354 7.159427 1.934202 -6.173529 -1.041637 -0.4165261 0.4825731
100 26.93846 1.957848 -0.5025457 7.565872 3.14959 -6.834049 -0.7122244 -0.5197586 0.5753961
