1 190.6088 193.3257 182.5641 191.4438 192.5866 181.9472
2 175.3819 181.0377 165.054 176.8739 182.5593 163.4969
3 209.1425 207.6432 200.26 210.6776 206.9987 199.3646
4 189.4074 180.5716 196.1449 190.4715 181.6417 194.5116
5 217.0337 217.0405 209.5719 221.5796 216.736 207.5482
6 193.9921 187.4945 197.8622 198.7094 190.5243 196.1004
7 207.4944 183.8801 186.8653 210.7166 183.9996 186.9013
8 214.5501 212.0848 209.2796 218.4737 210.2263 209.3762
9 237.2034 229.4984 215.9731 231.7812 231.9541 215.2036
10 206.5075 188.4386 190.8939 208.569 187.2452 191.2852
11 257.8094 243.7125 228.5216 255.9277 245.678 226.7611
12 212.1056 194.0394 197.1468 216.2093 194.5965 196.0021
13 212.8682 208.2999 197.8064 214.2336 209.7708 199.2935
14 222.8964 211.1075 228.3134 220.801 209.5039 226.6946
15 190.7025 191.3958 184.5181 195.3491 190.4635 185.3448
16 210.624 199.4856 194.9286 218.6476 199.1104 195.4864
17 204.5042 197.5191 208.1503 207.7847 195.986 206.2276
18 183.147 174.9457 178.7882 187.9807 173.863 178.1838
19 197.7009 208.5408 201.2659 203.517 206.8495 201.5752
20 212.9067 198.7142 194.0258 216.8541 200.2921 194.2206
21 188.3897 178.0551 183.8896 192.1964 179.176 185.4282
22 177.0575 184.7514 167.8741 176.8176 182.8113 165.3128
23 207.8008 195.6485 187.0418 203.6419 195.4622 187.7509
24 242.8672 239.4359 229.358 239.2561 239.1331 227.4536
25 197.1388 202.1355 201.3575 197.159 201.3724 202.3649
26 208.3193 203.5678 192.2073 208.2546 204.2093 191.8616
27 214.5835 213.8372 222.1077 213.5119 211.3602 218.1861
28 193.8578 184.993 193.3727 193.798 187.8555 190.7908
29 206.4589 191.1524 203.7875 208.8979 190.3581 203.966
30 193.6739 189.7899 189.9109 193.9424 189.151 190.8724
31 203.3574 191.7211 205.3943 204.0687 194.9737 204.8713
32 208.8125 210.3133 189.7029 214.8973 212.6691 187.0794
33 238.2872 238.1758 241.259 244.0429 236.8403 240.882
34 207.9615 206.786 195.2971 207.4297 203.3376 195.6225
35 208.0305 209.6386 208.4107 214.9219 211.2894 210.3788
36 217.0862 217.6831 205.0186 218.9733 212.5188 205.432
37 193.5984 193.5924 189.6305 198.129 190.9706 187.6048
38 220.2884 193.1894 202.046 224.2344 194.4886 201.962
39 221.1131 216.7477 213.3268 225.3222 214.8077 211.6567
40 244.3547 221.8928 224.4273 241.009 221.9904 221.7081
41 184.1722 181.7156 176.8336 184.2336 185.2904 174.2222
42 210.1494 195.6747 198.7979 215.3234 197.2162 199.9528
43 203.4319 209.7048 188.3632 203.3315 208.4853 187.7767
44 216.9416 196.3415 192.0351 217.6254 198.8736 193.8956
45 208.0143 188.4935 206.1068 216.2457 189.6698 206.3669
46 204.2565 194.1326 208.7293 202.0387 192.9285 207.1374
47 220.7065 207.3359 219.0073 222.7698 205.3726 218.4077
48 193.1412 190.7392 182.1577 194.1982 190.399 182.3424
49 200.606 183.5355 195.0667 206.6216 185.1872 192.4267
50 200.8723 193.7781 198.5611 203.4797 192.9379 196.731
51 207.5247 196.4884 198.6787 206.0469 196.328 200.9513
52 215.6097 203.8507 198.7112 221.5915 203.2318 205.2798
53 215.611 216.198 203.5372 216.817 216.2495 206.8263
54 196.9192 203.8664 198.3177 202.0307 201.6291 197.1863
55 207.6539 196.5475 195.8452 208.6551 198.5738 193.5407
56 195.5752 181.6929 184.4038 197.5839 182.7965 182.5818
57 205.1337 190.6593 202.666 205.4397 190.286 201.5519
58 232.5659 215.2953 228.0827 235.2984 211.6035 228.44
59 203.7138 205.7213 210.1049 211.1746 206.4352 206.3889
60 202.0627 215.4521 211.1401 210.0774 214.6746 216.631
61 225.518 221.4419 207.8488 226.3739 220.9754 206.6966
62 228.9953 210.6805 226.3034 233.2065 208.7622 229.2978
63 193.1248 187.831 198.708 194.1762 188.6127 200.1262
64 212.6173 200.4769 202.571 214.4413 198.0985 202.9985
65 232.9222 213.2823 213.8718 238.9056 213.1489 211.8742
66 183.201 167.8898 158.5354 188.9558 168.1178 160.3228
67 236.1569 229.4745 235.2269 238.8692 231.0583 234.114
68 207.0894 183.7507 182.1655 208.8301 183.9527 182.1484
69 213.758 204.9598 194.8183 216.0617 204.2821 194.3008
70 240.3637 228.4204 216.4591 249.8685 230.6234 215.0208
71 168.2738 157.3917 161.0438 174.4026 156.1227 160.9447
72 216.2411 210.0003 198.4432 222.058 210.3903 198.0516
73 198.9446 199.0199 202.8957 205.0789 196.1024 202.0062
74 234.247 230.4665 212.0195 234.8217 228.024 211.5362
75 191.9027 195.8873 191.6519 194.8751 194.4804 193.1477
76 203.796 194.5903 198.4388 207.4945 197.7098 197.9079
77 206.6749 188.5624 199.7739 212.6431 188.1694 200.5253
78 187.4902 194.6793 195.123 190.0394 194.9348 193.3418
79 203.9539 195.3486 186.4384 208.5247 194.7106 187.2102
80 234.9924 222.9526 235.0042 240.7665 225.6401 233.6351
81 190.9371 191.3119 196.5751 196.1756 193.1137 197.789
82 195.9577 185.1285 195.7768 195.6234 186.9194 199.9611
83 241.2723 215.6405 226.7269 241.8119 213.1792 226.8758
84 202.1662 203.1148 202.6578 204.396 207.0481 198.7247
85 202.3259 185.2147 185.6885 206.8305 185.3789 185.26
86 223.8773 211.8433 222.2355 227.0616 210.2718 218.6712
87 236.2032 210.9015 229.0608 229.868 211.2321 232.9813
88 184.5374 190.3817 177.7771 185.7877 193.135 177.3341
89 212.7039 210.5315 204.1236 214.0811 209.9283 203.2777
90 222.0307 214.433 237.2379 229.3488 213.3399 232.888
91 226.1233 220.4911 219.3232 224.3487 219.2875 220.1347
92 244.551 240.4561 246.701 247.4943 238.5025 246.2416
93 228.9313 227.7714 224.2043 226.9927 231.1434 222.1465
94 220.0427 211.301 199.2887 228.9527 213.7379 198.9743
95 196.8614 183.9431 189.651 200.4925 182.8176 188.4084
96 217.6193 209.384 226.1268 223.3822 208.8893 224.5692
97 186.7698 197.6616 199.7377 187.3679 199.6638 199.2759
98 191.9768 182.1561 184.1306 198.536 183.8107 181.8814
99 230.0194 231.0104 210.1113 231.9345 227.5039 211.9578
100 199.9418 193.8056 187.7994 198.4575 193.3029 187.7685
