3 4192.683 4189.887
10 4203.893 4201.706
11 4349.108 4336.977
13 4326.755 4312.548
16 4200.557 4193.961
17 4240.35 4234.838
19 4224.328 4211.604
23 4362.027 4364.032
24 4265.408 4250.82
26 4342.491 4346.393
28 4394.823 4395.928
31 4305.906 4293.518
32 4337.347 4324.722
39 4060.823 4053.479
43 4388.421 4392.37
46 4288.456 4286.642
47 4224 4215.922
49 4330.805 4330.822
55 4210.089 4210.685
57 4188.417 4183.317
58 4225.522 4233.629
60 4320.398 4323.434
63 4216.844 4218.316
66 4353.264 4352.517
80 4224.442 4220.207
82 4356.286 4349.587
84 4368.031 4361.641
87 4432.719 4434.293
89 4358.779 4361.198
91 4206.426 4201.828
97 4254.324 4245.765
100 4288.433 4299.418
101 4057.025 4037.955
102 4361.38 4344.712
103 4374.648 4364.993
107 4337.595 4328.942
108 4298.29 4294.923
110 4316.028 4318.754
111 4281.803 4281.786
115 4463.412 4461.341
116 4271.561 4279.007
121 4192.055 4190.458
122 4256.449 4252.104
123 4378.219 4384.79
124 4207.259 4200.024
135 4363.009 4353.182
136 4373.55 4376.787
137 4327.937 4331.831
138 4284.191 4291.913
139 4097.682 4082.241
140 4291.678 4284.022
142 4271.729 4280.956
147 4271.774 4264.071
152 4260.079 4261.848
156 4271.666 4265.4
158 4168.394 4160.441
161 4189.338 4185.46
167 4254.359 4254.33
168 4386.309 4390.02
171 4285.628 4283.028
173 4356.916 4372.185
174 4354.399 4353.853
176 4337.622 4322.071
178 4400.016 4397.645
179 4327.8 4319.291
180 4344.234 4349.368
181 4323.062 4321.263
182 4341.981 4348.083
186 4334.627 4331.371
187 4364.014 4368.323
189 4235.341 4227.072
190 4352.221 4359.439
191 4241.706 4238.121
193 4149.884 4139.892
195 4214.13 4221.546
196 4223.525 4226.096
197 4222.261 4223.477
199 4280.578 4266.758
202 4344.264 4349.081
204 4411.746 4400.384
206 4286.831 4282.156
207 4287.172 4280.416
210 4167.754 4154.356
213 4259.509 4257.181
219 4206.633 4203.447
223 4357.247 4364.366
228 4338.666 4341.788
231 4273.721 4277.871
233 4402.819 4414.779
238 4323.706 4310.02
240 4289.504 4298.08
243 4367.34 4345.281
245 4233.539 4222.192
247 4343.9 4344.464
248 4329.773 4326.78
249 4249.957 4246.633
255 4293.4 4284.229
256 4324.072 4326.017
262 4240.097 4234.18
263 4154.518 4151.678
