3 4218.735 4215.939
10 4229.945 4227.758
11 4375.16 4363.028
13 4352.807 4338.6
16 4226.608 4220.013
17 4266.402 4260.89
19 4250.38 4237.655
23 4388.079 4390.083
24 4291.46 4276.871
26 4368.543 4372.445
28 4420.875 4421.98
31 4331.958 4319.57
32 4363.399 4350.774
39 4086.874 4079.531
43 4414.472 4418.421
46 4314.508 4312.693
47 4250.052 4241.974
49 4356.856 4356.873
55 4236.14 4236.737
57 4214.469 4209.369
58 4251.574 4259.68
60 4346.45 4349.486
63 4242.896 4244.368
66 4379.316 4378.569
80 4250.493 4246.259
82 4382.338 4375.639
84 4394.083 4387.693
87 4458.77 4460.345
89 4384.831 4387.25
91 4232.478 4227.879
97 4280.375 4271.817
100 4314.485 4325.47
101 4083.077 4064.006
102 4387.432 4370.764
103 4400.7 4391.045
107 4363.646 4354.994
108 4324.342 4320.975
110 4342.079 4344.806
111 4307.855 4307.837
115 4489.464 4487.393
116 4297.613 4305.058
121 4218.107 4216.509
122 4282.501 4278.155
123 4404.271 4410.842
124 4233.311 4226.076
135 4389.061 4379.234
136 4399.601 4402.838
137 4353.989 4357.883
138 4310.243 4317.965
139 4123.734 4108.293
140 4317.73 4310.074
142 4297.781 4307.007
147 4297.826 4290.123
152 4286.131 4287.9
156 4297.718 4291.452
158 4194.446 4186.492
161 4215.39 4211.511
167 4280.411 4280.381
168 4412.36 4416.072
171 4311.68 4309.079
173 4382.967 4398.237
174 4380.45 4379.904
176 4363.674 4348.123
178 4426.068 4423.697
179 4353.852 4345.343
180 4370.286 4375.42
181 4349.113 4347.315
182 4368.033 4374.134
186 4360.679 4357.423
187 4390.065 4394.375
189 4261.392 4253.124
190 4378.273 4385.491
191 4267.758 4264.173
193 4175.935 4165.944
195 4240.182 4247.598
196 4249.577 4252.148
197 4248.313 4249.529
199 4306.63 4292.809
202 4370.316 4375.132
204 4437.798 4426.435
206 4312.882 4308.208
207 4313.224 4306.468
210 4193.805 4180.408
213 4285.56 4283.233
219 4232.685 4229.499
223 4383.299 4390.418
228 4364.718 4367.84
231 4299.773 4303.923
233 4428.871 4440.83
238 4349.757 4336.072
240 4315.556 4324.132
243 4393.392 4371.333
245 4259.591 4248.244
247 4369.952 4370.516
248 4355.825 4352.832
249 4276.009 4272.684
255 4319.452 4310.28
256 4350.124 4352.069
262 4266.148 4260.232
263 4180.569 4177.73
