3 0.24
10 0.27
11 0.22
13 0.22
16 0.28
17 0.23
19 0.28
23 0.13
24 0.25
26 0.19
28 0.18
31 0.22
32 0.18
39 0.29
43 0.22
46 0.21
47 0.28
49 0.24
55 0.25
57 0.29
58 0.19
60 0.17
63 0.23
66 0.22
80 0.23
82 0.22
84 0.14
87 0.18
89 0.21
91 0.23
97 0.24
100 0.21
101 0.29
102 0.19
103 0.19
107 0.25
108 0.23
110 0.21
111 0.21
115 0.17
116 0.22
121 0.24
122 0.25
123 0.16
124 0.21
135 0.21
136 0.18
137 0.21
138 0.22
139 0.3
140 0.21
142 0.21
147 0.26
152 0.24
156 0.24
158 0.24
161 0.24
167 0.24
168 0.15
171 0.19
173 0.17
174 0.25
176 0.17
178 0.13
179 0.22
180 0.15
181 0.19
182 0.16
186 0.21
187 0.17
189 0.2
190 0.22
191 0.23
193 0.26
195 0.21
196 0.23
197 0.22
199 0.24
202 0.16
204 0.17
206 0.23
207 0.24
210 0.27
213 0.21
219 0.28
223 0.21
228 0.17
231 0.2
233 0.2
238 0.17
240 0.25
243 0.15
245 0.23
247 0.19
248 0.25
249 0.24
255 0.2
256 0.19
262 0.25
263 0.28
