3 1000 1000
10 1000 1000
11 1000 1000
13 1000 1000
16 1000 1000
17 1000 1000
19 1000 1000
23 1000 1000
24 1000 1000
26 1000 1000
28 1000 1000
31 1000 1000
32 1000 1000
39 1000 1000
43 1000 1000
46 1000 1000
47 1000 1000
49 1000 1000
55 1000 1000
57 1000 1000
58 1000 1000
60 1000 1000
63 1000 1000
66 1000 1000
80 1000 1000
82 1000 1000
84 1000 1000
87 1000 1000
89 1000 1000
91 1000 1000
97 1000 1000
100 1000 1000
101 1000 1000
102 1000 1000
103 1000 1000
107 1000 1000
108 1000 1000
110 1000 1000
111 1000 1000
115 1000 1000
116 1000 1000
121 1000 1000
122 1000 1000
123 1000 1000
124 1000 1000
135 1000 1000
136 1000 1000
137 1000 1000
138 1000 1000
139 1000 1000
140 1000 1000
142 1000 1000
147 1000 1000
152 1000 1000
156 1000 1000
158 1000 1000
161 1000 1000
167 1000 1000
168 1000 1000
171 1000 1000
173 1000 1000
174 1000 1000
176 1000 1000
178 1000 1000
179 1000 1000
180 1000 1000
181 1000 1000
182 1000 1000
186 1000 1000
187 1000 1000
189 1000 1000
190 1000 52
191 1000 1000
193 1000 1000
195 1000 1000
196 1000 1000
197 1000 1000
199 1000 1000
202 1000 1000
204 1000 1000
206 1000 1000
207 1000 1000
210 1000 1000
213 1000 1000
219 1000 1000
223 1000 1000
228 1000 1000
231 1000 1000
233 1000 1000
238 1000 1000
240 1000 1000
243 1000 327
245 1000 1000
247 1000 1000
248 1000 1000
249 1000 1000
255 1000 1000
256 1000 1000
262 1000 1000
263 1000 1000
