3 -2086.341 -2084.943
10 -2091.947 -2090.853
11 -2164.554 -2158.488
13 -2153.378 -2146.274
16 -2090.278 -2086.981
17 -2110.175 -2107.419
19 -2102.164 -2095.802
23 -2171.014 -2172.016
24 -2122.704 -2115.41
26 -2161.245 -2163.197
28 -2187.412 -2187.964
31 -2142.953 -2136.759
32 -2158.674 -2152.361
39 -2020.411 -2016.74
43 -2184.21 -2186.185
46 -2134.228 -2133.321
47 -2102 -2097.961
49 -2155.402 -2155.411
55 -2095.044 -2095.343
57 -2084.209 -2081.659
58 -2102.761 -2106.814
60 -2150.199 -2151.717
63 -2098.422 -2099.158
66 -2166.632 -2166.258
80 -2102.221 -2100.104
82 -2168.143 -2164.794
84 -2174.016 -2170.821
87 -2206.359 -2207.147
89 -2169.39 -2170.599
91 -2093.213 -2090.914
97 -2117.162 -2112.883
100 -2134.216 -2139.709
101 -2018.513 -2008.977
102 -2170.69 -2162.356
103 -2177.324 -2172.496
107 -2158.797 -2154.471
108 -2139.145 -2137.462
110 -2148.014 -2149.377
111 -2130.901 -2130.893
115 -2221.706 -2220.671
116 -2125.781 -2129.503
121 -2086.028 -2085.229
122 -2118.225 -2116.052
123 -2179.11 -2182.395
124 -2093.63 -2090.012
135 -2171.504 -2166.591
136 -2176.775 -2178.393
137 -2153.969 -2155.916
138 -2132.096 -2135.956
139 -2038.841 -2031.12
140 -2135.839 -2132.011
142 -2125.864 -2130.478
147 -2125.887 -2122.036
152 -2120.04 -2120.924
156 -2125.833 -2122.7
158 -2074.197 -2070.22
161 -2084.669 -2082.73
167 -2117.18 -2117.165
168 -2183.154 -2185.01
171 -2132.814 -2131.514
173 -2168.458 -2176.093
174 -2167.199 -2166.926
176 -2158.811 -2151.036
178 -2190.008 -2188.822
179 -2153.9 -2149.646
180 -2162.117 -2164.684
181 -2151.531 -2150.632
182 -2160.99 -2164.041
186 -2157.314 -2155.686
187 -2172.007 -2174.161
189 -2107.67 -2103.536
190 -2166.11 -2169.72
191 -2110.853 -2109.06
193 -2064.942 -2059.946
195 -2097.065 -2100.773
196 -2101.763 -2103.048
197 -2101.131 -2101.739
199 -2130.289 -2123.379
202 -2162.132 -2164.54
204 -2195.873 -2190.192
206 -2133.415 -2131.078
207 -2133.586 -2130.208
210 -2073.877 -2067.178
213 -2119.754 -2118.591
219 -2093.316 -2091.724
223 -2168.624 -2172.183
228 -2159.333 -2160.894
231 -2126.861 -2128.936
233 -2191.41 -2197.389
238 -2151.853 -2145.01
240 -2134.752 -2139.04
243 -2173.67 -2162.641
245 -2106.77 -2101.096
247 -2161.95 -2162.232
248 -2154.887 -2153.39
249 -2114.978 -2113.316
255 -2136.7 -2132.114
256 -2152.036 -2153.009
262 -2110.048 -2107.09
263 -2067.259 -2065.839
