3 5.656436 5.782437
10 6.180362 6.15708
11 5.504213 5.495689
13 5.71188 5.663806
16 5.585607 5.541195
17 4.986026 4.858922
19 5.761277 5.39041
23 5.707157 5.272794
24 5.451395 5.464033
26 5.545978 5.816718
28 5.510745 5.296807
31 5.295048 5.075887
32 5.766231 5.72012
39 5.569132 5.339022
43 5.633493 5.727706
46 6.036493 6.202229
47 6.44062 6.43475
49 5.554608 5.282284
55 5.362514 5.444281
57 5.733355 5.743492
58 5.859669 5.997957
60 6.35756 5.921134
63 5.226915 5.364883
66 5.570588 6.034152
80 23.17243 22.83516
82 26.02171 26.08468
84 35.04911 34.93853
87 30.20534 30.63388
89 26.88075 26.97336
91 23.1467 23.08848
97 21.18893 21.21073
100 28.42794 28.48508
101 18.30074 17.83806
102 32.72892 32.78126
103 28.77173 28.60661
107 21.84954 21.55452
108 24.56459 24.25978
110 24.78151 24.54579
111 27.62339 27.87237
115 31.69623 31.53867
116 25.16089 25.49923
121 22.63586 22.45809
122 24.09865 23.97373
123 34.92863 34.77165
124 27.16519 26.59344
135 26.10916 25.40906
136 29.94827 30.11384
137 26.14057 26.19103
138 22.83374 23.06456
139 18.08403 18.02916
140 25.87423 26.46826
142 23.20156 23.56839
147 20.13544 20.49636
152 22.11725 22.89641
156 24.13579 24.3419
158 21.25196 21.14163
161 22.16695 22.12874
167 25.54096 24.61725
168 33.29147 33.68255
171 27.9344 28.03287
173 33.91294 34.16848
174 22.77722 22.52162
176 30.60533 30.87472
178 41.6473 41.54653
179 23.17218 22.91366
180 32.62946 32.29798
181 26.94677 26.92917
182 32.05452 32.34017
186 26.02518 26.1923
187 29.8437 30.6185
189 28.34767 27.96682
190 27.13973 27.40153
191 25.77525 25.61175
193 22.32052 21.67259
195 22.91943 23.14919
196 25.29269 25.17018
197 24.57548 24.81412
199 23.4677 23.40343
202 33.3465 33.71771
204 30.53321 30.40573
206 23.78359 23.4607
207 25.18296 24.62478
210 18.93081 18.8523
213 24.77233 25.00036
219 20.7394 20.68651
223 26.786 26.96069
228 31.79144 32.09042
231 29.87323 29.72721
233 27.18696 27.2903
238 31.67269 30.98576
240 24.42849 24.44033
243 37.41451 37.36415
245 23.91658 23.68236
247 27.99867 27.87714
248 22.53672 22.21047
249 21.57299 21.18759
255 27.18153 27.2715
256 26.72429 26.67322
262 22.00718 22.14278
263 21.67477 22.0173
