3 0.2630744 0.2685149
10 0.2868653 0.2858086
11 0.2427113 0.2441544
13 0.2613878 0.2603161
16 0.2529658 0.2535045
17 0.2323354 0.2261817
19 0.26249 0.2447567
23 0.2669242 0.247872
24 0.2428471 0.242889
26 0.248568 0.2605939
28 0.2540955 0.2427493
31 0.2440284 0.2359588
32 0.2637055 0.2641425
39 0.250801 0.2417944
43 0.2531909 0.2577482
46 0.2922313 0.3010256
47 0.2968753 0.2973064
49 0.2483175 0.2375694
55 0.2441748 0.2481895
57 0.2629956 0.2635091
58 0.2759952 0.2834511
60 0.3026625 0.2813776
63 0.2389498 0.2449946
66 0.2618263 0.2831273
80 1.415641 1.395601
82 1.560982 1.561351
84 2.104106 2.103132
87 1.878979 1.892208
89 1.651306 1.654304
91 1.383562 1.381549
97 1.284668 1.281653
100 1.713869 1.714475
101 1.080371 1.061442
102 1.932094 1.934692
103 1.71969 1.709575
107 1.342299 1.326856
108 1.483799 1.467071
110 1.485019 1.475141
111 1.658596 1.664858
115 1.908308 1.897313
116 1.495093 1.510381
121 1.369653 1.359984
122 1.419489 1.412831
123 2.077777 2.06779
124 1.625144 1.595442
135 1.564049 1.5275
136 1.857813 1.864028
137 1.56816 1.563462
138 1.364349 1.373471
139 1.12548 1.121614
140 1.534023 1.565173
142 1.41492 1.429382
147 1.212296 1.227983
152 1.344675 1.379378
156 1.477633 1.482381
158 1.276549 1.270715
161 1.33424 1.328847
167 1.49818 1.451153
168 1.997846 2.011836
171 1.699013 1.703582
173 2.020459 2.030886
174 1.361877 1.351469
176 1.875261 1.889023
178 2.516063 2.513567
179 1.387444 1.376714
180 1.95301 1.938819
181 1.648884 1.646802
182 1.936337 1.956839
186 1.586969 1.593471
187 1.78772 1.824849
189 1.705236 1.687574
190 1.609684 1.621778
191 1.549148 1.537585
193 1.337524 1.303879
195 1.384792 1.396119
196 1.521021 1.515001
197 1.448916 1.461887
199 1.417142 1.406111
202 2.001777 2.021573
204 1.825627 1.816011
206 1.431389 1.414459
207 1.495163 1.469931
210 1.148751 1.143063
213 1.499211 1.510841
219 1.290619 1.293908
223 1.631735 1.637707
228 1.906356 1.920615
231 1.786974 1.780758
233 2.417683 2.348454
238 1.880548 1.847046
240 1.486009 1.488187
243 2.290601 2.291489
245 1.438987 1.429232
247 1.671808 1.66821
248 1.384514 1.36768
249 1.320109 1.298613
255 1.659799 1.6575
256 1.629448 1.625142
262 1.298605 1.307093
263 1.303402 1.317961
