3 0.2428944 0.05043889 0.01349695 0.3521357 0.2637635 5.022693 0.4714289 0.1723007 0.02366363 0.03228776
10 0.2632002 0.05134707 0.01369073 0.4870263 0.2514185 47.63817 0.5223942 0.1766537 0.02335727 0.03310655
11 0.2626108 0.05172461 0.01463428 0.4981722 0.2467644 159.7934 0.6294509 0.2135623 0.02652138 0.03820973
13 0.2497061 0.05546763 0.01437855 0.3985951 0.2863571 10.0466 0.5877949 0.1857784 0.02502989 0.03552432
16 0.2374847 0.05183599 0.01381005 0.3819406 0.2398346 21.46941 0.6059024 0.187002 0.0250968 0.03686717
17 0.2270853 0.05327969 0.0149894 0.3813683 0.2477349 15.33382 0.5406116 0.1803935 0.02450013 0.03495188
19 0.2457324 0.05118931 0.01432129 0.3953751 0.2546472 26.07462 0.5937002 0.1788739 0.02449429 0.03601357
23 0.2256048 0.05162563 0.01501699 0.3935566 0.2495759 35.5698 0.7274226 0.2510428 0.03030064 0.0437785
24 0.2656854 0.04959958 0.01428502 0.4667131 0.239201 182.5716 0.5511649 0.1823756 0.02451741 0.03471589
26 0.2496822 0.05427086 0.01479322 0.4632336 0.2997485 110.0217 0.6032472 0.1914793 0.02578759 0.03683732
28 0.2557023 0.05064403 0.01424866 0.3960185 0.2884437 7.024913 0.5865915 0.1998292 0.02603124 0.03593154
31 0.2463933 0.05021475 0.01418032 0.4678103 0.2710089 4.977941 0.6346165 0.1914572 0.02559296 0.03724194
32 0.2747647 0.04760469 0.01408138 0.493574 0.2596824 147.5962 0.5226733 0.1896352 0.02586058 0.03492534
39 0.2368868 0.04590661 0.01274725 0.3766684 0.2202892 6.979502 0.5584735 0.1778156 0.02609741 0.03695054
43 0.2759551 0.05222855 0.01474138 0.5046123 0.2920214 9.956058 0.5769433 0.1887425 0.02421466 0.03411719
46 0.2311881 0.05560367 0.01514834 0.4149391 0.2740794 11.93773 0.5610085 0.1892211 0.02334592 0.03378196
47 0.2789954 0.04907314 0.01388351 0.534261 0.2681174 19.17618 0.5020217 0.1776778 0.02414914 0.0334899
49 0.2658667 0.05321789 0.01458439 0.5486156 0.265187 39.25706 0.5817648 0.1842111 0.025019 0.03576989
55 0.2462385 0.04665874 0.01378586 0.4169513 0.2468391 9.369388 0.5557496 0.1900357 0.02542982 0.03591345
57 0.2497613 0.05282155 0.01401098 0.4497241 0.2413025 29.12044 0.5393869 0.1780178 0.02358435 0.0338013
58 0.2313601 0.04953833 0.0140083 0.4526456 0.2064028 187.1791 0.5469694 0.1953331 0.02601409 0.03638655
60 0.2338344 0.05156978 0.01431786 0.3484364 0.2752094 4.201483 0.5980455 0.2262863 0.02643892 0.03697756
63 0.2420968 0.05327575 0.01370666 0.4403945 0.2440916 4.498404 0.5424307 0.2056937 0.02663938 0.03709339
66 0.2419705 0.05355636 0.01509808 0.372399 0.3047892 8.172303 0.5092611 0.1864144 0.02295672 0.0319985
80 0.2248324 0.05448135 0.01437094 0.3700549 0.2534128 15.08048 0.5556766 0.1905518 0.02945783 0.03903325
82 0.2500951 0.05292891 0.0145862 0.3857552 0.2855247 39.10805 0.6531366 0.2726018 0.02804759 0.03979704
84 0.228927 0.05071596 0.01474101 0.3479161 0.2654946 510.3958 0.7183182 0.3728019 0.03361248 0.04566362
87 0.240717 0.05915861 0.01526386 0.4259587 0.2844437 17.00249 0.577756 0.2826871 0.03169684 0.04063379
89 0.2431828 0.05430897 0.0150326 0.4363978 0.2736145 12.43471 0.5859997 0.2708966 0.03269296 0.04100341
91 0.2355576 0.0497294 0.01389714 0.3986564 0.2363875 38.1238 0.6008165 0.201415 0.0278144 0.03897316
97 0.2437302 0.04763096 0.01415058 0.3616089 0.2903568 3.444853 0.5508248 0.2359363 0.02732073 0.03773041
100 0.2331667 0.04839646 0.01402482 0.330828 0.2596022 12.30336 0.6613408 0.2799882 0.03178505 0.04340307
101 0.2342713 0.04739846 0.01352823 0.394693 0.2250696 17.35142 0.5873917 0.1998721 0.02559502 0.03710823
102 0.2497474 0.04901374 0.01412389 0.460461 0.2283196 259.3942 0.6870713 0.3038359 0.04774058 0.0576645
103 0.2668401 0.04779672 0.01447294 0.4190969 0.2817485 134.6899 0.5732987 0.2622616 0.03482924 0.04307029
107 0.2449698 0.05568262 0.01492146 0.4357445 0.3037622 3.726543 0.5009817 0.2051496 0.02786303 0.03591503
108 0.2368908 0.05041425 0.01437726 0.3142516 0.2793893 5.77312 0.5957713 0.2558744 0.02991021 0.03983201
110 0.2426959 0.05292998 0.01470003 0.3278322 0.2885763 8.147033 0.5088938 0.246387 0.02748025 0.03527482
111 0.2385584 0.04985331 0.01410082 0.3676568 0.2818396 104.859 0.5892655 0.2757421 0.03116697 0.0417316
115 0.2536171 0.05245309 0.01492081 0.422387 0.2992391 7.533543 0.6290676 0.2771276 0.04431163 0.05221931
116 0.2344042 0.05205607 0.01446148 0.3406902 0.2428917 238.3135 0.6192539 0.2488096 0.02784017 0.03916609
121 0.2222002 0.05222525 0.01426081 0.3579478 0.2426516 20.13072 0.5503278 0.2182041 0.02905618 0.03860919
122 0.2402181 0.05269612 0.0140901 0.3900255 0.2608149 15.35367 0.5819232 0.2376749 0.02758786 0.03704369
123 0.2648589 0.04666459 0.01376452 0.4137211 0.2652104 26.96189 0.5854919 0.2735555 0.04263972 0.05005356
124 0.2429087 0.04893894 0.01340728 0.4542175 0.2253568 61.46172 0.6468006 0.2656068 0.03225731 0.04468234
135 0.2508815 0.05133842 0.01472053 0.4479456 0.2885912 9.773908 0.6500079 0.2525533 0.0362331 0.04565004
136 0.2409112 0.05133105 0.01507458 0.381225 0.2547584 186.2278 0.643447 0.2992796 0.03245163 0.04320835
137 0.2412113 0.05079992 0.01475365 0.3468544 0.2958807 51.19588 0.5652193 0.2419483 0.03075116 0.04004818
138 0.2421876 0.04733505 0.01409234 0.3553083 0.2725791 6.278396 0.5283616 0.2181535 0.02901907 0.03767407
139 0.2159546 0.05130653 0.01372713 0.3343753 0.2620513 2.766394 0.5366469 0.1972918 0.02481194 0.03586106
140 0.2467417 0.05124828 0.01408248 0.3850262 0.2517225 39.98889 0.579793 0.272688 0.02835622 0.0388287
142 0.2398948 0.04772588 0.01397793 0.3954938 0.2721884 5.9668 0.5647744 0.2561301 0.0286041 0.03774967
147 0.2454943 0.05295722 0.01472077 0.4245546 0.2806336 5.496627 0.5065676 0.1831161 0.02563919 0.0341174
152 0.223542 0.05367331 0.01443127 0.3205879 0.2679734 8.244923 0.5094351 0.2098236 0.02773344 0.03622088
156 0.2281862 0.05245576 0.01439603 0.2790694 0.2773485 13.25027 0.5587354 0.2101581 0.03101699 0.04070433
158 0.241064 0.0489839 0.01366466 0.3471335 0.2490259 21.07886 0.5478117 0.2303004 0.02673852 0.03676943
161 0.2329363 0.04882995 0.01398686 0.4100799 0.2266019 23.74521 0.5949381 0.1875868 0.0305462 0.04145709
167 0.2553915 0.04881261 0.01386404 0.4520082 0.2444103 81.97352 0.68965 0.2670585 0.02943113 0.0423489
168 0.2460647 0.04956937 0.01452483 0.3824594 0.2644661 39.55757 0.6440493 0.3506004 0.03514689 0.0461933
171 0.2415609 0.04932957 0.01450299 0.3856558 0.340643 151.0669 0.6041703 0.2596626 0.0384678 0.04734043
173 0.2471162 0.04980071 0.01430179 0.4605813 0.245534 416.8804 0.6014687 0.2262282 0.04751537 0.05536308
174 0.2589098 0.05434236 0.01523542 0.5177467 0.2876921 24.21066 0.5786271 0.1899361 0.02744435 0.03699784
176 0.2343412 0.0546227 0.01457494 0.4287705 0.2480504 35.21864 0.6671682 0.3186971 0.03579504 0.04513229
178 0.2531713 0.04911961 0.01421069 0.4381814 0.2653533 104.4096 0.7463913 0.4077186 0.05897692 0.06869752
179 0.2400563 0.05387504 0.01518583 0.4094712 0.2499293 221.6364 0.5650786 0.1887242 0.0299146 0.03946687
180 0.2256837 0.05015866 0.01439219 0.3331081 0.2565384 25.63027 0.6509613 0.3054249 0.03347231 0.04419506
181 0.2346935 0.05080065 0.014892 0.3217836 0.2405972 254.468 0.5805165 0.2582619 0.03544396 0.04355833
182 0.2336056 0.05028486 0.01445061 0.4186187 0.1506778 NaN 0.6636534 0.2956125 0.03997955 0.04964438
186 0.2470067 0.05382194 0.01477302 0.4103791 0.262662 218.3396 0.5877965 0.2851669 0.03007427 0.04073223
187 0.238693 0.04959918 0.01461532 0.3655907 0.2782068 27.09438 0.5806759 0.2922294 0.03379873 0.04283621
189 0.225796 0.0501563 0.01397374 0.3754997 0.2090983 235.5131 0.5978968 0.2744512 0.0312985 0.04221075
190 0.2650424 0.04988239 0.01399257 0.5087789 0.2801204 6.638647 0.6205216 0.2791009 0.02828264 0.03931752
191 0.2401897 0.04740434 0.01378659 0.4036576 0.2437933 27.15822 0.6465795 0.2095056 0.03267119 0.043718
193 0.2348749 0.0530265 0.01340264 0.372071 0.2103972 237.55 0.5504671 0.1972918 0.02684717 0.036501
195 0.2294053 0.04947158 0.01381333 0.3831132 0.2517957 5.22328 0.5823094 0.1874298 0.03098358 0.04140587
196 0.2517983 0.0516366 0.0134743 0.4577025 0.2141766 200.9402 0.5995966 0.192145 0.02982387 0.04071334
197 0.2607953 0.04579917 0.01281027 0.3938984 0.2436983 5.907045 0.5179647 0.2134781 0.02897463 0.03731692
199 0.2350238 0.05307231 0.01436738 0.3705594 0.2709943 7.772933 0.5641721 0.2300583 0.02951878 0.03898452
202 0.2263949 0.05141211 0.0145034 0.3435342 0.2288795 234.9174 0.7452324 0.3553661 0.03261803 0.04576013
204 0.246088 0.05128174 0.01490984 0.3953839 0.256177 337.9241 0.6399571 0.2099454 0.03671234 0.04715046
206 0.229171 0.04919156 0.0151944 0.3316749 0.265052 35.21697 0.5914087 0.2740257 0.02907123 0.03856828
207 0.2317232 0.05264976 0.01460796 0.3874039 0.2664622 23.88536 0.62984 0.2563149 0.02772547 0.03816309
210 0.2392086 0.05239075 0.01424142 0.4219673 0.2561527 15.1072 0.5197111 0.211695 0.02692424 0.03670765
213 0.2344192 0.04966517 0.0143198 0.3771763 0.2534969 22.37794 0.5676646 0.2247071 0.03387232 0.04296383
219 0.2419392 0.05004433 0.01366447 0.4163685 0.2721744 2.924978 0.5264232 0.2049514 0.0270864 0.03622077
223 0.266052 0.05170011 0.01401749 0.4613242 0.2885003 8.979389 0.570654 0.2645017 0.02852404 0.03781284
228 0.2319807 0.05072362 0.01441058 0.3590592 0.2519467 92.80587 0.5758833 0.2996305 0.03479423 0.04481259
231 0.2388601 0.05092475 0.01384992 0.389028 0.2583781 59.70712 0.6429505 0.2870018 0.03237351 0.04256194
233 0.2458862 0.05305283 0.01488615 0.4100935 0.3061409 2.4962 0.5973731 0.2048656 0.03397967 0.04394939
238 0.2489492 0.04582451 0.01412584 0.3998044 0.242605 77.85798 0.6356273 0.2104154 0.03976562 0.04963022
240 0.2354546 0.05380051 0.01469823 0.3631482 0.2551763 21.39135 0.5366514 0.2223678 0.03228136 0.04055626
243 0.2325397 0.05253955 0.01447623 0.3729764 0.2374128 76.23912 0.8320143 0.3419778 0.0383069 0.05330901
245 0.2385556 0.04866929 0.01410288 0.3666713 0.2424303 51.32596 0.6030894 0.2569438 0.02969922 0.04120845
247 0.2577615 0.05079288 0.0146419 0.5028788 0.2591185 39.72027 0.6524141 0.303372 0.03027521 0.04129335
248 0.255765 0.05223683 0.01437662 0.4175334 0.299257 3.767718 0.5769149 0.2291813 0.02731509 0.03661753
249 0.2177943 0.05496571 0.01515358 0.3838783 0.2578223 11.62088 0.5881116 0.2216753 0.03104034 0.04086509
255 0.2376222 0.04733732 0.0142868 0.3986036 0.2547777 25.69242 0.6200791 0.2017922 0.034051 0.04498996
256 0.2323281 0.05152511 0.01505768 0.4003869 0.2767866 37.79969 0.6471806 0.2747064 0.03166915 0.04205186
262 0.2509972 0.04926515 0.01378737 0.4061573 0.2669365 6.480387 0.556427 0.2014725 0.02799749 0.03739577
263 0.2297434 0.05226403 0.01359104 0.3531029 0.2519729 16.17217 0.5456912 0.2238668 0.0269771 0.03709311
