3 27.32427 2.120569 -0.4974412 4.584723 2.026409 -4.802768 -0.3133731 -0.05945358 0.1922072
10 27.83689 2.122713 -0.4887393 4.562441 2.628631 -5.305498 -0.6959704 -0.05726629 0.2133139
11 27.55339 2.100836 -0.5030454 4.919629 2.255356 -5.486885 -1.301302 -0.05358216 0.2112339
13 27.23877 2.175705 -0.5018564 4.847204 1.918507 -5.655305 0.006106913 -0.05017582 0.1995762
16 27.28697 2.114088 -0.5080342 4.374237 2.056769 -5.440831 -0.8773842 -0.04183826 0.2034533
17 26.70962 2.102853 -0.5441178 4.527728 1.821857 -5.017626 -0.2794837 -0.04460021 0.1812457
19 27.41705 2.071604 -0.5047121 4.618386 1.7781 -5.558568 -0.4858762 -0.05217765 0.2133074
23 26.95317 2.017133 -0.5374463 4.692659 1.737137 -5.077852 -1.401596 -0.03841011 0.1706374
24 27.54099 2.008534 -0.4846253 4.727806 2.331671 -5.638231 -0.7023333 -0.06130673 0.2264021
26 27.5135 2.055719 -0.5090886 4.78065 2.795985 -6.119012 -0.2520584 -0.06648144 0.2300311
28 27.40164 2.0293 -0.4839369 4.918139 2.109388 -5.45222 0.1634133 -0.03846852 0.1691796
31 26.93818 2.040067 -0.521089 4.616842 2.232916 -5.475454 -0.5638019 -0.03821054 0.1921431
32 27.80458 1.974562 -0.4697224 4.757478 2.396662 -5.033725 -0.1929218 -0.07106802 0.1946404
39 27.69206 2.037524 -0.4922141 3.894613 1.891716 -5.380883 -0.7680396 -0.05758788 0.2184965
43 27.36695 2.05566 -0.4914159 5.30266 2.803391 -5.750365 -0.5522904 -0.05048287 0.2138544
46 26.96167 2.144309 -0.5431472 4.757254 2.511645 -5.439932 -0.8075614 -0.0487811 0.2063821
47 28.19669 2.059912 -0.4789515 4.746501 3.09159 -4.835199 -0.8859756 -0.06616075 0.207826
49 27.50789 2.121354 -0.5174292 4.855283 2.736451 -5.54811 -0.2713721 -0.04450426 0.194797
55 27.2859 2.011499 -0.5002964 4.357423 2.432874 -5.290261 -0.9592555 -0.05188827 0.2074865
57 27.41391 2.17254 -0.5086637 4.473839 2.385054 -5.265945 -0.7592754 -0.04951123 0.2067469
58 27.167 2.077774 -0.5375198 4.216039 2.394764 -5.034785 -0.7055505 -0.05335868 0.1876753
60 27.35992 2.092417 -0.5065806 4.861999 1.550039 -4.778389 -1.327107 -0.04877774 0.1774026
63 27.19976 2.209366 -0.5171637 4.287777 2.461777 -4.883587 -1.275249 -0.05865807 0.1972342
66 27.596 2.052683 -0.5113275 5.285233 2.344392 -5.228412 -0.8350553 -0.04113104 0.1908259
80 26.95263 2.119656 -0.532651 4.462989 1.941988 -5.292882 -0.181575 -0.04466862 0.1873546
82 27.4147 2.093127 -0.4978518 5.020109 2.000261 -5.778248 -1.143664 -0.03757775 0.2071413
84 27.03383 2.022439 -0.5173137 4.662744 1.395544 -5.222059 -1.109932 -0.03418222 0.1679601
87 27.12931 2.200909 -0.5375635 5.031842 2.66575 -5.417547 -0.7183362 -0.05664351 0.1993105
89 26.97906 2.109412 -0.5267338 4.921103 2.312242 -5.409631 -0.7017909 -0.05088244 0.1958126
91 27.32826 2.083419 -0.5114893 4.298559 1.882435 -5.516084 -0.4480985 -0.04594241 0.2020549
97 27.2003 1.943845 -0.4902956 4.85158 1.980049 -5.178198 -1.590028 -0.06277791 0.224069
100 27.15099 2.019371 -0.4980529 4.491104 1.99838 -5.88808 -0.9514626 -0.04372014 0.2088821
101 27.23746 2.035492 -0.5159789 4.073216 1.784124 -5.187264 -1.115644 -0.05332088 0.2187126
102 27.46898 2.025072 -0.5031214 4.425586 2.477063 -5.869744 -0.4844496 -0.03507421 0.1881443
103 27.43051 1.928873 -0.4709241 4.825356 2.180308 -4.972373 -0.8080004 -0.03489571 0.1656302
107 26.97609 2.090594 -0.5171088 5.081998 2.771413 -4.714522 -0.6037816 -0.05592017 0.1887994
108 27.34086 2.028926 -0.5031447 4.905974 1.282057 -4.859092 -1.075888 -0.04615772 0.1836737
110 27.52438 2.03198 -0.4938813 5.062372 1.313911 -4.423342 -0.703966 -0.06071454 0.1769011
111 27.38041 2.052593 -0.5065263 4.489468 2.08245 -5.290799 -0.969261 -0.044616 0.1891909
115 27.42149 2.039938 -0.5042891 5.105203 2.38708 -5.706006 -0.4821819 -0.03555506 0.1846216
116 27.54304 2.088233 -0.5080247 4.801234 1.766343 -5.940392 -1.13522 -0.06428547 0.2381715
121 27.09169 2.097505 -0.5292785 4.275357 1.735986 -5.018251 -0.5298826 -0.04785701 0.1881774
122 27.68096 2.151307 -0.5163439 4.669602 1.897292 -5.204485 -0.9297266 -0.02970422 0.1816603
123 27.71641 1.965685 -0.4645225 4.725495 2.022087 -5.481165 -0.3174025 -0.0476991 0.1817391
124 27.22235 2.067094 -0.5142888 4.029535 2.329745 -5.282213 -1.314688 -0.05094493 0.202122
135 27.18896 1.975066 -0.4995443 4.90732 2.192359 -5.421496 -0.5978287 -0.03259208 0.1800745
136 27.11354 2.016005 -0.5068063 4.967248 1.828047 -4.94019 -1.403638 -0.04081679 0.172587
137 27.09877 1.989436 -0.4960626 4.840697 2.057896 -5.657796 -0.4830932 -0.05537398 0.2082593
138 27.30816 1.964688 -0.4905703 4.835477 2.138799 -5.467194 -0.7143963 -0.05209051 0.2109071
139 26.83816 2.119416 -0.5284346 4.270029 2.055441 -4.978371 -1.084271 -0.06385598 0.2215661
140 27.63059 2.138245 -0.5043326 4.627637 2.016572 -5.138763 -1.207859 -0.05305085 0.1993847
142 26.92622 2.005914 -0.503159 4.621056 2.486535 -5.875313 -1.089436 -0.05999594 0.235193
147 27.07649 2.106436 -0.525104 4.794488 2.674645 -5.32091 -0.3144645 -0.05386369 0.2067995
152 27.29836 2.143755 -0.5185236 4.783329 1.837048 -5.420848 -0.6231475 -0.04851349 0.2055709
156 27.21171 2.088635 -0.5034539 4.730935 1.496224 -5.871877 -0.4514813 -0.0693836 0.2333126
158 27.11994 2.036251 -0.4902515 4.348259 1.807987 -5.29283 -1.041218 -0.06023819 0.2209033
161 26.9718 2.029345 -0.5195673 4.128586 2.497536 -5.922685 -0.1697827 -0.04891616 0.2165677
167 27.58829 1.967733 -0.4826402 4.474365 2.093969 -5.217151 -1.422697 -0.02470128 0.1823877
168 27.23553 1.992078 -0.4938502 4.794062 2.149167 -5.634481 -1.247219 -0.06664518 0.2180942
171 27.1562 2.00824 -0.4941559 4.47798 1.762206 -5.324091 -0.5431404 -0.05507344 0.195007
173 27.44996 2.035253 -0.5115917 4.601945 2.773787 -5.651138 -0.1170194 -0.04578388 0.1786147
174 27.19979 2.079949 -0.5251376 5.031358 3.153195 -5.745324 -0.2955191 -0.03391373 0.1982147
176 27.04702 2.165745 -0.5388496 4.429545 2.442813 -5.808738 -0.6208987 -0.0404754 0.1973864
178 27.15442 2.04686 -0.4998045 4.498118 2.308458 -5.56534 -0.8388889 -0.05091735 0.1860616
179 27.2835 2.047993 -0.5195686 4.951401 1.876062 -5.130438 -0.1088633 -0.03735543 0.1713522
180 27.21957 2.033293 -0.512828 4.584515 1.518812 -4.788221 -0.9338338 -0.03950953 0.1610879
181 26.87078 1.991618 -0.4983861 4.773073 1.471478 -5.162876 -0.6281564 -0.0383166 0.1756163
182 26.73728 2.072761 -0.5256337 4.416067 2.330604 -5.774566 -0.6926453 -0.03775771 0.1949916
186 27.2288 2.101265 -0.5125917 4.80794 2.214071 -5.205721 -1.02613 -0.06585121 0.2107519
187 27.21785 2.025672 -0.5050966 4.872423 2.076142 -5.288143 -1.497044 -0.05216124 0.1966262
189 26.98369 2.083086 -0.5220247 4.14681 1.77705 -4.4622 -0.8294858 -0.04848863 0.1602097
190 27.67493 2.062658 -0.4972362 4.908777 3.164587 -5.179172 -1.72826 -0.0556171 0.2034108
191 27.27658 2.000125 -0.5030374 4.282524 2.171454 -6.097463 -0.260674 -0.04878644 0.2142152
193 27.361 2.156281 -0.5039193 4.130728 1.739807 -4.91762 -0.6459594 -0.03576543 0.1778836
195 27.04668 2.114086 -0.5272165 4.382496 2.282266 -5.80219 -0.183655 -0.06552884 0.2261167
196 27.59867 2.160982 -0.498636 4.351889 2.469343 -5.939412 -0.05687978 -0.0585808 0.2156899
197 27.67039 2.016329 -0.4641868 4.280357 2.308425 -5.002424 -0.6364519 -0.04694396 0.1851555
199 27.24709 2.06935 -0.5090466 4.725351 1.877093 -5.513996 -0.7876551 -0.05112243 0.210704
202 27.22941 2.093016 -0.5198074 4.677159 1.61445 -5.861912 -1.377253 -0.03654593 0.2002366
204 27.29509 1.975862 -0.5000587 4.928389 1.927227 -6.126052 0.01095433 -0.06441826 0.2215374
206 26.81758 1.922413 -0.5101233 4.766624 1.40102 -4.972923 -0.9816316 -0.0381128 0.1809472
207 27.34933 2.087313 -0.5303428 4.666299 1.62595 -4.854583 -0.9250846 -0.01986612 0.1562153
210 27.22356 2.046804 -0.5153246 4.434672 2.368647 -4.879848 -1.222109 -0.05784911 0.2096326
213 27.21557 2.074479 -0.518352 4.480914 2.048758 -5.254463 -0.406959 -0.03919902 0.1803696
219 27.22906 2.069119 -0.5089489 4.518022 2.2314 -4.731414 -0.8851209 -0.04539025 0.1849991
223 27.5805 2.07816 -0.4862344 4.959697 2.651067 -5.246406 -0.8832105 -0.05570069 0.1974996
228 27.55817 2.068333 -0.5127262 4.622213 1.999386 -4.737896 -0.9880252 -0.06626052 0.1834954
231 27.44292 2.097336 -0.5087967 4.380588 2.174888 -5.700656 -0.7567401 -0.05716574 0.210275
233 27.24257 2.034309 -0.508428 5.143372 2.657935 -5.594888 -0.1601875 -0.07195014 0.2148631
238 27.12478 1.891751 -0.4821178 4.412101 1.811777 -5.295912 0.1945817 -0.05074773 0.1718231
240 27.00384 2.110011 -0.5129078 4.803547 1.690063 -5.028495 -0.4765111 -0.03676055 0.1740082
243 26.94291 2.116553 -0.5180866 4.528203 1.528934 -5.807712 -0.9659574 -0.05978197 0.2084856
245 27.12098 1.983961 -0.4979668 4.400106 1.709695 -4.783456 -1.266494 -0.04160124 0.1808958
247 27.07293 2.054812 -0.5094199 4.75197 2.669767 -4.984692 -1.688242 -0.05450958 0.1952177
248 26.82373 2.055821 -0.4984761 4.953759 2.391002 -5.260703 -0.8805447 -0.02062806 0.1790913
249 26.50479 2.071322 -0.5627245 4.517257 2.010737 -5.363553 -0.4589581 -0.03141259 0.1864677
255 26.79376 1.974084 -0.506591 4.289637 2.233845 -5.672133 0.06785785 -0.05404104 0.2001083
256 26.66163 1.987339 -0.5221127 4.603952 2.261384 -6.034923 -0.7605227 -0.03404685 0.2051953
262 27.73525 2.038659 -0.4905094 4.560045 2.226477 -5.460248 -0.5557676 -0.05352127 0.2099594
263 27.52111 2.189508 -0.5120779 4.320769 2.155153 -5.155672 -1.34591 -0.04254256 0.2001332
