3 0.2500766 0.05227131 0.01409568 0.4133984 0.2211878 0.4858222 0.1727659 0.02373899 0.03267885
10 0.2665579 0.05066121 0.01366341 0.4954253 0.2212976 0.51961 0.1766077 0.02356653 0.03335115
11 0.2548405 0.05279884 0.01455414 0.4461587 0.2370615 0.6154791 0.2126844 0.02627599 0.037685
13 0.249612 0.05506878 0.01446278 0.4002274 0.2335495 0.5782054 0.185364 0.02495332 0.03532886
16 0.2421068 0.05111701 0.01398037 0.406481 0.2133308 0.6089701 0.1871586 0.02474509 0.03657296
17 0.2214352 0.05391858 0.01506692 0.3742079 0.2193369 0.532437 0.1796705 0.02418591 0.03438891
19 0.2401278 0.05086733 0.01430385 0.3741067 0.224006 0.5665564 0.1775832 0.02418309 0.03505609
23 0.2212727 0.0515374 0.0151981 0.3631486 0.224118 0.6768984 0.250444 0.02966719 0.0422382
24 0.2627615 0.04890713 0.01422024 0.4558524 0.2280427 0.5627021 0.182901 0.02461636 0.03512633
26 0.2590155 0.05110009 0.01450221 0.5199848 0.2296033 0.6345792 0.1928313 0.02632635 0.03808576
28 0.2621796 0.05056066 0.01450302 0.4271764 0.2356273 0.583781 0.1994713 0.02600866 0.03588295
31 0.2389302 0.05133335 0.01480564 0.4294547 0.2228738 0.6077866 0.1900838 0.02534131 0.03655563
32 0.2716995 0.04720901 0.01398296 0.4662118 0.2278075 0.5111122 0.1893416 0.0259043 0.03473393
39 0.2358007 0.04515471 0.01292436 0.3766921 0.1903023 0.55583 0.1774564 0.02568139 0.03656598
43 0.2780587 0.05367684 0.01514066 0.5343596 0.2553432 0.5833271 0.1889571 0.02421709 0.03425766
46 0.2395229 0.05577294 0.01513029 0.4744358 0.2286794 0.5894319 0.1899537 0.02342079 0.03448831
47 0.2828898 0.04907837 0.01376149 0.569918 0.2301894 0.4825791 0.1765969 0.02390169 0.03281775
49 0.2572243 0.05364087 0.0146662 0.5142629 0.2354664 0.5829165 0.1837876 0.02478446 0.03558426
55 0.2487811 0.04780421 0.01397104 0.4576096 0.2110164 0.5585427 0.190307 0.02543905 0.03593924
57 0.2506023 0.05292524 0.01395473 0.4565196 0.2185946 0.5361958 0.1779782 0.02359161 0.03377001
58 0.2303925 0.05015297 0.01419304 0.4447788 0.2029136 0.5614586 0.1954166 0.02608581 0.03674472
60 0.2372198 0.05288015 0.0146328 0.3516685 0.2334481 0.5496468 0.2259394 0.0262729 0.03587669
63 0.2442398 0.05335485 0.01376319 0.4603023 0.2074581 0.5512193 0.2060758 0.02677531 0.03747411
66 0.2568669 0.05375427 0.01530255 0.4679406 0.2541965 0.5496508 0.1877868 0.02325699 0.0331008
80 0.2284746 0.05311296 0.01457776 0.3925212 0.2160225 0.5506713 0.1918192 0.02991818 0.03924588
82 0.2554508 0.05332608 0.01472913 0.4180245 0.2425706 0.6434501 0.2702067 0.02668608 0.03801397
84 0.2216228 0.0505868 0.01476466 0.3117776 0.2225172 0.6943357 0.3594815 0.03294882 0.04474081
87 0.2504131 0.05836575 0.01526222 0.504942 0.2421798 0.6233541 0.2926158 0.03161831 0.04134655
89 0.2445713 0.05498287 0.0152076 0.4503047 0.2367627 0.6080391 0.2754518 0.0339742 0.04257304
91 0.2324553 0.04969062 0.01387076 0.3784182 0.2071299 0.5838862 0.20118 0.02825728 0.03899912
97 0.2518322 0.04857501 0.01479403 0.4047297 0.234153 0.5687988 0.2424446 0.02674866 0.03758115
100 0.2433939 0.04879543 0.01419582 0.4015907 0.2162734 0.6772164 0.2856735 0.03140494 0.04323384
101 0.2251755 0.04775145 0.0137392 0.3626494 0.1982411 0.5429175 0.1931239 0.02579798 0.03628932
102 0.2494722 0.04814628 0.01397227 0.4647138 0.2137027 0.6728639 0.2804675 0.03807114 0.04835298
103 0.2677821 0.04707299 0.01440484 0.4350005 0.23252 0.563482 0.2660339 0.03485843 0.04286056
107 0.2614265 0.05515107 0.01536671 0.5230326 0.2460913 0.4934104 0.2069089 0.02833424 0.03621753
108 0.2330952 0.05122991 0.01480712 0.3086041 0.2363162 0.557674 0.2511418 0.02913443 0.03841158
110 0.2437354 0.05169273 0.01479775 0.3211634 0.242912 0.508637 0.2496864 0.02768192 0.03554113
111 0.2417749 0.04961344 0.0141389 0.4115499 0.2172164 0.6254528 0.2865256 0.03008208 0.04118535
115 0.257472 0.05225722 0.01499574 0.4668144 0.2446361 0.6261309 0.2749808 0.03949256 0.04790565
116 0.2405281 0.05210462 0.01448305 0.3745967 0.2311912 0.6621062 0.261992 0.02799936 0.04033275
121 0.2209202 0.05089956 0.01418103 0.355589 0.2060938 0.5370041 0.2175601 0.0291023 0.03838798
122 0.2394964 0.05334162 0.01426273 0.390697 0.2275797 0.5689135 0.2308913 0.0262208 0.03581984
123 0.2679283 0.04679878 0.0139384 0.4109795 0.226209 0.6102573 0.2724452 0.04100491 0.04928641
124 0.2365555 0.04800371 0.01356207 0.4340197 0.1953244 0.6420973 0.2733905 0.03154956 0.04396049
135 0.2524893 0.04987166 0.01492483 0.4351727 0.2370173 0.5836505 0.2499868 0.03605561 0.04420978
136 0.2426541 0.05166845 0.01507811 0.3877217 0.2389098 0.6264302 0.2959679 0.03172687 0.04202807
137 0.2523198 0.05014111 0.01481923 0.4135357 0.2324741 0.6249979 0.2441911 0.0311744 0.04168227
138 0.2565495 0.04896819 0.01469288 0.4296921 0.2334909 0.5726177 0.2174852 0.02807644 0.03815081
139 0.2309324 0.0521945 0.0142907 0.4055276 0.2081269 0.5334696 0.1972723 0.02454884 0.03552901
140 0.244675 0.05206096 0.01400361 0.4071705 0.2226372 0.5897559 0.2791398 0.02780964 0.03853813
142 0.2526782 0.0498758 0.01460932 0.4689644 0.2222679 0.6275742 0.2538461 0.0297448 0.03969158
147 0.2513724 0.05402896 0.01491643 0.5027583 0.2322702 0.5207867 0.1825688 0.0258007 0.0347257
152 0.2405803 0.05493952 0.01468328 0.3892228 0.2326982 0.5695673 0.2140484 0.02708016 0.03705411
156 0.2383539 0.05247616 0.01452173 0.3375484 0.2291508 0.6207189 0.206236 0.03297773 0.04362104
158 0.2453049 0.04891046 0.01390937 0.3768973 0.209897 0.5546626 0.2257891 0.02642825 0.03663584
161 0.2395636 0.04837759 0.01400996 0.4587417 0.2001969 0.6069559 0.1868793 0.03007942 0.0414291
167 0.2534293 0.04632784 0.0138685 0.4133373 0.2168892 0.607576 0.2571447 0.02944927 0.04050084
168 0.2517018 0.04934347 0.01458069 0.4267815 0.2291597 0.6849875 0.364071 0.03329818 0.04441676
171 0.2398295 0.04847793 0.0141388 0.3629851 0.2150868 0.5886807 0.254166 0.03700671 0.04603634
173 0.2539968 0.04968684 0.01436559 0.5088433 0.2211657 0.6581237 0.2232066 0.04521116 0.05483969
174 0.2640943 0.05440212 0.01529569 0.5742972 0.2441106 0.5761936 0.1930637 0.02816773 0.03758104
176 0.2350173 0.05394771 0.01443624 0.4556757 0.2127269 0.6686774 0.3285591 0.03778503 0.04651767
178 0.2483575 0.04955192 0.01411904 0.4396869 0.2147068 0.7058113 0.3874389 0.05032431 0.0598615
179 0.2377604 0.05260818 0.01509714 0.3930557 0.2386013 0.5424572 0.1883171 0.02916758 0.03829383
180 0.2259066 0.05000274 0.01444079 0.332036 0.2190996 0.5993132 0.2951332 0.03383007 0.04372802
181 0.2360283 0.05014687 0.01484319 0.3346487 0.2296351 0.5772934 0.2586882 0.03567532 0.04374329
182 0.2356447 0.05139 0.01453421 0.4377224 0.2111244 0.6652383 0.2910281 0.03891533 0.04871865
186 0.2478021 0.05322375 0.01468032 0.438074 0.2311747 0.6091075 0.2916399 0.02974778 0.04072675
187 0.2474052 0.05117459 0.01483243 0.4200444 0.2337539 0.6350462 0.303023 0.03372443 0.04360392
189 0.2220533 0.04963741 0.01393633 0.3570005 0.2000941 0.5723622 0.2737043 0.03180994 0.0426808
190 0.3001376 0.0554221 0.01479692 0.5741601 0.2360491 0.6061039 NaN 0.02596835 0.03938843
191 0.2415841 0.04731052 0.01394172 0.4214277 0.2079444 0.6476486 0.2070422 0.0320343 0.04307089
193 0.2328214 0.05043341 0.01338467 0.3593174 0.2015727 0.52184 0.1961913 0.02626483 0.0354326
195 0.2348245 0.05192606 0.01427925 0.4311846 0.2102416 0.5879705 0.1901011 0.03094781 0.04133289
196 0.2565925 0.05145242 0.0135459 0.4701582 0.210864 0.6072769 0.1895153 0.0305526 0.04145604
197 0.2664048 0.04589433 0.01320835 0.4426412 0.207236 0.5172962 0.2151539 0.02947606 0.03768057
199 0.2423609 0.05196081 0.01460713 0.3902358 0.2285741 0.5835655 0.2250687 0.02920139 0.03907191
202 0.2278338 0.0524517 0.01459979 0.3445815 0.2247253 0.7934248 0.3633505 0.03204459 0.04560582
204 0.2460152 0.04971955 0.0148954 0.3970257 0.2366876 0.6648815 0.2082173 0.03639598 0.04730865
206 0.2277935 0.04885873 0.01523396 0.3197489 0.2311653 0.5643762 0.2598072 0.02863835 0.03786859
207 0.2246869 0.05235455 0.0147235 0.3491638 0.2260953 0.555753 0.2467447 0.02734255 0.03672091
210 0.2434038 0.04994153 0.01428153 0.4500097 0.2150785 0.5231831 0.2087341 0.02631122 0.03635126
213 0.2348964 0.05090987 0.01433006 0.4049207 0.2164208 0.5577393 0.2330798 0.03408724 0.04278203
219 0.2453126 0.05067133 0.0142741 0.4343857 0.2198415 0.5151141 0.2051759 0.02669334 0.03579454
223 0.2732551 0.05184056 0.01440914 0.5064147 0.2392973 0.5850164 0.2629408 0.02912201 0.03829713
228 0.2386767 0.05058047 0.01427358 0.4008013 0.2216178 0.578938 0.3005103 0.03294869 0.0430489
231 0.2427203 0.05024894 0.01387726 0.4244231 0.2113492 0.64436 0.2920207 0.03324795 0.04309076
233 0.2621677 0.05289715 0.01526175 0.5083104 0.247409 0.5953943 0.2030394 0.03515709 0.04496319
238 0.2429491 0.04472969 0.0141406 0.3682435 0.2124223 0.5965275 0.2109144 0.0383574 0.04732241
240 0.2373624 0.05385649 0.01482819 0.3612604 0.2327563 0.5358271 0.2189929 0.03129398 0.03984533
243 0.2255147 0.05274207 0.01445314 0.3289679 0.217564 0.8547752 0.512642 0.04681787 0.06163834
245 0.2352776 0.0476308 0.01416472 0.3579182 0.2126547 0.5736666 0.2453791 0.02973609 0.04057332
247 0.2549663 0.05170772 0.01471157 0.4972989 0.2282949 0.607542 0.2872829 0.03045124 0.04066563
248 0.2602402 0.0530646 0.01503064 0.4662958 0.24076 0.5626293 0.2254057 0.02737688 0.03632165
249 0.2185201 0.05393406 0.01551738 0.3962621 0.2186222 0.5820656 0.2187265 0.02773513 0.0380021
255 0.2394008 0.04749033 0.01426154 0.4247902 0.2066393 0.6100986 0.2012557 0.03338384 0.04420999
256 0.2382645 0.05027753 0.01505475 0.4339182 0.2215016 0.6895277 0.2889987 0.03252821 0.04302849
262 0.2560858 0.0487768 0.01390055 0.4351256 0.2204058 0.5528741 0.2022115 0.02753605 0.03712963
263 0.2426329 0.05246131 0.01366559 0.4251953 0.2104153 0.5875355 0.2329625 0.02727012 0.03847887
