3 27.38373 2.113187 -0.4932977 3.835408 1.770428 15.11772 -4.607409 -0.3252418 -0.05194412 0.1786111
10 27.83764 2.143712 -0.4928308 4.388543 2.581895 54.45131 -5.348098 -0.6868103 -0.0559631 0.2134562
11 27.52715 2.061809 -0.5004877 4.884709 2.596782 189.1548 -5.660818 -1.302384 -0.05945617 0.2229524
13 27.27046 2.184866 -0.5043826 4.373933 1.978109 22.13835 -5.692165 0.03023811 -0.04543515 0.1962913
16 27.3558 2.15125 -0.5096753 4.099467 1.918042 37.13175 -5.442306 -0.8617957 -0.04719334 0.2078346
17 26.76189 2.089041 -0.5394129 4.174858 1.921311 31.36539 -5.214069 -0.3094442 -0.05542612 0.1987919
19 27.48117 2.08028 -0.5045855 4.425274 1.965411 42.15405 -5.82151 -0.4895664 -0.05981366 0.229551
23 27.01234 2.031448 -0.5379525 4.411406 2.000484 51.41373 -5.851701 -1.413797 -0.05326195 0.211539
24 27.52392 2.019353 -0.4846294 4.729803 2.411819 200 -5.543483 -0.6770634 -0.05838031 0.2199206
26 27.50123 2.109619 -0.5148881 4.592765 2.439049 71.70875 -5.701137 -0.2444453 -0.05865693 0.2080987
28 27.43658 2.057282 -0.4882568 4.305237 1.961752 18.04632 -5.461936 0.1491961 -0.03667717 0.1681285
31 27.01771 2.067793 -0.5227339 3.887487 2.623578 15.03984 -5.944885 -0.5695452 -0.0453662 0.2152015
32 27.81664 1.981439 -0.4708859 4.726152 2.55587 120.5453 -5.136139 -0.1882473 -0.07051785 0.1976235
39 27.77261 2.077267 -0.4918872 3.416712 1.972241 19.43297 -5.50673 -0.7512971 -0.06485752 0.2288633
43 27.40249 2.05159 -0.4889818 4.743215 2.725549 24.45968 -5.730905 -0.5630546 -0.05031934 0.2131447
46 26.92334 2.144929 -0.5435053 4.286 2.175872 24.62135 -5.21904 -0.8164676 -0.04534886 0.1954461
47 28.17339 2.046885 -0.4797434 4.467091 2.914654 33.88646 -5.131479 -0.9097808 -0.07371359 0.2254993
49 27.56885 2.116407 -0.5131705 4.605065 3.007677 51.95677 -5.617786 -0.2656509 -0.04827337 0.2004906
55 27.24443 1.986722 -0.4979352 3.876012 2.25405 22.41129 -5.213837 -0.9729487 -0.04912723 0.2027585
57 27.38698 2.156919 -0.5082937 4.270866 2.346034 46.92895 -5.294332 -0.764692 -0.04155434 0.2006844
58 27.15921 2.076139 -0.5359897 4.086866 2.481492 200 -4.921775 -0.7175611 -0.05725485 0.1871888
60 27.44759 2.076957 -0.5076068 4.168482 1.616853 14.70869 -5.132385 -1.299916 -0.05123768 0.1918016
63 27.1312 2.208956 -0.517829 3.659666 2.358659 15.02833 -4.762521 -1.254971 -0.0561976 0.1904359
66 27.49514 2.059734 -0.5119554 4.698942 1.736712 20.17058 -4.684378 -0.848904 -0.03135537 0.1630967
80 26.99671 2.167707 -0.5359091 4.0868 1.834804 28.458 -5.347339 -0.188232 -0.04175679 0.1865086
82 27.40323 2.10335 -0.5010245 4.731472 1.836212 45.83635 -5.795644 -1.163501 -0.03885203 0.2094367
84 27.07977 2.02171 -0.5158597 4.625078 1.608529 200 -5.443751 -1.117417 -0.03651139 0.1780685
87 27.07772 2.212476 -0.5388436 4.684954 2.130407 30.84592 -4.907931 -0.7712286 -0.04962056 0.1756908
89 26.98131 2.11164 -0.5258072 4.478417 2.1901 26.50474 -5.228222 -0.7087661 -0.0532994 0.1916969
91 27.32537 2.075083 -0.5115345 4.130672 2.036836 49.65241 -5.804292 -0.4438934 -0.05383288 0.2195496
97 27.19827 1.970685 -0.4913847 3.907311 1.766933 11.47144 -4.953055 -1.570494 -0.05483486 0.2080782
100 27.13729 2.022667 -0.5001921 4.07151 1.57837 25.04455 -5.578847 -0.9558636 -0.03749819 0.1925864
101 27.35826 2.050332 -0.5166535 3.773207 2.110928 32.16545 -5.812303 -1.080445 -0.07003137 0.2555431
102 27.45278 2.03055 -0.5043152 4.455796 2.454603 200 -5.885913 -0.4980719 -0.02897177 0.183536
103 27.45678 1.941808 -0.4723124 4.758325 2.054508 81.86775 -5.149699 -0.8179349 -0.04092669 0.1776067
107 27.05999 2.166007 -0.5262982 4.050672 2.302601 11.77759 -4.81271 -0.5867979 -0.05575215 0.1916394
108 27.49802 2.028575 -0.499707 4.298993 1.402755 17.42402 -5.38399 -1.083231 -0.07314905 0.2268323
110 27.54499 2.06776 -0.4973403 4.574654 1.409862 20.98248 -4.6809 -0.7375689 -0.06480869 0.1899895
111 27.31055 2.062457 -0.5089673 4.300448 1.74267 63.56473 -4.857498 -0.982524 -0.02777592 0.1587357
115 27.44204 2.050128 -0.5030244 4.595302 2.081733 19.20319 -5.705011 -0.4414339 -0.03651431 0.1845172
116 27.47583 2.081692 -0.5080574 4.688657 1.539592 174.7012 -5.384542 -1.16371 -0.05185122 0.2081798
121 27.13441 2.131259 -0.5322452 3.992935 1.779548 33.25586 -5.241422 -0.4879409 -0.05179656 0.199093
122 27.70419 2.152254 -0.5161729 4.30267 1.936661 30.53104 -5.300901 -0.9497306 -0.03101914 0.1864449
123 27.72515 1.981563 -0.4671529 4.411989 2.007172 38.87573 -5.268622 -0.3145151 -0.04966327 0.1753211
124 27.34752 2.110456 -0.514848 3.878199 2.389275 57.86027 -5.354824 -1.326759 -0.05958618 0.2122521
135 27.24168 2.048694 -0.510799 4.393688 2.39656 22.05648 -6.149934 -0.65525 -0.0475437 0.2197182
136 27.09243 2.003679 -0.5074322 4.856121 1.809706 147.8015 -5.06395 -1.423916 -0.03934463 0.1761031
137 27.06429 2.015605 -0.498292 4.592323 1.600125 46.68127 -5.019189 -0.4473883 -0.03388999 0.1651583
138 27.25063 1.9678 -0.493204 4.06999 1.718105 17.0985 -4.925866 -0.697048 -0.04122997 0.1816611
139 26.84503 2.142063 -0.5321608 3.261369 1.64911 9.641855 -5.007103 -1.076355 -0.06494612 0.2234781
140 27.59018 2.091112 -0.4983969 4.472184 1.845619 52.5542 -5.03203 -1.206273 -0.04975786 0.1928648
142 26.85165 2.004734 -0.5024319 3.860245 2.009157 15.57465 -5.132071 -1.053734 -0.03746595 0.1877882
147 27.04748 2.078365 -0.5227434 4.131208 2.212199 16.09755 -5.07724 -0.2890646 -0.04769692 0.1924755
152 27.10337 2.134885 -0.5207934 4.198309 1.383438 20.55306 -4.581849 -0.6953565 -0.04147241 0.1707752
156 27.15476 2.10539 -0.503439 4.283076 1.109293 24.73089 -5.137943 -0.4187295 -0.03736276 0.1773532
158 27.17762 2.060403 -0.4899541 4.02804 1.690658 33.43167 -5.238958 -1.020834 -0.06510924 0.2226758
161 26.98599 2.045265 -0.5215694 3.905761 2.17873 39.34402 -5.74947 -0.1552793 -0.0427148 0.204281
167 27.68553 2.049062 -0.4922572 4.350497 2.366698 74.64076 -6.130587 -1.425624 -0.04592341 0.2326806
168 27.17683 1.992226 -0.4925907 4.53272 1.874881 49.17948 -4.978747 -1.225288 -0.05871191 0.1877765
171 27.14368 2.002786 -0.4947322 4.309176 1.83039 61.27114 -5.454832 -0.5552497 -0.0580591 0.2027596
173 27.38848 2.043195 -0.512377 4.485154 2.450302 200 -5.111706 -0.1254498 -0.05009581 0.1629454
174 27.25736 2.095036 -0.5248115 4.713308 2.840806 36.07293 -5.799107 -0.2934827 -0.03383699 0.1997227
176 27.03741 2.158547 -0.5379733 4.276951 2.236674 45.74814 -5.712601 -0.6282975 -0.03763978 0.1916673
178 27.18583 2.031108 -0.4980269 4.38492 2.275607 72.36058 -5.8356 -0.8123972 -0.05904885 0.2024502
179 27.32746 2.072733 -0.5231895 4.946398 1.998498 200 -5.461173 -0.1072506 -0.04096741 0.1864311
180 27.28358 2.044295 -0.5150321 4.336142 1.52744 38.67841 -5.26651 -0.9399725 -0.04808764 0.1858385
181 26.87154 2.006126 -0.500567 4.737223 1.402513 200 -5.14296 -0.6169738 -0.03519784 0.1719637
182 26.7279 2.042961 -0.5224612 4.334196 2.214455 161.2621 -5.727608 -0.6976534 -0.03698354 0.1928658
186 27.20974 2.099255 -0.5122332 4.775137 1.979533 123.3877 -4.959202 -1.034443 -0.05962694 0.1964669
187 27.12319 2.001306 -0.5018593 4.482879 1.731259 36.61861 -4.659221 -1.520288 -0.04925742 0.1717139
189 27.06193 2.095815 -0.5230762 4.131834 1.91035 200 -5.004046 -0.7956562 -0.06843539 0.1975349
190 27.67174 2.063983 -0.4980435 4.175673 2.78952 17.56557 -5.101863 -1.498106 -0.05177271 0.1962526
191 27.29676 2.01662 -0.503424 4.021501 2.083205 38.87975 -6.044404 -0.2301049 -0.04574032 0.2088467
193 27.44877 2.226247 -0.5111857 4.128665 1.841618 200 -5.253107 -0.6505584 -0.03955726 0.1929299
195 27.02109 2.090714 -0.5257918 3.680755 2.007253 15.25184 -5.708583 -0.1835551 -0.06303292 0.2207594
196 27.59638 2.181527 -0.502134 4.26108 2.40731 200 -5.767189 -0.07500225 -0.05080442 0.2028954
197 27.64071 2.022107 -0.461295 3.710184 2.013865 17.42346 -4.956773 -0.6112365 -0.0492441 0.185462
199 27.24723 2.109071 -0.5142562 4.211737 1.720779 19.87161 -5.248727 -0.7677726 -0.03633483 0.18757
202 27.17997 2.073014 -0.5186014 4.540763 1.619606 200 -5.648919 -1.368886 -0.03567179 0.1918599
204 27.2886 2.011626 -0.5023119 4.889149 1.926804 200 -5.855038 0.02373117 -0.05970641 0.2075246
206 26.89578 1.93369 -0.5112221 4.581296 1.456133 45.70602 -5.171869 -0.9952856 -0.04394225 0.1934449
207 27.46143 2.103476 -0.5318117 4.382273 1.95226 38.1128 -5.653442 -0.9782109 -0.04531137 0.2079753
210 27.21135 2.10201 -0.5219415 4.077192 2.203479 27.62788 -4.816154 -1.214947 -0.05533414 0.2048777
213 27.22506 2.027433 -0.5136476 4.228268 1.875331 35.46211 -5.328609 -0.4249277 -0.047413 0.1911272
219 27.26932 2.087 -0.5108433 3.534977 2.157822 10.37484 -4.962963 -0.8555542 -0.04862956 0.1957205
223 27.59689 2.091885 -0.4871955 4.351465 2.36091 20.46496 -5.010913 -0.9004785 -0.04570541 0.1800847
228 27.51715 2.062359 -0.5138093 4.497115 1.694465 76.80611 -4.594892 -1.00316 -0.06206834 0.175009
231 27.47306 2.124874 -0.5116854 4.193874 1.938546 53.75971 -5.595158 -0.7528963 -0.05290363 0.2024659
233 27.13612 2.051553 -0.5122387 4.106457 2.036192 9.667948 -5.616006 -0.139451 -0.06912904 0.2130634
238 27.20565 1.920884 -0.4838869 4.327295 1.999494 72.23734 -5.708167 0.2145554 -0.06162096 0.1970854
240 27.00538 2.120293 -0.5153456 4.465987 1.701367 38.99561 -5.092344 -0.4801316 -0.03501099 0.174841
243 26.97494 2.102057 -0.5169023 4.43563 1.802314 82.59768 -6.05833 -1.095599 -0.03854227 0.2022649
245 27.20688 1.996399 -0.4967944 4.220885 1.821123 55.81036 -5.19053 -1.212949 -0.05811557 0.2098761
247 27.1174 2.038049 -0.5079433 4.535661 2.708174 51.01096 -5.513689 -1.68834 -0.06430837 0.2226206
248 26.93318 2.085924 -0.4990901 4.029827 2.15941 12.07444 -5.408224 -0.8813459 -0.02644575 0.1891949
249 26.58785 2.126885 -0.5650443 4.052595 1.967368 24.69164 -5.425609 -0.4621126 -0.03353124 0.1904612
255 26.79113 1.972007 -0.5075413 4.053365 2.090687 36.47398 -5.748616 0.06218257 -0.0562474 0.2050553
256 26.63907 2.024945 -0.5275446 4.306997 2.027874 41.3369 -5.552313 -0.790392 -0.03098929 0.1852995
262 27.71293 2.064848 -0.4942207 3.96306 2.108712 17.34438 -5.489636 -0.5628227 -0.05120588 0.2090559
263 27.43636 2.191128 -0.514278 3.940613 1.672491 26.55537 -4.684626 -1.337206 -0.02894312 0.1712398
