3 41.64124 43.11592
10 49.49903 47.96175
11 39.26557 39.04321
13 42.52145 42.05905
16 40.06608 39.98407
17 34.09783 31.90182
19 42.17971 37.81513
23 42.71186 36.46904
24 38.46447 37.99443
26 40.96348 43.89019
28 39.98104 37.25028
31 37.50622 34.79449
32 43.12799 43.73045
39 40.54581 38.52454
43 42.41431 42.80666
46 48.16848 50.81202
47 53.88052 53.67632
49 41.46841 38.71242
55 37.27942 38.55294
57 43.154 43.11925
58 43.74573 46.60392
60 50.0881 44.69599
63 36.0865 37.73563
66 41.05709 47.119
80 110.0386 107.0846
82 124.3887 125.5966
84 157.8436 156.6401
87 140.384 145.1622
89 125.0452 125.3619
91 115.9714 114.1036
97 99.7112 99.83833
100 131.7589 132.542
101 92.84865 87.80596
102 153.6346 154.6995
103 131.5132 129.7012
107 110.7774 107.1524
108 120.4606 116.8775
110 124.1268 120.5392
111 131.7337 134.0525
115 149.4128 148.0704
116 126.1293 130.4832
121 111.3209 109.0303
122 124.4441 123.7139
123 165.5477 165.6219
124 132.781 127.4047
135 126.5248 118.6524
136 137.4698 138.9769
137 121.655 123.8958
138 109.4799 112.7455
139 90.1071 89.78907
140 128.0276 133.5578
142 107.2052 110.5125
147 100.2281 103.8837
152 107.9721 117.5978
156 114.2882 116.8182
158 100.622 99.6846
161 106.4144 107.108
167 132.8845 121.4914
168 154.0051 159.6495
171 133.8064 133.899
173 157.3765 160.8319
174 117.2218 115.3177
176 146.8124 148.8812
178 189.7802 189.6376
179 110.3676 108.1143
180 153.0988 147.0889
181 122.5922 121.9839
182 148.6698 151.6293
186 124.8315 126.6149
187 134.7276 142.1635
189 131.9491 127.1482
190 135.787 138.6286
191 120.8982 119.1731
193 112.8661 107.2806
195 113.5273 115.3096
196 125.3189 124.0982
197 118.3441 119.7485
199 111.798 111.2412
202 155.3735 159.458
204 147.2402 146.035
206 113.1453 108.6459
207 126.7039 120.0384
210 90.25924 89.59267
213 119.0324 121.4912
219 100.6557 100.1308
223 128.1741 129.976
228 155.2661 159.3222
231 147.7815 147.2203
233 130.4817 132.114
238 144.1749 136.6865
240 119.1362 118.658
243 172.5677 169.7592
245 114.1713 110.733
247 134.4847 132.6925
248 107.8034 104.7593
249 99.3581 95.76902
255 125.0187 124.8971
256 116.7487 116.1389
262 107.0833 108.0737
263 110.0746 113.9159
