3 100100003
10 100100010
11 100100011
13 100100013
16 100100016
17 100100017
19 100100019
23 100100023
24 100100024
26 100100026
28 100100028
31 100100031
32 100100032
39 100100039
43 100100043
46 100100046
47 100100047
49 100100049
55 100100055
57 100100057
58 100100058
60 100100060
63 100100063
66 100100066
80 100100080
82 100100082
84 100100084
87 100100087
89 100100089
91 100100091
97 100100097
100 100100100
101 100100101
102 100100102
103 100100103
107 100100107
108 100100108
110 100100110
111 100100111
115 100100115
116 100100116
121 100100121
122 100100122
123 100100123
124 100100124
135 100100135
136 100100136
137 100100137
138 100100138
139 100100139
140 100100140
142 100100142
147 100100147
152 100100152
156 100100156
158 100100158
161 100100161
167 100100167
168 100100168
171 100100171
173 100100173
174 100100174
176 100100176
178 100100178
179 100100179
180 100100180
181 100100181
182 100100182
186 100100186
187 100100187
189 100100189
190 100100190
191 100100191
193 100100193
195 100100195
196 100100196
197 100100197
199 100100199
202 100100202
204 100100204
206 100100206
207 100100207
210 100100210
213 100100213
219 100100219
223 100100223
228 100100228
231 100100231
233 100100233
238 100100238
240 100100240
243 100100243
245 100100245
247 100100247
248 100100248
249 100100249
255 100100255
256 100100256
262 100100262
263 100100263
