1 2130.169 2124.38
6 2140.168 2148.08
7 2080.296 2080.203
10 2146.465 2143.784
11 2124.794 2118.847
14 2044.725 2042.478
24 2103.619 2112.944
27 2134.473 2137.832
33 2088.423 2091.423
35 2056.473 2055.952
38 2215.316 2214.997
40 2151.889 2148.545
45 2126 2116.338
53 2194.838 2197.289
55 2219.882 2219.725
56 2159.483 2154.36
58 2128.719 2137.012
59 2195.522 2188.465
61 2093.534 2089.166
62 2197.937 2197.33
64 2110.679 2102.954
67 2139.416 2142.059
68 2205.374 2205.077
70 2157.429 2156.751
72 2127.495 2132.114
74 2119.078 2123.068
76 2223.801 2220.915
77 2139.802 2135.118
86 2191.54 2192.573
89 2162.929 2168.047
94 2180.495 2172.629
95 2034.351 2030.854
102 2171.924 2180.711
108 2134.828 2134.186
109 2203.793 2203.205
110 2220.333 2220.795
111 2183.215 2187.779
112 2053.595 2042.315
113 2141.874 2144.239
120 2133.079 2130.75
127 2134.961 2130.392
131 2127.846 2125.198
137 2149.881 2152.887
138 2136.52 2137.586
140 2106.851 2101.936
142 2226.718 2225.133
145 2170.212 2154.53
147 2189.504 2182.484
150 2100.848 2105.738
158 2189.042 2183.066
168 2083.062 2078.846
173 2136.921 2132.517
175 2142.029 2139.347
177 2122.875 2124.418
178 2161.25 2152.092
180 2111.105 2108.542
181 2060.605 2059.171
196 2107.091 2100.05
197 2145.79 2146.542
198 2058.525 2050.021
199 2100.115 2099.068
202 2180.042 2186.187
204 2132.982 2129.002
211 2238.88 2244.695
213 2067.284 2068.404
218 2154.911 2148.093
219 2120.311 2124.995
220 2197.869 2201.689
221 2141.697 2141.237
228 2131.568 2128.569
238 2140.989 2139.995
240 2182.29 2182.905
244 2139.392 2135.657
245 2185.852 2182.122
247 2114.783 2117.354
253 2146.847 2150.778
263 2197.241 2195.672
265 2173.488 2168.039
266 2124.367 2122.543
273 2121.775 2123.186
274 2215.596 2212.209
281 2184.631 2189.65
289 2123.845 2123.361
291 2069.635 2063.904
293 2185.252 2184.533
294 2210.791 2208.713
295 2138.496 2140.061
297 2170.76 2171.174
301 2173.7 2169.926
307 2176.107 2175.974
315 2166.544 2169.332
317 2188.009 2189.645
319 2128.786 2128.031
321 2146.82 2154.008
325 2145.218 2135.8
331 2050.176 2044.623
338 2092.839 2083.338
344 2070.772 2061.008
347 2123.046 2115.866
349 2189.493 2185.844
