1 2149.289 2143.5
6 2159.289 2167.2
7 2099.416 2099.323
10 2165.585 2162.904
11 2143.914 2137.967
14 2063.845 2061.598
24 2122.74 2132.064
27 2153.593 2156.952
33 2107.543 2110.544
35 2075.593 2075.072
38 2234.436 2234.117
40 2171.009 2167.665
45 2145.12 2135.459
53 2213.959 2216.41
55 2239.002 2238.845
56 2178.604 2173.48
58 2147.839 2156.132
59 2214.642 2207.585
61 2112.654 2108.286
62 2217.057 2216.45
64 2129.8 2122.075
67 2158.536 2161.179
68 2224.494 2224.197
70 2176.549 2175.872
72 2146.615 2151.234
74 2138.198 2142.188
76 2242.922 2240.035
77 2158.922 2154.238
86 2210.66 2211.693
89 2182.049 2187.167
94 2199.615 2191.749
95 2053.471 2049.974
102 2191.044 2199.831
108 2153.948 2153.307
109 2222.913 2222.325
110 2239.453 2239.916
111 2202.336 2206.899
112 2072.715 2061.435
113 2160.994 2163.36
120 2152.199 2149.87
127 2154.081 2149.512
131 2146.966 2144.318
137 2169.001 2172.007
138 2155.64 2156.706
140 2125.971 2121.056
142 2245.838 2244.253
145 2189.333 2173.651
147 2208.625 2201.604
150 2119.969 2124.858
158 2208.162 2202.186
168 2102.182 2097.966
173 2156.042 2151.637
175 2161.149 2158.468
177 2141.996 2143.538
178 2180.371 2171.212
180 2130.225 2127.662
181 2079.725 2078.291
196 2126.211 2119.171
197 2164.91 2165.662
198 2077.645 2069.141
199 2119.235 2118.188
202 2199.162 2205.307
204 2152.102 2148.123
211 2258 2263.815
213 2086.405 2087.524
218 2174.031 2167.213
219 2139.431 2144.116
220 2216.989 2220.809
221 2160.817 2160.357
228 2150.689 2147.689
238 2160.109 2159.115
240 2201.411 2202.025
244 2158.513 2154.777
245 2204.972 2201.242
247 2133.903 2136.474
253 2165.967 2169.899
263 2216.361 2214.792
265 2192.609 2187.159
266 2143.487 2141.663
273 2140.895 2142.307
274 2234.716 2231.329
281 2203.751 2208.77
289 2142.966 2142.482
291 2088.755 2083.024
293 2204.372 2203.653
294 2229.912 2227.833
295 2157.616 2159.182
297 2189.881 2190.294
301 2192.82 2189.046
307 2195.227 2195.094
315 2185.665 2188.452
317 2207.129 2208.765
319 2147.906 2147.151
321 2165.94 2173.128
325 2164.338 2154.92
331 2069.296 2063.743
338 2111.959 2102.458
344 2089.892 2080.129
347 2142.166 2134.986
349 2208.613 2204.964
