1 0.26
6 0.2
7 0.3
10 0.2
11 0.22
14 0.38
24 0.24
27 0.22
33 0.28
35 0.34
38 0.12
40 0.2
45 0.24
53 0.14
55 0.14
56 0.16
58 0.24
59 0.16
61 0.28
62 0.16
64 0.3
67 0.2
68 0.22
70 0.24
72 0.18
74 0.28
76 0.12
77 0.18
86 0.14
89 0.26
94 0.22
95 0.34
102 0.22
108 0.18
109 0.16
110 0.18
111 0.18
112 0.36
113 0.2
120 0.2
127 0.22
131 0.22
137 0.12
138 0.24
140 0.26
142 0.22
145 0.2
147 0.18
150 0.22
158 0.18
168 0.26
173 0.2
175 0.2
177 0.22
178 0.22
180 0.26
181 0.24
196 0.2
197 0.26
198 0.34
199 0.24
202 0.18
204 0.22
211 0.24
213 0.26
218 0.22
219 0.22
220 0.14
221 0.22
228 0.3
238 0.22
240 0.22
244 0.2
245 0.18
247 0.22
253 0.24
263 0.22
265 0.2
266 0.22
273 0.22
274 0.14
281 0.22
289 0.24
291 0.28
293 0.2
294 0.18
295 0.28
297 0.14
301 0.2
307 0.22
315 0.2
317 0.14
319 0.2
321 0.16
325 0.22
331 0.3
338 0.28
344 0.3
347 0.26
349 0.18
