1 1000 1000
6 1000 1000
7 1000 1000
10 1000 1000
11 1000 1000
14 1000 1000
24 1000 1000
27 1000 1000
33 1000 1000
35 1000 1000
38 1000 1000
40 1000 1000
45 1000 1000
53 1000 1000
55 1000 1000
56 1000 1000
58 1000 1000
59 1000 1000
61 1000 1000
62 1000 1000
64 1000 1000
67 1000 1000
68 1000 1000
70 1000 1000
72 1000 1000
74 1000 1000
76 1000 1000
77 1000 1000
86 1000 1000
89 1000 1000
94 1000 1000
95 1000 1000
102 1000 1000
108 1000 1000
109 1000 1000
110 1000 1000
111 1000 1000
112 1000 1000
113 1000 1000
120 1000 1000
127 1000 1000
131 1000 1000
137 1000 1000
138 1000 1000
140 1000 1000
142 1000 1000
145 1000 1000
147 1000 1000
150 1000 1000
158 1000 1000
168 1000 1000
173 1000 1000
175 1000 1000
177 1000 1000
178 1000 1000
180 1000 1000
181 1000 1000
196 1000 1000
197 1000 1000
198 1000 1000
199 1000 1000
202 1000 1000
204 1000 1000
211 1000 729
213 1000 1000
218 1000 1000
219 1000 1000
220 1000 1000
221 1000 1000
228 1000 1000
238 1000 1000
240 1000 1000
244 1000 1000
245 1000 1000
247 1000 1000
253 1000 1000
263 1000 1000
265 1000 1000
266 1000 1000
273 1000 1000
274 1000 1000
281 1000 1000
289 1000 1000
291 1000 1000
293 1000 1000
294 1000 1000
295 1000 1000
297 1000 1000
301 1000 1000
307 1000 1000
315 1000 1000
317 1000 1000
319 1000 1000
321 1000 1000
325 1000 1000
331 1000 1000
338 1000 1000
344 1000 1000
347 1000 1000
349 1000 1000
