1 -1055.084 -1052.19
6 -1060.084 -1064.04
7 -1030.148 -1030.102
10 -1063.232 -1061.892
11 -1052.397 -1049.423
14 -1012.362 -1011.239
24 -1041.81 -1046.472
27 -1057.236 -1058.916
33 -1034.212 -1035.712
35 -1018.236 -1017.976
38 -1097.658 -1097.498
40 -1065.945 -1064.273
45 -1053 -1048.169
53 -1087.419 -1088.645
55 -1099.941 -1099.862
56 -1069.742 -1067.18
58 -1054.36 -1058.506
59 -1087.761 -1084.233
61 -1036.767 -1034.583
62 -1088.969 -1088.665
64 -1045.34 -1041.477
67 -1059.708 -1061.029
68 -1092.687 -1092.538
70 -1068.714 -1068.376
72 -1053.747 -1056.057
74 -1049.539 -1051.534
76 -1101.901 -1100.457
77 -1059.901 -1057.559
86 -1085.77 -1086.287
89 -1071.464 -1074.024
94 -1080.247 -1076.315
95 -1007.175 -1005.427
102 -1075.962 -1080.355
108 -1057.414 -1057.093
109 -1091.897 -1091.602
110 -1100.167 -1100.398
111 -1081.608 -1083.89
112 -1016.798 -1011.158
113 -1060.937 -1062.12
120 -1056.539 -1055.375
127 -1057.48 -1055.196
131 -1053.923 -1052.599
137 -1064.941 -1066.443
138 -1058.26 -1058.793
140 -1043.425 -1040.968
142 -1103.359 -1102.567
145 -1075.106 -1067.265
147 -1084.752 -1081.242
150 -1040.424 -1042.869
158 -1084.521 -1081.533
168 -1031.531 -1029.423
173 -1058.461 -1056.259
175 -1061.015 -1059.674
177 -1051.438 -1052.209
178 -1070.625 -1066.046
180 -1045.552 -1044.271
181 -1020.302 -1019.585
196 -1043.545 -1040.025
197 -1062.895 -1063.271
198 -1019.262 -1015.01
199 -1040.058 -1039.534
202 -1080.021 -1083.093
204 -1056.491 -1054.501
211 -1109.44 -1112.347
213 -1023.642 -1024.202
218 -1067.455 -1064.047
219 -1050.155 -1052.498
220 -1088.934 -1090.844
221 -1060.848 -1060.618
228 -1055.784 -1054.285
238 -1060.494 -1059.998
240 -1081.145 -1081.452
244 -1059.696 -1057.829
245 -1082.926 -1081.061
247 -1047.391 -1048.677
253 -1063.423 -1065.389
263 -1088.62 -1087.836
265 -1076.744 -1074.02
266 -1052.183 -1051.272
273 -1050.888 -1051.593
274 -1097.798 -1096.104
281 -1082.316 -1084.825
289 -1051.923 -1051.681
291 -1024.818 -1021.952
293 -1082.626 -1082.267
294 -1095.396 -1094.356
295 -1059.248 -1060.031
297 -1075.38 -1075.587
301 -1076.85 -1074.963
307 -1078.053 -1077.987
315 -1073.272 -1074.666
317 -1084.004 -1084.823
319 -1054.393 -1054.015
321 -1063.41 -1067.004
325 -1062.609 -1057.9
331 -1015.088 -1012.311
338 -1036.419 -1031.669
344 -1025.386 -1020.504
347 -1051.523 -1047.933
349 -1084.746 -1082.922
