1 6.408525 6.133883
6 5.272353 5.715365
7 5.668242 5.737664
10 5.616791 5.897441
11 5.335302 5.115501
14 5.121592 5.307634
24 5.10713 5.117958
27 6.378426 6.485658
33 6.281585 6.449059
35 6.108779 5.964865
38 6.305003 6.287092
40 5.425367 5.663866
45 4.751243 4.697006
53 5.925457 5.73727
55 5.179093 5.173001
56 5.958788 6.42815
58 5.162925 5.471127
59 6.152296 6.158395
61 5.053707 4.997117
62 5.586912 5.215986
64 5.36486 5.44643
67 4.689914 4.392666
68 5.936063 5.639832
70 5.442996 5.435994
72 5.519574 5.993894
74 5.950593 6.023371
76 4.80115 5.311131
77 6.41829 6.507814
86 4.525024 4.79867
89 5.039491 5.780158
94 5.649541 5.725191
95 5.443516 5.411225
102 5.582186 5.499046
108 6.005133 6.286994
109 6.124237 6.226677
110 5.482732 5.264664
111 5.097337 5.261679
112 6.125988 6.125817
113 5.14114 5.300665
120 5.373557 5.166308
127 5.23571 4.8095
131 5.388967 5.453242
137 6.368555 6.622881
138 4.842179 5.087838
140 6.346745 6.074049
142 5.85858 5.577549
145 7.308983 6.545206
147 6.188635 5.965364
150 5.467686 5.45086
158 6.106919 5.774972
168 4.966111 5.086385
173 6.209497 6.48305
175 27.13996 27.54999
177 25.37701 24.5444
178 24.83116 24.71255
180 23.70419 23.28165
181 21.24873 21.0015
196 24.42751 24.66054
197 22.51977 22.741
198 18.21159 17.85759
199 25.44725 25.4203
202 31.30983 31.59023
204 25.04166 24.58572
211 26.45714 26.42461
213 21.36442 21.47878
218 26.59027 26.16103
219 25.30678 24.9733
220 34.83743 35.50129
221 26.01913 25.55882
228 19.35837 19.03978
238 24.62396 24.93679
240 23.70711 23.86886
244 30.28764 30.12104
245 31.54156 31.24946
247 24.85294 24.56101
253 25.56563 25.47839
263 28.95643 28.85127
265 25.31242 25.5245
266 27.34598 28.18126
273 24.11735 24.27869
274 32.60269 32.25363
281 25.42927 25.89963
289 23.12329 23.49141
291 19.79791 19.89136
293 26.94313 26.76702
294 31.97855 31.71715
295 20.80012 20.85656
297 35.05677 35.82267
301 24.58524 23.85971
307 23.44088 23.85047
315 26.79863 27.54726
317 34.61248 35.09964
319 27.00717 26.88086
321 30.57734 29.67512
325 21.83269 22.05973
331 17.98902 18.01262
338 20.30544 19.90827
344 18.79289 18.78025
347 20.35547 20.3433
349 32.40279 31.842
