1 0.2972662 0.2848218
6 0.2348469 0.256101
7 0.2590209 0.2596018
10 0.2595968 0.2749529
11 0.2520263 0.2407576
14 0.2376638 0.2463717
24 0.2381651 0.2380836
27 0.2989166 0.3029366
33 0.2965676 0.304879
35 0.2777617 0.2725795
38 0.2801468 0.2821112
40 0.2582654 0.2711753
45 0.208061 0.2052274
53 0.2619623 0.2539453
55 0.2414618 0.2438034
56 0.2759447 0.294216
58 0.2410602 0.2529786
59 0.2951578 0.2924191
61 0.2336889 0.2352223
62 0.2558554 0.2405077
64 0.2430625 0.2470619
67 0.2152546 0.1972277
68 0.290509 0.2761427
70 0.2573759 0.2586834
72 0.2513125 0.273403
74 0.2697848 0.2729017
76 0.2355164 0.2555107
77 0.2975217 0.3020921
86 0.2168261 0.2311494
89 0.229006 0.261058
94 0.2521428 0.2555241
95 0.2491865 0.247269
102 0.2498044 0.2440008
108 0.2906668 0.3059249
109 0.2940108 0.3034783
110 0.2540908 0.2420019
111 0.2361445 0.2452932
112 0.2777934 0.2796203
113 0.2418411 0.2494066
120 0.2407296 0.2334505
127 0.2400253 0.2198176
131 0.2513766 0.2537304
137 0.315504 0.3245644
138 0.2269418 0.2370494
140 0.2876066 0.2774926
142 0.2666186 0.2506744
145 0.3392728 0.3042338
147 0.2838727 0.2740077
150 0.2496584 0.2492786
158 0.2869647 0.2740001
168 0.219163 0.2255604
173 0.3000921 0.3103035
175 1.664662 1.683061
177 1.483201 1.445641
178 1.447444 1.441192
180 1.414003 1.395065
181 1.267573 1.259912
196 1.500446 1.508466
197 1.343914 1.353791
198 1.097917 1.083994
199 1.489834 1.489527
202 1.856736 1.875678
204 1.486645 1.467663
211 1.583173 1.586284
213 1.27687 1.289267
218 1.571718 1.551147
219 1.572244 1.554948
220 2.068219 2.091604
221 1.564724 1.536129
228 1.165391 1.156121
238 1.486612 1.498606
240 1.476983 1.482931
244 1.77862 1.767189
245 1.875545 1.867824
247 1.477506 1.464149
253 1.504692 1.502307
263 1.724862 1.717744
265 1.541916 1.53927
266 1.646791 1.685644
273 1.434068 1.43725
274 1.974436 1.959981
281 1.555989 1.583081
289 1.399315 1.417207
291 1.188555 1.188212
293 1.630962 1.620043
294 1.919365 1.917857
295 1.237991 1.246559
297 2.15134 2.192727
301 1.529222 1.482215
307 1.408419 1.416186
315 1.622683 1.660894
317 2.0306 2.058587
319 1.688613 1.681765
321 1.798114 1.748696
325 1.30594 1.313019
331 1.09361 1.08707
338 1.226977 1.205285
344 1.116831 1.117405
347 1.258218 1.259807
349 2.045052 2.020909
