1 0.3489769 0.07432917 0.01997065 0.5871706 0.3126948 0.8266413 0.2613531 0.03387914 0.04867107
6 0.3880105 0.07194798 0.01938353 0.7160494 0.3184564 0.7693612 0.2638919 0.03775085 0.0516152
7 0.3209179 0.06453336 0.0193808 0.4699271 0.2840882 0.9599537 0.2777578 0.03865564 0.05706369
10 0.3485008 0.07154049 0.0191248 0.5826776 0.3004368 0.8287887 0.2751308 0.0378626 0.05308602
11 0.3415603 0.0685144 0.02008826 0.6189599 0.2922505 0.6784447 0.2553052 0.03609771 0.04876317
14 0.3397762 0.0867728 0.02149019 0.6342818 0.3394702 0.6182508 0.2276316 0.02965418 0.04211941
24 0.3348888 0.07070268 0.02018896 0.6440342 0.2911819 0.7809426 0.3036638 0.03607135 0.05117871
27 0.351529 0.0702669 0.01953735 0.697386 0.294578 0.8336311 0.2790471 0.03671731 0.05223764
33 0.3875719 0.06870465 0.01961604 0.87875 0.3042803 0.6863356 0.2386304 0.03323788 0.04597875
35 0.3802864 0.0691943 0.01892741 0.8452117 0.2876158 0.7628739 0.2416142 0.03282548 0.04714168
38 0.3824772 0.07430329 0.01928966 0.7109496 0.3181707 1.040885 0.394999 0.04580904 0.06285567
40 0.3356239 0.07728402 0.02098549 0.6226706 0.3141018 0.698381 0.300876 0.03507774 0.04801356
45 0.3654548 0.06384395 0.01971371 0.7227984 0.2933257 0.7723533 0.2510187 0.03726871 0.0518554
53 0.3685373 0.07376934 0.01981492 0.6894852 0.3189939 0.8181948 0.2936136 0.03899421 0.05325795
55 0.3332664 0.0781525 0.02150071 0.6153491 0.3263017 0.9929785 0.4081487 0.04280619 0.06163637
56 0.3751055 0.06458348 0.01867753 0.5668396 0.2992358 0.9393604 0.303602 0.04489932 0.06227723
58 0.3544871 0.07455026 0.02000772 0.6738106 0.3118544 0.7034209 0.2692991 0.03375749 0.04688903
59 0.340712 0.07034725 0.02049783 0.552297 0.3143543 0.9634399 0.3364244 0.04324495 0.06061452
61 0.3440966 0.06945542 0.02041554 0.6788378 0.2953835 0.7384147 0.2519552 0.03286033 0.04672105
62 0.3568459 0.07016599 0.02042791 0.6156642 0.3195667 0.837341 0.2897312 0.03727622 0.05155624
64 0.3572278 0.07309094 0.02025839 0.7478656 0.309632 0.7861186 0.2440337 0.03365412 0.04877201
67 0.3538311 0.06561618 0.01925138 0.711019 0.2802258 0.7201985 0.272377 0.03780572 0.05074647
68 0.3475463 0.07956318 0.0221256 0.62738 0.350171 0.7007115 0.2643962 0.03320657 0.04500703
70 0.3707514 0.07502789 0.02081787 0.8077273 0.3169425 0.715321 0.2566518 0.03466152 0.04926448
72 0.3423924 0.07057657 0.0191247 0.609751 0.2868495 0.9061593 0.2945011 0.0394194 0.05659452
74 0.3393206 0.08122784 0.02052585 0.5800931 0.3360848 0.8077771 0.2440427 0.03382797 0.04947239
76 0.3259011 0.08243104 0.02134964 0.519518 0.3338035 0.7907803 0.3078412 0.03904646 0.05209835
77 0.3311901 0.06962183 0.01962609 0.5743263 0.2969076 0.8469321 0.2716905 0.03665394 0.05185895
86 0.2998996 0.0755732 0.02249577 0.4384528 0.326155 0.865031 0.2953257 0.03816567 0.05412048
89 0.3676056 0.07394382 0.0206846 0.7442637 0.3278981 0.9181258 0.2764726 0.03683561 0.05367916
94 0.3713741 0.06779432 0.01995043 0.5484811 0.3290061 0.983457 0.2862367 0.03877354 0.05638932
95 0.3158521 0.0791516 0.02094739 0.5989023 0.3006645 0.6533025 0.2232825 0.0290535 0.04194452
102 0.3638511 0.07653207 0.02025119 0.6496682 0.3279653 0.9355299 0.2755409 0.03607816 0.05200649
108 0.3164165 0.080796 0.02026491 0.5616135 0.2966174 0.759105 0.2874061 0.03550255 0.04982226
109 0.3314216 0.0732217 0.02089127 0.4651016 0.3278463 0.7803115 0.3049644 0.03782858 0.05066137
110 0.3582864 0.07652018 0.02211645 0.6752972 0.3568302 0.8486433 0.3153647 0.03852024 0.05430286
111 0.3536667 0.07173966 0.02081515 0.556372 0.3290597 0.7939027 0.2774532 0.03707249 0.05082421
112 0.3819842 0.0755474 0.01959156 0.88122 0.3064991 0.6283158 0.2298337 0.03087452 0.04332155
113 0.3339813 0.08006596 0.02098331 0.6492863 0.3132389 0.704752 0.2554138 0.03492313 0.04832552
120 0.3356565 0.06778379 0.01908162 0.5458537 0.2857068 0.8298299 0.2782308 0.04038017 0.05645858
127 0.3209343 0.06464608 0.02011498 0.4155101 0.3027267 0.728215 0.2799241 0.03612487 0.04925235
131 0.3189513 0.07056433 0.02027011 0.482516 0.3037148 0.7925741 0.2653451 0.03660344 0.05138834
137 0.3122756 0.07066633 0.01967354 0.4759116 0.2828772 0.9478561 0.3423199 0.0451651 0.06408658
138 0.3140607 0.07921016 0.02217852 0.6033507 0.3130741 0.9694995 0.2760697 0.03759693 0.05716279
140 0.3424664 0.06888819 0.01920236 0.4872653 0.3088515 0.7480332 0.2564771 0.03426245 0.04779055
142 0.3657688 0.07668774 0.02235295 0.6553384 0.3704379 0.8555002 0.3025777 0.03552752 0.05023814
145 0.3538532 0.06725807 0.01864265 0.654009 0.2900408 0.823407 0.3047367 0.03914829 0.05375768
147 0.3357693 0.07333108 0.02116995 0.5701225 0.3206717 0.9478671 0.2962468 0.03945206 0.05686497
150 0.3291099 0.0709633 0.01959458 0.4961346 0.3010534 0.7623357 0.2532566 0.03463104 0.04945622
158 0.339593 0.07594553 0.02132842 0.7078232 0.3146054 0.7960213 0.3034622 0.03629191 0.05049414
168 0.3400062 0.07508178 0.01900938 0.6093002 0.2950031 0.7571718 0.294696 0.03513333 0.04975812
173 0.3178084 0.06873628 0.01987148 0.4653391 0.3038044 0.9775348 0.2967787 0.03819741 0.05635781
175 0.3405776 0.07293111 0.02031853 0.6744404 0.2906255 0.9528821 0.3633475 0.04028759 0.05802537
177 0.322302 0.06764104 0.01958485 0.5377136 0.291157 0.8788366 0.3136233 0.04067156 0.05735022
178 0.3371216 0.07722405 0.02025142 0.4952315 0.329959 0.6904383 0.2901025 0.03502531 0.0465187
180 0.3280376 0.0696597 0.01978765 0.4950751 0.2984835 0.7365175 0.255926 0.03576189 0.04867879
181 0.3069097 0.06789932 0.01966168 0.463694 0.2803744 0.8043019 0.3041695 0.03798389 0.05342261
196 0.286436 0.07015474 0.0206236 0.4335128 0.2793407 0.82917 0.3082511 0.04391233 0.05807308
197 0.3824163 0.06916749 0.02025941 0.7120098 0.3230634 0.7448444 0.2771429 0.03728719 0.05119405
198 0.3219239 0.07697375 0.01989774 0.512918 0.3012186 0.7242918 0.2393578 0.03359432 0.0480229
199 0.3341042 0.06876129 0.01894066 0.5969123 0.2795461 0.8076662 0.3036526 0.03941031 0.05424336
202 0.3491175 0.06937633 0.01988002 0.5426551 0.31541 0.9201044 0.3231322 0.04461312 0.05966753
204 0.3506429 0.0719041 0.01964725 0.5264681 0.3132206 0.6520778 0.2550279 0.03809559 0.0490815
211 0.3613269 0.0769072 0.02303755 0.5842291 0.3882923 0.8023156 0.3230256 0.04029688 0.05371467
213 0.3205315 0.07319373 0.01959721 0.5906684 0.2822192 0.8281456 0.3230956 0.03745548 0.05363086
218 0.3176401 0.07456676 0.02025815 0.4092422 0.3186067 0.8715087 0.3386458 0.03842602 0.05454898
219 0.317384 0.07606359 0.0201442 0.5107472 0.3000572 0.8409024 0.3058168 0.04025297 0.05575962
220 0.3486307 0.06913948 0.0202503 0.5924719 0.3172923 1.027579 0.3912814 0.04455137 0.06218537
221 0.3510555 0.06616514 0.01973411 0.5593082 0.3044265 0.7965608 0.3201854 0.04304244 0.05810419
228 0.3481038 0.07778984 0.02118002 0.5637219 0.3394977 0.7055082 0.2414867 0.0329385 0.0458691
238 0.3344208 0.06632874 0.02043095 0.4859721 0.3087205 0.8869016 0.289958 0.04247958 0.05781682
240 0.3487968 0.07590152 0.02183941 0.7153142 0.330831 0.9009316 0.329267 0.0383104 0.05511731
244 0.3511389 0.06572223 0.01913353 0.6561528 0.288052 0.9749167 0.3673795 0.04262203 0.05983427
245 0.3411805 0.07104143 0.02045406 0.5110228 0.328104 0.924989 0.3671322 0.04445613 0.06063591
247 0.3407478 0.06848843 0.0197138 0.5978925 0.2918422 0.7548533 0.3039282 0.03630741 0.0497864
253 0.3772553 0.07427371 0.01954124 0.584042 0.331298 0.7962264 0.260128 0.03921642 0.05303376
263 0.3717327 0.06999051 0.02024628 0.5926621 0.332032 0.7549931 0.2826355 0.04222998 0.05399336
265 0.3236498 0.0761517 0.02140702 0.5270062 0.3337482 0.8772712 0.3327426 0.03642592 0.05262038
266 0.3325508 0.06973145 0.01890862 0.5036557 0.2866693 0.8614611 0.334061 0.04335297 0.05797425
273 0.335318 0.06932386 0.01986369 0.5746393 0.2996299 0.7560596 0.2646738 0.03708368 0.05115956
274 0.3416193 0.07984217 0.02125777 0.6837452 0.3245014 0.7843917 0.3212338 0.04293761 0.05485742
281 0.3770007 0.07423662 0.0208038 0.7202473 0.3345417 0.83862 0.2770306 0.04119927 0.05557898
289 0.345221 0.07212992 0.01972738 0.4804214 0.3114889 0.8594882 0.2604818 0.03811947 0.05374531
291 0.3553156 0.07024476 0.01912633 0.7455195 0.2798515 0.84608 0.2933283 0.03809409 0.05529184
293 0.3382169 0.06775896 0.02111799 0.4651659 0.3249085 0.8919107 0.2868209 0.04219855 0.05773111
294 0.3340446 0.07230487 0.02085395 0.3910978 0.3383252 0.8000398 0.3572685 0.04270321 0.05575807
295 0.3716573 0.07359549 0.02083551 0.7352313 0.3385452 0.8113898 0.3077457 0.03612764 0.05202921
297 0.2935006 0.07699396 0.02086336 0.3832794 0.3078205 1.036377 0.4537365 0.049092 0.06734207
301 0.3251893 0.0793624 0.02180921 0.5242156 0.3367541 0.7693194 0.3506591 0.03888889 0.05313433
307 0.3733038 0.07529733 0.0206306 0.7320264 0.3325367 0.709091 0.2657353 0.03415564 0.04548657
315 0.3244491 0.07465353 0.02124396 0.5914815 0.3113061 0.9152439 0.3319572 0.04142999 0.0569058
317 0.3418384 0.07131571 0.02003109 0.5573504 0.3143162 0.884463 0.3813125 0.04294972 0.05821365
319 0.3267853 0.06942844 0.02008172 0.4867417 0.2937271 0.8655895 0.3123119 0.04443105 0.06041454
321 0.3425367 0.06875251 0.01966865 0.6120879 0.294434 0.7843169 0.3413386 0.04263838 0.05573348
325 0.368994 0.07019706 0.02012572 0.8473206 0.3036908 0.78153 0.2838167 0.03671408 0.04979116
331 0.3228268 0.07136042 0.0196935 0.4647382 0.2978943 0.7379409 0.2569762 0.03539632 0.0509289
338 0.3485823 0.06713045 0.01940844 0.6249415 0.2873726 0.6978136 0.2803171 0.03652226 0.04929027
344 0.3348589 0.07248566 0.0196828 0.5905239 0.3007416 0.6416986 0.2351082 0.03270756 0.04491824
347 0.3204682 0.08027855 0.02140598 0.5405179 0.3224004 0.7012884 0.2638938 0.0351823 0.04836308
349 0.3407512 0.07060058 0.02071724 0.5345051 0.310144 0.9019664 0.3746712 0.04567905 0.06207052
