1 27.39402 2.137053 -0.5046056 4.559916 2.02285 -5.618396 -0.5807604 -0.05103585 0.2122334
6 27.73977 2.121552 -0.4754941 4.646878 2.610215 -5.384568 -0.199936 -0.07259952 0.2114126
7 27.38358 1.978774 -0.5008568 4.148687 1.573331 -6.307316 -1.099218 -0.05691437 0.2499113
10 27.71223 2.146442 -0.4957805 4.394098 1.999263 -5.406864 -0.03241512 -0.04643647 0.1797682
11 26.80333 2.00689 -0.507108 4.28708 2.306262 -4.476885 -0.2561499 -0.05293417 0.1673087
14 27.00797 2.296752 -0.5455335 4.891955 2.259125 -4.458129 -0.8652762 -0.05744552 0.2043485
24 26.91391 2.060501 -0.5260948 4.26168 2.455929 -4.84926 -1.661774 -0.04618641 0.1928559
27 27.47377 2.094146 -0.5131897 4.309958 2.69422 -5.375088 -0.7707134 -0.0525125 0.2002757
33 27.45641 2.040861 -0.4963681 4.427658 3.50477 -5.176523 -0.09550585 -0.06312882 0.2085463
35 27.58024 2.107664 -0.5017945 4.169923 3.364435 -5.769527 -0.5838384 -0.05242252 0.2307439
38 27.86023 2.184918 -0.4829387 4.7204 2.605327 -6.047353 -1.491833 -0.05067624 0.2065529
40 26.80233 2.134996 -0.530333 4.622297 2.262774 -4.197175 -1.414549 -0.03901547 0.156077
45 27.17478 1.926536 -0.4891314 4.308474 2.819312 -5.597406 0.1707311 -0.05473014 0.2053163
53 27.61419 2.132015 -0.4945532 4.712939 2.529047 -5.181358 -0.3858322 -0.05653222 0.1803577
55 26.89882 2.123254 -0.5373582 4.834138 2.217903 -5.477994 -1.859238 -0.04660437 0.1939904
56 27.90866 2.010653 -0.4573795 4.414016 1.919153 -5.826371 -0.7735182 -0.07438044 0.2271147
58 27.44449 2.144354 -0.5125496 4.584989 2.510976 -4.806385 -1.00698 -0.06930718 0.2042798
59 27.10822 2.016106 -0.5010984 4.630824 1.893551 -5.589651 -1.111644 -0.04857562 0.1966142
61 26.7698 2.014783 -0.5187476 4.311751 2.621386 -5.16526 -0.8491737 -0.04502998 0.2047026
62 27.21941 2.013529 -0.4942075 4.727533 2.229291 -5.154161 -0.3887081 -0.03280944 0.1614184
64 27.35858 2.106545 -0.5236236 4.486344 2.924338 -5.930908 0.1150967 -0.05667088 0.223747
67 27.27953 2.008694 -0.5030646 4.128125 2.783207 -4.609912 0.01247094 -0.05446063 0.1585168
68 26.86742 2.099797 -0.5269677 5.156934 2.23055 -4.991385 0.4262639 -0.04507383 0.1619811
70 26.88475 2.09768 -0.5167136 4.672694 3.223034 -4.95658 -0.6312829 -0.06368556 0.2040142
72 27.42278 2.125018 -0.5059946 4.232345 2.277215 -5.732928 -0.9380289 -0.06673927 0.2243962
74 27.84976 2.24813 -0.5292029 4.885146 2.000337 -5.865619 0.1358972 -0.05178654 0.2129481
76 26.92639 2.207914 -0.5299409 4.958611 1.685537 -5.117142 0.1356454 -0.05375293 0.1614895
77 27.72941 2.071515 -0.5161542 4.386659 2.070262 -5.763493 -0.380443 -0.06565005 0.2180235
86 26.28524 2.005408 -0.5412301 4.824663 1.323716 -5.042311 -0.2654818 -0.03680241 0.1589968
89 27.46362 2.085443 -0.5139457 4.805624 2.846841 -6.192311 -0.8179568 -0.05457048 0.234601
94 27.82866 1.990193 -0.4715951 4.847837 1.845226 -6.446431 -0.8604882 -0.05007581 0.2357441
95 26.8503 2.199263 -0.5612531 4.366565 2.23211 -4.763164 -0.222224 -0.0430385 0.1896195
102 27.38755 2.164959 -0.5009852 4.804707 2.344532 -6.264524 -0.4043995 -0.03935765 0.2144109
108 27.02878 2.270859 -0.5461963 4.379718 2.012449 -4.784138 -1.035646 -0.05015899 0.1797994
109 27.13623 2.05138 -0.503642 4.840476 1.419528 -4.828563 -0.4156275 -0.03903143 0.1497234
110 27.12056 2.034248 -0.5189895 5.251028 2.403936 -5.097763 -1.318635 -0.04836939 0.1896472
111 27.03422 2.016744 -0.4915957 4.858544 1.89329 -5.414442 -0.1800923 -0.05772377 0.1953481
112 27.53721 2.196825 -0.5150682 4.433416 3.450682 -4.531965 -0.7465058 -0.05190646 0.1953265
113 26.90687 2.198149 -0.5427716 4.625094 2.430294 -5.065694 0.3526426 -0.06111165 0.1847633
120 27.49293 2.071542 -0.4984584 4.195222 1.924775 -5.253806 -0.2482943 -0.06354424 0.192986
127 27.25783 1.91839 -0.4931832 4.433888 1.275211 -4.388547 -0.8963023 -0.03344923 0.1505554
131 27.1775 2.043574 -0.5152573 4.441214 1.580504 -5.158844 -0.4206894 -0.04926379 0.187265
137 26.93827 2.088294 -0.5162779 4.206979 1.632153 -5.328218 -1.113275 -0.07325878 0.2069835
138 26.42977 2.118564 -0.5692795 4.596125 2.223184 -6.264526 -0.9668281 -0.05046705 0.2427537
140 28.08549 2.073515 -0.488348 4.512297 1.538752 -5.170887 -0.8068093 -0.04678708 0.1958967
142 27.15747 2.021227 -0.509104 5.457293 2.250478 -5.395289 -1.310016 -0.04026637 0.1975226
145 28.24382 2.093721 -0.4982475 4.278152 2.450675 -4.96806 -1.085084 -0.05074863 0.1783384
147 26.81548 2.038863 -0.5169814 4.732615 2.016406 -5.814877 -0.7399776 -0.04608283 0.2067408
150 27.52493 2.093589 -0.5038823 4.421796 1.620838 -5.299826 -0.07621427 -0.06462463 0.2037188
158 27.01651 2.09817 -0.547715 4.63864 2.738784 -4.884604 -1.122627 -0.04022924 0.1708243
168 27.8238 2.239962 -0.515646 4.310279 2.203272 -4.803646 -1.776299 -0.04729048 0.1956866
173 27.68005 2.034657 -0.5118797 4.46784 1.498934 -6.079644 -1.026346 -0.06858837 0.2388992
175 26.57262 2.096791 -0.5256236 4.269206 2.622853 -5.669863 -1.597205 -0.05899419 0.2248167
177 27.6294 2.033745 -0.5184809 4.284574 1.918961 -5.313579 -1.303768 -0.03951697 0.1957925
178 27.64484 2.181036 -0.5067207 4.857784 1.540069 -4.693163 -0.6555593 -0.05426711 0.1808822
180 27.24426 2.058645 -0.504729 4.349426 1.636811 -5.091773 0.02271936 -0.03970356 0.1719616
181 27.02447 2.035557 -0.5186702 4.097742 1.558958 -5.088669 -1.345031 -0.05579321 0.2114134
196 26.52869 2.02871 -0.5470248 4.10731 1.44848 -5.351047 -0.5343984 -0.06181169 0.2056416
197 27.42572 1.996308 -0.485941 4.710939 2.642381 -5.113554 -0.7795566 -0.05742343 0.2055232
198 27.11528 2.212022 -0.5248447 4.359991 1.756147 -5.034462 -0.489671 -0.04177922 0.196329
199 27.61901 2.105749 -0.5131232 4.097767 2.215447 -5.032175 -1.178462 -0.04321948 0.1871127
202 27.5808 2.037124 -0.4902579 4.654705 1.864784 -5.700219 -0.48158 -0.05399704 0.2024747
204 27.64433 2.099951 -0.4903726 4.601797 1.757927 -4.430895 -0.03369776 -0.06187913 0.1658643
211 27.06597 1.982463 -0.5088678 5.66806 1.923722 -4.849011 -0.9046673 -0.03574322 0.1667265
213 27.27735 2.165772 -0.5391204 4.116893 2.234969 -5.32861 -1.720309 -0.04337034 0.2132281
218 27.45212 2.125622 -0.5120702 4.674184 1.167713 -5.259355 -1.239547 -0.03586913 0.1880372
219 27.08331 2.175838 -0.529219 4.410829 1.758686 -5.243712 -1.049024 -0.05266612 0.2014675
220 27.51494 2.006842 -0.4995898 4.688128 2.10732 -5.822075 -1.160886 -0.03983313 0.1944593
221 27.46739 1.976213 -0.4873237 4.463769 1.970647 -4.988322 -1.234336 -0.06054804 0.2012552
228 27.11325 2.124025 -0.5105104 4.958943 1.879089 -5.170108 0.4331789 -0.04480295 0.1820599
238 27.04275 1.930869 -0.4925051 4.546679 1.595624 -5.895776 -0.4998345 -0.05098315 0.2171214
240 26.77052 2.053036 -0.5360709 4.847834 2.726619 -5.737109 -1.107416 -0.04645337 0.2162914
244 27.62812 2.016142 -0.4980118 4.226502 2.475774 -5.884253 -1.270885 -0.05016239 0.212559
245 27.55858 2.034022 -0.4991866 4.816662 1.675213 -5.338747 -1.551798 -0.02686947 0.1744217
247 27.11024 2.031353 -0.5040029 4.281378 2.148728 -4.961761 -1.035098 -0.05248642 0.1932718
253 28.10833 2.158624 -0.4786609 4.855238 1.948806 -5.667317 0.196902 -0.05613857 0.2007403
263 27.56952 2.022124 -0.47971 4.850107 2.033569 -5.099853 -0.01085783 -0.04514949 0.1693776
265 27.29054 2.084786 -0.5316772 4.920307 1.740633 -5.561688 -1.036911 -0.04989744 0.2093938
266 27.53158 2.125203 -0.4984075 4.205296 1.756589 -5.479952 -0.9373365 -0.0578142 0.2068779
273 27.43134 2.044255 -0.5113654 4.40432 2.074125 -5.263189 -0.1074302 -0.05611925 0.1932785
274 27.10702 2.174021 -0.5424415 4.81835 2.595451 -5.005483 -0.4464844 -0.06073239 0.1785634
281 27.1193 2.070819 -0.4956229 4.896088 2.679058 -5.576475 -0.1708152 -0.04479089 0.1919204
289 27.3456 2.103006 -0.4874168 4.573912 1.528784 -6.137402 -0.1832722 -0.04473262 0.2206259
291 27.24343 2.120735 -0.5140829 4.080896 2.939633 -5.274534 -1.413064 -0.04136177 0.2078088
293 26.83543 1.915731 -0.490118 4.780422 1.481232 -5.718389 -0.1229023 -0.04286979 0.1946789
294 27.31214 2.027143 -0.4913379 4.987368 1.044519 -4.872114 -0.9219907 -0.03614231 0.1618108
295 27.55411 2.063381 -0.5066345 4.951012 2.759301 -5.315973 -1.544238 -0.06382776 0.2272424
297 26.82339 2.142706 -0.5346125 4.557761 1.098447 -5.414628 -1.916387 -0.02669406 0.1764652
301 26.80001 2.1195 -0.5328019 4.962829 1.731455 -4.355895 -1.882764 -0.03975774 0.1674158
307 27.30914 2.10974 -0.5023912 4.875219 2.763391 -5.448612 0.6544776 -0.04569882 0.1786574
315 26.84068 2.072399 -0.5394094 4.599298 2.143277 -5.763065 -0.6556984 -0.05569745 0.2121039
317 27.55254 2.067349 -0.5026765 4.640183 1.903683 -4.960565 -1.253624 -0.04939558 0.1750665
319 26.61241 2.027733 -0.5000033 4.308291 1.650045 -5.363273 -0.7937262 -0.06528831 0.2119753
321 27.34366 2.042476 -0.5059432 4.357402 2.256455 -4.879674 -0.881444 -0.04946554 0.174066
325 27.41842 2.046343 -0.5205779 4.461703 3.39347 -5.633803 -0.5782903 -0.05786373 0.2199235
331 27.30955 2.095262 -0.5079072 4.359626 1.506461 -4.892083 -1.159465 -0.06459898 0.2198274
338 27.09064 2.023822 -0.4962959 4.193027 2.315648 -4.579906 -0.9283469 -0.04470663 0.1823111
344 27.64033 2.12689 -0.5213617 4.358116 2.134866 -4.555666 -0.2665211 -0.04797143 0.1762163
347 26.81722 2.172094 -0.5418569 4.732847 1.84156 -4.529052 -0.6548985 -0.06070305 0.1898658
349 26.63913 2.006247 -0.4999426 4.560614 1.870522 -5.041963 -1.378217 -0.04225945 0.1795061
