1 0.3493375 0.07410555 0.01962016 0.6035378 0.3771574 12.47468 0.8247856 0.2613596 0.03396724 0.04852427
6 0.3791586 0.06826626 0.01906238 0.6719854 0.3230626 359.6332 0.7392553 0.262417 0.03744425 0.05054289
7 0.3026191 0.06825452 0.01948838 0.4181299 0.3400823 5.598743 0.9292285 0.2759001 0.03774083 0.05565372
10 0.3472871 0.07140505 0.01883068 0.5772612 0.3000633 233.8586 0.8076404 0.2740394 0.03759696 0.05246889
11 0.3465387 0.06950404 0.02031197 0.653732 0.3267171 44.48677 0.7057521 0.2563881 0.03631577 0.04950862
14 0.3306852 0.08631703 0.02143972 0.5803248 0.3795386 6.699579 0.6248328 0.2285112 0.02982128 0.04248172
24 0.3343879 0.06973272 0.01989797 0.6480644 0.294555 201.3692 0.7626944 0.3031137 0.035889 0.05051966
27 0.340581 0.0678486 0.01920434 0.6241429 0.3430302 9.178988 0.7981626 0.2781372 0.03653379 0.05125255
33 0.3789447 0.06736351 0.01964102 0.8192294 0.3177907 149.275 0.6851995 0.2379933 0.03293972 0.04567483
35 0.379845 0.06958282 0.01868558 0.8426012 0.3244553 39.351 0.7710026 0.2418659 0.03269532 0.04709074
38 0.3826365 0.07423156 0.01912551 0.7132853 0.3234149 225.6384 1.05455 0.3960751 0.04595497 0.06327008
40 0.3405732 0.07260237 0.02098149 0.6299327 0.319916 227.5334 0.7299835 0.3017205 0.03581502 0.04951297
45 0.358069 0.06791288 0.01964928 0.6292119 0.3734704 12.21737 0.7678519 0.2507041 0.03733399 0.0519697
53 0.3712752 0.07326155 0.01955988 0.7054366 0.366828 65.2904 0.8424544 0.2942569 0.03898898 0.05364759
55 0.3287289 0.08100755 0.02165382 0.5712968 0.376521 127.2575 0.9335871 0.407577 0.0422201 0.05967093
56 0.3593828 0.06670622 0.01885998 0.4694697 0.310481 238.5004 0.8890561 0.3012358 0.0442251 0.06087713
58 0.3437301 0.07499464 0.01996483 0.6278766 0.3148143 227.768 0.6752311 0.2677558 0.03341682 0.04593201
59 0.3460244 0.07062398 0.02055195 0.5737106 0.3231886 214.5113 0.9486581 0.3363539 0.04349046 0.06081313
61 0.3419276 0.0660302 0.0194063 0.6281166 0.3508595 6.610359 0.7531195 0.2522006 0.03309847 0.04726577
62 0.3685457 0.07058055 0.02043041 0.6610784 0.37591 243.613 0.9026959 0.2915199 0.0374865 0.05290636
64 0.3436865 0.07186794 0.01913723 0.6646241 0.3612358 5.144256 0.7572083 0.2424324 0.03332938 0.04774559
67 0.3451051 0.06608941 0.01893493 0.6632172 0.3319133 9.909908 0.7115645 0.2723629 0.03746536 0.05014348
68 0.3565485 0.08040862 0.02202585 0.693553 0.3630035 229.5407 0.7120378 0.2649963 0.0331863 0.04525726
70 0.371717 0.0709916 0.02020511 0.7800984 0.3908598 4.79184 0.7326974 0.2584874 0.03502923 0.0499764
72 0.3365229 0.06974572 0.01895722 0.5872008 0.2981995 240.5424 0.8359792 0.2928949 0.03878908 0.0544566
74 0.3374531 0.08346959 0.02071315 0.573084 0.3744077 128.9303 0.781989 0.2431963 0.03383182 0.04900609
76 0.3187399 0.08436355 0.02169855 0.4525175 0.4558334 151.4538 0.7583036 0.3067881 0.03864771 0.05116537
77 0.3290817 0.07085839 0.0197263 0.5518274 0.3512059 384.023 0.8232506 0.2709303 0.03639319 0.05108768
86 0.2890197 0.07350107 0.02201161 0.3798025 0.3815575 11.40808 0.8076068 0.2941394 0.03782624 0.0526542
89 0.3508009 0.07334624 0.0208835 0.6205584 0.3370522 240.8525 0.8032791 0.2712624 0.03549408 0.05001352
94 0.375874 0.07001127 0.02001374 0.5351621 0.4037874 43.06651 0.949737 0.2850088 0.03876858 0.0557638
95 0.325103 0.07565248 0.02067323 0.6324032 0.3795381 53.14953 0.6671109 0.2239882 0.02908628 0.04233802
102 0.3546395 0.07576829 0.02007295 0.5877546 0.3761053 43.79744 0.9239861 0.2745046 0.03583267 0.05164171
108 0.3141721 0.07742274 0.02013928 0.5342678 0.3181818 123.8018 0.7235143 0.2864316 0.03543932 0.04903015
109 0.3314873 0.07161583 0.02089919 0.4559866 0.3578413 156.2054 0.7880113 0.3051511 0.03809213 0.05101968
110 0.3517242 0.07808143 0.02221418 0.6301574 0.3697874 233.3003 0.8613702 0.3147579 0.03823318 0.05417735
111 0.3468202 0.06989374 0.02098517 0.5238277 0.3708334 14.07764 0.8015295 0.2779525 0.03692937 0.05074879
112 0.3833452 0.07618194 0.01977727 0.8065117 0.3768678 58.66594 0.6322755 0.229303 0.03111641 0.04368891
113 0.3311789 0.07992381 0.02126536 0.6274954 0.3442608 228.6996 0.6974095 0.2552003 0.03472017 0.04786703
120 0.3376752 0.0678451 0.01894843 0.5618447 0.3412869 15.37274 0.8703308 0.2791588 0.0408128 0.05770265
127 0.3257706 0.0663395 0.02023418 0.4322967 0.3667936 28.38241 0.7715868 0.281056 0.03630627 0.05028562
131 0.3136137 0.07160756 0.02035132 0.4584623 0.3591735 27.14449 0.7628371 0.2644105 0.03635526 0.05050136
137 0.3131151 0.06837366 0.01963442 0.481979 0.2905408 249.7474 0.9530314 0.3424813 0.04525443 0.0643043
138 0.3028997 0.07929402 0.02231751 0.526871 0.3193278 216.0059 0.9366273 0.2752096 0.03735636 0.05639282
140 0.3505827 0.06800011 0.01894587 0.5214622 0.3505711 30.64037 0.7841697 0.2586105 0.03480422 0.04908808
142 0.3581947 0.07826459 0.02149802 0.6021018 0.4518683 5.897819 0.8758816 0.3029451 0.03516922 0.05041143
145 0.3790172 0.06850813 0.01880904 0.7599245 0.3979887 111.4067 0.9012421 0.3076727 0.04009122 0.05613204
147 0.3370956 0.07622188 0.02157862 0.5718584 0.3814305 50.00158 0.9935259 0.297509 0.0394461 0.0577309
150 0.3159684 0.07150154 0.01935031 0.4372785 0.3406961 20.46244 0.7399348 0.2528225 0.03460745 0.04885635
158 0.3573174 0.07561406 0.02112629 0.8168884 0.3956153 35.14124 0.8314272 0.3056103 0.03707215 0.05192901
168 0.3346082 0.07354763 0.01857046 0.5303263 0.3870259 17.3858 0.7336402 0.2945491 0.03498467 0.04909684
173 0.3138749 0.06855926 0.01991758 0.4395676 0.3220567 163.3956 0.9160777 0.2951412 0.03788547 0.05500487
175 0.3347294 0.07151852 0.020316 0.6181262 0.3364841 21.74149 0.9226487 0.3552962 0.04082878 0.05772542
177 0.3255799 0.06999276 0.01959607 0.5657687 0.3141956 430.3827 1.011296 0.3208635 0.04011824 0.05996984
178 0.3390278 0.07806361 0.02007396 0.4959009 0.4073262 12.05982 0.7186773 0.2905395 0.03640624 0.04823867
180 0.3364654 0.07027958 0.01956261 0.5219461 0.3635468 177.501 0.7833546 0.2569279 0.03746026 0.05100093
181 0.311502 0.06777275 0.01918462 0.4840594 0.3364151 22.90538 0.8587955 0.3073737 0.03879874 0.05537375
196 0.2818041 0.0707579 0.02066653 0.3932622 0.2905333 349.6959 0.7632189 0.2998169 0.04138524 0.05475122
197 0.3584857 0.07203356 0.02001326 0.5991734 0.3739504 12.73676 0.7008144 0.274344 0.03706704 0.04989842
198 0.3217462 0.07874746 0.01930548 0.524755 0.3553973 5.972415 0.7776857 0.2410293 0.03350752 0.0490983
199 0.334519 0.06996674 0.01852675 0.5715209 0.3327198 19.41694 0.7926441 0.3021957 0.03922962 0.05367242
202 0.3444458 0.06837511 0.01970565 0.4971369 0.3539488 39.23351 0.908204 0.3200376 0.0449792 0.05985516
204 0.3580978 0.07273635 0.01966656 0.592633 0.3209469 241.7561 0.691288 0.2577309 0.0394531 0.05104643
211 0.3616672 0.07654593 0.02268628 0.5718483 0.4827695 21.46714 0.8274386 0.3123828 0.03891303 0.05305225
213 0.3171552 0.07106084 0.01878416 0.555628 0.3452363 17.53111 0.8153166 0.325769 0.03779469 0.05366134
218 0.3244803 0.07498109 0.02014485 0.4467808 0.366675 33.09494 0.9253477 0.3402613 0.03773348 0.05497105
219 0.3171505 0.07587325 0.02008572 0.5257365 0.3578141 453.8407 0.8764476 0.3053612 0.04093419 0.05723673
220 0.3290544 0.06987838 0.02040339 0.4691977 0.3700903 112.2502 0.9063326 0.381095 0.04396596 0.05931532
221 0.3437502 0.06850448 0.01964468 0.5363322 0.333836 81.54816 0.8221762 0.3257069 0.0418102 0.05770133
228 0.3510978 0.07993942 0.02110347 0.5834238 0.3948203 16.08073 0.7488335 0.2431087 0.03337786 0.04750067
238 0.3295932 0.06503477 0.02033555 0.4210435 0.35155 13.35591 0.8316801 0.2898908 0.04299544 0.05737648
240 0.3367784 0.07812041 0.02204764 0.6331871 0.3493307 56.33251 0.8307099 0.3142063 0.03820936 0.05345112
244 0.3542315 0.0660987 0.01954505 0.6205324 0.4602496 111.5142 0.9783748 0.3621705 0.04403869 0.06149158
245 0.349911 0.0707053 0.02000933 0.5826821 0.3691919 14.92746 1.038298 0.3795605 0.04456651 0.06282679
247 0.3343429 0.06825838 0.01955687 0.5527319 0.3054457 135.0371 0.766622 0.3076744 0.03624339 0.04993104
253 0.381502 0.07060262 0.01898823 0.5751807 0.388965 7.532738 0.8209041 0.2620234 0.03847231 0.05290783
263 0.3699761 0.06997191 0.02019666 0.6004554 0.4251034 33.87146 0.7458507 0.2827649 0.04063687 0.05249018
265 0.3028014 0.07714003 0.02125979 0.3780291 0.3878951 7.137119 0.7816275 0.3257291 0.03611775 0.05031345
266 0.3255759 0.06876621 0.01894222 0.4596017 0.3329409 40.5697 0.8089822 0.3326883 0.04274661 0.05661411
273 0.3318211 0.07134172 0.02010257 0.5796039 0.3125292 323.4242 0.741243 0.2643678 0.03649012 0.05000839
274 0.3451289 0.0803786 0.02138388 0.7089062 0.4017505 28.83417 0.8249963 0.3265533 0.04308494 0.05589355
281 0.3792074 0.07123613 0.0207358 0.6793139 0.3771866 24.54806 0.8247935 0.2743612 0.0424178 0.05608092
289 0.3447455 0.07023367 0.0198523 0.4771497 0.3183889 222.4254 0.8818764 0.260787 0.03900557 0.05509052
291 0.3448981 0.07013562 0.01916869 0.6161779 0.34197 11.06613 0.8358803 0.2918402 0.03781019 0.05473956
293 0.3403359 0.06802718 0.02103012 0.4935541 0.3513886 287.1992 0.9532611 0.2857577 0.04272839 0.05945803
294 0.3452282 0.07108354 0.02070555 0.4584237 0.3796522 31.5652 0.8987425 0.3660506 0.04285696 0.05764136
295 0.3741542 0.07298629 0.0206755 0.7679484 0.3576197 91.68301 0.7979775 0.3069436 0.03602888 0.05158612
297 0.2940649 0.07363257 0.02077376 0.3597491 0.3136178 253.0118 1.034168 0.4568275 0.04790883 0.06639019
301 0.3191672 0.08383536 0.02183616 0.4883708 0.3922472 11.95892 0.8201693 0.3570487 0.03781995 0.05311364
307 0.3594727 0.07434216 0.02054096 0.603826 0.4203469 19.94324 0.6832714 0.2655725 0.03419013 0.04498928
315 0.3068281 0.07249934 0.02130698 0.5467436 NaN NaN 0.8584195 0.3311416 0.04087601 0.05546874
317 0.3387822 0.07008474 0.01999823 0.5065524 0.350892 43.79862 0.8526715 0.3787796 0.04314384 0.05789999
319 0.3245075 0.07035723 0.02003681 0.4687114 0.3164891 113.8774 0.8480017 0.3145196 0.04291531 0.05866959
321 0.3402034 0.0689692 0.0191016 0.615558 0.3663392 6.21289 0.8126236 0.3473093 0.0419207 0.05570139
325 0.3693779 0.07220558 0.02067437 0.8048144 0.3481273 507.553 0.7264439 0.2852463 0.03610821 0.04800757
331 0.3140661 0.07310434 0.0196525 0.4571382 0.3339204 19.14876 0.7035825 0.2541127 0.03459346 0.04923585
338 0.3570681 0.06956157 0.01906259 0.6311076 0.3650912 13.48191 0.746424 0.276524 0.03737507 0.05142624
344 0.3306703 0.07269644 0.01972764 0.5177352 0.3487415 5.200308 0.6561773 0.2354271 0.03335661 0.04590121
347 0.3198196 0.08207145 0.02170164 0.5284406 0.3379424 271.5899 0.7107446 0.2646471 0.03480267 0.04823262
349 0.3455669 0.07150999 0.02069474 0.5737087 0.3300474 104.747 1.010579 0.3874635 0.04487821 0.0632975
