1 27.41681 2.166154 -0.5074106 4.044151 2.234464 20.79944 -5.759684 -0.5396784 -0.05561013 0.2202073
6 27.68118 2.066409 -0.4731558 4.406256 2.467266 200 -5.119373 -0.1996457 -0.0551088 0.1863258
7 27.24747 2.076154 -0.5148596 3.470398 1.38863 13.29692 -5.718259 -1.079112 -0.04613569 0.2195324
10 27.70516 2.164962 -0.4959588 4.263368 2.063492 200 -5.369741 -0.03538848 -0.04376082 0.1754495
11 26.8363 2.006429 -0.5099236 4.150468 2.454734 48.09767 -4.686333 -0.2534634 -0.05629886 0.1778891
14 26.94886 2.267789 -0.5444156 3.989487 2.128369 14.77036 -4.497715 -0.8825685 -0.05694074 0.2061042
24 26.92337 2.059332 -0.5257231 4.086708 2.513334 161.7716 -4.712603 -1.652718 -0.0391226 0.1814314
27 27.42923 2.056919 -0.5106694 3.752751 2.37523 18.29979 -5.108214 -0.7511272 -0.04306542 0.1820565
33 27.39893 2.01462 -0.4951917 4.276677 3.235129 111.7685 -5.101941 -0.06809628 -0.06090443 0.2038581
35 27.64991 2.135658 -0.5050674 3.846109 3.476591 40.57377 -5.833533 -0.5758977 -0.05061839 0.2309211
38 27.90337 2.199405 -0.4833683 4.636228 2.656069 200 -6.1418 -1.491841 -0.05538717 0.2141783
40 26.7763 2.036668 -0.521747 4.545544 2.364153 200 -4.507243 -1.425131 -0.04831629 0.1762987
45 27.24947 1.991447 -0.4938376 3.880453 2.380383 18.96194 -5.553124 0.16303 -0.06030181 0.2088403
53 27.66188 2.143782 -0.4961024 4.432113 2.682098 54.6944 -5.332566 -0.3692509 -0.05714131 0.1858005
55 26.90478 2.148874 -0.53742 4.720804 2.028769 83.71792 -5.068919 -1.781443 -0.0443847 0.1764504
56 27.82362 2.044178 -0.4625855 4.433926 1.454477 200 -5.047859 -0.780526 -0.04839388 0.1762857
58 27.36159 2.161962 -0.5170565 4.436939 2.324481 200 -4.36759 -0.9923672 -0.05547006 0.1760491
59 27.11039 2.01825 -0.5007639 4.622181 2.024815 200 -5.545232 -1.097768 -0.05524633 0.200916
61 26.8597 2.027886 -0.5211671 3.4841 2.595423 14.03253 -5.316331 -0.8096835 -0.04827933 0.2120442
62 27.28878 2.020914 -0.4959376 4.661903 2.455601 119.1672 -5.598976 -0.3870164 -0.03997367 0.1836535
64 27.33106 2.12428 -0.522766 3.529599 2.590277 12.04214 -5.696957 0.1549535 -0.0484617 0.2069947
67 27.30225 2.052256 -0.5078944 3.691414 2.520234 19.0918 -4.62406 0.009857568 -0.05653913 0.1608941
68 26.91054 2.122506 -0.528185 5.076686 2.552606 187.0587 -5.159912 0.4021264 -0.04759899 0.1706658
70 26.88104 2.028323 -0.5080876 3.851808 3.069712 11.5897 -5.19174 -0.6504936 -0.06986678 0.218803
72 27.37658 2.123224 -0.5067834 4.065467 2.197446 162.5211 -5.152105 -0.9538847 -0.05319554 0.1921138
74 27.85559 2.26308 -0.5289089 4.627311 2.015117 76.29155 -5.697834 0.1195501 -0.05207486 0.2075899
76 26.84744 2.178324 -0.5280076 4.838603 1.380232 69.54599 -4.79204 0.1495666 -0.04005897 0.1370984
77 27.7583 2.096464 -0.5170263 4.380693 1.940419 157.0676 -5.550406 -0.3660473 -0.06198721 0.2068263
86 26.23584 1.99463 -0.540222 4.249682 1.135814 20.67946 -4.877683 -0.2651005 -0.0340075 0.1502538
89 27.31496 2.058698 -0.5125794 4.729787 2.248007 200 -5.12444 -0.8161487 -0.02920549 0.1746323
94 27.87841 2.012036 -0.4703641 4.664426 1.761695 40.23203 -5.936012 -0.8297988 -0.04626717 0.2138715
95 26.85136 2.160626 -0.5618355 3.976831 2.461455 37.05724 -4.846615 -0.2561926 -0.04358627 0.1937801
102 27.36432 2.17086 -0.5007748 4.475536 2.098623 45.72494 -6.02517 -0.3864837 -0.0383322 0.2051049
108 26.97472 2.205494 -0.5394413 4.234746 1.896819 99.03744 -4.443861 -1.028544 -0.04774013 0.1654019
109 27.13732 2.013431 -0.4998094 4.736135 1.383205 112.4747 -4.843161 -0.427294 -0.04002007 0.1516506
110 27.14387 2.060546 -0.5221371 5.244392 2.215376 200 -5.289397 -1.324913 -0.05249472 0.199969
111 26.98595 1.983414 -0.4912711 4.44874 1.716835 25.36551 -5.45908 -0.1992653 -0.05393197 0.1942428
112 27.5428 2.193158 -0.5136042 4.179644 3.11378 37.95026 -4.549439 -0.7301406 -0.05644247 0.1999464
113 26.87516 2.182338 -0.5417229 4.585321 2.294342 138.1917 -4.996344 0.3697947 -0.06473434 0.185371
120 27.53283 2.077654 -0.4992347 3.803328 2.027811 23.91844 -5.525948 -0.2200625 -0.07077962 0.2088531
127 27.33692 1.94368 -0.4959526 4.220023 1.347001 32.40497 -4.913047 -0.9202286 -0.04094066 0.176195
131 27.11258 2.067393 -0.5193671 4.042368 1.548135 30.69394 -4.856937 -0.4162696 -0.04235065 0.1700032
137 26.90726 2.040654 -0.5134415 4.111419 1.672773 199.316 -5.30264 -1.124093 -0.0663304 0.2003157
138 26.38022 2.110144 -0.5692603 4.556186 1.881024 200 -5.964644 -1.002691 -0.04456822 0.227412
140 28.16611 2.074385 -0.4870123 4.248924 1.826986 38.58338 -5.449256 -0.8121528 -0.05895529 0.2164819
142 27.21599 2.094843 -0.5161786 4.623088 2.164106 13.62143 -5.489843 -1.309001 -0.03451197 0.1951952
145 28.35614 2.096803 -0.4958461 4.228539 2.990271 61.20133 -5.698507 -1.081676 -0.06538417 0.2163633
147 26.84719 2.076942 -0.5223629 4.584666 2.017606 47.30405 -6.294893 -0.7587284 -0.05099996 0.228155
150 27.59074 2.12259 -0.5049445 4.057244 1.337776 29.41755 -5.082361 -0.104767 -0.06318588 0.1950357
158 27.06617 2.109602 -0.5481462 4.347165 3.265064 34.51134 -5.146612 -1.154419 -0.0461798 0.1858848
168 27.85615 2.221694 -0.510869 3.795507 1.902371 20.71561 -4.585882 -1.764936 -0.0420015 0.182848
173 27.61003 2.026308 -0.5118863 4.385031 1.403885 125.1061 -5.461263 -1.016907 -0.06241344 0.2119909
175 26.45852 2.080548 -0.5258181 3.927066 2.380451 29.88698 -5.469535 -1.616553 -0.050243 0.2104561
177 27.77088 2.088667 -0.5245182 4.281798 2.071724 200 -6.356469 -1.237687 -0.06583828 0.25448
178 27.68996 2.214932 -0.5116545 4.319669 1.65791 19.92647 -4.94915 -0.6783879 -0.05152956 0.1877972
180 27.33119 2.08141 -0.5056228 4.209494 1.786912 73.7836 -5.49308 0.02270837 -0.04720561 0.1931336
181 27.09506 2.041838 -0.518589 3.644591 1.73377 27.4806 -5.482841 -1.312669 -0.06750678 0.2353205
196 26.47796 2.035261 -0.5462399 4.076219 1.246098 200 -4.792371 -0.5058958 -0.04267612 0.1677962
197 27.33614 2.056882 -0.4956637 4.170268 2.22152 21.77437 -4.434177 -0.7987507 -0.04362414 0.1689863
198 27.22855 2.280786 -0.5311123 3.57656 1.975329 13.47664 -5.587344 -0.4686571 -0.04858492 0.2213718
199 27.67336 2.133573 -0.5133671 3.717644 2.150354 26.25256 -4.974138 -1.169218 -0.04052135 0.1823739
202 27.59539 2.01469 -0.4878484 4.376148 1.613441 42.0637 -5.640329 -0.4996436 -0.05433689 0.2011932
204 27.72947 2.12195 -0.4928215 4.563255 2.044387 200 -4.731141 -0.0712779 -0.0636944 0.1796828
211 27.14561 1.974553 -0.5064881 5.125107 1.855579 25.4064 -5.11384 -0.8600611 -0.04524821 0.1833938
213 27.29138 2.142883 -0.5312637 3.613502 2.072622 22.97978 -5.252135 -1.722778 -0.04458727 0.2119118
218 27.53398 2.153082 -0.5153222 4.444961 1.385943 38.53524 -5.756884 -1.253048 -0.04269356 0.2113243
219 27.1386 2.187759 -0.5310329 4.256893 1.813605 138.6421 -5.555843 -1.044343 -0.06862855 0.2269185
220 27.40428 2.010533 -0.5033068 4.517725 1.512387 65.60411 -4.944585 -1.177046 -0.02440636 0.1497472
221 27.52599 2.016206 -0.4912189 4.308991 1.833407 65.47648 -5.103981 -1.193224 -0.06324619 0.2074043
228 27.23407 2.150071 -0.5096732 4.417687 2.034246 24.25808 -5.69613 0.4140091 -0.0582066 0.213016
238 27.05192 1.887514 -0.4859605 4.167095 1.28814 24.60846 -5.475749 -0.4657904 -0.04585727 0.1968809
240 26.67687 2.082802 -0.5419418 4.688216 2.319332 63.12516 -5.046942 -1.129557 -0.0231136 0.1704385
244 27.64188 2.030222 -0.4992466 4.001673 2.275526 48.68455 -5.804615 -1.24619 -0.04569893 0.2053987
245 27.61173 2.035351 -0.499878 4.382517 2.080676 26.16891 -6.112249 -1.569561 -0.03969779 0.2134187
247 27.16268 2.043148 -0.5042628 4.167253 1.999726 98.78657 -4.989856 -1.031483 -0.05217741 0.1938864
253 28.22598 2.112381 -0.4726138 4.245354 1.91698 16.62155 -5.956768 0.1781504 -0.06540741 0.2195182
263 27.56974 2.047444 -0.4846971 4.448658 2.059629 30.67829 -5.00755 -0.01482124 -0.03689257 0.1582918
265 27.20743 2.108238 -0.5348962 4.318264 1.144486 16.91498 -4.777814 -1.091267 -0.02985798 0.1637471
266 27.39587 2.080318 -0.4949697 3.965329 1.43805 38.70007 -5.029296 -0.946203 -0.05046184 0.1848359
273 27.34329 2.076718 -0.5192185 4.36219 2.090644 200 -5.075888 -0.09889524 -0.05401803 0.1845548
274 27.16303 2.200071 -0.5458513 4.460651 2.749453 32.22969 -5.266263 -0.4208889 -0.06910134 0.1960732
281 27.08512 2.018466 -0.4903035 4.540341 2.515951 33.32681 -5.639761 -0.2045215 -0.05470969 0.2038746
289 27.29339 2.056626 -0.4847857 4.542658 1.498541 200 -6.338394 -0.1488794 -0.04401012 0.2268283
291 27.30805 2.125517 -0.5130543 3.667492 2.2832 19.13877 -5.167103 -1.424969 -0.03859181 0.2017871
293 26.88656 1.925781 -0.4922229 4.690746 1.585435 138.8834 -6.170814 -0.1304865 -0.05183919 0.2185742
294 27.37801 2.006712 -0.4910946 4.732192 1.417734 41.2042 -5.535825 -0.9625335 -0.05231736 0.1998125
295 27.53441 2.058683 -0.5070059 4.706256 2.929812 73.48068 -5.19113 -1.474399 -0.06353705 0.2217695
297 26.82075 2.074918 -0.5260868 4.48767 1.020756 200 -5.486199 -1.930767 -0.04234266 0.1941546
301 26.8746 2.197738 -0.542957 4.562287 1.620158 22.6384 -4.635595 -1.87932 -0.04167359 0.1792253
307 27.26881 2.092031 -0.5001307 4.455254 2.182433 24.90746 -5.075406 0.6495725 -0.04175517 0.1623364
315 26.78356 2.025103 -0.5338459 4.513636 1.962847 140.1077 -5.28403 -0.7027485 -0.05357764 0.1943691
317 27.53721 2.037529 -0.4986932 4.439618 1.701681 48.32528 -4.735876 -1.248773 -0.05146715 0.1689891
319 26.60352 2.045885 -0.5010928 4.181469 1.555328 86.19815 -5.080356 -0.7725895 -0.05452693 0.1913283
321 27.37703 2.085592 -0.5136335 3.656529 2.354586 13.63731 -5.098792 -0.8664069 -0.05925894 0.1901247
325 27.3665 2.028937 -0.5159203 4.586734 3.127031 200 -5.221598 -0.5511997 -0.05352336 0.201186
331 27.24513 2.141389 -0.5153602 3.943732 1.484873 28.25172 -4.481374 -1.128764 -0.05129415 0.1924723
338 27.23939 2.062382 -0.4957643 3.772785 2.419522 20.26363 -5.184221 -1.002427 -0.05564373 0.2144192
344 27.71117 2.144755 -0.5185569 3.635828 1.867524 13.2686 -4.559339 -0.2452951 -0.0566802 0.1840652
347 26.79158 2.18452 -0.5443509 4.772832 1.799105 200 -4.612385 -0.6761978 -0.06162175 0.1943521
349 26.71724 2.021896 -0.5016387 4.486335 2.025944 86.37784 -5.833369 -1.388923 -0.0601269 0.2241567
