1 51.66383 47.45135
6 34.44312 42.91584
7 41.3111 41.70637
10 41.2909 44.58035
11 37.50522 35.13711
14 35.29038 36.10796
24 34.77152 35.00919
27 52.46504 53.44733
33 48.6812 51.17392
35 48.75854 47.44448
38 48.08361 48.02984
40 38.58879 41.04596
45 31.81718 30.79625
53 41.41398 38.83363
55 35.32796 36.17291
56 44.51981 49.51756
58 34.84381 37.36083
59 50.43789 48.79574
61 36.50351 35.57097
62 43.16546 37.29914
64 38.89185 40.15563
67 29.53823 26.09801
68 47.93919 44.79435
70 41.12043 40.4608
72 39.21895 44.79594
74 43.92999 44.71075
76 33.09032 38.6196
77 51.67155 51.20533
86 28.2848 31.71507
89 35.72818 44.33437
94 39.83041 41.11418
95 36.83331 36.29299
102 39.24076 38.87936
108 44.70309 50.37006
109 46.86481 49.19855
110 40.67392 36.18189
111 35.53137 36.03807
112 46.83925 46.72179
113 35.05078 36.38987
120 39.09072 35.38972
127 35.47201 30.97863
131 36.4101 38.3881
137 51.54047 53.40045
138 34.23863 37.19782
140 51.13258 47.06761
142 42.8695 39.34854
145 68.60833 56.80822
147 46.9286 43.3717
150 37.29128 37.47001
158 47.93585 43.10895
168 31.81051 35.29969
173 50.59402 53.9145
175 126.708 129.6145
177 126.8567 116.5002
178 130.0327 125.2958
180 118.4834 114.4024
181 101.5356 98.53645
196 105.4642 107.1706
197 110.553 113.1398
198 94.27241 89.36071
199 131.2074 129.7276
202 149.3084 152.3514
204 129.6549 123.1089
211 125.1524 125.4136
213 106.8657 107.8777
218 130.0758 124.5799
219 119.9144 117.1676
220 157.0318 162.976
221 124.888 120.1567
228 96.13322 92.54764
238 116.7777 120.4018
240 107.0202 108.5134
244 147.3653 146.314
245 156.7831 149.7235
247 120.3907 117.8452
253 131.7766 131.818
263 136.5894 136.4482
265 123.7765 127.1258
266 122.4151 131.1658
273 120.9904 121.752
274 153.0485 150.2986
281 117.692 122.6186
289 114.0608 118.6039
291 96.11199 97.39277
293 121.1603 119.1081
294 147.5253 144.2806
295 101.8915 101.807
297 154.0431 160.7547
301 116.1841 108.1672
307 115.1951 118.4308
315 120.4472 126.5129
317 160.2271 165.3254
319 122.0673 122.4133
321 152.0693 142.0781
325 104.5398 107.6616
331 90.14916 89.86338
338 101.343 96.69312
344 98.42051 99.92613
347 102.2019 100.7211
349 147.5394 141.1046
