1 100050001
6 100050006
7 100050007
10 100050010
11 100050011
14 100050014
24 100050024
27 100050027
33 100050033
35 100050035
38 100050038
40 100050040
45 100050045
53 100050053
55 100050055
56 100050056
58 100050058
59 100050059
61 100050061
62 100050062
64 100050064
67 100050067
68 100050068
70 100050070
72 100050072
74 100050074
76 100050076
77 100050077
86 100050086
89 100050089
94 100050094
95 100050095
102 100050102
108 100050108
109 100050109
110 100050110
111 100050111
112 100050112
113 100050113
120 100050120
127 100050127
131 100050131
137 100050137
138 100050138
140 100050140
142 100050142
145 100050145
147 100050147
150 100050150
158 100050158
168 100050168
173 100050173
175 100050175
177 100050177
178 100050178
180 100050180
181 100050181
196 100050196
197 100050197
198 100050198
199 100050199
202 100050202
204 100050204
211 100050211
213 100050213
218 100050218
219 100050219
220 100050220
221 100050221
228 100050228
238 100050238
240 100050240
244 100050244
245 100050245
247 100050247
253 100050253
263 100050263
265 100050265
266 100050266
273 100050273
274 100050274
281 100050281
289 100050289
291 100050291
293 100050293
294 100050294
295 100050295
297 100050297
301 100050301
307 100050307
315 100050315
317 100050317
319 100050319
321 100050321
325 100050325
331 100050331
338 100050338
344 100050344
347 100050347
349 100050349
