2 956.7048 899.0818
3 987.1232 975.6551
5 985.0481 966.5275
7 1022.072 991.9187
9 935.1367 896.1781
10 1006.982 1003.778
11 998.6023 1001.275
12 962.0177 949.5089
13 1037.883 1032.099
14 1013.879 1010.43
17 908.0578 900.2334
18 894.6203 866.4455
19 965.2034 905.201
21 971.2364 939.7151
26 1018.472 1008.108
27 972.9177 955.5046
30 1001.055 984.9546
33 973.8836 971.8699
34 961.8824 963.8724
36 959.6303 955.8771
39 1006.402 960.808
40 997.9655 992.2472
41 908.9371 908.2242
42 998.81 993.4407
44 977.2278 969.8254
46 858.5453 850.9711
47 872.8929 854.4474
49 967.0529 957.4884
52 946.374 947.6641
61 982.3719 973.564
62 1055.933 1053.531
66 1004.452 909.9882
67 1017.305 1018.985
68 986.2746 961.7892
69 938.7321 900.286
71 935.7518 932.9047
72 997.7572 994.6548
73 896.4088 886.5831
74 916.8332 906.9393
81 819.2813 795.5601
84 920.9633 919.9862
85 869.7875 851.495
89 956.4562 929.9594
90 979.3036 966.3674
91 997.1628 984.8006
95 954.3761 921.559
100 997.1041 935.5029
101 971.2251 964.5639
102 876.5844 844.7424
104 987.3116 984.9424
105 925.469 917.8235
109 1050.941 1046.489
111 949.5102 938.9469
114 999.7287 953.1385
118 963.7549 956.7554
122 988.07 981.3011
126 990.3226 983.5672
129 960.6697 958.9258
131 1014.285 1015.977
135 919.6586 924.018
136 995.9814 987.0951
137 979.4337 970.5253
138 994.8581 991.5418
139 986.3947 985.8884
140 936.4984 927.8437
141 950.1758 902.6639
143 920.5304 906.3301
144 864.7879 856.8478
145 948.7074 937.3078
147 944.5587 928.4624
153 918.7778 890.1496
154 991.9783 988.7187
155 961.0114 890.6218
158 986.8106 948.0124
159 962.1936 953.9934
161 1027.846 1025.003
162 978.4305 929.5855
163 918.7221 907.0673
164 986.8983 986.9292
166 894.9306 860.3325
167 878.9799 863.3584
169 916.6549 887.625
170 957.9287 948.6622
171 861.0492 831.1216
172 942.5744 941.2384
173 988.0806 973.1034
176 954.131 939.4869
177 984.5032 970.8801
181 959.3064 950.0456
182 948.2596 950.4431
184 1051.924 1056.309
186 977.8674 976.5698
187 1071.27 1070.64
188 1006.248 985.3076
189 970.2892 969.2529
191 1027.706 1027.914
192 990.8354 989.5855
194 1009.798 1009.963
196 898.7856 875.3931
197 966.5996 949.5981
