2 968.8935 911.2706
3 999.312 987.8439
5 997.2368 978.7162
7 1034.26 1004.107
9 947.3254 908.3668
10 1019.17 1015.967
11 1010.791 1013.464
12 974.2065 961.6976
13 1050.072 1044.288
14 1026.068 1022.619
17 920.2465 912.4222
18 906.809 878.6343
19 977.3922 917.3897
21 983.4252 951.9038
26 1030.661 1020.297
27 985.1064 967.6933
30 1013.244 997.1434
33 986.0724 984.0587
34 974.0712 976.0611
36 971.8191 968.0658
39 1018.591 972.9968
40 1010.154 1004.436
41 921.1258 920.413
42 1010.999 1005.629
44 989.4165 982.0141
46 870.734 863.1599
47 885.0817 866.6362
49 979.2417 969.6772
52 958.5628 959.8528
61 994.5606 985.7527
62 1068.122 1065.72
66 1016.641 922.1769
67 1029.494 1031.174
68 998.4634 973.9779
69 950.9209 912.4747
71 947.9406 945.0935
72 1009.946 1006.844
73 908.5975 898.7718
74 929.022 919.128
81 831.4701 807.7489
84 933.1521 932.175
85 881.9762 863.6838
89 968.645 942.1481
90 991.4924 978.5562
91 1009.352 996.9893
95 966.5649 933.7478
100 1009.293 947.6917
101 983.4139 976.7527
102 888.7732 856.9311
104 999.5003 997.1312
105 937.6577 930.0122
109 1063.129 1058.678
111 961.6989 951.1357
114 1011.917 965.3272
118 975.9437 968.9441
122 1000.259 993.4899
126 1002.511 995.7559
129 972.8585 971.1146
131 1026.473 1028.165
135 931.8473 936.2068
136 1008.17 999.2838
137 991.6224 982.7141
138 1007.047 1003.731
139 998.5835 998.0771
140 948.6872 940.0325
141 962.3646 914.8527
143 932.7192 918.5189
144 876.9766 869.0366
145 960.8962 949.4966
147 956.7475 940.6512
153 930.9666 902.3383
154 1004.167 1000.907
155 973.2001 902.8105
158 998.9994 960.2011
159 974.3824 966.1821
161 1040.035 1037.192
162 990.6192 941.7742
163 930.9109 919.2561
164 999.0871 999.118
166 907.1194 872.5213
167 891.1686 875.5471
169 928.8436 899.8137
170 970.1174 960.851
171 873.2379 843.3104
172 954.7632 953.4272
173 1000.269 985.2921
176 966.3197 951.6757
177 996.6919 983.0689
181 971.4951 962.2344
182 960.4483 962.6319
184 1064.113 1068.498
186 990.0561 988.7586
187 1083.459 1082.829
188 1018.437 997.4964
189 982.4779 981.4416
191 1039.895 1040.103
192 1003.024 1001.774
194 1021.987 1022.151
196 910.9744 887.5818
197 978.7884 961.7868
