2 0.52
3 0.44
5 0.44
7 0.4
9 0.52
10 0.36
11 0.36
12 0.4
13 0.36
14 0.24
17 0.48
18 0.64
19 0.52
21 0.52
26 0.4
27 0.36
30 0.48
33 0.4
34 0.48
36 0.48
39 0.48
40 0.4
41 0.48
42 0.36
44 0.44
46 0.56
47 0.64
49 0.56
52 0.44
61 0.32
62 0.32
66 0.56
67 0.4
68 0.4
69 0.6
71 0.4
72 0.4
73 0.56
74 0.48
81 0.64
84 0.56
85 0.64
89 0.52
90 0.4
91 0.4
95 0.48
100 0.52
101 0.48
102 0.64
104 0.32
105 0.44
109 0.36
111 0.56
114 0.52
118 0.4
122 0.36
126 0.44
129 0.44
131 0.28
135 0.44
136 0.48
137 0.4
138 0.4
139 0.48
140 0.48
141 0.52
143 0.48
144 0.52
145 0.44
147 0.48
153 0.48
154 0.4
155 0.56
158 0.48
159 0.44
161 0.32
162 0.52
163 0.6
164 0.44
166 0.56
167 0.56
169 0.56
170 0.4
171 0.64
172 0.44
173 0.44
176 0.48
177 0.44
181 0.4
182 0.36
184 0.28
186 0.4
187 0.2
188 0.4
189 0.44
191 0.32
192 0.36
194 0.36
196 0.6
197 0.52
