2 1000 1000
3 1000 1000
5 1000 1000
7 1000 1000
9 1000 1000
10 1000 1000
11 1000 1000
12 1000 1000
13 1000 1000
14 1000 1000
17 1000 1000
18 1000 1000
19 1000 1000
21 1000 1000
26 1000 1000
27 1000 1000
30 1000 1000
33 1000 1000
34 1000 1000
36 1000 1000
39 1000 1000
40 1000 1000
41 1000 1000
42 1000 1000
44 1000 1000
46 1000 1000
47 1000 1000
49 1000 1000
52 1000 1000
61 1000 1000
62 1000 1000
66 1000 1000
67 1000 1000
68 1000 1000
69 1000 1000
71 1000 1000
72 1000 1000
73 1000 1000
74 1000 1000
81 1000 1000
84 1000 1000
85 1000 1000
89 1000 1000
90 1000 1000
91 1000 1000
95 1000 1000
100 1000 1000
101 1000 1000
102 1000 1000
104 1000 1000
105 1000 1000
109 1000 1000
111 1000 1000
114 1000 1000
118 1000 1000
122 1000 1000
126 1000 1000
129 1000 1000
131 1000 1000
135 1000 1000
136 1000 1000
137 1000 1000
138 1000 1000
139 1000 1000
140 1000 1000
141 1000 1000
143 1000 1000
144 1000 1000
145 1000 1000
147 1000 1000
153 1000 1000
154 1000 1000
155 1000 1000
158 1000 1000
159 1000 1000
161 1000 1000
162 1000 1000
163 1000 1000
164 1000 1000
166 1000 1000
167 1000 1000
169 1000 1000
170 1000 1000
171 1000 1000
172 1000 1000
173 1000 1000
176 1000 1000
177 1000 1000
181 1000 1000
182 1000 1000
184 1000 1000
186 1000 1000
187 1000 1000
188 1000 1000
189 1000 1000
191 1000 1000
192 1000 1000
194 1000 1000
196 1000 1000
197 1000 1000
