2 -468.3524 -439.5409
3 -483.5616 -477.8275
5 -482.524 -473.2637
7 -501.0358 -485.9594
9 -457.5683 -438.089
10 -493.4908 -491.889
11 -489.3012 -490.6377
12 -471.0089 -464.7544
13 -508.9417 -506.0496
14 -496.9397 -495.2152
17 -444.0289 -440.1167
18 -437.3101 -423.2228
19 -472.6017 -442.6005
21 -475.6182 -459.8575
26 -499.2359 -494.054
27 -476.4588 -467.7523
30 -490.5277 -482.4773
33 -476.9418 -475.935
34 -470.9412 -471.9362
36 -469.8152 -467.9385
39 -493.201 -470.404
40 -488.9828 -486.1236
41 -444.4685 -444.1121
42 -489.405 -486.7204
44 -478.6139 -474.9127
46 -419.2726 -415.4856
47 -426.4465 -417.2237
49 -473.5265 -468.7442
52 -463.187 -463.832
61 -481.1859 -476.782
62 -517.9667 -516.7657
66 -492.2261 -444.9941
67 -498.6525 -499.4924
68 -483.1373 -470.8946
69 -459.3661 -440.143
71 -457.8759 -456.4524
72 -488.8786 -487.3274
73 -438.2044 -433.2915
74 -448.4166 -443.4696
81 -399.6407 -387.7801
84 -450.4816 -449.9931
85 -424.8937 -415.7475
89 -468.2281 -454.9797
90 -479.6518 -473.1837
91 -488.5814 -482.4003
95 -467.1881 -450.7795
100 -488.552 -457.7515
101 -475.6126 -472.282
102 -428.2922 -412.3712
104 -483.6558 -482.4712
105 -452.7345 -448.9117
109 -515.4703 -513.2444
111 -464.7551 -459.4735
114 -489.8644 -466.5692
118 -471.8775 -468.3777
122 -484.035 -480.6506
126 -485.1613 -481.7836
129 -470.3349 -469.4629
131 -497.1423 -497.9884
135 -449.8293 -452.009
136 -487.9907 -483.5475
137 -479.7168 -475.2627
138 -487.429 -485.7709
139 -483.1974 -482.9442
140 -458.2492 -453.9219
141 -465.0879 -441.332
143 -450.2652 -443.1651
144 -422.3939 -418.4239
145 -464.3537 -458.6539
147 -462.2794 -454.2312
153 -449.3889 -435.0748
154 -485.9891 -484.3593
155 -470.5057 -435.3109
158 -483.4053 -464.0062
159 -471.0968 -466.9967
161 -503.9229 -502.5016
162 -479.2152 -454.7927
163 -449.3611 -443.5337
164 -483.4492 -483.4646
166 -437.4653 -420.1662
167 -429.4899 -421.6792
169 -448.3274 -433.8125
170 -468.9643 -464.3311
171 -420.5246 -405.5608
172 -461.2872 -460.6192
173 -484.0403 -476.5517
176 -467.0655 -459.7435
177 -482.2516 -475.4401
181 -469.6532 -465.0228
182 -464.1298 -465.2216
184 -515.9619 -518.1546
186 -478.9337 -478.2849
187 -525.6351 -525.32
188 -493.1239 -482.6538
189 -475.1446 -474.6264
191 -503.853 -503.9572
192 -485.4177 -484.7927
194 -494.8991 -494.9813
196 -439.3928 -427.6965
197 -473.2998 -464.799
