2 5.065365 4.639128
3 6.261316 5.627932
5 4.372058 4.974141
7 6.335807 5.984142
9 6.60832 6.247139
10 5.841902 6.493921
11 5.604487 5.698297
12 6.918211 6.035538
13 4.949606 4.555534
14 6.41085 6.540954
17 6.968074 7.104261
18 4.620177 4.637174
19 4.28194 4.207576
21 4.690183 4.848994
26 5.002333 4.712388
27 6.417985 6.422099
30 6.353329 6.147918
33 6.335904 7.245103
34 4.872311 5.142943
36 4.818207 4.489509
39 5.657534 6.122164
40 5.966369 6.572461
41 6.467466 6.794952
42 6.492897 5.968183
44 5.929531 6.151799
46 5.510173 5.440185
47 4.882737 4.732647
49 5.573404 5.21005
52 5.47267 5.495101
61 5.230972 4.959127
62 4.834524 5.051035
66 6.460584 6.132413
67 5.103078 4.993378
68 6.012803 5.792472
69 3.498659 3.138298
71 6.088607 5.891768
72 5.385076 5.311684
73 5.876708 5.480756
74 5.563501 5.417339
81 5.776564 6.161557
84 5.515866 5.675832
85 5.246586 5.257196
89 5.096673 4.895121
90 4.20238 3.711487
91 4.365837 4.131482
95 4.789894 4.523316
100 6.319088 5.972033
101 4.705282 4.978457
102 5.707543 5.73282
104 5.851336 5.374338
105 5.318701 5.497597
109 4.276311 3.767676
111 6.061212 6.635457
114 5.788823 5.696384
118 5.292946 5.093566
122 6.295433 5.855003
126 5.419652 5.265024
129 6.12836 5.786967
131 4.805024 4.952405
135 6.375461 5.879306
136 4.816343 4.840815
137 5.234941 5.438416
138 5.070101 5.526212
139 5.073889 5.379388
140 6.682508 6.029157
141 5.480207 4.977138
143 5.8077 6.234398
144 4.493478 4.333345
145 6.367381 5.784797
147 6.279586 6.583592
153 4.578846 4.493447
154 5.536418 5.164374
155 5.651748 5.394837
158 5.016658 4.77298
159 5.536604 5.10972
161 5.131105 5.00782
162 5.716205 5.563205
163 6.714551 6.613336
164 5.634842 5.759593
166 5.948793 6.29534
167 4.845932 4.57547
169 4.818483 4.819013
170 6.376814 6.349581
171 5.436061 5.365275
172 5.258842 4.999655
173 5.28958 5.026612
176 5.463591 5.603177
177 5.84944 5.920346
181 5.95606 6.465243
182 6.196281 5.795655
184 4.38109 4.202249
186 5.059492 5.05464
187 6.206335 6.361109
188 4.80812 5.037773
189 4.483459 4.754041
191 6.62334 6.242487
192 5.682519 5.676046
194 4.749556 4.617348
196 5.586498 5.549375
197 7.937296 7.648534
