2 0.229721 0.2116932
3 0.2669597 0.2408717
5 0.201608 0.2274354
7 0.2905993 0.2731743
9 0.3026606 0.2866066
10 0.2639349 0.2946492
11 0.2660828 0.2692921
12 0.3232634 0.2833396
13 0.2472297 0.2269872
14 0.2929942 0.2979783
17 0.3094952 0.3147107
18 0.2120425 0.2127067
19 0.2020934 0.2000599
21 0.2226545 0.2281144
26 0.2427148 0.228647
27 0.2963117 0.2944393
30 0.2868209 0.2781109
33 0.2717596 0.3107371
34 0.2232974 0.2360013
36 0.2125904 0.1984373
39 0.2466489 0.264677
40 0.2771074 0.3069102
41 0.2948049 0.3072359
42 0.2965466 0.2732496
44 0.2791873 0.2911233
46 0.2523727 0.2492514
47 0.228772 0.2230613
49 0.2578925 0.2427769
52 0.2539424 0.258728
61 0.2462037 0.2348047
62 0.2161507 0.2240836
66 0.2966547 0.2791226
67 0.2355629 0.2343895
68 0.2818816 0.2708691
69 0.1658266 0.1467916
71 0.2798659 0.2710294
72 0.2580159 0.253616
73 0.2598024 0.242541
74 0.2569652 0.247461
81 0.2612084 0.2806134
84 0.2637043 0.27125
85 0.2288012 0.2300821
89 0.2478828 0.2376852
90 0.2029025 0.1812136
91 0.1999596 0.1932952
95 0.2114304 0.2012906
100 0.29573 0.2809652
101 0.2175041 0.2285973
102 0.2712862 0.2743713
104 0.2678743 0.2479596
105 0.2370577 0.2442508
109 0.1921812 0.1706145
111 0.2801716 0.3064436
114 0.2665844 0.2655313
118 0.2383384 0.2319878
122 0.2896634 0.2733613
126 0.248219 0.24166
129 0.2751253 0.2616375
131 0.2307007 0.2379573
135 0.3016271 0.2816828
136 0.2095476 0.2116734
137 0.2402073 0.2493716
138 0.2328055 0.2535597
139 0.2314734 0.2401879
140 0.2981254 0.2674208
141 0.2545738 0.2320669
143 0.2786019 0.297388
144 0.2062249 0.1988616
145 0.2864318 0.2625887
147 0.2868245 0.299205
153 0.2087097 0.207126
154 0.2645031 0.2493836
155 0.2567262 0.2434351
158 0.2436175 0.2325939
159 0.2491852 0.2293271
161 0.2370018 0.2323496
162 0.2648245 0.2582428
163 0.2992188 0.2951692
164 0.2507489 0.2596307
166 0.2659853 0.2796595
167 0.2179075 0.2064253
169 0.2362099 0.2376548
170 0.3009807 0.2988706
171 0.2567721 0.2527388
172 0.235063 0.2255096
173 0.2411113 0.2306081
176 0.2535431 0.2582368
177 0.2628633 0.2636751
181 0.2729328 0.295077
182 0.2995519 0.2802543
184 0.2095396 0.1983581
186 0.2284726 0.2301428
187 0.2960523 0.3048898
188 0.2237751 0.232737
189 0.2079606 0.2224605
191 0.3275087 0.3077365
192 0.2614364 0.2636324
194 0.2123965 0.2055012
196 0.256021 0.2557298
197 0.3608674 0.3489265
