2 27.52233 1.944473 -0.4855696 3.709878 1.923946 -3.629367 -0.5125003 -0.07093767 0.2105682
3 29.07107 2.317484 -0.481021 3.989405 5.269919 -2.730488 -1.271833 -0.03910777 0.1392406
5 26.91323 2.044011 -0.511933 4.223578 4.402595 -5.441174 -1.799919 -0.08385568 0.2971336
7 28.19536 2.085509 -0.4702044 3.767472 4.323368 -5.539816 -0.815474 -0.09155814 0.2732679
9 28.3744 2.04111 -0.5030356 3.577643 1.756915 -5.830709 0.4681367 -0.09845161 0.2861904
10 28.57302 1.963813 -0.4698101 3.986659 3.459229 -4.547785 -2.628921 -0.108074 0.2702073
11 27.33278 2.198418 -0.544807 4.349495 2.846702 -3.771487 -1.33395 -0.06466525 0.1890694
12 27.67919 2.183481 -0.5213774 4.256758 1.678219 -3.86176 -2.29018 -0.08466645 0.2370505
13 26.30422 1.798405 -0.4964287 4.582195 1.715793 -3.596407 -0.8473201 -0.04274016 0.1577915
14 27.89219 2.222506 -0.522521 3.447352 2.666471 -6.527486 -0.1684778 -0.1079805 0.2920769
17 29.16397 2.284206 -0.5075867 3.100699 2.80775 -5.548291 -0.3841412 -0.1562394 0.3326137
18 27.38379 2.07223 -0.510759 4.1927 2.757563 -3.759151 -1.684371 -0.04391446 0.2208651
19 26.59895 2.000971 -0.4855965 3.392224 3.116463 -3.354822 -0.7461276 -0.07803792 0.2060022
21 26.82001 2.029737 -0.5121156 3.780841 0.8375598 -4.373363 -0.08814606 -0.06909426 0.2145284
26 26.47171 2.347937 -0.5679434 4.755347 1.864919 -3.772636 0.3118132 -0.03926538 0.1494588
27 27.9031 2.16792 -0.4850816 3.359237 4.008286 -4.712839 -1.732415 -0.1095147 0.271899
30 28.31403 2.148158 -0.4804437 4.534663 2.229014 -6.856027 -1.469415 -0.07532332 0.3110415
33 29.30262 2.186049 -0.4621288 3.846628 3.302056 -8.74127 -1.073875 -0.1689376 0.4464511
34 27.39917 2.158432 -0.5448438 4.190207 1.698004 -4.719844 0.4786052 -0.06288278 0.2030134
36 27.3483 2.256543 -0.5113217 3.745444 2.336491 -3.907189 -1.246176 -0.03528106 0.1822241
39 28.47036 2.268702 -0.5203903 4.745725 2.679642 -5.202729 -0.5912485 -0.07442541 0.2513334
40 28.07983 2.211112 -0.5107205 4.292436 2.325003 -5.26213 -1.327722 -0.1096177 0.2895714
41 28.65364 2.269598 -0.5164675 3.676355 3.042516 -5.487988 -3.063997 -0.1217565 0.3299711
42 27.65189 2.163652 -0.5005168 3.656951 2.666558 -5.16151 -1.122818 -0.07193963 0.2433628
44 27.50456 2.231522 -0.5352959 4.013418 4.002645 -3.999478 -0.8648466 -0.06852015 0.2052618
46 28.42228 2.207919 -0.4592517 3.541539 2.462296e-08 -4.323975 -1.110871 -0.1033545 0.266448
47 27.07087 2.294839 -0.5028417 4.016335 1.92619 -3.63372 -0.6985946 -0.1051698 0.2576658
49 27.3813 2.103803 -0.5221852 4.486786 1.33369 -4.667251 -0.4522238 -0.0476949 0.2116831
52 27.61716 2.28013 -0.5346315 3.97794 2.46969 -3.745819 -1.24519 -0.0773919 0.2081744
61 27.11214 1.963902 -0.5184322 4.076047 1.872664 -2.899699 -3.377025 -0.06128959 0.1822606
62 27.33175 2.009129 -0.4961809 4.691823 1.304977 -7.46919 -1.305028 -0.04575532 0.3071339
66 28.64165 2.136105 -0.49633 4.081348 1.65125 -5.04241 -1.983035 -0.07194016 0.2823327
67 26.59986 1.99632 -0.4954625 3.844145 4.522384 -4.268325 0.6255795 -0.01705725 0.1307032
68 27.35866 2.070225 -0.4994224 4.427159 1.712183 -4.326223 -2.390589 -0.0975402 0.2707182
69 25.02159 2.113417 -0.5960319 3.62577 1.750255 -3.417718 0.064102 -0.0158383 0.1468062
71 28.08898 2.298857 -0.5047589 3.298548 4.078715 -3.362854 -1.778235 -0.0754452 0.1978561
72 27.51031 2.070509 -0.5383486 4.323933 1.818577 -3.692902 -2.252648 -0.06164217 0.2051485
73 29.01565 2.077183 -0.4747736 3.309102 1.308399 -4.247475 -2.072436 -0.05052848 0.219919
74 27.95263 2.170108 -0.4949368 3.561841 2.071276 -3.884553 -1.214752 -0.08744932 0.2385535
81 29.17672 2.404548 -0.4961745 3.857385 1.974462e-08 -3.914611 -1.264423 -0.08502016 0.2460435
84 27.71198 2.125027 -0.4933975 3.634435 3.034554 -5.697971 0.2633992 -0.09563562 0.283157
85 29.1496 2.342355 -0.4613935 4.246102 1.323018 -3.288962 -2.122172 -0.06386706 0.2156496
89 26.42729 1.870295 -0.478063 4.146801 0.7975363 -4.790471 -0.8124556 -0.04363492 0.2323152
90 26.68482 1.850322 -0.4980416 3.697899 2.362554 -3.07522 -1.9025 -0.03306175 0.1511652
91 26.66659 2.04482 -0.52647 4.12441 1.186154 -4.82474 -0.7557147 -0.05047158 0.2159661
95 27.94401 1.930563 -0.4635768 3.704296 1.446392 -3.810748 -0.912962 -0.0524479 0.1944892
100 27.90555 2.214864 -0.5058852 4.372207 2.744445 -4.063872 -1.301882 -0.08526166 0.2418409
101 26.50251 2.37928 -0.5745851 4.206535 2.3854 -7.030809 -1.238785 -0.05983357 0.3203836
102 28.13881 2.230127 -0.4987159 3.285687 3.054618 -4.147647 -2.300292 -0.06459055 0.2373239
104 27.58713 2.162651 -0.4953699 3.562659 2.070578 -4.254694 -0.8354065 -0.08753203 0.2238156
105 28.65317 2.193788 -0.4927258 3.81247 2.061507 -3.911574 -3.980218 -0.05912104 0.2344151
109 26.0485 2.089976 -0.5852893 5.149075 1.024874 -5.288447 -1.271131 -0.03798165 0.2300204
111 29.02658 2.190943 -0.4814951 4.768693 1.923043 -5.049143 -0.8513022 -0.1079647 0.2876481
114 28.01626 2.280689 -0.4893694 4.647039 1.329107 -4.165898 -1.051492 -0.0924861 0.2440325
118 27.68174 2.093239 -0.5066138 3.651718 2.230029 -4.223129 -0.305242 -0.08723863 0.2220599
122 28.25617 2.201559 -0.4787158 3.593843 1.600594 -4.297518 -1.694966 -0.08276361 0.2264216
126 27.38822 2.127717 -0.4925519 4.560307 1.417581 -4.700334 -1.429544 -0.06422207 0.2346616
129 28.20767 2.460135 -0.5444752 3.772671 3.29906 -4.306343 -1.345724 -0.07855295 0.2341965
131 26.54558 2.053997 -0.5232021 3.920353 2.550276 -5.262791 0.04721394 -0.08542497 0.2405098
135 27.54514 2.1414 -0.5088565 3.705892 2.630119 -3.730117 -2.350442 -0.04935239 0.203701
136 28.11409 2.116442 -0.5041015 4.481402 1.558568 -5.311502 -1.633675 -0.06130165 0.2587025
137 27.6331 2.210324 -0.5003179 4.108138 2.213334 -4.538103 -1.16527 -0.09971554 0.254617
138 27.55513 2.126071 -0.4831039 4.10948 1.74733 -4.874616 -1.898481 -0.08247639 0.2612985
139 27.84091 2.035161 -0.5050159 4.29513 2.991085 -5.14374 -0.006745381 -0.06603501 0.2293101
140 28.34325 2.16695 -0.4698103 3.468155 2.875276 -4.90912 -2.045436 -0.08710222 0.2786171
141 27.15199 2.055051 -0.5282724 4.217616 0.001494197 -5.090755 -1.331903 -0.03499967 0.2424368
143 27.64907 2.317795 -0.5211951 3.772313 1.827986 -4.176706 -1.681353 -0.08148029 0.243566
144 27.38771 2.234519 -0.5479201 3.70353 1.585852e-08 -3.223744 -0.136849 -0.05067474 0.1670361
145 27.93258 2.240865 -0.5262416 3.322191 2.307563 -6.109578 -0.139823 -0.08714524 0.2861061
147 28.58962 2.224173 -0.4928569 3.322082 3.878113 -4.22629 -1.7641 -0.08869109 0.2448045
153 27.19429 1.992049 -0.5261166 3.976585 1.137689e-07 -4.635122 -0.5170036 -0.07924526 0.2463693
154 27.31111 2.007394 -0.5145887 3.762765 2.198705 -4.083949 0.1448609 -0.04648161 0.165987
155 27.52913 2.238091 -0.5269729 3.493871 3.408976 -5.922378 -1.425148 -0.1167006 0.3387087
158 27.01709 2.10794 -0.5134383 4.418957 0.800367 -3.911978 0.4042713 -0.06515465 0.1895205
159 27.60454 2.052566 -0.4952984 3.94803 2.67091 -5.467183 -2.099204 -0.1043925 0.3040662
161 26.99365 2.197022 -0.5439247 4.380924 1.565164 -4.268886 0.2084405 -0.04999535 0.1657098
162 27.06164 2.076359 -0.5149618 3.535238 1.829901 -7.242515 0.0007853986 -0.08217789 0.332314
163 28.95677 2.291748 -0.4180233 3.529893 3.275427 -4.029438 -0.279678 -0.07906161 0.2198899
164 27.67899 2.116188 -0.5042361 3.914762 3.210768 -5.455551 0.3046049 -0.08679254 0.2493908
166 29.10811 2.211134 -0.466492 3.657659 2.649583 -4.044217 -1.012938 -0.1289952 0.2820192
167 26.93821 2.087466 -0.4937766 3.449336 4.133297 -3.789589 -1.695432 -0.08634474 0.240868
169 26.69485 2.139941 -0.5778586 3.792123 0.05650372 -3.644862 -0.002297397 -0.0274244 0.1572571
170 27.62492 2.204084 -0.5263323 3.795109 2.606421 -4.601606 -0.9954219 -0.0923125 0.2543098
171 27.3055 2.092093 -0.5173312 3.404231 1.132892 -4.836422 1.15019 -0.07545996 0.2409399
172 28.03106 2.364237 -0.4993999 3.693942 1.508562 -3.456995 -1.515612 -0.04976489 0.1822649
173 27.25405 2.080291 -0.50035 3.880315 2.02468 -4.654497 0.37183 -0.05265513 0.1930992
176 27.42259 2.228963 -0.5408854 3.898028 3.964618 -5.553545 -1.400821 -0.06954559 0.272128
177 27.56267 2.176646 -0.5294923 3.799711 6.447054 -5.460599 -0.3801097 -0.07245531 0.2505471
181 28.58364 2.205424 -0.456681 3.73204 2.653297 -4.129263 -1.090738 -0.1024956 0.2332018
182 27.41011 1.98775 -0.4969079 3.609971 1.865709 -3.804924 -2.658722 -0.0724242 0.2139306
184 26.69285 2.055297 -0.5023391 4.409407 2.770503 -3.935346 -1.827964 -0.07212479 0.1924653
186 27.99013 2.061354 -0.5097114 4.240809 1.231757 -3.541089 -1.013741 -0.0576258 0.1740212
187 27.35366 2.324437 -0.5446336 4.602946 1.556124 -5.087492 -0.7233547 -0.05291074 0.1941592
188 27.40946 1.960132 -0.5116087 4.279959 2.249926 -4.492638 1.007327 -0.06168547 0.1824432
189 25.90705 2.149379 -0.59498 4.085246 2.206988 -6.546972 -1.927176 -0.01258889 0.264355
191 27.04057 2.096012 -0.5162317 4.294092 2.830218 -4.116658 -1.413411 -0.06917616 0.2083208
192 27.8439 2.284502 -0.509309 4.036047 2.847071 -4.078463 -0.8059589 -0.08857632 0.218334
194 26.9966 1.891207 -0.4954435 4.2185 1.378808 -7.408137 -1.475293 -0.1296434 0.385219
196 27.50721 2.100975 -0.4979731 3.693057 2.871522 -4.258531 -0.7616249 -0.07838088 0.2411535
197 29.49217 2.220221 -0.4815047 4.188382 2.72677 -6.20371 0.04385269 -0.09910953 0.2926439
