2 27.80674 2.363674 -0.5149617 0.8383266 0.5357933 2 -4.178715 -0.5596095 -0.09519571 0.2525034
3 29.3084 2.25306 -0.4764043 3.103049 3.822427 8.424141 -3.281063 -1.284471 -0.05322123 0.1709353
5 26.83889 1.98292 -0.5024938 2.838422 2.400109 6.562686 -4.684758 -1.862836 -0.05994072 0.2509017
7 28.58606 2.142182 -0.4676324 1.224398 1.968434 2 -5.96076 -0.8783921 -0.1211361 0.3141197
9 28.48857 2.130207 -0.5120853 1.283336 1.001662 2 -6.103572 0.4457073 -0.1056742 0.3015483
10 28.45299 1.948554 -0.476724 3.384742 2.242993 12.83953 -3.949304 -2.641041 -0.07351553 0.2194602
11 27.31742 2.213117 -0.5527344 2.477412 2.657077 4.675078 -3.727059 -1.381167 -0.061193 0.1849469
12 28.21202 2.323742 -0.5261708 2.731114 2.09713 6.525535 -4.452025 -2.287276 -0.1069705 0.2757736
13 26.41766 1.88117 -0.4984864 4.622122 1.665213 200 -3.502065 -0.8372716 -0.04379302 0.1546098
14 27.85198 2.170845 -0.5176368 3.451257 2.732522 190.1574 -6.623262 -0.1930052 -0.1149345 0.3026809
17 29.07414 2.289 -0.5129137 2.325781 2.011911 8.582388 -5.609596 -0.5056721 -0.1581625 0.3398725
18 27.37348 2.122242 -0.524127 1.448103 0.6532188 2 -3.675387 -1.633097 -0.0352845 0.2096601
19 26.20888 2.383708 -0.520818 0.5020039 0.6967844 2 -3.268492 -0.7269607 -0.08290546 0.2064063
21 26.77319 2.028505 -0.5211588 1.267057 0.3940796 2 -4.429367 -0.1096362 -0.06819953 0.2167783
26 26.76914 2.294768 -0.5561813 2.986199 1.764839 5.949327 -4.100298 0.2756377 -0.04903237 0.1714116
27 27.74412 2.254978 -0.4973382 2.17462 2.444849 5.247518 -4.697761 -1.654067 -0.1044891 0.2661774
30 28.30846 2.305406 -0.4913999 3.255814 2.092946 7.50642 -7.060117 -1.374236 -0.06977057 0.3108196
33 29.13196 2.149243 -0.4570777 2.645907 1.608223 7.82277 -7.30664 -1.107738 -0.1251146 0.3620271
34 27.32978 2.1494 -0.5441125 3.340064 1.767085 17.63969 -4.506664 0.5251281 -0.0571611 0.1891239
36 27.44965 2.285285 -0.5166384 3.303742 2.408208 22.82401 -4.297265 -1.22615 -0.04873209 0.2077817
39 28.29043 2.1359 -0.5116443 1.163085 0.9106251 2 -4.666799 -0.6421518 -0.06297415 0.2243053
40 27.9641 2.181097 -0.5063406 3.86956 1.695745 34.49237 -4.509004 -1.352891 -0.08554709 0.2423469
41 28.66029 2.294193 -0.511768 3.667098 2.179921 188.0792 -4.687212 -3.050029 -0.0919266 0.2756328
42 27.88448 2.268861 -0.5082415 3.33075 2.977694 25.2039 -5.972443 -1.15688 -0.1052333 0.3013274
44 27.57691 2.259228 -0.5277018 3.574077 3.163656 26.17361 -3.673649 -0.8738795 -0.0621134 0.1880398
46 28.50059 2.257301 -0.4646383 3.27433 2.257803e-08 20.79993 -4.61986 -1.084717 -0.1154542 0.2873651
47 27.26813 2.308889 -0.4896879 1.382191 0.7915464 2 -3.806352 -0.5948818 -0.1152721 0.2711714
49 27.55971 2.132927 -0.5200365 3.568471 1.990353 13.00457 -4.991643 -0.4788448 -0.0663877 0.2404184
52 27.62341 2.216421 -0.5308761 3.740386 2.633875 71.20956 -3.89877 -1.274744 -0.08474464 0.2211272
61 27.21925 2.024863 -0.5167161 2.98417 1.741719 8.330228 -3.07116 -3.408138 -0.07137651 0.1977931
62 27.21495 1.983371 -0.49655 4.655215 1.045781 105.3396 -7.104356 -1.300951 -0.02853897 0.2797927
66 28.72939 2.497393 -0.5273982 0.4191688 0.1828354 2 -4.903596 -1.866799 -0.07459383 0.2760847
67 26.85421 2.170334 -0.5076766 3.640561 3.218173 40.0209 -4.470599 0.6570595 -0.02492272 0.1440765
68 27.50594 2.247375 -0.5101856 2.718194 1.359938 5.309458 -4.236241 -2.389344 -0.09533056 0.2648972
69 25.5603 2.633829 -0.6447487 0.9481967 0.3129842 2 -4.360288 0.08879378 -0.04963648 0.2136623
71 28.1914 2.410531 -0.5104764 3.4287 4.147439 200 -3.558437 -1.850518 -0.08724172 0.2165967
72 27.53027 2.136426 -0.5488301 3.106814 1.592062 8.063495 -3.823143 -2.206314 -0.06552948 0.2121015
73 29.1389 2.093652 -0.472928 2.354116 1.754038 7.744727 -4.612339 -2.066063 -0.06587595 0.2457975
74 27.7688 2.334426 -0.5200231 1.669221 1.684057 3.074153 -4.365429 -1.276576 -0.09969313 0.268573
81 29.19396 2.463414 -0.5033693 1.419162 9.920733e-09 2 -3.692473 -1.205639 -0.07558375 0.229305
84 27.60218 2.112651 -0.4963899 3.60017 3.007651 200 -5.800886 0.3619824 -0.09900769 0.2884726
85 29.27053 2.322905 -0.4764494 1.893861 0.8715362 2.66594 -3.70518 -2.109311 -0.08232679 0.2466786
89 26.6484 2.085902 -0.5035298 1.580897 0.4883018 2.31295 -4.924081 -0.790584 -0.04846883 0.2400225
90 27.12065 1.985851 -0.5045525 2.825859 1.577509 9.531597 -3.534579 -1.921007 -0.05246276 0.1851215
91 26.99318 2.009005 -0.5191979 2.343802 0.9888072 4.967232 -5.359594 -0.7068892 -0.06698582 0.2490324
95 27.98805 2.167374 -0.4793835 1.55924 1.036105 2.839741 -4.065094 -0.8707563 -0.06408031 0.213343
100 27.98433 2.278126 -0.5101324 0.6339943 0.545982 2 -4.391664 -1.230135 -0.09793298 0.2632731
101 26.25648 2.343134 -0.5834744 3.124818 1.634037 8.559122 -6.561645 -1.319824 -0.04033554 0.2881439
102 28.26327 2.406141 -0.5074162 1.184973 1.215693 2 -3.909966 -2.263399 -0.05725477 0.2215257
104 27.67206 2.211596 -0.5013799 3.62252 2.71101 200 -4.574763 -0.8697177 -0.09371352 0.2412354
105 28.71066 2.209164 -0.4908664 3.044002 0.9778519 9.858629 -3.754153 -4.015607 -0.05327283 0.224262
109 26.26275 2.11602 -0.5885417 4.943293 1.73846 39.55313 -6.02986 -1.283897 -0.04838108 0.2659474
111 28.90167 2.260164 -0.4871586 2.64773 0.9820834 3.839132 -4.338647 -0.7692365 -0.07370431 0.2319034
114 28.23004 2.304199 -0.4974869 1.195361 0.7564567 2 -4.820841 -1.098455 -0.1165307 0.290152
118 27.67341 2.174033 -0.5143326 2.345551 2.263436 6.276878 -4.625278 -0.3065409 -0.09992993 0.2475983
122 28.40541 2.233554 -0.4817862 2.842117 1.831489 9.024893 -5.252739 -1.764268 -0.1142933 0.2892774
126 27.57625 2.163311 -0.4946663 3.939716 1.427647 18.53143 -5.000624 -1.429822 -0.06937026 0.2490997
129 28.34503 2.490281 -0.5474459 2.858323 3.181283 9.361058 -4.585682 -1.431073 -0.08878942 0.2542376
131 26.56454 2.045918 -0.5134181 3.489873 2.198654 28.08526 -4.800634 0.0642819 -0.0803733 0.218349
135 27.9704 2.274368 -0.5150672 3.65749 2.060326 199.5665 -3.64961 -2.249692 -0.05158778 0.1996499
136 28.19139 2.144265 -0.5044234 3.707712 1.074129 12.19628 -5.458364 -1.573637 -0.06191994 0.2629399
137 27.50573 2.184446 -0.4981618 3.664955 1.834286 15.08667 -4.611131 -1.2572 -0.09737662 0.2577337
138 27.66712 2.184667 -0.4827105 2.700347 0.9541194 6.684969 -4.838001 -1.900341 -0.08445789 0.2628344
139 27.6959 2.048788 -0.5079719 3.157373 1.475996 7.398754 -4.357169 -0.0591831 -0.03805466 0.1773626
140 28.18968 2.267318 -0.4924211 2.734635 3.266761 10.99054 -5.968318 -2.008996 -0.1035564 0.3282503
141 27.74226 2.28988 -0.5437747 1.633785 0.000669712 2.112546 -5.652106 -1.282021 -0.0567327 0.279719
143 27.81204 2.22922 -0.5125148 2.081268 0.9135454 3.714807 -4.147483 -1.714597 -0.08203404 0.2445517
144 27.5103 2.234862 -0.5490936 3.301415 1.453299e-08 19.00761 -3.448363 -0.1175747 -0.06166558 0.1847466
145 28.16045 2.347879 -0.5283297 2.232904 2.101513 5.688435 -7.147291 -0.1027697 -0.1196811 0.3496967
147 28.33305 2.366654 -0.5102726 1.486024 1.812244 3.338475 -3.837943 -1.791298 -0.07173268 0.2174288
153 27.76277 2.083126 -0.5264702 2.600064 8.819283e-08 4.604036 -5.006901 -0.5706292 -0.09286095 0.2725916
154 27.4925 2.053151 -0.517574 3.193724 1.773405 13.98037 -4.383697 0.1273752 -0.05578848 0.1851473
155 26.99966 2.376521 -0.5418352 0.3573049 0.4335839 2 -6.215374 -1.451467 -0.123 0.3551267
158 27.24827 2.097402 -0.5210448 1.316512 0.546277 2 -4.130371 0.3326092 -0.07552545 0.2080785
159 27.61069 2.170866 -0.5121938 3.261514 2.585544 11.20623 -6.16582 -2.13921 -0.1284292 0.350305
161 27.01147 2.12098 -0.5365016 4.176222 2.114129 95.42164 -4.555713 0.2212959 -0.0548063 0.1805822
162 27.09502 2.174529 -0.5295146 0.7511709 0.6299915 2 -7.744857 -0.01431655 -0.08030817 0.3482065
163 29.37073 2.37467 -0.428009 1.502673 1.631577 2.366783 -4.64645 -0.225899 -0.099805 0.2591803
164 27.93616 1.982792 -0.481612 2.911304 2.186863 8.049436 -5.54076 0.3467455 -0.09968817 0.2633119
166 28.81785 2.407715 -0.5003699 1.308894 0.6916392 2 -3.850064 -1.083977 -0.1107382 0.2612018
167 27.42597 2.276922 -0.5037411 1.688197 2.259128 2.846672 -3.677122 -1.718445 -0.079815 0.2301671
169 26.86786 2.181209 -0.5866578 1.908305 0.03713748 3.340691 -3.556143 -6.796369e-05 -0.01985417 0.1465555
170 27.7417 2.283185 -0.5302507 2.593077 2.135846 7.062046 -4.642469 -0.901026 -0.09320022 0.2547396
171 27.48735 2.256154 -0.5421035 1.063283 0.4980835 2 -5.085884 1.201089 -0.08307246 0.2562523
172 28.14998 2.384195 -0.5021464 3.809709 1.740465 200 -3.762037 -1.524297 -0.05523734 0.1981552
173 27.46838 2.328736 -0.5265399 2.313936 1.867247 5.520073 -4.719951 0.3617928 -0.04576487 0.1886944
176 27.5758 2.339139 -0.5416931 2.500979 2.44357 5.108496 -5.327743 -1.408225 -0.07148706 0.2660206
177 27.7787 2.145818 -0.5248267 2.241365 3.116369 4.513007 -5.283451 -0.3509671 -0.07407558 0.2453917
181 28.41825 2.216161 -0.4612044 2.704374 1.681771 8.114703 -3.843204 -1.094545 -0.08740291 0.2103397
182 27.60485 2.077767 -0.5000592 3.218437 1.703791 43.99657 -3.828142 -2.631762 -0.07290283 0.2140608
184 26.67792 2.001727 -0.4983437 3.835327 2.760829 17.90013 -4.186826 -1.8463 -0.0775592 0.2070959
186 28.01987 2.094951 -0.5113288 3.067094 1.209814 7.450803 -3.47308 -0.9940673 -0.05887269 0.1723833
187 27.4398 2.222113 -0.5327915 3.865215 1.350443 12.29113 -5.097167 -0.7441436 -0.059565 0.2012021
188 27.38334 2.181485 -0.5332646 1.720932 1.079664 2.524699 -4.164187 0.9914901 -0.0448197 0.1553276
189 25.65813 2.202802 -0.609292 2.504037 2.050861 5.767913 -6.619503 -1.97978 -0.01202875 0.2689247
191 27.21057 2.201456 -0.5254432 3.765377 2.386014 16.73575 -4.204562 -1.344444 -0.07589261 0.2156622
192 27.66805 2.381933 -0.5236478 2.927666 2.863354 6.934887 -4.342779 -0.8296492 -0.09958949 0.238151
194 27.14968 1.920888 -0.4918782 3.953559 1.173127 47.66247 -6.994529 -1.361519 -0.1208486 0.3598948
196 27.58952 2.330429 -0.5284722 1.944142 1.85856 3.274413 -4.38012 -0.7584003 -0.07495189 0.2419842
197 29.86199 2.390897 -0.4865315 2.256321 2.244018 4.222103 -6.101019 0.0576562 -0.10414 0.2924293
