2 0.4634799 0.09233136 0.021839 0.2267262 NaN 0.6185482 0.7549648 0.3075554 0.04189112 0.05761861
3 0.6179861 0.09460449 0.02408098 1.436592 0.5047441 5.306321 0.6768683 0.3124559 0.04175446 0.05406306
5 0.5328811 0.09330192 0.02782101 1.186502 0.7360525 16.30517 0.9389822 0.3438838 0.04769608 0.06833004
7 0.6103273 0.075063 0.02044248 1.231677 0.7464662 1.452938 0.9989672 0.3356493 0.05101464 0.07138388
9 0.4646576 0.0927539 0.02435278 0.3297837 NaN NaN 1.010908 0.3089684 0.04704934 0.06927488
10 0.5016006 0.08439132 0.02559154 0.8590078 0.462629 7.51273 0.9663951 0.4055957 0.05783397 0.07792261
11 0.4794954 0.1029199 0.02671263 0.9299738 0.4847384 1.98771 0.7640632 0.3535759 0.04082608 0.05613545
12 0.4673097 0.1069697 0.02544399 0.8322191 0.483601 3.54764 0.9132715 0.364725 0.04952809 0.06954827
13 0.4756922 0.09668662 0.03063106 0.712546 0.4697455 403.1237 0.7520587 0.3249701 0.04391001 0.05885193
14 0.471463 0.0920883 0.02450031 0.9636094 0.3506505 324.7001 1.253722 0.3519143 0.05479541 0.08041539
17 0.4535082 0.08591419 0.02086702 0.7862915 0.373622 5.108656 1.005724 0.3242654 0.04899455 0.07165528
18 0.4124473 0.1029827 0.02723463 0.3984391 0.5588237 0.8900865 0.7518207 0.327632 0.04259143 0.05890716
19 0.4399645 0.09567061 0.02118987 0.4657503 0.3217894 1.234151 0.6462457 0.291397 0.04473529 0.05822069
21 0.3607424 0.09552127 0.02750665 0.2331233 NaN NaN 0.8505649 0.2965253 0.04451043 0.06341237
26 0.4405279 0.1096015 0.02722457 0.6639484 0.5180262 2.704346 0.7405731 0.3060822 0.03627457 0.05015034
27 0.5086194 0.09468597 0.0230405 0.8959869 0.4625513 2.99236 0.9058273 0.3590776 0.04994385 0.06936498
30 0.5249103 0.1162261 0.0267749 0.8333964 0.5832965 4.816542 1.258358 0.3845556 0.04692529 0.07293309
33 0.490079 0.08486578 0.02181197 0.6569132 0.4364891 4.130488 1.370793 0.3490676 0.05725373 0.08742983
34 0.4199919 0.1014962 0.02696306 0.6897417 0.4400565 15.34848 0.8232165 0.3161323 0.04167447 0.05813212
36 0.4831364 0.1131515 0.0283323 0.9638419 0.5031908 51.30823 0.8736889 0.3190387 0.04654162 0.06480549
39 0.5281211 0.1007579 0.02563884 0.3730595 NaN 0.5023171 0.8362712 0.3232542 0.03987175 0.05691369
40 0.4834741 0.1007819 0.02647457 0.6933097 0.4948625 57.4776 0.9628116 0.3307561 0.05123927 0.07250147
41 0.4692791 0.09844286 0.02406848 0.819778 0.3777417 398.859 0.9934883 0.4469032 0.05562632 0.07799843
42 0.5078269 0.09848309 0.02454155 1.039958 0.409822 22.89886 1.200507 0.3413048 0.05357536 0.08060604
44 0.5140616 0.1065881 0.02627178 1.12476 0.4698814 48.45505 0.6943216 0.3070308 0.04001018 0.05345285
46 0.4305992 0.09397645 0.02335238 0.1334266 0.5227565 26.51039 0.8355225 0.3201291 0.05054496 0.06912978
47 0.490046 0.1149163 0.02880186 0.5009557 0.4813961 0.781831 0.691643 0.297014 0.0440121 0.05978448
49 0.4744366 0.1028421 0.02790826 0.8000254 0.5113541 12.29149 0.8877894 0.3061375 0.04149993 0.0603974
52 0.4797858 0.1025339 0.02668377 0.9724122 0.4389287 327.2912 0.7546587 0.3423219 0.04277549 0.05884699
61 0.4370819 0.09503143 0.0262021 0.671776 0.4855459 4.814013 0.8211954 0.4818896 0.0547682 0.07223205
62 0.4585408 0.09948524 0.02945879 0.5349253 0.4947838 170.4525 1.567844 0.4238736 0.05092511 0.08041014
66 0.3890167 0.1033501 0.02211859 NaN NaN NaN 0.9780381 0.3640909 0.04618673 0.06707328
67 0.521607 0.1005975 0.02640972 1.120532 0.4022355 55.51175 0.7815651 0.3288812 0.04545963 0.06041304
68 0.4475766 0.1167502 0.02960894 0.6011722 0.5949444 3.523942 0.8678719 0.3725273 0.05143407 0.07094193
69 0.2927691 0.149697 0.04135751 0.2646106 0.4658543 1.007611 0.8156605 0.2901397 0.04062335 0.0593711
71 0.551186 0.09381114 0.02180689 1.44704 0.2417397 NaN 0.7474347 0.3449469 0.04730303 0.06245421
72 0.421563 0.1028505 0.02749263 0.6115149 0.480901 3.783037 0.8852317 0.3612623 0.0466106 0.06510957
73 0.4764889 0.07600059 0.02150607 0.6811234 0.3944683 4.546014 0.9481736 0.353647 0.05315866 0.07279569
74 0.4472629 0.09361803 0.02168648 0.6225488 0.3917026 1.178253 0.8389939 0.3187883 0.04733647 0.06605011
81 0.3340986 0.1006536 0.02113206 0.06385627 NaN NaN 0.7142144 0.3198169 0.0463872 0.06172796
84 0.5155388 0.09118945 0.02498801 1.087165 0.369449 360.4562 0.9649865 0.3111165 0.04589958 0.06639614
85 0.4700092 0.09029442 0.02417112 0.5018562 0.6452516 1.470365 0.7299972 0.3504995 0.04890859 0.06371542
89 0.392296 0.1089824 0.02837564 0.346624 0.9696711 2.089498 0.9087169 0.3101052 0.04360515 0.0632836
90 0.4350911 0.08819536 0.02566425 0.6554728 0.4324044 6.146053 0.7873487 0.3579999 0.04753904 0.0642548
91 0.3971255 0.08776017 0.02507383 0.4444562 0.5121033 2.938532 0.9974036 0.3326537 0.04688215 0.06813852
95 0.4345445 0.1051332 0.02983529 0.8770074 1.401541 4.646296 0.8193772 0.304269 0.04726209 0.06451371
100 0.5020417 0.1125984 0.02612855 NaN NaN 1.739808 0.8131157 0.316036 0.04422362 0.06170261
101 0.4110823 0.1212463 0.03010783 0.6500488 0.5025865 5.364237 1.230704 0.3429317 0.04599142 0.07262635
102 0.4663387 0.09246917 0.02075293 0.6658524 0.4994415 1.035691 0.7587017 0.3865714 0.04730018 0.06346589
104 0.4945969 0.09728365 0.02474128 0.9915482 0.3672112 342.8618 0.9229871 0.3301034 0.04764685 0.0668652
105 0.4391292 0.09487408 0.02380278 0.5295398 0.4735754 7.193898 0.9389499 0.4958183 0.06203811 0.0818127
109 0.4303767 0.1231473 0.03478646 0.7608658 0.5353394 39.45606 1.247646 0.349438 0.04439358 0.07080081
111 0.4746311 0.1000277 0.0242154 0.4945729 0.5903314 1.711573 0.7772144 0.3060702 0.04158476 0.05733943
114 0.4970466 0.1024154 0.02450403 0.3395029 NaN 0.2942915 0.8365607 0.3193355 0.04478757 0.06332706
118 0.4685004 0.09050667 0.02327188 0.7758695 0.4010937 2.844478 0.8207452 0.3045027 0.04395032 0.0614605
122 0.4721251 0.09018095 0.0225996 0.6861014 0.4410927 5.037131 1.089462 0.3641271 0.05526348 0.07926047
126 0.4814015 0.1087563 0.02797531 0.6310025 0.5685416 26.74112 0.9316525 0.3463299 0.04484522 0.06392113
129 0.501614 0.1126554 0.02449133 1.109762 0.420974 4.827636 0.9080754 0.3292741 0.04334857 0.06315718
131 0.458742 0.09429688 0.02702234 0.7829929 0.4138328 24.3749 0.8688014 0.3250401 0.04684355 0.06447878
135 0.4579766 0.1014386 0.02503524 0.7898035 0.3751952 444.2335 0.7776128 0.3591629 0.04464464 0.06049345
136 0.4452552 0.1074762 0.02722127 0.55048 0.5116836 7.545765 1.151641 0.3467486 0.04532026 0.06969312
137 0.496395 0.1063264 0.02737124 0.8181846 0.4965562 15.39469 0.8651308 0.3335441 0.046541 0.06533361
138 0.4259408 0.09664633 0.02412341 0.4680752 0.4574497 3.253056 1.051469 0.3561783 0.05483833 0.0781612
139 0.4495866 0.0965867 0.02660855 0.6424118 0.5256663 4.078341 0.8044223 0.3028867 0.04083614 0.05693415
140 0.5424286 0.09095328 0.02259885 1.145197 0.4209808 8.861658 1.123815 0.3636573 0.05223738 0.07690252
141 0.3209665 0.1024594 0.02551654 0.08044807 NaN NaN 1.069931 0.3274857 0.04403887 0.06783257
143 0.3963779 0.09670904 0.02596728 0.4419026 0.4641015 1.661042 0.7772346 0.343771 0.04352499 0.06043623
144 0.3198263 0.103225 0.02662732 0.1260397 0.4709191 21.02092 0.6916758 0.2828612 0.0387926 0.0537643
145 0.4599275 0.09377037 0.0222204 0.7693146 0.4177836 2.820329 1.255858 0.3198273 0.04954471 0.07886128
147 0.4855956 0.08239104 0.01953571 0.8165379 0.4208012 1.769487 0.8107512 0.3347401 0.04927951 0.0657947
153 0.3272996 0.08821321 0.02529877 0.1018062 0.6497346 2.280736 0.8757531 0.3238608 0.04420295 0.06451064
154 0.44558 0.09068658 0.02636257 0.6748516 0.4287895 8.929688 0.8167209 0.3066183 0.04355474 0.05978213
155 0.6102148 0.230826 0.03707029 1.092156 0.9128925 0.9062273 1.116857 0.3580607 0.05052837 0.07808152
158 0.4075016 0.1146771 0.03183249 0.2755875 NaN 0.3313478 0.7277962 0.3071093 0.0423038 0.05820488
159 0.4990027 0.1010206 0.02619522 0.9708925 0.4700116 7.468648 1.137261 0.3998785 0.05281341 0.0800285
161 0.4574221 0.1041813 0.02888792 0.8200374 0.4784277 322.3012 0.8474968 0.3188887 0.04337636 0.05936686
162 0.3945721 0.08186226 0.02335725 0.06385503 NaN 0.41701 1.301418 0.3246532 0.04960253 0.07966698
163 0.5956668 0.0786943 0.01889099 0.9543362 0.5014311 1.112341 0.8075224 0.3258053 0.04885274 0.06487571
164 0.5274406 0.08642253 0.02605817 0.9147085 0.4895872 6.051726 0.9425936 0.3127777 0.04644962 0.06617942
166 0.4407278 0.09806712 0.02568525 0.8886027 1.271012 2.270204 0.7257658 0.3054552 0.04609548 0.06183976
167 0.5474022 0.08886786 0.02171899 0.9888286 0.4162205 1.123918 0.688028 0.354042 0.04511076 0.06001867
169 0.2734679 0.1013364 0.02685721 0.08910875 NaN NaN 0.7220144 0.2884498 0.03872219 0.05395539
170 0.4600058 0.09531898 0.02356739 0.8085774 0.4360316 3.59263 0.889084 0.3094853 0.04320559 0.06268408
171 0.3482552 0.09113844 0.02554875 0.2728271 0.4784206 0.9420915 0.8240936 0.319756 0.04466593 0.0629219
172 0.4707408 0.1067046 0.024757 0.7205016 0.3914164 302.6572 0.7789708 0.3235808 0.04487212 0.06083945
173 0.4425378 0.09771446 0.02384231 0.6764988 0.4359668 2.522662 0.8183262 0.3040925 0.04143467 0.0574289
176 0.5059621 0.1119624 0.02711827 1.100018 0.5111469 2.903437 0.9912294 0.3464579 0.04710935 0.06918602
177 0.5675214 0.09164429 0.0254999 1.412709 0.6315934 3.527847 0.9117432 0.3270221 0.04331676 0.06271768
181 0.4955791 0.09032033 0.02302028 0.7002377 0.497257 6.412025 0.7142276 0.3791502 0.04693854 0.06099189
182 0.422404 0.07925219 0.02368721 0.6603146 0.2595462 NaN 0.8302858 0.446569 0.04994482 0.06736036
184 0.5269635 0.09923669 0.02897401 1.035976 0.4839721 12.23334 0.9180573 0.4340546 0.05497583 0.07415088
186 0.4173146 0.09328367 0.02526681 0.5199622 0.4907984 3.55133 0.7256889 0.319156 0.0413148 0.05509283
187 0.4321214 0.1118952 0.02895271 0.6077094 0.5423469 7.310871 1.097933 0.371012 0.05062143 0.07130823
188 0.4086838 0.08930198 0.02399778 0.4796402 0.5269898 1.151786 0.7116203 0.3063527 0.03939831 0.05202959
189 0.4113835 0.1077049 0.02862741 0.7423344 0.4280968 2.340656 1.361665 0.3847712 0.04611854 0.07609538
191 0.4834168 0.107495 0.02820409 0.8805786 0.4773416 10.1738 0.9263643 0.3397946 0.04751151 0.06638307
192 0.5218978 0.1149955 0.0266568 1.101909 0.4774456 3.160241 0.7959794 0.3183957 0.04301868 0.05893315
194 0.4582631 0.09210538 0.02755864 0.5392005 0.4830045 91.66188 1.444974 0.3606979 0.05824288 0.09165362
196 0.4860647 0.1068279 0.02595896 0.8933186 0.5391319 1.811941 0.7674418 0.3276272 0.04294574 0.05949755
197 0.53405 0.09307208 0.02152164 0.9401139 0.5544373 2.362462 1.039988 0.3145606 0.04662299 0.06853744
