2 0.4735153 0.08385587 0.02553156 0.7944417 0.3657146 0.7075991 0.3023301 0.04059289 0.05496223
3 0.6311086 0.09877086 0.02361066 1.817654 0.3910086 0.6187847 0.3073231 0.04130737 0.05215798
5 0.5689036 0.09727634 0.02790806 1.526494 0.4116229 1.065081 0.3496786 0.04835865 0.0720693
7 0.5907854 0.08771375 0.02425367 1.477128 0.371752 0.9884663 0.3307715 0.0488919 0.06908405
9 0.4469355 0.08605941 0.02457342 0.7168834 0.354154 0.9728519 0.3035087 0.04675102 0.06797318
10 0.5618827 0.08319622 0.0249662 1.258125 0.386433 1.057872 0.4110276 0.06140663 0.08389034
11 0.4848144 0.1087077 0.02852408 1.043601 0.4255155 0.7676666 0.3527698 0.04139463 0.05689339
12 0.4552503 0.1043968 0.02737021 0.7251601 0.4178496 0.8211482 0.3598628 0.04689912 0.06435426
13 0.4719152 0.09034054 0.03081121 0.7174613 0.4457763 0.7586716 0.3258288 0.04366879 0.0587243
14 0.4625018 0.09452852 0.02420192 0.9441583 0.3338424 1.24736 0.3511839 0.05446197 0.07996637
17 0.4812223 0.08778806 0.02158258 1.026562 0.3064523 0.9957728 0.323543 0.04860019 0.07049384
18 0.5062987 0.09781342 0.02755085 1.041541 0.4208543 0.7515186 0.3318934 0.0435315 0.06002583
19 0.5183313 0.08547101 0.02495874 1.141181 0.3332231 0.6606368 0.2915516 0.04511771 0.05931092
21 0.4024065 0.09307995 0.02711678 0.4649189 0.3771152 0.8320079 0.2964324 0.04384741 0.0621184
26 0.4410577 0.1282665 0.03107146 0.7708796 0.4603242 0.6969735 0.3039921 0.03565868 0.04828115
27 0.5504542 0.08774136 0.02298685 1.383002 0.3251478 0.9027136 0.3624389 0.05071048 0.07018519
30 0.5331199 0.09988876 0.02660262 0.898188 0.442858 1.252772 0.3884915 0.04816131 0.07478342
33 0.5745899 0.09001822 0.02316836 1.215549 0.3779577 1.539247 0.3592601 0.05985808 0.09406628
34 0.4331518 0.1047549 0.02824675 0.7132856 0.4131212 0.8435117 0.3167066 0.04125247 0.05850415
36 0.476964 0.1013381 0.02542075 0.8855426 0.3683553 0.8122865 0.3160928 0.04575893 0.06254879
39 0.5161601 0.1109994 0.02764831 1.034517 0.4613159 0.9168649 0.328291 0.04056582 0.0595624
40 0.4947636 0.1039364 0.02676739 0.9007149 0.4236879 1.04938 0.3356635 0.0534111 0.07701313
41 0.4997393 0.09670687 0.02404355 1.081171 0.3588139 1.083507 0.4536859 0.05695127 0.08188498
42 0.492717 0.09350096 0.02478649 0.9764177 0.3559905 1.05794 0.3350504 0.05107968 0.07392747
44 0.5346156 0.1043463 0.02680307 1.384217 0.3924772 0.7404086 0.309108 0.03997237 0.05457675
46 0.4308357 0.09083764 0.02326528 0.1326751 0.4232449 0.8145424 0.3193931 0.04949869 0.06761657
47 0.4820705 0.107389 0.0261965 0.8114436 0.393375 0.6768114 0.2958047 0.04311841 0.05872587
49 0.4482668 0.1039946 0.02896982 0.6340492 0.4472296 0.8492617 0.3027185 0.04029258 0.05807524
52 0.4685672 0.1064296 0.02649941 0.9254683 0.3883508 0.7360214 0.3404884 0.04201153 0.0574705
61 0.4450293 0.09236692 0.02801319 0.7403374 0.3966928 0.8025821 0.4809996 0.05369281 0.07066628
62 0.4669882 0.09852527 0.02885463 0.609316 0.4549248 1.619447 0.4291235 0.05228498 0.08327707
66 0.4741278 0.09460723 0.02560649 0.7167073 0.4088952 0.9850741 0.3706929 0.0463079 0.06748062
67 0.5710922 0.09060934 0.02681875 1.53725 0.3766117 0.7760238 0.3310339 0.04602021 0.06109714
68 0.473732 0.09949761 0.02790058 0.7293279 0.4293615 0.8860066 0.3728807 0.05225453 0.07254626
69 0.3876567 0.1068394 0.03059608 0.6916449 0.3575483 0.700885 0.2831896 0.03965573 0.05494835
71 0.5428512 0.09392722 0.02278429 1.398876 0.3217018 0.724877 0.3397475 0.04776423 0.06216334
72 0.4437877 0.1005215 0.02870358 0.7448318 0.4262387 0.8486387 0.3616885 0.0453375 0.06278949
73 0.4472897 0.08059705 0.02250412 0.5727421 0.3338057 0.9143683 0.350256 0.05265436 0.07181153
74 0.4703663 0.09223779 0.02419026 0.7895734 0.3526422 0.775402 0.3142709 0.04684555 0.06347907
81 0.3970507 0.1042727 0.02390026 0.1431045 0.4618949 0.7525544 0.3241035 0.0483496 0.06490882
84 0.5197516 0.09114168 0.02474414 1.09991 0.3598959 0.9292694 0.3086868 0.04510041 0.06472799
85 0.549527 0.1061997 0.02455277 0.6659707 0.4317344 0.669595 0.3477448 0.04784651 0.06080672
89 0.4447367 0.0889376 0.02849522 0.4702461 0.4121321 0.888484 0.3088327 0.04388536 0.0631506
90 0.4721862 0.08271913 0.02711221 0.8828684 0.3626789 0.7505246 0.3580252 0.04734909 0.06324057
91 0.4144466 0.0989982 0.02854828 0.5595526 0.4015138 0.9558472 0.3309486 0.0450517 0.06560308
95 0.478164 0.08146659 0.02484893 0.6476845 0.3654949 0.7979218 0.3031491 0.04686975 0.06356166
100 0.5167238 0.1047951 0.02684173 1.02244 0.4274811 0.7736158 0.3144655 0.0440247 0.06072234
101 0.4491012 0.1228801 0.02942509 0.8845302 0.4150095 1.291674 0.3444125 0.04781416 0.07644099
102 0.5116154 0.09062471 0.02307045 1.113954 0.331333 0.7919404 0.3886735 0.04740866 0.06446738
104 0.4658995 0.09253467 0.02436011 0.7860327 0.3440685 0.8642659 0.3242156 0.04811478 0.06577778
105 0.4894576 0.09396491 0.02435249 0.8536652 0.3768053 0.9742464 0.497457 0.0628935 0.08382592
109 0.3933589 0.1198945 0.03460929 0.5326144 0.5000969 1.130194 0.3423553 0.0437239 0.06712271
111 0.5406811 0.1035939 0.02670196 0.8294986 0.4683946 0.859325 0.3141184 0.04426593 0.06250314
114 0.4982994 0.1110423 0.02726128 0.6552713 0.4630224 0.7739751 0.3128792 0.04314789 0.05976614
118 0.4635865 0.09071189 0.02505793 0.8362732 0.3534119 0.7825336 0.3008942 0.04318973 0.05979492
122 0.4723156 0.09206717 0.02362463 0.6726825 0.3516902 0.9729868 0.3563547 0.05398195 0.07465206
126 0.4849807 0.1039412 0.02804198 0.6699104 0.4481504 0.8938038 0.3439822 0.04470318 0.06301947
129 0.4964638 0.1113676 0.02501945 1.1485 0.3710137 0.8933848 0.3222683 0.04341301 0.06291143
131 0.4669061 0.09666793 0.0276499 0.9231624 0.3770022 0.948538 0.3281084 0.04683823 0.0665253
135 0.4921035 0.09506657 0.0255141 0.9974002 0.3683943 0.785939 0.3669539 0.04541863 0.0618123
136 0.4773334 0.1004491 0.02760692 0.7136923 0.4442313 1.101667 0.3479447 0.04528142 0.0687303
137 0.493079 0.1021931 0.02612451 0.8819252 0.3974628 0.846062 0.3288439 0.04622346 0.06416833
138 0.4892398 0.09691231 0.02619237 0.7366799 0.4022104 1.055071 0.3569489 0.05414171 0.07713412
139 0.5214436 0.09458812 0.02738919 1.091881 0.4242974 0.9056514 0.3085964 0.04240164 0.0609665
140 0.5260407 0.08757267 0.02299414 1.033159 0.3428088 0.9881075 0.3574061 0.05270802 0.07417249
141 0.3534489 0.09954083 0.0285719 0.1643838 0.4470952 1.02609 0.3271367 0.04266155 0.06571276
143 0.4435797 0.1047786 0.02528639 0.7252057 0.3685374 0.7836648 0.3421238 0.04278544 0.05965505
144 0.3233877 0.1040184 0.02670056 0.1455407 0.4056719 0.6597988 0.281826 0.0379306 0.05198582
145 0.444449 0.09400835 0.0238327 0.835374 0.3254548 1.11571 0.3109417 0.04744208 0.07300346
147 0.5444653 0.08810684 0.02243847 1.343875 0.3250415 0.8675714 0.3383084 0.05005939 0.06811596
153 0.3422784 0.09334315 0.02790695 0.1312931 0.4604444 0.8433795 0.3211867 0.04294797 0.06225076
154 0.4582992 0.08981918 0.02645907 0.8213266 0.3675649 0.7880029 0.3047394 0.04361561 0.05914006
155 0.5009409 0.09675133 0.02468133 1.169851 0.3426532 1.046016 0.3499316 0.04960669 0.07505446
158 0.4233587 0.1044797 0.02868846 0.4916295 0.436242 0.7028114 0.3041562 0.04190482 0.05694052
159 0.5033196 0.09174596 0.02601474 0.9848513 0.3872288 1.042623 0.3927896 0.05269988 0.0771792
161 0.4300242 0.1104793 0.02909172 0.6726799 0.4264946 0.8041123 0.3168475 0.04192507 0.05667729
162 0.4361213 0.09127885 0.02569145 0.6977168 0.3479621 1.240011 0.31894 0.05060484 0.07951354
163 0.9764636 0.1363298 0.02373622 1.727316 0.3745964 0.7693189 0.3216164 0.04915713 0.06440181
164 0.5214324 0.09491648 0.02596955 1.13585 0.3834175 0.9568648 0.3123788 0.04573946 0.0660584
166 0.5441639 0.09097017 0.02287607 1.01241 0.362219 0.7437929 0.3048949 0.04720888 0.06305288
167 0.583809 0.09022623 0.02478654 1.588818 0.3494258 0.7098957 0.354599 0.04613694 0.06184131
169 0.3040721 0.103703 0.02891956 0.1525813 0.4118 0.7328864 0.2884608 0.03912501 0.05476091
170 0.4726647 0.09946678 0.02580622 0.9539228 0.3708454 0.8831102 0.3110927 0.04323391 0.0626189
171 0.3999676 0.09042228 0.02521533 0.4998194 0.3402504 0.79026 0.3149695 0.04437745 0.06184029
172 0.452657 0.103279 0.02415453 0.6414942 0.3636109 0.7564854 0.3208687 0.04524635 0.06067083
173 0.4756871 0.09459051 0.02636064 0.7981788 0.3831646 0.8124279 0.3035913 0.04207263 0.05804583
176 0.5304898 0.1034665 0.02664241 1.390156 0.3884914 1.036765 0.3484663 0.04596603 0.06908873
177 0.6279266 0.09756043 0.02581215 2.138668 0.3769275 0.9063177 0.3278674 0.04267645 0.06162778
181 0.567739 0.09395328 0.02347241 1.022943 0.3703147 0.7430865 0.3818918 0.04758669 0.06221111
182 0.4498397 0.0856542 0.02535255 0.7266702 0.3488569 0.8412294 0.4477268 0.04929098 0.0672436
184 0.5132069 0.1003764 0.02854421 1.01319 0.4253106 0.8816547 0.4316216 0.05523683 0.0737307
186 0.4375018 0.09615444 0.02715218 0.5852857 0.4138995 0.7298918 0.3190607 0.04107345 0.05505839
187 0.4388964 0.1190692 0.02893905 0.6913413 0.4450142 1.107899 0.3709058 0.0500765 0.07080695
188 0.4748209 0.09235983 0.02806419 0.8631815 0.4142203 0.7382815 0.3083738 0.04018293 0.05337161
189 0.4221135 0.1115793 0.031168 0.8370016 0.4005376 1.361362 0.3832528 0.04573703 0.07569126
191 0.503864 0.101488 0.02816128 1.044487 0.4162685 0.9075555 0.3404297 0.04708912 0.0658016
192 0.5112506 0.1046807 0.02565903 1.070782 0.3926264 0.7804265 0.3148295 0.0433333 0.05888776
194 0.4495583 0.08900677 0.02833001 0.6102064 0.4110391 1.477851 0.366793 0.05863569 0.09271887
196 0.517676 0.09232 0.0253132 1.090042 0.3659098 0.7685243 0.3254022 0.04382879 0.06069234
197 0.5536156 0.09634845 0.0244277 1.077062 0.4170644 1.065335 0.3145743 0.04563395 0.06841639
