2 33.57689 29.8273
3 46.73682 40.67623
5 28.32918 35.70585
7 53.36881 48.36528
9 52.3232 48.32852
10 45.85464 52.15229
11 43.84248 41.90983
12 58.7348 45.43836
13 31.72409 28.52322
14 51.21786 52.82541
17 60.78344 61.20418
18 29.14788 30.93132
19 27.4914 25.08987
21 28.54819 30.4138
26 35.18752 31.3065
27 51.47012 51.73308
30 53.38729 50.9031
33 48.11466 61.9946
34 31.82699 34.65034
36 30.17606 26.23267
39 39.08263 45.56517
40 46.06822 55.95343
41 51.35696 56.18655
42 49.47948 42.93206
44 46.00705 48.99952
46 39.14518 37.93638
47 32.39893 29.63911
49 39.69672 34.13815
52 39.82261 41.24866
61 36.02317 33.38906
62 31.45032 32.78966
66 51.03969 46.15011
67 34.67767 35.64618
68 44.31274 42.22645
69 18.99435 15.64707
71 48.94758 45.26827
72 38.47889 38.12782
73 45.36672 39.10232
74 39.69964 38.30107
81 43.06223 46.93138
84 40.43508 41.76899
85 35.92897 35.57254
89 36.49279 32.83772
90 25.39605 21.47263
91 26.52388 24.40217
95 30.22279 28.34153
100 50.18862 45.15093
101 31.69962 34.74851
102 44.70632 44.87081
104 43.23563 37.10577
105 36.84081 40.26431
109 24.61013 20.6047
111 49.63679 56.18598
114 44.86095 43.95125
118 37.17761 34.85931
122 47.56581 44.15064
126 39.76351 38.2367
129 49.2016 44.08782
131 30.2674 32.62548
135 50.44596 43.82831
136 30.85953 31.61404
137 35.77514 38.01251
138 34.43226 40.18888
139 33.26544 35.91141
140 54.95614 45.89851
141 39.10029 32.90546
143 44.14308 49.52912
144 28.75325 26.96506
145 53.50894 46.08671
147 49.86691 54.01107
153 28.68541 28.29151
154 44.65853 39.93112
155 43.79449 39.94627
158 34.15264 31.55448
159 40.7357 34.62648
161 37.03915 33.31721
162 42.30589 39.61881
163 53.70308 52.20879
164 39.43277 41.75333
166 44.38978 47.09847
167 31.37297 28.77874
169 31.56365 31.69996
170 52.65821 51.67733
171 38.03064 37.42311
172 36.17925 32.78155
173 34.06041 30.52984
176 37.90446 40.60115
177 42.81853 43.3745
181 44.61675 50.51264
182 48.44618 42.0882
184 26.56229 25.14019
186 34.12877 33.88819
187 49.60837 50.86665
188 30.74915 32.96298
189 28.74613 31.50481
191 59.09831 51.99768
192 43.4117 43.49551
194 30.01962 30.31821
196 40.14305 38.83091
197 77.9981 72.84069
