2 200025002
3 200025003
5 200025005
7 200025007
9 200025009
10 200025010
11 200025011
12 200025012
13 200025013
14 200025014
17 200025017
18 200025018
19 200025019
21 200025021
26 200025026
27 200025027
30 200025030
33 200025033
34 200025034
36 200025036
39 200025039
40 200025040
41 200025041
42 200025042
44 200025044
46 200025046
47 200025047
49 200025049
52 200025052
61 200025061
62 200025062
66 200025066
67 200025067
68 200025068
69 200025069
71 200025071
72 200025072
73 200025073
74 200025074
81 200025081
84 200025084
85 200025085
89 200025089
90 200025090
91 200025091
95 200025095
100 200025100
101 200025101
102 200025102
104 200025104
105 200025105
109 200025109
111 200025111
114 200025114
118 200025118
122 200025122
126 200025126
129 200025129
131 200025131
135 200025135
136 200025136
137 200025137
138 200025138
139 200025139
140 200025140
141 200025141
143 200025143
144 200025144
145 200025145
147 200025147
153 200025153
154 200025154
155 200025155
158 200025158
159 200025159
161 200025161
162 200025162
163 200025163
164 200025164
166 200025166
167 200025167
169 200025169
170 200025170
171 200025171
172 200025172
173 200025173
176 200025176
177 200025177
181 200025181
182 200025182
184 200025184
186 200025186
187 200025187
188 200025188
189 200025189
191 200025191
192 200025192
194 200025194
196 200025196
197 200025197
