1 1231.013 1261.269 1264.053 1243.315 1276.883 1270.2
2 1180.554 1205.01 1210.952 1187.611 1210.333 1209.307
3 1206.603 1234.66 1229.693 1343.018 1242.197 1235.333
4 1252.548 1285.693 1286.631 1315.508 1319.664 1321.822
5 1339.791 1351.745 1350.31 1400.663 1356.78 1352.669
6 1213.878 1244.665 1239.974 1271.73 1253.325 1248.859
7 1247.737 1275.159 1287.363 1249.732 1278.608 1290.826
8 1249.476 1289.334 1291.817 1352.043 1319.432 1312.278
9 1388.458 1399.014 1391.435 1436.892 1428.38 1423.294
10 1369.233 1386.397 1378.175 1391.868 1388.988 1374.485
11 1453.683 1480.239 1485.823 1541.185 1494.125 1490.459
12 1316.243 1358.099 1354.362 1373.474 1363.99 1369.086
13 1224.679 1257.691 1255.881 1247.747 1268.585 1265.682
14 1283.941 1323.088 1313.899 1332.894 1350.49 1345.42
15 1217.01 1274.797 1270.91 1276.996 1285.657 1278.912
16 1103.289 1132.885 1130.711 1127.224 1146.231 1144.223
17 1436.545 1450.373 1444.372 1516.369 1472.661 1468.504
18 1160.839 1202.767 1195.825 1235.625 1211.889 1205.263
19 1172.465 1198.97 1207.161 1184.545 1203.973 1209.172
20 1312.492 1342.983 1355.923 1321.669 1359.139 1357.438
21 1275.928 1294.445 1291.161 1347.041 1308.885 1306.38
22 1367.117 1401.698 1408.489 1379.949 1413.097 1412.741
23 1171.569 1209.978 1202.348 1276.135 1230.621 1224.18
24 1174.161 1204.24 1215.646 1264.665 1225.81 1235.314
25 1306.329 1357.827 1348.562 1328.986 1370.86 1364.968
26 1301.869 1326.815 1319.703 1341.817 1350.512 1342.831
27 1353.297 1389.391 1397.573 1438.949 1410.082 1408.612
28 1510.436 1531.273 1543.698 1521.649 1540.055 1555.045
29 1473.345 1485.175 1489.918 1522.19 1535.922 1542.957
30 1252.226 1292.804 1293.253 1298.019 1298.793 1294.827
31 1159.375 1181.831 1186.082 1203.71 1198.998 1200.485
32 1077.414 1108.134 1108.869 1094.293 1115.232 1115.689
33 1241.596 1285.734 1284.988 1330.363 1317.287 1316.301
34 1232.002 1265.467 1258.963 1257.838 1275.309 1274.597
35 1492.707 1508.356 1499.59 1545.373 1515.512 1510.511
36 1111.858 1117.726 1110.955 1134.536 1146.083 1136.064
37 1215.215 1242.208 1244.847 1250.396 1241.776 1247.417
38 1293.121 1325.159 1319.522 1352.184 1377.638 1382.356
39 1202 1224.171 1230.885 1260.263 1240.957 1243.497
40 1368.149 1392.059 1393.254 1387.798 1404.981 1400.674
41 1348.918 1363.692 1369.296 1432.07 1374.563 1369.975
42 1364.847 1397.846 1400.789 1410.193 1437.701 1434.666
43 1379.968 1405.602 1407.417 1379.578 1405.413 1410.173
44 1319.577 1352.377 1349.297 1351.818 1368.706 1368.383
45 1307.142 1350.14 1340.932 1328.169 1354.254 1358.609
46 1465.682 1503.522 1498.366 1494.071 1502.718 1502.691
47 1105.787 1139.92 1129.466 1145.399 1150.41 1139.893
48 1268.806 1295.002 1286.024 1321.136 1318.873 1315.11
49 1191.631 1214.969 1223.704 1194.578 1216.991 1219.412
50 1257.493 1305.735 1310.326 1365.074 1356.525 1354.993
51 1400.111 1441.627 1447.972 1543.287 1471.026 1474.505
52 1181.94 1210.711 1210.052 1202.377 1222.228 1216.681
53 1377.92 1394.662 1388.211 1408.476 1408.465 1406.572
54 1355.178 1381.021 1374.59 1408.052 1396.264 1387.983
55 1474.99 1508.547 1506.004 1494.393 1517.321 1510.1
56 1263.585 1295.651 1294.964 1313.862 1294.15 1304.588
57 1196.858 1243.041 1248.161 1241.392 1248.42 1249.27
58 1214.138 1232.093 1228.123 1251.918 1241.687 1238.012
59 1336.323 1365.37 1358.445 1345.822 1383.203 1374.74
60 1404.869 1444.552 1436.611 1434.915 1448.259 1444.105
61 1463.288 1481.554 1484.997 1522.857 1546.599 1546.808
62 1163.65 1229.656 1229.109 1190.48 1233.28 1234.006
63 1315.725 1340.257 1339.125 1325.513 1363.603 1356.605
64 1150.446 1180.303 1191.22 1186.804 1217.045 1213.977
65 1387.905 1424.031 1424.257 1428.229 1449.057 1451.38
66 1038.202 1082.274 1080.658 1091.033 1120.514 1117.221
67 1389.855 1424.896 1409.901 1420.829 1444.238 1434.27
68 1266.681 1287.767 1278.597 1291.137 1317.407 1312.271
69 1359.589 1396.614 1385.817 1419.77 1410.134 1407.924
70 1384.784 1407.856 1398.325 1410.611 1420.885 1417.751
71 1439.486 1455.466 1447.789 1444.497 1465.919 1455.314
72 1289.566 1311.935 1314.555 1371.707 1337.881 1339.574
73 1516.052 1538.557 1542.327 1602.15 1541.573 1543.275
74 1227.934 1272.33 1279.829 1298.5 1302.946 1308.52
75 1345.132 1375.945 1365.794 1369.18 1397.679 1386.814
76 984.9081 1021.359 1018.34 992.9457 1024.693 1022.186
77 1285.802 1308.431 1313.279 1330.682 1350.223 1350.256
78 1375.053 1401.097 1417.73 1403.578 1416.036 1429.434
79 1145.675 1166.701 1160.865 1166.727 1183.309 1179.605
80 1186.051 1234.529 1233.656 1311.09 1248.865 1254.73
81 1427.047 1461.008 1450.652 1522.635 1490.293 1491.374
82 1266.719 1292.083 1283.704 1292.124 1306.535 1297.552
83 1327.888 1353.868 1354.603 1421.548 1428.287 1419.241
84 1300.76 1331.611 1324.588 1333.562 1343.926 1339.29
85 1314.45 1337.547 1336.674 1404.829 1347.228 1348.702
86 1562.313 1611.542 1604.445 1671.692 1680.186 1676.024
87 1323.769 1367.705 1368.38 1380.734 1393.691 1391.361
88 1367.544 1415.685 1402.635 1497.532 1463.852 1456.525
89 1192.51 1220.778 1231.845 1212.742 1237.103 1236.346
90 1487.033 1539.103 1529.619 1578.878 1578.47 1571.743
91 1298.723 1333.518 1336.441 1374.676 1396.382 1398.9
92 1303.659 1324.412 1321.958 1315.936 1328.75 1330.982
93 1108.579 1164.752 1159.447 1178.948 1181.843 1179.14
94 1257.507 1279.004 1279.337 1270.384 1287.741 1277.95
95 1247.008 1296.34 1282.014 1361.62 1336.041 1328.525
96 1166.484 1183.86 1178.331 1276.833 1230.263 1224.042
97 1302.368 1326.091 1318.995 1298.657 1327.523 1313.257
98 1313.579 1349.209 1336.794 1327.857 1363.46 1352.085
99 1623.783 1631.401 1631.799 1624.096 1647.121 1645.212
100 1214.068 1241.998 1234.68 1228.607 1248.142 1246.683
