1 1250.134 1278.477 1277.437 1262.436 1294.091 1283.584
2 1199.675 1222.219 1224.336 1206.731 1227.541 1222.691
3 1225.723 1251.869 1243.077 1362.138 1259.405 1248.717
4 1271.669 1302.902 1300.015 1334.629 1336.872 1335.206
5 1358.911 1368.953 1363.695 1419.783 1373.988 1366.053
6 1232.998 1261.873 1253.358 1290.85 1270.533 1262.243
7 1266.858 1292.367 1300.747 1268.852 1295.816 1304.21
8 1268.596 1306.542 1305.201 1371.163 1336.64 1325.663
9 1407.578 1416.222 1404.819 1456.012 1445.589 1436.678
10 1388.353 1403.605 1391.56 1410.988 1406.196 1387.87
11 1472.804 1497.447 1499.207 1560.305 1511.333 1503.843
12 1335.363 1375.307 1367.746 1392.595 1381.198 1382.47
13 1243.8 1274.899 1269.265 1266.867 1285.793 1279.066
14 1303.061 1340.296 1327.283 1352.014 1367.698 1358.804
15 1236.13 1292.005 1284.294 1296.116 1302.865 1292.297
16 1122.41 1150.093 1144.095 1146.345 1163.439 1157.608
17 1455.665 1467.581 1457.756 1535.489 1489.869 1481.889
18 1179.96 1219.975 1209.209 1254.745 1229.097 1218.647
19 1191.585 1216.178 1220.545 1203.665 1221.181 1222.557
20 1331.613 1360.192 1369.308 1340.79 1376.347 1370.822
21 1295.049 1311.653 1304.545 1366.162 1326.093 1319.765
22 1386.237 1418.907 1421.874 1399.069 1430.306 1426.125
23 1190.689 1227.186 1215.732 1295.255 1247.829 1237.564
24 1193.282 1221.448 1229.03 1283.785 1243.018 1248.698
25 1325.45 1375.035 1361.946 1348.106 1388.068 1378.352
26 1320.989 1344.023 1333.087 1360.937 1367.72 1356.215
27 1372.417 1406.599 1410.958 1458.069 1427.29 1421.996
28 1529.557 1548.481 1557.082 1540.769 1557.263 1568.429
29 1492.465 1502.384 1503.302 1541.31 1553.13 1556.341
30 1271.346 1310.012 1306.637 1317.139 1316.001 1308.211
31 1178.496 1199.039 1199.466 1222.83 1216.206 1213.87
32 1096.535 1125.342 1122.253 1113.413 1132.44 1129.073
33 1260.717 1302.942 1298.372 1349.483 1334.496 1329.685
34 1251.122 1282.675 1272.347 1276.958 1292.517 1287.981
35 1511.828 1525.564 1512.974 1564.493 1532.72 1523.896
36 1130.978 1134.935 1124.339 1153.656 1163.291 1149.449
37 1234.335 1259.416 1258.231 1269.516 1258.984 1260.801
38 1312.241 1342.367 1332.907 1371.304 1394.847 1395.74
39 1221.12 1241.379 1244.269 1279.383 1258.166 1256.881
40 1387.269 1409.267 1406.639 1406.918 1422.189 1414.058
41 1368.038 1380.9 1382.68 1451.191 1391.772 1383.359
42 1383.967 1415.054 1414.173 1429.313 1454.909 1448.05
43 1399.088 1422.811 1420.801 1398.698 1422.622 1423.557
44 1338.697 1369.585 1362.681 1370.938 1385.915 1381.767
45 1326.262 1367.349 1354.316 1347.289 1371.462 1371.993
46 1484.803 1520.731 1511.75 1513.191 1519.926 1516.076
47 1124.907 1157.129 1142.85 1164.519 1167.618 1153.278
48 1287.926 1312.211 1299.408 1340.256 1336.081 1328.494
49 1210.752 1232.177 1237.089 1213.698 1234.199 1232.796
50 1276.613 1322.944 1323.71 1384.194 1373.733 1368.377
51 1419.232 1458.835 1461.357 1562.407 1488.234 1487.889
52 1201.06 1227.919 1223.437 1221.497 1239.436 1230.065
53 1397.041 1411.87 1401.595 1427.596 1425.674 1419.956
54 1374.298 1398.229 1387.974 1427.172 1413.472 1401.368
55 1494.111 1525.755 1519.388 1513.513 1534.53 1523.484
56 1282.705 1312.859 1308.348 1332.983 1311.358 1317.972
57 1215.978 1260.249 1261.545 1260.512 1265.628 1262.654
58 1233.258 1249.302 1241.507 1271.038 1258.895 1251.396
59 1355.444 1382.578 1371.829 1364.942 1400.411 1388.124
60 1423.989 1461.76 1449.996 1454.036 1465.467 1457.489
61 1482.408 1498.762 1498.381 1541.977 1563.808 1560.192
62 1182.771 1246.864 1242.493 1209.601 1250.488 1247.39
63 1334.845 1357.465 1352.509 1344.633 1380.811 1369.989
64 1169.566 1197.511 1204.604 1205.924 1234.253 1227.361
65 1407.025 1441.239 1437.641 1447.349 1466.265 1464.764
66 1057.322 1099.482 1094.043 1110.153 1137.722 1130.606
67 1408.975 1442.104 1423.285 1439.949 1461.446 1447.654
68 1285.801 1304.975 1291.981 1310.257 1334.615 1325.656
69 1378.709 1413.822 1399.201 1438.89 1427.342 1421.308
70 1403.904 1425.064 1411.709 1429.731 1438.093 1431.135
71 1458.606 1472.674 1461.173 1463.617 1483.127 1468.698
72 1308.687 1329.144 1327.939 1390.827 1355.089 1352.958
73 1535.173 1555.765 1555.712 1621.27 1558.781 1556.66
74 1247.054 1289.538 1293.213 1317.62 1320.154 1321.905
75 1364.252 1393.153 1379.179 1388.301 1414.887 1400.198
76 1004.028 1038.567 1031.724 1012.066 1041.902 1035.57
77 1304.922 1325.639 1326.664 1349.803 1367.431 1363.64
78 1394.174 1418.305 1431.114 1422.698 1433.244 1442.818
79 1164.795 1183.909 1174.249 1185.847 1200.517 1192.989
80 1205.171 1251.738 1247.04 1330.21 1266.074 1268.114
81 1446.167 1478.216 1464.037 1541.755 1507.501 1504.758
82 1285.839 1309.291 1297.089 1311.245 1323.743 1310.936
83 1347.008 1371.076 1367.987 1440.668 1445.495 1432.626
84 1319.881 1348.82 1337.972 1352.683 1361.135 1352.674
85 1333.571 1354.756 1350.058 1423.949 1364.436 1362.086
86 1581.434 1628.75 1617.83 1690.812 1697.394 1689.408
87 1342.889 1384.913 1381.765 1399.854 1410.899 1404.745
88 1386.664 1432.893 1416.019 1516.652 1481.06 1469.909
89 1211.63 1237.986 1245.229 1231.862 1254.311 1249.73
90 1506.153 1556.311 1543.003 1597.998 1595.678 1585.128
91 1317.844 1350.727 1349.826 1393.796 1413.59 1412.284
92 1322.779 1341.62 1335.342 1335.057 1345.958 1344.366
93 1127.699 1181.96 1172.831 1198.069 1199.051 1192.524
94 1276.627 1296.212 1292.721 1289.504 1304.95 1291.334
95 1266.128 1313.549 1295.398 1380.74 1353.249 1341.909
96 1185.605 1201.068 1191.715 1295.953 1247.472 1237.426
97 1321.488 1343.299 1332.38 1317.778 1344.731 1326.641
98 1332.699 1366.417 1350.178 1346.977 1380.668 1365.469
99 1642.903 1648.61 1645.184 1643.216 1664.329 1658.597
100 1233.188 1259.206 1248.065 1247.727 1265.35 1260.067
