1 0.7
2 0.76
3 0.78
4 0.76
5 0.72
6 0.78
7 0.74
8 0.74
9 0.7
10 0.72
11 0.68
12 0.7
13 0.78
14 0.76
15 0.7
16 0.84
17 0.76
18 0.76
19 0.8
20 0.68
21 0.74
22 0.68
23 0.8
24 0.74
25 0.7
26 0.84
27 0.66
28 0.66
29 0.64
30 0.76
31 0.82
32 0.86
33 0.82
34 0.78
35 0.68
36 0.88
37 0.8
38 0.76
39 0.78
40 0.7
41 0.78
42 0.7
43 0.72
44 0.8
45 0.7
46 0.64
47 0.8
48 0.74
49 0.72
50 0.76
51 0.72
52 0.78
53 0.78
54 0.78
55 0.66
56 0.7
57 0.76
58 0.76
59 0.7
60 0.66
61 0.62
62 0.76
63 0.74
64 0.74
65 0.72
66 0.8
67 0.7
68 0.72
69 0.74
70 0.74
71 0.68
72 0.78
73 0.64
74 0.72
75 0.8
76 0.86
77 0.74
78 0.66
79 0.84
80 0.82
81 0.72
82 0.74
83 0.72
84 0.72
85 0.7
86 0.6
87 0.7
88 0.78
89 0.8
90 0.68
91 0.7
92 0.74
93 0.88
94 0.7
95 0.78
96 0.8
97 0.68
98 0.76
99 0.64
100 0.78
