1 1000 1000 715 1000 1000 281
2 1000 1000 531 1000 1000 538
3 1000 1000 838 1000 1000 1000
4 1000 1000 797 1000 1000 470
5 1000 1000 173 1000 1000 496
6 1000 1000 198 1000 1000 1000
7 1000 1000 246 1000 1000 738
8 1000 1000 768 1000 227 1000
9 1000 1000 225 1000 1000 1000
10 1000 1000 630 1000 1000 1000
11 1000 1000 588 1000 1000 749
12 1000 1000 422 1000 1000 544
13 1000 1000 294 1000 1000 613
14 1000 1000 704 1000 1000 1000
15 1000 1000 911 1000 1000 713
16 1000 1000 701 1000 1000 773
17 1000 1000 1000 1000 1000 916
18 1000 1000 757 1000 1000 1000
19 1000 1000 395 1000 1000 668
20 1000 1000 1000 1000 1000 417
21 1000 1000 434 1000 1000 650
22 1000 1000 622 1000 1000 355
23 1000 1000 687 1000 1000 536
24 1000 1000 1000 1000 1000 813
25 1000 1000 213 1000 1000 667
26 1000 1000 152 1000 1000 204
27 1000 1000 551 1000 1000 654
28 1000 1000 866 1000 1000 579
29 1000 1000 1000 1000 235 642
30 1000 1000 671 1000 1000 260
31 1000 1000 115 1000 1000 476
32 1000 1000 688 1000 1000 871
33 1000 1000 846 1000 1000 877
34 1000 1000 1000 1000 1000 212
35 1000 1000 855 1000 1000 315
36 1000 1000 1000 1000 1000 1000
37 1000 1000 1000 1000 1000 735
38 1000 1000 811 1000 1000 650
39 1000 1000 868 1000 1000 634
40 1000 1000 482 1000 1000 1000
41 1000 1000 527 1000 1000 1000
42 1000 1000 344 1000 1000 557
43 1000 1000 849 1000 1000 687
44 1000 1000 664 1000 1000 343
45 1000 1000 908 1000 1000 369
46 1000 1000 785 1000 1000 1000
47 1000 1000 115 1000 1000 381
48 1000 1000 315 1000 1000 1000
49 1000 1000 316 1000 1000 1000
50 1000 1000 392 1000 1000 694
51 1000 1000 911 1000 1000 1000
52 1000 1000 687 1000 1000 1000
53 1000 1000 289 1000 1000 797
54 1000 1000 1000 1000 1000 1000
55 1000 1000 412 1000 1000 480
56 1000 1000 478 1000 1000 472
57 1000 1000 619 1000 1000 606
58 1000 1000 1000 1000 1000 1000
59 1000 1000 1000 1000 1000 1000
60 1000 1000 880 1000 1000 568
61 1000 1000 892 1000 1000 282
62 1000 1000 796 1000 1000 354
63 1000 1000 1000 1000 1000 1000
64 1000 1000 1000 1000 1000 1000
65 1000 1000 502 1000 1000 1000
66 1000 1000 1000 1000 1000 797
67 1000 1000 516 1000 1000 693
68 1000 1000 424 1000 1000 812
69 1000 1000 617 1000 1000 627
70 1000 1000 953 1000 1000 585
71 1000 252 833 1000 1000 669
72 1000 1000 731 1000 1000 961
73 1000 1000 409 1000 1000 948
74 1000 1000 884 1000 1000 264
75 1000 1000 477 1000 508 1000
76 1000 1000 525 1000 1000 1000
77 1000 1000 540 1000 1000 284
78 1000 1000 889 1000 1000 840
79 1000 1000 204 1000 1000 1000
80 1000 1000 564 1000 1000 1000
81 1000 1000 778 1000 1000 1000
82 1000 1000 626 1000 1000 940
83 1000 1000 423 1000 1000 759
84 1000 1000 791 1000 1000 877
85 1000 1000 1000 1000 1000 417
86 1000 1000 107 1000 1000 939
87 1000 1000 1000 1000 1000 472
88 1000 1000 351 1000 1000 803
89 1000 1000 710 1000 1000 358
90 1000 1000 144 1000 1000 903
91 1000 1000 548 1000 1000 828
92 1000 1000 473 1000 1000 1000
93 1000 1000 668 1000 1000 546
94 1000 1000 351 1000 1000 1000
95 1000 1000 716 1000 1000 410
96 1000 1000 1000 1000 1000 839
97 1000 1000 385 1000 1000 815
98 1000 1000 1000 1000 1000 1000
99 1000 1000 1000 1000 1000 881
100 1000 1000 1000 1000 1000 1000
