1 -605.5067 -621.6344 -625.0264 -611.6577 -629.4414 -628.0999
2 -580.2772 -593.5052 -598.4759 -583.8053 -596.1664 -597.6533
3 -593.3016 -608.3302 -607.8465 -661.5091 -612.0983 -610.6665
4 -616.2742 -633.8467 -636.3155 -647.7542 -650.8318 -653.9111
5 -659.8956 -666.8724 -668.1552 -690.3313 -669.39 -669.3344
6 -596.9388 -613.3326 -612.9869 -625.865 -617.6624 -617.4296
7 -613.8687 -628.5794 -636.6813 -614.8658 -630.3039 -638.4131
8 -614.7379 -635.6669 -638.9084 -666.0214 -650.716 -649.1392
9 -684.229 -690.5069 -688.7175 -708.4458 -705.1902 -704.6469
10 -674.6164 -684.1985 -682.0877 -685.9339 -685.4941 -680.2427
11 -716.8417 -731.1196 -735.9117 -760.5924 -738.0626 -738.2296
12 -648.1214 -670.0495 -670.1809 -676.7372 -672.9949 -677.5429
13 -602.3397 -619.8456 -620.9406 -613.8733 -625.2926 -625.8411
14 -631.9704 -652.5438 -649.9493 -656.4468 -666.2448 -665.7098
15 -598.5051 -628.3986 -628.4549 -628.498 -633.8286 -632.4562
16 -541.6446 -557.4426 -558.3553 -553.6122 -564.1155 -565.1117
17 -708.2724 -716.1865 -715.1858 -748.1844 -727.3304 -727.2522
18 -570.4197 -592.3836 -590.9123 -607.8124 -596.9445 -595.6315
19 -576.2324 -590.4849 -596.5804 -582.2723 -592.9864 -597.5862
20 -646.2462 -662.4917 -670.9617 -650.8347 -670.5695 -671.7189
21 -627.9641 -638.2226 -638.5803 -663.5207 -645.4426 -646.1902
22 -673.5585 -691.8492 -697.2447 -679.9746 -697.5487 -699.3705
23 -575.7846 -595.989 -594.174 -628.0676 -606.3103 -605.0901
24 -577.0807 -593.1201 -600.823 -622.3323 -603.905 -610.6572
25 -643.1647 -669.9135 -667.2811 -654.4928 -676.4298 -675.484
26 -640.9344 -654.4075 -652.8514 -660.9083 -666.2559 -664.4155
27 -666.6484 -685.6954 -691.7867 -709.4744 -696.0411 -697.3061
28 -745.2182 -756.6363 -764.849 -750.8246 -761.0273 -770.5223
29 -726.6723 -733.5877 -737.9591 -751.095 -758.9608 -764.4784
30 -616.1129 -637.402 -639.6266 -639.0093 -640.3963 -640.4136
31 -569.6877 -581.9156 -586.0411 -591.8548 -590.4988 -593.2427
32 -528.7072 -545.0671 -547.4343 -537.1465 -548.6159 -550.8444
33 -610.7982 -633.8671 -635.494 -655.1813 -649.6437 -651.1504
34 -606.001 -623.7333 -622.4816 -618.9188 -628.6546 -630.2984
35 -736.3537 -745.1781 -742.7948 -762.6863 -748.7558 -748.2557
36 -545.9289 -549.8632 -548.4776 -557.268 -564.0415 -561.0322
37 -597.6074 -612.104 -615.4234 -615.1981 -611.8881 -616.7084
38 -636.5603 -653.5796 -652.7612 -666.0921 -679.8192 -684.1779
39 -591.0001 -603.0856 -608.4425 -620.1315 -611.4787 -614.7484
40 -674.0745 -687.0294 -689.6272 -683.8988 -693.4904 -693.3369
41 -664.4589 -672.846 -677.6479 -706.0352 -678.2817 -677.9877
42 -672.4233 -689.923 -693.3943 -695.0965 -709.8505 -710.3329
43 -679.9839 -693.8012 -696.7084 -679.789 -693.7067 -698.0865
44 -649.7886 -667.1885 -667.6486 -665.909 -675.3532 -677.1915
45 -643.5708 -666.0702 -663.4658 -654.0845 -668.127 -672.3045
46 -722.8412 -742.7612 -742.183 -737.0356 -742.3588 -744.3457
47 -542.8933 -560.9602 -557.7331 -562.6996 -566.2051 -562.9467
48 -624.403 -638.5012 -636.012 -650.5678 -650.4364 -650.5551
49 -585.8157 -598.4845 -604.8522 -587.2888 -599.4954 -602.7058
50 -618.7463 -643.8677 -648.1629 -672.5368 -669.2623 -670.4966
51 -690.0557 -711.8136 -716.9862 -761.6435 -726.513 -730.2526
52 -580.9699 -596.3554 -598.0262 -591.1885 -602.1139 -601.3406
53 -678.9602 -688.3309 -687.1053 -694.2378 -695.2327 -696.2858
54 -667.5889 -681.5104 -680.2951 -694.0258 -689.1321 -686.9917
55 -727.4952 -745.2734 -746.0021 -737.1965 -749.6607 -748.0499
56 -621.7926 -638.8254 -640.4819 -646.9312 -638.0749 -645.2939
57 -588.4289 -612.5205 -617.0803 -610.6959 -615.2101 -617.6348
58 -597.0688 -607.0467 -607.0615 -615.9588 -611.8433 -612.006
59 -658.1617 -673.685 -672.2226 -662.9108 -682.6016 -680.3701
60 -692.4346 -713.2759 -711.3057 -707.4577 -715.1293 -715.0523
61 -721.644 -731.777 -735.4985 -751.4285 -764.2997 -766.4042
62 -571.8252 -605.828 -607.5545 -585.2402 -607.6399 -610.0032
63 -647.8625 -661.1285 -662.5625 -652.7564 -672.8015 -671.3025
64 -565.2228 -581.1516 -588.61 -583.402 -599.5223 -599.9884
65 -683.9526 -703.0155 -705.1285 -704.1145 -715.5286 -718.6898
66 -509.1011 -532.1369 -533.3292 -535.5166 -551.2571 -551.6107
67 -684.9274 -703.448 -697.9503 -700.4144 -713.1189 -710.1349
68 -623.3404 -634.8836 -632.2986 -635.5683 -649.7035 -649.1357
69 -669.7945 -689.3069 -685.9084 -699.8848 -696.0669 -696.962
70 -682.392 -694.9278 -692.1624 -695.3054 -701.4426 -701.8753
71 -709.7429 -718.7328 -716.8945 -712.2484 -723.9593 -720.6568
72 -634.7832 -646.9677 -650.2776 -675.8533 -659.9405 -662.787
73 -748.0262 -760.2784 -764.1637 -791.0748 -761.7863 -764.6377
74 -603.9669 -627.1651 -632.9146 -639.2499 -642.473 -647.2602
75 -662.5661 -678.9726 -675.8972 -674.5902 -689.8396 -686.4068
76 -482.4541 -501.6795 -502.1698 -486.4729 -503.3467 -504.0928
77 -632.9009 -645.2154 -649.6397 -655.3412 -666.1114 -668.128
78 -677.5267 -691.5485 -701.8649 -691.7889 -699.0179 -707.7171
79 -562.8374 -574.3505 -573.4326 -573.3634 -582.6545 -582.8024
80 -583.0254 -608.2647 -609.8278 -645.5449 -615.4327 -620.3648
81 -703.5235 -721.5039 -718.3262 -751.3173 -736.1465 -738.6872
82 -623.3595 -637.0416 -634.8522 -636.0622 -644.2674 -641.7761
83 -653.9439 -667.934 -670.3013 -700.7739 -705.1433 -702.6207
84 -640.3802 -656.8056 -655.2941 -656.7812 -662.9632 -662.645
85 -647.2252 -659.7737 -661.3368 -692.4144 -664.6139 -667.351
86 -771.1567 -796.7709 -795.2227 -825.8459 -831.093 -831.0122
87 -651.8844 -674.8523 -677.1902 -680.367 -687.8456 -688.6806
88 -673.7719 -698.8425 -694.3176 -738.766 -722.9258 -721.2624
89 -586.2548 -601.3889 -608.9223 -596.3709 -609.5515 -611.1728
90 -733.5163 -760.5515 -757.8096 -779.4388 -780.2351 -778.8717
91 -639.3617 -657.7592 -661.2207 -677.338 -689.191 -692.45
92 -641.8295 -653.2059 -653.9788 -647.9682 -655.375 -658.491
93 -544.2895 -573.376 -572.7233 -579.4742 -581.9216 -582.5701
94 -618.7534 -630.5018 -632.6683 -625.1918 -634.8707 -631.975
95 -613.5039 -639.1702 -634.0068 -670.8101 -659.0203 -657.2625
96 -573.2422 -582.9299 -582.1655 -628.4165 -606.1317 -605.021
97 -641.1838 -654.0456 -652.4977 -639.3287 -654.7614 -649.6286
98 -646.7895 -665.6045 -661.3972 -653.9283 -672.7298 -669.0427
99 -801.8915 -806.7007 -808.8997 -802.0481 -814.5603 -815.6062
100 -597.034 -611.9988 -610.3402 -604.3033 -615.0708 -616.3414
