1 27.26539 26.97047 26.02048 27.86675 27.06733 26.52647
2 21.88429 22.64276 22.43469 21.42113 22.91907 22.68356
3 21.28441 22.1283 22.43253 22.96992 22.68288 22.77279
4 25.24443 23.87651 24.19202 26.48349 24.56343 24.29591
5 26.09802 26.93188 26.32463 26.52243 27.21271 26.13707
6 23.27178 22.1935 23.20539 23.35335 22.43406 23.16224
7 24.39902 25.38159 25.44868 24.52365 24.94842 25.35171
8 26.14737 24.58625 25.02875 26.34649 24.64098 24.84668
9 27.50436 27.35804 27.94386 28.55759 27.3906 27.64693
10 27.24455 27.09205 27.82654 26.51451 26.63647 27.13878
11 30.36424 30.40874 29.85161 30.17893 30.4088 30.55415
12 28.60413 28.15085 27.49177 28.60584 28.1684 27.46676
13 22.21079 22.36059 22.92662 22.31824 22.53177 22.62853
14 24.43883 25.73226 25.29734 24.46801 25.69065 25.49654
15 26.0283 26.3297 26.73822 26.14252 25.72813 26.94861
16 20.08478 20.37694 19.79961 19.66953 20.4685 19.99449
17 24.57481 24.64502 24.72123 26.10854 24.81036 24.93341
18 22.58418 23.60633 23.17579 22.42723 23.2239 22.96786
19 22.09756 22.16627 21.70139 21.95088 22.62218 21.76764
20 26.59582 29.13018 29.25464 27.56506 29.24439 29.53925
21 25.39567 24.84398 24.63828 25.35924 24.98459 24.97809
22 31.73846 28.41129 30.0288 31.1787 28.53546 29.67594
23 20.28537 21.13107 21.30908 20.87451 20.9919 21.04817
24 25.01959 24.7467 24.7558 25.1359 24.72032 24.40177
25 28.07783 27.13082 26.70475 28.95979 26.34851 26.9528
26 21.3526 21.33083 21.4047 22.75208 21.68797 21.08461
27 32.48007 30.76279 31.18487 31.6555 31.13645 31.35838
28 32.15527 29.5046 31.43388 32.08488 30.28881 31.42629
29 32.93767 33.14429 32.62372 32.98747 32.54173 32.57949
30 23.285 24.6388 23.57435 23.35463 24.22758 24.08483
31 21.57376 22.05697 21.40451 21.055 21.8023 21.52429
32 18.80039 18.75437 18.59206 18.79619 18.39264 18.79201
33 21.08031 21.31403 21.77155 22.17271 21.04225 21.59323
34 21.76411 22.70973 22.64284 21.72908 22.53364 22.08665
35 29.68841 31.01295 28.81451 30.68549 31.01645 29.5572
36 17.98439 18.30027 18.11977 18.64005 18.36425 18.62854
37 23.66714 21.82217 22.30053 23.9006 21.90455 21.77182
38 27.71407 24.78764 24.75086 27.1466 24.14076 24.89602
39 20.2824 22.59859 23.05198 19.70641 22.78131 22.70493
40 31.43995 29.13213 28.80195 31.15415 29.52185 28.8883
41 23.84744 25.3365 25.34677 23.66706 24.72076 25.47335
42 26.51682 28.10033 28.96905 27.39713 28.23642 29.00366
43 28.23628 26.34374 27.0448 28.24113 26.94444 27.05782
44 22.4698 22.97518 23.5392 23.43017 23.46392 23.33295
45 26.69917 26.87376 27.12047 27.36928 27.42136 27.22964
46 32.96978 32.97951 33.03796 32.71484 32.78001 33.25388
47 21.0743 21.75157 22.28163 21.69741 21.09812 22.33713
48 25.35029 26.13409 25.33571 23.98214 26.05213 25.65414
49 26.52253 25.79753 24.95413 26.71016 25.71229 25.20139
50 24.98678 25.27512 24.32003 25.61982 25.14033 24.34818
51 25.88093 27.23434 27.61286 27.18637 27.40702 27.62282
52 21.01517 22.75207 22.56017 21.47593 22.78053 22.95984
53 25.42908 25.63029 25.59384 25.40296 25.19096 25.44697
54 25.5123 25.12565 24.78274 24.71822 24.70886 24.36649
55 32.0441 30.15318 29.96465 32.62746 30.13101 29.76161
56 26.13307 26.69424 27.60639 25.94475 27.10749 27.32196
57 23.2758 23.23572 23.21024 22.79346 23.21383 23.30405
58 22.08815 23.08815 23.4848 21.89901 22.61612 23.75368
59 28.18779 26.73053 27.32434 28.04648 27.02287 26.8531
60 31.47318 30.08849 31.41806 31.57811 30.17322 31.18986
61 32.44356 32.88596 32.40933 33.67908 32.75258 32.90598
62 23.79295 23.70659 24.46034 24.22272 23.55024 24.46838
63 26.43119 25.93646 24.47978 26.83476 25.49694 24.85873
64 24.97881 25.50411 23.81573 24.69174 24.87368 23.80744
65 28.41677 27.78978 26.74576 28.9992 27.24609 26.72091
66 20.21496 20.23536 21.17701 20.17914 19.97002 21.07361
67 27.64422 27.22301 27.23572 28.93611 26.91352 26.79039
68 27.88798 25.09663 25.9593 26.94775 24.64477 25.61418
69 25.44248 25.84914 26.26427 25.7259 26.99903 26.29189
70 25.65133 26.91635 26.09715 25.95297 27.17463 26.07127
71 30.08759 30.55062 29.54812 29.17673 29.98569 30.13263
72 23.54215 23.29654 23.53948 23.64806 23.82311 23.67512
73 34.15741 33.16212 34.8169 35.45574 34.40424 34.47367
74 27.49078 25.99886 25.22884 27.27275 25.75814 25.38269
75 24.54863 23.80007 23.56782 25.07936 23.68977 23.26403
76 18.05298 18.03297 18.59419 18.27384 18.37413 18.25046
77 25.12235 24.61248 24.70149 26.12428 25.009 24.47644
78 30.98243 31.40669 31.2165 31.50276 31.57145 30.7823
79 23.5594 21.15884 21.54553 23.94432 21.17342 21.28246
80 21.11425 21.34573 21.49309 21.64024 21.38115 21.52666
81 28.22755 28.48902 28.14522 28.69962 28.31762 27.67975
82 24.07107 23.60086 23.94734 24.55255 23.81065 24.16144
83 26.20961 26.25748 26.64554 26.76323 26.90895 27.16382
84 25.62275 25.11872 26.0004 25.77499 25.47942 26.48804
85 29.66341 27.03295 26.27454 28.47608 26.78303 26.19142
86 34.00982 37.64203 38.12393 34.71094 37.34414 37.77059
87 28.4684 28.38932 27.16629 28.68081 28.41904 27.90838
88 24.71168 24.76132 24.29553 25.50832 24.33164 24.73919
89 21.493 22.8252 21.9102 21.72978 22.95212 22.15295
90 35.28678 32.85103 31.92086 35.37234 32.62193 32.33052
91 29.6787 29.03645 28.31489 29.7757 28.81289 28.24255
92 25.37911 25.72098 25.35259 25.34029 25.79175 25.44925
93 17.40144 17.99391 17.78942 18.717 18.16795 17.89043
94 26.10119 26.98262 27.21541 25.72052 26.85851 26.76527
95 23.71255 23.13044 23.31463 24.11446 22.77099 23.55627
96 20.61883 22.28282 22.35432 22.0761 22.01885 21.98182
97 29.02151 27.91647 29.27694 29.28672 27.47497 28.73321
98 24.33952 25.49039 25.91262 25.01602 25.53226 26.19576
99 34.29079 34.44238 34.85995 34.88293 34.30046 35.08652
100 22.69849 23.93277 24.27165 22.57475 23.92045 24.0261
