1 2.418783 2.408072 2.403895 2.444277 2.461487 2.385925
2 1.749327 1.801564 1.790129 1.718264 1.820367 1.806749
3 2.206633 2.241281 2.252292 2.300623 2.275614 2.326481
4 2.040726 2.011814 2.03435 2.100807 2.048157 2.04979
5 2.061056 2.14892 2.138065 2.084772 2.173492 2.126935
6 1.853148 1.786074 1.84413 1.847849 1.809317 1.833696
7 1.966594 2.098679 2.080039 1.965652 2.059109 2.081618
8 1.959674 1.899512 1.916122 1.966982 1.904351 1.910133
9 2.092536 2.101521 2.135495 2.126632 2.109876 2.128714
10 2.207187 2.198524 2.244047 2.141026 2.165936 2.188128
11 2.198826 2.179086 2.154756 2.192635 2.17837 2.191034
12 2.19149 2.170155 2.131011 2.194347 2.168267 2.147459
13 1.800349 1.820396 1.857293 1.804586 1.841522 1.834063
14 2.063492 2.143823 2.128002 2.02793 2.122175 2.13406
15 2.268447 2.369132 2.414411 2.338661 2.376971 2.413303
16 1.665533 1.705192 1.650452 1.630344 1.700046 1.653356
17 2.769433 2.690907 2.742819 2.935807 2.693957 2.748674
18 1.826748 1.921343 1.900573 1.813323 1.889722 1.874847
19 1.704569 1.700692 1.686946 1.67843 1.73753 1.689793
20 2.94784 3.330289 3.243616 2.961926 3.266471 3.241033
21 1.93569 1.892582 1.887576 1.93106 1.896566 1.911709
22 2.316633 2.123471 2.222515 2.270898 2.144643 2.195794
23 1.636803 1.71529 1.730219 1.677318 1.712588 1.718775
24 2.028638 2.061956 2.074823 2.04975 2.050746 2.069345
25 2.325073 2.391939 2.329192 2.460377 2.327973 2.337836
26 1.787984 1.789866 1.801281 1.854896 1.81602 1.782043
27 2.483091 2.395657 2.42779 2.44735 2.411381 2.419656
28 2.50673 2.353184 2.442327 2.479344 2.407612 2.447231
29 2.44382 2.468795 2.439844 2.432129 2.441992 2.448643
30 1.959496 2.080884 2.029017 1.964529 2.06301 2.074228
31 1.718989 1.784931 1.751639 1.702129 1.759723 1.749933
32 1.739609 1.787357 1.753903 1.748703 1.747537 1.788338
33 1.635077 1.660049 1.679887 1.69701 1.634636 1.667066
34 1.85648 1.948818 1.97008 1.852313 1.945667 1.920224
35 2.215465 2.293897 2.184459 2.275078 2.301938 2.2376
36 1.584979 1.615052 1.594611 1.634738 1.63328 1.640791
37 1.813087 1.731851 1.771549 1.830285 1.740929 1.745312
38 2.071898 1.946654 1.922964 2.032494 1.90464 1.925556
39 1.819939 1.99111 2.028114 1.773375 2.010286 1.994226
40 2.358372 2.214919 2.217676 2.315341 2.234215 2.226928
41 1.859459 1.981946 1.998399 1.838721 1.947578 1.988534
42 2.32608 2.466674 2.527 2.361478 2.482102 2.519504
43 2.307486 2.263255 2.281488 2.304288 2.295233 2.294554
44 1.89994 1.976653 2.03019 1.985979 2.002416 2.015804
45 2.215015 2.298499 2.310445 2.254578 2.311958 2.325105
46 2.44981 2.505235 2.500805 2.431234 2.499782 2.506904
47 1.854589 1.962672 1.953887 1.901754 1.912812 1.971893
48 1.931056 1.989351 1.964353 1.837164 1.9812 1.981037
49 2.721819 2.736908 2.701531 2.74746 2.68321 2.661679
50 2.273276 2.360297 2.340027 2.34714 2.384879 2.337627
51 2.05717 2.167708 2.179583 2.122046 2.177126 2.179711
52 2.078577 2.217681 2.27862 2.103531 2.278446 2.278072
53 1.893749 1.896149 1.900668 1.892074 1.868995 1.895156
54 2.075323 2.042389 2.05698 1.95103 2.048285 2.028017
55 2.343705 2.28632 2.279789 2.363517 2.29306 2.250614
56 2.141706 2.191347 2.244689 2.130986 2.210636 2.236241
57 1.923761 1.94361 1.94743 1.927679 1.953176 1.954296
58 1.82397 1.906418 1.917129 1.789481 1.881529 1.934586
59 1.988901 1.926662 1.957067 1.980232 1.948968 1.929169
60 2.580748 2.540488 2.572185 2.582073 2.527633 2.57099
61 2.445292 2.519082 2.491167 2.517926 2.514901 2.534627
62 1.950008 2.01065 2.070245 2.001842 2.028724 2.076938
63 1.987623 1.964598 1.890925 2.004268 1.945778 1.918691
64 2.123066 2.145851 2.13219 2.105593 2.144839 2.121402
65 2.423419 2.477065 2.428682 2.457393 2.442593 2.437567
66 1.684772 1.733341 1.789758 1.67606 1.70884 1.779349
67 2.213747 2.266063 2.254752 2.290431 2.225404 2.212162
68 2.059298 1.910291 1.944097 1.995597 1.880319 1.924545
69 2.098547 2.134239 2.171026 2.124341 2.230512 2.188175
70 1.904823 1.985917 1.95851 1.92442 2.00596 1.959864
71 2.313124 2.383421 2.307152 2.267191 2.340177 2.352004
72 1.981504 2.0009 2.058157 2.002999 2.044348 2.033768
73 2.400434 2.352684 2.454186 2.467827 2.430386 2.43587
74 2.265015 2.238649 2.180238 2.261477 2.216953 2.193091
75 1.895738 1.867634 1.847702 1.923395 1.859316 1.837791
76 1.550858 1.575251 1.612554 1.573029 1.607737 1.586579
77 1.961913 1.938372 1.965929 2.024432 1.965957 1.949393
78 2.310922 2.32936 2.345658 2.332423 2.356039 2.321075
79 1.825701 1.715551 1.753559 1.844674 1.720024 1.730126
80 1.688311 1.69288 1.700771 1.727278 1.705518 1.708303
81 2.385564 2.410625 2.359893 2.403978 2.400299 2.352186
82 1.896006 1.905577 1.91011 1.948478 1.925414 1.939616
83 2.021386 2.042422 2.070208 2.058199 2.088695 2.091216
84 2.509258 2.613994 2.641705 2.566861 2.701288 2.696228
85 2.758374 2.52966 2.472692 2.708278 2.515873 2.441928
86 2.527194 2.775238 2.788706 2.567602 2.744156 2.76392
87 2.538348 2.609998 2.538047 2.546162 2.567257 2.598023
88 3.71485 3.736079 3.58634 3.682925 3.681897 3.783087
89 2.211144 2.255542 2.312469 2.256223 2.444773 2.358375
90 2.60499 2.494327 2.444544 2.599409 2.454962 2.456835
91 2.282815 2.200325 2.171384 2.229554 2.188272 2.173593
92 1.977011 2.021412 2.014461 1.971401 2.042945 2.029188
93 1.965626 2.086092 2.043509 2.083941 2.086868 2.057917
94 2.129563 2.243789 2.245719 2.088096 2.240949 2.217974
95 1.816105 1.819847 1.820795 1.826568 1.789778 1.842866
96 3.876371 4.381253 4.334466 3.780489 4.36439 4.540438
97 2.17082 2.145561 2.224126 2.176657 2.1194 2.178475
98 1.951523 2.058486 2.059262 1.963803 2.059711 2.071514
99 2.421141 2.500774 2.512736 2.498207 2.506244 2.529142
100 1.932822 2.016261 2.011483 1.887009 2.005527 1.985153
