1 0.5429208 0.08167618 0.02634949 0.8756102 0.6007647 1.977995 0.3132284 0.3701326 0.007590278
2 0.6452833 0.09867726 0.03520546 1.318153 0.8810776 4.808912 0.2781541 0.3874978 0.01300034
3 0.747344 0.1017733 0.03577569 1.733622 0.8026212 2.90616 0.2127694 0.1916784 NaN
4 0.6017282 0.1007077 0.02937481 0.902046 0.7766948 0.8669839 NaN NaN NaN
5 0.5204107 0.08980004 0.032823 0.8371734 0.7654106 4.763764 0.2880668 0.3928052 0.01198604
6 0.6497032 0.09807988 0.03447787 1.225933 0.82347 1.842646 0.2193198 NaN NaN
7 0.6015059 0.1256945 0.04024783 1.266163 0.8926233 4.106859 0.2852147 0.4390535 0.02031722
8 0.6680293 0.1100465 0.03527661 1.193047 0.973121 2.9936 0.2761276 0.3947303 0.01264479
9 0.553036 0.0930108 0.03067878 1.204401 0.7253791 1.14037 0.2917756 0.494117 0.02181759
10 0.6181483 0.1059046 0.0308932 1.557024 0.6487679 14.86172 0.2861398 0.4160834 0.01422205
11 0.5451288 0.09160988 0.0307798 0.9133497 0.852186 2.768582 0.282966 NaN NaN
12 0.5501284 0.09082789 0.03089628 1.129965 0.7599731 2.365843 0.2871724 0.3849106 0.01074371
13 0.6403867 0.09666332 0.03396426 1.449558 0.7445957 2.688999 0.2850945 0.3979583 0.01569505
14 0.5135894 0.08983892 0.02797565 0.8796117 0.6929038 0.8771471 0.2940492 0.398903 0.01195643
15 0.5016353 0.09831562 0.02866359 1.046546 0.6658181 1.716068 0.2874881 0.3734924 0.008199729
16 0.7170852 0.1020609 0.03680175 1.061589 0.8332523 1.978519 0.2252658 0.09251546 NaN
17 0.7373863 0.09460776 0.03582878 1.332596 1.082543 1.19504 0.2840582 0.2060036 NaN
18 0.5546529 0.1006176 0.03222213 0.8261796 0.8799457 1.55593 0.2818945 0.3702197 0.01226711
19 0.6764432 0.09391406 0.03419632 1.145344 0.8646638 5.257984 0.4530732 0.886608 0.06369188
20 0.5301991 0.1192078 0.03296039 1.113101 0.7793151 2.860647 0.2912795 0.3934526 0.009972238
21 0.6046924 0.08168819 0.03062954 1.269359 0.7023917 1.762259 0.2935451 0.4984594 0.02345042
22 0.5112511 0.08372068 0.03088154 0.8703828 0.6932956 2.901108 0.2669942 NaN NaN
23 0.637822 0.1163159 0.03929782 1.276854 0.9500301 1.461682 0.2795191 0.3988201 0.01599599
24 0.5958653 0.09857848 0.02923983 1.100024 0.8208358 1.115178 0.2756074 0.3716737 0.00842896
25 0.6319817 0.08468846 0.02845447 1.502114 0.5932281 2.129975 0.3028452 0.5060775 0.02565909
26 0.6982423 0.1025054 0.03756341 0.9436128 0.9281441 1.252806 0.3333855 NaN NaN
27 0.5405073 0.09292222 0.02655215 1.027228 0.6681728 1.865083 0.3034296 0.4350787 0.01545869
28 0.591529 0.1014203 0.03684786 1.135562 1.02342 3.259164 0.2398061 0.04370721 NaN
29 0.4208303 0.09671056 0.02872882 0.5762203 0.7594772 0.6856807 0.2670422 NaN NaN
30 0.6131585 0.1071378 0.03187016 1.246222 0.6907782 4.35406 0.2958107 0.3647396 0.00938792
31 0.6591991 0.1056173 0.02952944 1.653791 0.6465241 1.99892 0.2358166 0.1920779 NaN
32 0.6867703 0.1082035 0.03798067 1.244423 0.9221151 1.744761 0.2280993 NaN NaN
33 0.6975359 0.1114773 0.0406532 1.135768 0.9647307 1.592489 0.2305251 0.1902753 NaN
34 0.7020732 0.1067172 0.03632094 1.429213 0.9819819 1.516169 0.2866958 0.360578 0.009514816
35 0.6081133 0.0946089 0.03150185 1.361036 0.8580722 2.336908 0.466845 1.798411 0.09346097
36 0.8017402 0.1153394 0.03972334 2.417841 1.053252 1.278182 0.2035361 NaN NaN
37 0.7361468 0.1109216 0.03588775 1.187537 0.878384 11.54186 0.2054022 0.191694 NaN
38 0.5942124 0.09028001 0.03312023 0.9108341 0.7954777 1.551177 0.2370476 NaN NaN
39 0.7504603 0.1185139 0.03569845 2.511845 0.8676146 2.059773 0.2657005 0.3931517 0.01517459
40 0.5269583 0.07183817 0.02553112 0.8435686 0.5987781 1.742816 0.3108607 0.3787183 0.009855556
41 0.5609878 0.09928794 0.037526 1.096326 0.8657394 4.371047 0.2324144 0.1576058 NaN
42 0.4307308 0.09184962 0.03250989 0.7113477 0.7214261 1.070265 0.2897325 0.4570259 0.01585732
43 0.6540738 0.1077599 0.03764202 1.748188 0.9728918 5.114341 0.2829003 0.4831092 0.01935515
44 0.7273678 0.1057869 0.0349036 0.9181276 1.018086 1.162259 0.3175354 0.3619941 0.008987233
45 0.4690652 0.1074475 0.0333159 1.380026 0.8223275 1.502467 0.294708 0.3814062 0.009770887
46 0.4779104 0.09648949 0.02941622 0.9190575 0.6837687 3.195556 0.2570969 0.1632718 NaN
47 0.6149043 0.09988882 0.03221446 1.412765 0.6047355 4.765324 0.1739272 NaN NaN
48 0.5832903 0.09217029 0.03019538 1.153054 0.6746409 2.425292 0.2897377 0.3950934 0.01351102
49 0.604522 0.08917794 0.02911174 0.8881589 0.7470635 6.777048 0.2809763 0.3936115 0.01177287
50 0.5838567 0.1033805 0.03101246 0.9189422 0.7658317 0.8169112 0.277228 0.3674504 0.009273463
51 0.5919126 0.09299782 0.03247278 1.185823 0.8052995 1.229726 0.2298652 NaN NaN
52 0.581729 0.117801 0.0353264 1.150061 0.9905745 1.955861 0.3034288 0.3569492 0.007814531
53 0.5535287 0.0903585 0.03225601 0.7559088 0.7317686 1.43728 0.3845636 0.4496818 NaN
54 0.5817856 0.09097251 0.03192981 1.252647 0.6714524 2.68955 NaN NaN NaN
55 0.570637 0.09936111 0.0315898 1.156125 0.7839602 3.473402 0.2766864 0.102935 NaN
56 0.481107 0.09576903 0.03121691 0.9272712 0.680104 2.58382 0.2877219 0.3837788 0.01162849
57 0.6530228 0.1029111 0.03457888 0.9791011 0.9920154 2.950928 0.2864101 0.3679895 0.00856696
58 0.7068769 0.1229998 0.03891722 1.505958 1.01438 2.273537 0.2867562 0.3682966 0.007979996
59 0.5353368 0.07904874 0.03294446 0.7259863 0.7189472 2.338898 0.2586717 NaN NaN
60 0.5373751 0.08879619 0.03062942 0.7877535 0.7116559 4.701972 0.2994765 0.4267443 0.01385279
61 0.4857199 0.08112896 0.02800881 1.048203 0.5661021 1.371336 0.3216214 0.5672837 0.01995828
62 0.5864835 0.1159346 0.03552651 1.113169 0.8317152 3.163144 0.2729473 0.3772129 0.01277414
63 0.5826625 0.09058049 0.03268486 0.8964717 0.8174381 1.820132 0.3150868 0.6723784 0.0358102
64 0.4535245 0.09567742 0.02834245 0.8980229 0.6693913 1.521195 0.2893123 0.3666885 0.006540972
65 0.5544081 0.09723406 0.02880206 0.9892142 0.7027002 1.137705 0.2449085 0.2097873 NaN
66 0.6063157 0.09535008 0.03281916 1.159909 0.6588459 1.836413 0.364481 0.4748979 0.0430774
67 0.5542244 0.1063535 0.03270356 1.064704 0.8614542 1.357924 0.2934928 0.3879073 0.01143523
68 0.5720475 0.07971638 0.02892378 0.9308549 0.5657744 2.106188 0.2505322 0.2090865 NaN
69 0.7056618 0.1159601 0.03570145 1.577032 1.077544 1.396684 0.2841454 0.4755079 0.0213487
70 0.5587394 0.09751649 0.03398451 1.033507 0.7886885 3.488 0.2551253 0.116514 NaN
71 0.5073707 0.09716376 0.03424157 1.013546 0.7313114 3.355344 0.3268628 0.3943897 0.01060555
72 0.6301074 0.09776025 0.03357585 0.8888461 0.8322552 1.166697 0.292448 0.4837297 0.02464895
73 0.6430999 0.09184859 0.03126653 1.487598 0.8036347 4.731878 0.268883 NaN NaN
74 0.5199186 0.09500496 0.03203785 0.8803896 0.8418054 1.101444 0.2754472 0.3846356 0.01213491
75 0.5712093 0.0986649 0.03104384 1.110783 0.8977636 1.624676 0.3304566 0.090905 NaN
76 0.8235238 0.1220171 0.03836671 1.748924 0.9312744 3.251767 0.2867997 0.3879834 0.02158172
77 0.577957 0.09670503 0.0305145 1.18562 0.7652596 0.928173 0.3069604 0.5328527 0.02901124
78 0.6228789 0.09095252 0.02894388 1.538554 0.6764388 3.396104 0.3306951 0.510286 0.01933314
79 0.5582297 0.08683022 0.02984618 1.29068 0.5900356 1.797533 0.2920256 1.091445 0.02220448
80 0.6271657 0.08966545 0.03842092 0.9840925 0.8497961 1.527758 0.2278071 0.03689882 NaN
81 0.5456749 0.09199127 0.03097441 0.7267193 0.9385751 0.9071422 0.2970068 0.4663472 0.0152447
82 0.6093007 0.0938079 0.03397513 1.491857 0.721599 2.488196 0.3318469 0.368366 0.009317562
83 0.512142 0.08250943 0.02796673 0.8401052 0.6652778 0.8194447 0.2180378 NaN NaN
84 0.6239621 0.1064736 0.03659886 1.030934 1.024013 1.514255 0.278659 0.403619 0.01476031
85 0.6089514 0.1011248 0.03381473 1.237467 0.8862794 2.671308 0.2847421 0.3816674 0.0101379
86 0.4560871 0.08383715 0.02650285 0.790634 0.6406595 0.8407152 0.2849544 NaN NaN
87 0.5064268 0.08982756 0.02796001 0.9574365 0.6597805 0.8390417 0.2962355 0.3819479 0.009288846
88 0.7003498 0.1123443 0.03358112 1.628322 0.9342427 0.7776167 0.2879321 0.3532575 0.00846314
89 0.6540066 0.1096215 0.03234185 0.794338 0.8699421 3.181029 0.214817 0.1498072 NaN
90 0.5465635 0.08543116 0.02898216 0.8468145 0.7571936 1.079517 0.2686477 NaN NaN
91 0.5737493 0.08082068 0.02465124 1.383259 0.5317208 0.8165475 0.2880966 0.3957016 0.01213727
92 0.5978821 0.1057694 0.03667559 0.9665627 0.9482767 4.489587 0.291538 0.3814275 0.01057983
93 0.7652787 0.1302104 0.04292045 1.267419 1.179488 0.6833749 0.21681 0.1105188 NaN
94 0.5784298 0.1019129 0.03037403 1.547481 0.540732 15.09685 0.2904872 0.4061815 0.01314582
95 0.6769546 0.1210475 0.03648031 1.2552 0.9819366 1.327646 0.2782215 0.448232 0.01957779
96 0.634922 0.08943507 0.02905375 1.475189 0.601229 0.6557282 0.2773982 0.3544675 0.01070189
97 0.4892487 0.08572187 0.03012308 0.9628821 0.5701037 15.54845 0.3096433 0.3816011 0.01017276
98 0.5676489 0.09611418 0.03268946 1.123851 0.6913189 2.242611 0.2617386 NaN NaN
99 0.5248334 0.0878255 0.03060215 1.297588 0.7158614 2.740205 0.3231659 0.219984 NaN
100 0.4993482 0.09012177 0.03126868 0.8266384 0.660058 2.721599 0.2428529 0.1743518 NaN
