1 26.28699 1.965213 -0.5024078 4.998916 2.022485 -1.416248 0.02356772 -0.03576226
2 26.09881 1.888687 -0.5358838 6.166806 3.15087 -0.7795112 -1.128067 -0.05877582
3 25.37033 1.845403 -0.5221724 5.553549 8.314775 -1.416676 -0.6885247 0.01892017
4 26.59803 2.246238 -0.5030309 7.533966 3.249485 -1.282543 -0.2582297 -0.003352926
5 25.84688 1.996529 -0.540259 5.746706 1.58557 -1.090738 -0.5920628 -0.0658051
6 24.97359 1.814629 -0.5316667 6.322729 2.878769 -1.553558 -0.6731283 0.007717225
7 25.28353 2.099483 -0.574988 7.000616 2.546808 -0.8139708 -0.9497589 -0.03822554
8 26.89869 2.098668 -0.5317057 8.246388 1.869636 -0.6012316 -1.680286 -0.08136248
9 25.96785 2.050586 -0.5356264 7.032644 4.252959 -1.14721 -1.118517 -0.0526093
10 25.80534 2.153039 -0.5453228 5.201728 4.261999 -1.143606 -0.8038825 -0.06447663
11 26.31889 1.748843 -0.5003794 6.81573 2.362579 -1.560855 -0.7479399 0.006774955
12 26.49186 1.882298 -0.5081513 6.11349 1.919412 -1.312782 -0.3386022 -0.02800922
13 25.23294 1.857952 -0.5425894 5.614066 5.394375 -1.199252 -0.7595113 -0.02550942
14 25.86251 2.042032 -0.5166934 6.748004 2.386992 -1.455515 -0.2726668 -0.02044016
15 25.20047 2.159997 -0.5417068 5.164748 2.421926 -1.394941 -0.07914126 -0.01293806
16 25.49593 2.017249 -0.5300422 6.67573 2.048456 -0.8664196 -0.5284604 -0.02713529
17 25.93775 1.801929 -0.4976698 9.616953 5.358001 -1.825486 -0.2368979 0.01869647
18 25.63359 1.962563 -0.5317818 6.295647 1.149966 -1.303749 -0.3204529 0.005812523
19 26.11276 1.936566 -0.5270677 5.710689 2.378143 -1.223683 -0.7684327 0.007366172
20 25.45659 2.41873 -0.57199 6.611508 2.560749 -0.9043347 -0.8253728 -0.09236493
21 25.69709 1.726409 -0.4876161 5.972872 4.350452 -1.430383 -0.04459003 -0.007254503
22 25.98481 1.827946 -0.5217006 5.938948 1.667126 -1.469902 -0.6488034 0.002222979
23 24.95488 1.940339 -0.5584401 7.919347 3.443684 -0.9758711 -0.9205651 -0.04466137
24 26.56238 2.123786 -0.4911856 6.521145 2.033892 -0.9447499 -0.6032416 -0.06098714
25 25.29149 1.873817 -0.5065302 4.899401 6.441306 -1.241375 -0.9220117 -0.05023105
26 25.72476 1.942785 -0.5422774 8.269399 2.552318 -1.570939 0.271858 -0.005401603
27 27.06881 2.076989 -0.495291 5.552586 4.507295 -0.9052901 -1.575311 -0.06993179
28 25.24547 1.916698 -0.5262267 8.427999 2.108247 -1.447125 -2.410307 0.01998868
29 25.9677 1.911228 -0.5251902 8.5687 1.196656 -1.564966 -1.178907 0.003054814
30 25.69707 2.220428 -0.5585627 5.390501 3.447694 -1.500961 -0.1494891 -0.01451287
31 25.86163 2.047215 -0.5242179 4.784346 9.484485 -1.044468 -1.037864 -0.01743329
32 25.41517 1.997714 -0.5625017 6.700218 1.777495 -1.132501 -0.7200114 0.02355428
33 25.32839 1.726511 -0.5507191 8.969255 2.76253 -1.438722 -1.17741 0.01445941
34 25.39861 1.926543 -0.5048746 7.926088 3.578676 -1.151194 -0.4630353 -0.03547659
35 26.22093 1.919901 -0.5069089 7.025725 4.338301 -1.415097 -1.130319 -0.02587266
36 25.44872 1.978533 -0.5380615 8.30649 4.647538 -1.583025 -0.6959639 0.0344176
37 25.92954 1.970221 -0.5210589 6.170668 2.206419 -1.398779 -0.7008812 0.01870417
38 25.77747 1.903032 -0.5208088 7.880503 2.762969 -1.247453 -0.3694193 -0.01275141
39 24.41942 1.99476 -0.5596696 6.190621 14.82176 -0.6043163 -1.352063 -0.05677201
40 26.84862 1.924738 -0.4706781 5.033686 2.667687 -1.456498 -0.3270016 -0.05603257
41 24.44253 1.834027 -0.5529101 6.551708 2.115056 -1.364722 -0.3022446 0.003235457
42 25.49232 2.070302 -0.6090416 6.937225 1.892622 -1.25913 -0.5783247 -0.03659339
43 25.29931 2.004052 -0.549289 7.036744 3.970639 -1.123638 -0.5200626 -0.03753215
44 25.97601 2.082512 -0.5216403 8.423009 2.990772 -1.603128 0.1628379 -0.03181433
45 25.32868 2.229424 -0.5761874 6.331261 1.495307 -1.214029 -0.4170108 -0.05946125
46 25.62595 2.108305 -0.5443115 5.434005 2.733683 -1.496364 -1.887554 -0.00901109
47 25.56814 2.032118 -0.5628377 4.594483 3.660614 -1.11394 -1.261861 -0.01517775
48 25.95544 1.832805 -0.5043001 4.821189 13.72331 -1.24508 -0.3721664 -0.03365372
49 27.30218 2.017124 -0.494093 5.05431 1.860978 -0.9218329 -0.7231474 -0.05608385
50 25.83949 2.274784 -0.5371677 8.192786 1.784252 -0.9288868 -0.7238563 -0.07703476
51 25.6037 1.867953 -0.527744 7.970919 2.210599 -1.107176 -1.003312 -0.03168084
52 25.26239 2.16687 -0.5726094 6.994829 1.241363 -1.345234 0.09299243 -0.04351792
53 25.16752 1.780729 -0.5233642 6.427602 1.933264 -1.974321 -0.3181125 0.01716694
54 25.94805 1.910989 -0.5381748 5.510248 6.090194 -1.964528 -0.6952571 0.02126347
55 26.16313 2.011378 -0.546174 6.384258 3.537536 -1.749556 -0.583892 0.01842222
56 25.31298 2.00822 -0.5451255 5.180216 1.445264 -1.167834 -0.4856714 -0.05402806
57 26.07312 1.935168 -0.5081349 6.853463 1.845059 -1.212861 -0.2893801 -0.02288199
58 25.13711 1.861695 -0.5318236 7.435734 3.974019 -1.249047 -0.222157 -0.009262755
59 26.67885 1.802063 -0.5526744 6.365549 2.020148 -1.145585 -1.135395 -0.04226256
60 25.71893 1.907562 -0.5212735 5.964553 1.797272 -1.578266 -0.3761723 -0.004821191
61 25.49525 1.962536 -0.5586461 6.866275 2.142788 -1.727621 -0.4022845 -0.016784
62 25.71688 2.132407 -0.5574743 6.240824 1.623764 -0.7643446 -1.158593 -0.06586496
63 26.00087 1.813054 -0.4976634 6.971282 2.319259 -1.18038 -0.4041087 -0.03563284
64 26.23309 2.107581 -0.502675 5.988765 0.6717233 -1.194709 -0.08065606 -0.0334399
65 25.60921 2.157933 -0.5390462 6.480315 2.545289 -1.203941 -1.252005 -0.03476136
66 25.16467 2.101869 -0.5574162 5.616763 2.524306 -0.9153545 -1.475709 -0.01115153
67 26.18075 2.195774 -0.5636771 8.162031 1.944005 -1.195223 -0.592427 -0.06931359
68 25.36057 1.720536 -0.5153277 5.433684 2.492289 -1.438581 0.09273101 -0.01599247
69 26.20902 2.20373 -0.5404898 9.319435 2.881774 -1.050619 -0.7032418 -0.04907314
70 26.07618 1.927498 -0.5351947 6.768235 2.443172 -0.8249996 -1.28591 -0.05509273
71 24.90405 1.844839 -0.5592655 6.248116 1.980175 -1.479229 -0.4484345 -0.05196916
72 25.49269 1.902566 -0.5266583 8.081569 2.375873 -1.272391 -0.6968656 -0.00902711
73 26.12939 1.961902 -0.503722 6.384215 5.579748 -1.149072 -1.707339 -0.04600823
74 25.86995 2.048935 -0.5256126 7.409553 1.205021 -1.035502 -0.4304156 -0.02479682
75 26.59815 1.987351 -0.5071805 7.694137 1.181787 -1.831052 -0.8465759 0.02594799
76 25.6432 2.047852 -0.561177 6.058294 2.020145 -0.9211173 -0.8140968 -0.01367702
77 25.87037 1.918485 -0.5117175 7.720697 3.29581 -1.000424 -0.7736997 -0.04747897
78 26.69458 2.010123 -0.4964059 6.207284 3.534462 -0.9302098 -1.186733 -0.04723807
79 25.84683 1.983648 -0.5228249 4.416739 5.018829 -0.8203767 -0.7404504 -0.005508993
80 25.05003 1.736678 -0.5202581 7.002494 1.229291 -1.223468 -0.9119897 0.004459189
81 26.92541 1.912976 -0.5033586 8.811174 1.51953 -1.354012 -0.5194802 -0.04198545
82 25.43667 1.865102 -0.5490808 6.110658 4.234081 -1.620324 0.08546749 0.007166992
83 24.61978 1.858857 -0.5134676 7.5157 5.239238 -0.9642613 -1.112687 -0.0600091
84 25.35856 2.051339 -0.567289 8.153298 2.197747 -0.8804 -0.9526969 -0.07021412
85 26.00882 1.972619 -0.5047424 7.116236 2.737846 -1.166754 -0.4546439 -0.05748838
86 24.93831 1.897861 -0.5421189 7.610156 2.884225 -1.158012 -1.01279 -0.06974637
87 25.88699 2.189604 -0.5390895 6.163892 2.366595 -1.277354 -0.4089114 -0.06123412
88 26.21199 2.167554 -0.5534802 10.57226 4.208737 -1.550961 -0.001590414 0.005083092
89 25.98081 2.295274 -0.5405901 6.607768 1.161174 -1.267396 -0.9189632 0.01797488
90 26.50727 1.822865 -0.4888459 7.67021 1.607168 -1.632653 -0.4581962 0.009723923
91 25.58423 1.888856 -0.4822444 6.117391 5.15464 -1.312394 -0.444116 -0.02404991
92 26.3607 2.022288 -0.5285112 7.250189 1.240065 -1.282182 -0.2841347 -0.03340067
93 24.9462 2.125627 -0.5801729 10.57069 2.923621 -1.228845 -0.9098273 0.02179548
94 25.4209 2.207112 -0.5852332 4.503715 4.5297 -1.062697 -0.7425345 -0.07099742
95 26.21285 2.08354 -0.5300231 9.806552 1.700437 -1.203872 -0.4095653 0.001298566
96 25.23927 1.989921 -0.5122963 6.159012 10.63666 -1.010575 -0.6104138 -0.05492439
97 25.70245 1.944328 -0.5454227 4.611276 1.848068 -1.31866 -0.4436244 -0.07025157
98 25.5144 2.034049 -0.5581352 5.818055 3.581378 -1.502714 0.09123215 -0.003794669
99 25.74048 1.842046 -0.5236558 6.5776 3.862121 -1.544563 -0.953427 -0.02381114
100 25.11496 1.978415 -0.5385875 5.12937 0.939861 -1.470678 -0.6713661 0.017218
