1 0.5798305 0.09132623 0.03046875 0.8876552 0.5447662 0.3130072 0.3698105 0.007581744
2 0.6893619 0.1048341 0.037557 1.562502 0.7531284 0.2779548 0.3858017 0.01278022
3 0.8355253 0.1096629 0.03631538 2.71161 0.7011505 0.2137331 0.1915917 NaN
4 0.8006078 0.1315636 0.03713269 1.652142 0.8868159 NaN NaN NaN
5 0.540457 0.09819742 0.03384285 0.9440459 0.6240901 0.2878353 0.3912951 0.01179297
6 0.7170836 0.1062268 0.04033228 1.583644 0.7681543 0.2178483 NaN NaN
7 0.6337241 0.1228182 0.04068061 1.299529 0.8093038 0.2869255 0.4440464 0.0210158
8 0.8187952 0.1389647 0.04095269 1.716048 0.9862025 0.2868002 0.4887644 0.01664022
9 0.687128 0.1149185 0.03689696 1.719996 0.7530691 0.2963918 0.5646734 0.02660803
10 0.6273255 0.1085896 0.03147831 1.701297 0.5740095 0.2864239 0.4196825 0.01461002
11 0.6250347 0.09145797 0.03503786 1.303387 0.7111402 0.2832688 NaN NaN
12 0.6284984 0.09671663 0.03399811 1.411808 0.6812854 0.2871976 0.3852372 0.01075648
13 0.7460263 0.1066255 0.03722465 2.027923 0.6852355 0.2848447 0.3987674 0.01565316
14 0.7289095 0.115629 0.03604951 1.365065 0.7772007 0.2942118 0.3999188 0.01198799
15 0.5839516 0.1101743 0.03286716 1.400799 0.5816623 0.2877338 0.373753 0.008081581
16 0.8205973 0.1245081 0.04232497 1.589354 0.9056327 0.2258802 0.06470832 NaN
17 0.9125928 0.1244739 0.04459608 2.513454 1.116505 0.2856946 0.2209735 NaN
18 0.6569788 0.1094266 0.03762204 0.9867903 0.7497113 0.2824638 0.3689891 0.01240809
19 0.7066606 0.1047079 0.03613938 1.253449 0.7068322 0.5757862 1.17808 0.086942
20 0.5910627 0.135164 0.03613356 1.363689 0.7081868 0.2910211 0.3934855 0.00989929
21 2.020203 0.3060872 0.06698088 4.485753 0.8191416 0.2901228 0.4774563 0.02085484
22 0.5490397 0.08932485 0.03363979 1.054818 0.6131232 0.268376 NaN NaN
23 0.8214548 0.133683 0.04737448 2.469537 1.057796 0.2793518 0.3988825 0.01606391
24 0.7941208 0.125545 0.0361958 2.289972 0.8336026 0.2756751 0.3710493 0.008464469
25 0.7000577 0.09608273 0.0314611 2.35022 0.549201 0.3027647 0.4978215 0.02529804
26 0.7976779 0.1237034 0.04377421 1.525758 1.015685 0.3338497 NaN NaN
27 0.6644237 0.09960488 0.0295076 1.809501 0.5816231 0.3036724 0.4359267 0.01554615
28 0.632092 0.1134865 0.04028997 1.353381 0.8413833 0.2412812 0.04988751 NaN
29 0.5896951 0.1087433 0.03917012 1.088368 0.8399017 0.2875124 0.1995877 NaN
30 0.635675 0.1147183 0.03394938 1.424211 0.6108199 0.2961429 0.3642862 0.00940736
31 0.8486032 0.111824 0.03455272 3.409651 0.6479551 0.2349885 0.1932724 NaN
32 0.7922702 0.1230264 0.04434937 1.549847 0.9475447 0.2287196 NaN NaN
33 0.8304473 0.1182609 0.04964197 1.664726 1.117301 0.230517 0.1901254 NaN
34 0.8286731 0.12406 0.04271178 2.038313 0.9861817 0.2867367 0.3601391 0.009602925
35 0.6821911 0.1031443 0.03497129 1.653495 0.7206138 0.3742996 1.200268 0.06123706
36 1.025489 0.1446232 0.05103025 2.893817 1.27477 0.2016965 NaN NaN
37 0.8268185 0.1198347 0.03708031 1.813028 0.7755669 0.2077486 0.1916403 NaN
38 0.7309905 0.1139867 0.04083652 1.559736 0.8902966 0.2361314 NaN NaN
39 0.9064752 0.1313197 0.04203709 4.956756 0.7948504 0.265454 0.3891608 0.01467015
40 0.6190015 0.08564504 0.02876832 1.269265 0.5317382 0.3108437 0.3791855 0.009875109
41 0.5973713 0.1029437 0.04055366 1.097319 0.7298587 0.2290665 0.157174 NaN
42 0.5736686 0.1176798 0.03904138 1.794761 0.7721777 0.2895872 0.4563325 0.01572642
43 0.6696339 0.1162338 0.03842642 1.861906 0.7800763 0.2828231 0.4835537 0.01929818
44 0.8209444 0.13047 0.04152679 1.467937 0.9864244 0.3157076 0.3605168 0.008921448
45 0.557589 0.1214531 0.03689106 2.210395 0.7336475 0.2948045 0.3824178 0.009796692
46 0.5381682 0.1006629 0.03066015 1.073894 0.5292424 0.256638 0.1651372 NaN
47 0.656854 0.1032583 0.03462289 1.576434 0.5833918 0.173739 NaN NaN
48 0.8143308 0.09435477 0.03207244 3.949927 0.5820892 0.2897249 0.3957226 0.01356066
49 0.616479 0.09231987 0.02993035 0.9396708 0.5758961 0.2811415 0.3930481 0.01172057
50 0.7647268 0.1426823 0.0402116 1.594698 0.9652504 0.2772373 0.367247 0.009355531
51 0.6782523 0.1100274 0.03982136 1.208201 0.8467586 0.2311548 NaN NaN
52 0.6557653 0.1294814 0.04086701 1.45308 0.8517094 0.3037836 0.3573286 0.007846758
53 0.6206103 0.09639875 0.03781933 1.006959 0.7022854 0.368789 0.4306694 NaN
54 0.7061229 0.09860913 0.03432103 2.138043 0.6284471 NaN NaN NaN
55 0.6000123 0.1034551 0.03386139 1.427736 0.6440292 0.2754421 0.07794884 NaN
56 0.5195471 0.09663335 0.03318324 1.097291 0.5650665 0.287615 0.3871415 0.01179916
57 0.7270783 0.1107352 0.03814212 1.207773 0.8211075 0.2860269 0.3676697 0.008597003
58 0.796952 0.1213672 0.04337074 1.96 0.9309093 0.2868955 0.3680976 0.007940315
59 0.5722838 0.09132846 0.03606212 0.9295632 0.6779466 0.2585938 0.02973157 NaN
60 0.5643249 0.09497187 0.03305126 0.9472437 0.5986664 0.2993764 0.4265133 0.01380095
61 0.5389777 0.1043992 0.03590787 1.097364 0.6680657 0.3215894 0.5615022 0.01963659
62 0.7328984 0.1276629 0.03713872 1.602922 0.7631767 0.2730306 0.3744577 0.01261469
63 0.7457533 0.1071394 0.0387623 1.790611 0.80826 0.3075748 0.6078276 0.03169602
64 0.4377196 0.09542589 0.03387734 NaN 0.684068 0.2894233 0.3666973 0.006554832
65 0.6244657 0.1151879 0.03494589 1.228015 0.6858913 0.2438806 0.2152385 NaN
66 0.697801 0.1195254 0.03898777 1.919705 0.745108 0.3670992 0.4741581 0.04343738
67 0.6184012 0.1276271 0.0395063 1.132552 0.8616856 0.2936981 0.3887838 0.01140013
68 0.6169217 0.08855581 0.03477346 1.049263 0.5955695 0.2502266 0.2030201 NaN
69 0.759813 0.1402001 0.04237855 1.565107 1.044124 0.2841835 0.4837744 0.02167477
70 0.611075 0.1019543 0.0365881 1.13208 0.7291696 0.2535886 0.1106204 NaN
71 0.5426605 0.097452 0.03667309 1.156822 0.6440211 0.3277652 0.3969387 0.01057145
72 0.7864167 0.1204393 0.0425469 1.316569 0.9430999 0.2907817 0.4783425 0.02399423
73 0.6770604 0.1010318 0.032358 1.887317 0.6269526 0.2663019 NaN NaN
74 0.7061187 0.1210618 0.03865038 1.898957 0.8427186 0.2757485 0.3845965 0.0122097
75 0.7135642 0.1134488 0.03789519 1.780637 0.8800041 0.3297879 NaN NaN
76 1.024466 0.1511154 0.04245867 3.019183 0.9709475 0.2894517 0.4045422 0.02297737
77 0.7732043 0.1187056 0.04058382 2.059665 0.9062776 0.3083513 0.5470871 0.02981411
78 0.6429965 0.1003491 0.03172087 1.392723 0.6413594 0.3309932 0.4905786 0.01840061
79 0.7443695 0.1009052 0.03320192 2.322832 0.61237 0.8987074 2.674964 0.0576901
80 0.7378594 0.1053317 0.04278017 2.042403 0.8568873 0.2286532 NaN NaN
81 0.6957059 0.1092774 0.03895912 1.414821 0.9314121 0.2969353 0.4517847 0.01470781
82 0.6798183 0.1040673 0.03839451 1.728897 0.7072538 0.3309801 0.3682514 0.009266057
83 0.788732 0.118163 0.04100066 2.54588 0.8505948 0.1653777 NaN NaN
84 0.6601397 0.1274719 0.04294699 1.291683 0.9128276 0.2784997 0.4072419 0.01505243
85 0.7159224 0.113489 0.03688744 1.913125 0.8108866 0.285095 0.381673 0.010342
86 0.5672562 0.1060125 0.0374279 1.264448 0.7130392 0.2870984 NaN NaN
87 0.6130259 0.1144293 0.03359369 1.230584 0.662469 0.2964239 0.3822601 0.0093402
88 0.8144609 0.148089 0.04627812 1.994421 1.212208 0.288586 0.3531325 0.008516515
89 0.6545699 0.1255262 0.03719474 0.8911266 0.7855253 0.2167702 0.1511809 NaN
90 0.6290082 0.09614815 0.03531371 0.9450087 0.7552887 0.2700456 NaN NaN
91 0.8182375 0.1109264 0.03407954 2.276095 0.6746396 0.2883285 0.3941169 0.01206227
92 0.6517677 0.1126704 0.03744207 1.155035 0.8248388 0.2910847 0.3806269 0.010416
93 0.98938 0.1701262 0.05795758 2.230666 1.528016 0.2173351 0.1067259 NaN
94 0.5993129 0.1073977 0.03180397 1.780451 0.4953466 0.2906767 0.407916 0.0133413
95 0.8035887 0.1369055 0.0452094 1.732068 1.170767 0.2796625 0.4593495 0.02071323
96 0.9432077 0.1269815 0.03872833 3.914953 0.8295044 0.2783019 0.3548134 0.01108336
97 0.4966302 0.08687317 0.03081276 0.9708045 0.4876697 0.3100164 0.3800666 0.0101439
98 0.6433962 0.1079465 0.03554562 1.59388 0.6703365 0.2607408 NaN NaN
99 0.5805639 0.0935315 0.03351331 1.532656 0.6297993 0.3220858 0.2139972 NaN
100 0.546535 0.09606474 0.03453269 1.069639 0.5819047 0.2426645 0.1693175 NaN
