1 26.24743 1.907095 -0.4930511 3.165832 2.124665 5.309068 -1.416462 0.02801274 -0.03715933
2 26.14188 1.887024 -0.5324266 4.965301 2.649723 9.453325 -0.7942397 -1.105079 -0.05679951
3 25.41579 1.859386 -0.5348638 4.111427 4.168554 7.094473 -1.427195 -0.7078557 0.02012261
4 26.21751 2.178943 -0.5115181 3.325508 1.492981 2.906887 -1.288202 -0.2726322 -0.00235963
5 25.84525 1.902795 -0.5276122 4.63624 1.489064 8.857325 -1.078331 -0.6154492 -0.06762427
6 25.1023 1.821809 -0.539754 3.95149 2.529048 4.90639 -1.576098 -0.646787 0.009577046
7 25.22707 2.222591 -0.6010732 5.704297 2.360154 9.164013 -0.8338252 -0.897537 -0.03593438
8 27.20798 2.03963 -0.5238822 5.997366 1.564272 7.756272 -0.9709974 -0.60919 -0.03531589
9 26.06741 1.974117 -0.5345822 3.955823 2.79306 3.839864 -1.137749 -1.080363 -0.05425906
10 26.07535 2.168437 -0.5464393 4.737201 3.799005 20.30086 -1.143378 -0.7978225 -0.06459732
11 26.56172 1.854469 -0.505051 5.006131 1.584364 6.451678 -1.561563 -0.7477711 0.006701681
12 26.59726 1.896094 -0.5124173 4.823507 1.680678 6.298259 -1.312954 -0.3376001 -0.02797367
13 25.34376 1.891206 -0.5355191 4.15025 3.487811 6.636262 -1.198691 -0.7572894 -0.02544568
14 26.45072 1.939775 -0.5119055 3.728921 1.092241 3.09328 -1.457219 -0.2694896 -0.02002644
15 25.61689 2.201012 -0.5455244 3.526956 1.764445 4.787458 -1.413051 -0.06997699 -0.01147805
16 25.62211 1.991283 -0.530874 4.013486 1.319147 5.512952 -0.8614441 -0.5209441 -0.02738707
17 26.69768 1.712605 -0.4824608 5.226244 2.472636 3.860306 -1.809184 -0.2390536 0.01779798
18 25.69627 2.077991 -0.5494715 3.702507 0.8873325 4.090544 -1.299286 -0.3199798 0.005587857
19 26.00069 1.873606 -0.5221672 4.332308 2.426529 9.25325 -1.219668 -0.7619084 0.00712495
20 25.72968 2.309679 -0.5555807 5.096151 1.80909 7.170158 -0.9022792 -0.8210986 -0.09286323
21 26.52189 1.798868 -0.4952845 4.000519 2.853737 5.135681 -1.453609 0.0105921 -0.004568286
22 26.06055 1.847181 -0.5221017 4.488852 1.480127 7.194412 -1.476834 -0.6485581 0.002337144
23 25.52396 2.095306 -0.575626 4.477176 1.926449 4.388987 -0.9731536 -0.9246997 -0.0448054
24 26.75173 2.191779 -0.5045023 3.833557 1.279079 3.469868 -0.9453518 -0.6003745 -0.06152209
25 25.85951 1.858354 -0.502229 3.549044 4.12985 5.927489 -1.242513 -0.9377405 -0.04980681
26 25.433 1.913224 -0.5450126 4.540289 1.514319 3.792535 -1.561188 0.2740453 -0.006308248
27 27.05665 2.10982 -0.5032085 3.865771 1.98652 5.277024 -0.9034319 -1.562793 -0.07067162
28 25.15569 1.868895 -0.5257138 6.01409 2.062338 7.601998 -1.450803 -2.412658 0.02022021
29 25.95722 2.151609 -0.5532775 3.765829 0.8901084 2.617972 -1.194393 -2.046822 -0.02778636
30 26.07743 2.247014 -0.5576316 4.320903 2.933365 9.066695 -1.505891 -0.1464779 -0.01375469
31 26.25082 2.195961 -0.5365716 3.543322 3.510594 5.402597 -1.050034 -1.046274 -0.01669904
32 25.53116 2.022184 -0.5664193 4.158944 1.392791 4.648008 -1.135415 -0.7353867 0.02380376
33 25.64916 1.970729 -0.564294 5.075333 2.211759 4.867626 -1.432074 -1.176549 0.01397455
34 25.84824 1.91439 -0.5033977 5.1151 2.592019 4.531653 -1.160837 -0.4474188 -0.03349396
35 26.4518 1.957428 -0.5054128 5.08313 3.127042 5.966254 -1.416565 -1.152149 -0.02568803
36 25.56604 1.984516 -0.5334285 4.38325 1.4373 3.798303 -1.593329 -0.6929011 0.03483304
37 26.28401 1.981414 -0.5184074 5.637659 1.444401 17.66115 -1.392941 -0.696338 0.01829419
38 26.12833 1.946897 -0.5361686 3.982326 1.740888 4.783005 -1.237816 -0.3730878 -0.01401654
39 25.29051 2.101802 -0.5496648 4.155247 6.370323 5.691354 -0.58629 -1.399576 -0.0593387
40 27.12183 1.848537 -0.4632211 3.395977 1.463408 4.904766 -1.449208 -0.3273854 -0.05751916
41 24.56351 1.904795 -0.565149 5.000303 1.811606 8.722558 -1.363033 -0.2946968 0.002693248
42 25.5258 1.984373 -0.5942435 4.094116 1.191216 3.613571 -1.255848 -0.5881399 -0.03730738
43 25.22304 1.888479 -0.5390937 5.774377 4.070005 9.599699 -1.115081 -0.5297152 -0.03859894
44 26.45761 1.947391 -0.5017703 5.002111 1.381901 3.612988 -1.615832 0.1600942 -0.02811537
45 25.28794 2.086984 -0.5623793 4.476797 1.135143 4.325587 -1.216447 -0.4048698 -0.05873276
46 25.68326 2.10491 -0.5485266 4.248812 1.938841 7.205644 -1.483377 -1.892433 -0.01011902
47 25.92109 2.063675 -0.567076 3.62649 2.993144 9.723359 -1.122193 -1.266326 -0.01404357
48 25.99405 1.971538 -0.5091953 4.007544 1.999937 6.857895 -1.239984 -0.3796296 -0.03429847
49 27.33734 2.009772 -0.4900378 4.193418 1.640836 11.17376 -0.9202182 -0.7270424 -0.05643087
50 25.86668 2.139072 -0.5357076 3.99534 1.598979 3.05341 -0.9275685 -0.7200313 -0.07726297
51 25.76826 1.892416 -0.52618 4.430483 2.891734 4.118849 -1.110807 -0.9680526 -0.03137957
52 25.32993 2.142637 -0.5550909 4.700046 1.220602 4.921283 -1.344136 0.08431143 -0.04056508
53 25.58725 1.968476 -0.5429597 3.815823 1.557735 4.475463 -1.984003 -0.3104544 0.01757382
54 26.18505 1.979752 -0.5362459 4.271589 2.608825 6.828683 -1.930977 -0.7096734 0.0197267
55 26.28095 2.0604 -0.5511314 4.798959 2.700285 8.090651 -1.748722 -0.6072692 0.01873997
56 25.31589 2.004862 -0.5466184 4.338466 1.368511 6.478693 -1.185151 -0.4400831 -0.04993843
57 26.24253 1.958307 -0.5077684 4.919885 1.440122 6.733886 -1.205932 -0.2903218 -0.02430868
58 25.26345 2.0121 -0.5460923 5.308826 2.641966 5.746034 -1.260659 -0.2169688 -0.006866409
59 26.66593 1.758903 -0.5389439 4.164243 1.308827 6.364641 -1.136809 -1.149911 -0.04354188
60 26.00401 1.877218 -0.5122155 4.947146 1.485747 9.720667 -1.573192 -0.3860066 -0.005674015
61 25.64715 1.881209 -0.539245 3.551727 2.462177 4.710188 -1.729954 -0.4079507 -0.01646405
62 25.91759 2.159409 -0.5690052 5.100336 1.37194 7.375787 -0.765204 -1.164443 -0.06601821
63 25.98227 1.914488 -0.5138755 4.294314 1.352929 5.12436 -1.186357 -0.3893384 -0.03480565
64 26.36665 2.276684 -0.5285768 3.335599 0.6031318 4.598812 -1.194999 -0.08570463 -0.03593115
65 25.64368 2.203049 -0.5398305 3.508206 2.307335 3.65264 -1.195589 -1.253959 -0.03601499
66 25.63067 2.090827 -0.5554141 3.135056 1.257651 5.379196 -0.9195614 -1.477994 -0.01060216
67 26.24608 2.176643 -0.5651835 4.772244 2.147281 4.358076 -1.198223 -0.5979456 -0.069024
68 25.62939 1.801906 -0.5244167 3.137859 2.241826 5.971825 -1.435183 0.09010815 -0.01634855
69 26.32457 2.077236 -0.5203808 5.797693 3.425442 4.403059 -1.053168 -0.6891068 -0.04879882
70 25.9723 1.987183 -0.547125 5.085501 2.154311 8.713757 -0.8264028 -1.294917 -0.05520157
71 25.12618 1.927864 -0.5681015 5.135173 1.819338 8.072531 -1.586213 -0.3231846 -0.02126733
72 26.1804 1.898577 -0.5214025 4.484499 1.573125 3.976577 -1.267314 -0.7224284 -0.009542949
73 26.25903 1.909528 -0.5008745 5.099851 3.880876 9.837397 -1.190558 -1.754552 -0.03982248
74 25.96896 1.957552 -0.5177417 4.29394 0.9637597 3.687258 -1.031979 -0.4391584 -0.0256818
75 26.68031 2.046435 -0.5036057 4.918236 0.724374 4.672438 -1.920244 -0.903344 0.02491423
76 25.82539 1.94441 -0.5479019 4.860452 1.585868 7.583536 -0.918071 -0.7901663 -0.01377902
77 25.56967 2.072948 -0.5396988 3.837113 2.150558 3.200969 -1.000047 -0.7751228 -0.04742688
78 26.5464 1.960833 -0.491825 4.494123 3.96514 8.81283 -0.87223 -1.293294 -0.05095889
79 25.87927 1.973843 -0.5326274 3.138515 1.628582 4.820513 -0.8266809 -0.7517299 -0.004372619
80 25.39479 1.720034 -0.518569 4.402659 0.9091153 4.621755 -1.240085 -0.9391415 0.00649009
81 26.8699 1.980491 -0.5151338 4.471541 1.080699 3.055878 -1.380611 -0.4897717 -0.03841268
82 25.74512 1.891955 -0.5496429 4.522819 3.445298 6.677505 -1.62076 0.08660919 0.006873417
83 25.34353 1.933234 -0.5243036 3.090822 1.639872 2.917643 -0.9681518 -1.09654 -0.05949197
84 25.80484 2.002444 -0.5492213 5.157502 1.636318 4.30585 -0.8770641 -0.9471732 -0.07003716
85 26.32124 1.972142 -0.510996 5.5267 2.027382 6.817028 -1.190769 -0.4118759 -0.05278461
86 25.63961 2.010562 -0.5391311 3.45148 1.532767 3.133823 -1.170892 -0.96548 -0.06813607
87 25.88891 2.036822 -0.5324655 3.351793 2.231163 2.973165 -1.281571 -0.3979159 -0.06001999
88 26.19546 2.150461 -0.5421377 4.150586 3.640415 2.818434 -1.553866 0.006664917 0.006223213
89 26.38102 2.222759 -0.5232975 4.41207 1.192699 7.096999 -1.269149 -0.9114466 0.01790897
90 26.52183 1.856284 -0.4984054 4.292322 1.8328 3.699248 -1.633721 -0.457328 0.009864862
91 26.34011 2.01508 -0.4960934 2.715416 3.969929 3.059337 -1.310659 -0.4579107 -0.02475472
92 26.27404 2.033797 -0.5394543 5.780647 1.218888 9.288713 -1.311632 -0.2516846 -0.02850433
93 25.18631 2.058138 -0.5713406 4.67487 1.740179 2.35536 -1.221429 -0.9149396 0.02125226
94 25.62705 2.185787 -0.579291 3.957628 3.98568 21.80489 -1.065436 -0.7337042 -0.07045153
95 26.29631 2.127167 -0.5267852 5.325588 1.872813 4.361751 -1.195469 -0.4129849 1.74028e-06
96 25.23298 2.025203 -0.5296871 2.513294 3.702675 2.374771 -1.019439 -0.5730609 -0.05425961
97 25.83509 1.948119 -0.5463144 4.156723 1.862907 20.0749 -1.326301 -0.4468554 -0.06939815
98 25.72633 1.965584 -0.5479138 4.264117 2.229302 6.112552 -1.508428 0.07597643 -0.003614515
99 25.7285 1.885936 -0.5341556 4.932218 3.599675 6.985472 -1.555569 -0.9366121 -0.02322381
100 25.04366 1.978347 -0.5379945 3.830762 0.8921162 6.824555 -1.476913 -0.6910731 0.01784807
