1 25.83615 1.934081 -0.5275731 4.808376 1.924958 -1.873835
2 26.11012 1.875087 -0.5301536 6.134662 2.996097 -1.681605
3 25.56736 1.855307 -0.5038863 5.367928 8.301675 -1.680874
4 26.38872 2.225112 -0.5165881 7.822458 2.792833 -1.742939
5 25.39348 1.933441 -0.5673425 5.712354 1.482054 -1.887543
6 25.7139 1.877887 -0.4906303 6.369982 2.776712 -1.686027
7 25.43815 2.144199 -0.5660177 7.022249 2.578803 -1.770685
8 27.19412 2.124614 -0.5223875 8.298055 1.588279 -1.76565
9 26.00787 2.076633 -0.5341375 7.064755 4.388414 -1.922988
10 25.92536 2.181194 -0.5355515 5.003849 4.744347 -1.911859
11 26.26329 1.754899 -0.5067575 6.781323 2.189018 -2.02354
12 26.03076 1.868709 -0.5404195 6.192127 1.840467 -1.923993
13 25.68486 1.865586 -0.5113376 5.678611 5.160178 -1.700952
14 25.35691 2.014185 -0.547373 6.672275 2.318936 -1.796812
15 25.66831 2.260364 -0.5294312 5.101244 2.219283 -1.873034
16 25.48669 1.942178 -0.522722 6.708401 1.911893 -1.492324
17 25.94577 1.801464 -0.4980368 9.633124 4.950291 -1.8114
18 25.42653 1.942301 -0.5446879 6.252042 1.225624 -1.688052
19 25.59969 1.862826 -0.5444393 5.767207 2.737558 -1.639114
20 25.6092 2.421744 -0.562577 6.471953 2.447408 -1.93745
21 25.29144 1.725476 -0.5023644 6.029361 4.857524 -1.793793
22 26.37936 1.886981 -0.5016268 5.945219 1.784701 -1.998277
23 25.04683 1.969368 -0.561269 8.015023 3.091752 -1.585404
24 26.33336 2.112351 -0.4972369 6.674676 2.245887 -1.722955
25 25.58431 1.923924 -0.5041504 5.003985 5.783088 -1.934984
26 25.47596 1.882183 -0.5505684 8.288664 2.426251 -1.640253
27 27.07995 2.099665 -0.4950033 5.490372 4.535124 -2.035983
28 25.8788 1.976749 -0.4916193 8.514011 2.266512 -2.06855
29 25.82747 1.923867 -0.5383601 8.491237 1.296046 -2.108134
30 25.5104 2.241519 -0.5798783 5.375966 3.336872 -1.774865
31 25.51945 2.030224 -0.5438645 4.939643 8.866856 -1.604997
32 25.71904 2.047625 -0.5510463 6.741447 1.673956 -1.437213
33 25.66413 1.777236 -0.5343374 9.102149 2.778937 -1.626832
34 25.08423 1.90707 -0.5321245 7.993253 3.292947 -1.665413
35 25.56933 1.844176 -0.5496087 7.004259 4.043294 -2.021321
36 25.97789 2.007386 -0.5233687 8.263902 3.623674 -1.388559
37 26.01044 1.978417 -0.5281951 6.430733 1.681329 -1.660562
38 25.34035 1.926063 -0.5123492 7.77151 5.404093 -1.780733
39 24.42073 1.977802 -0.5482892 6.08873 13.62667 -1.654063
40 26.36163 1.892802 -0.4935296 5.125673 2.623353 -1.971612
41 24.58627 1.886577 -0.5584921 6.530597 2.215479 -1.792735
42 25.84665 2.114419 -0.5863633 6.855061 1.510138 -1.960525
43 25.43988 1.993293 -0.5319074 7.039976 4.088175 -1.881357
44 25.80216 2.090762 -0.5326993 8.636866 3.068674 -1.71065
45 25.20663 2.234898 -0.5795485 6.417111 1.702872 -1.916812
46 25.92348 2.128538 -0.5214712 5.372561 2.865365 -2.153935
47 26.4599 2.115728 -0.5175482 4.449002 3.569337 -1.603524
48 25.58479 1.819106 -0.5484611 4.801025 12.12351 -1.821664
49 26.73097 1.997361 -0.5255248 5.033345 1.842817 -1.801181
50 25.22916 2.238673 -0.5787781 8.242237 1.972174 -1.766256
51 25.77362 1.867419 -0.5193025 7.976961 2.239356 -1.919564
52 25.0996 2.199937 -0.5977717 6.889055 1.22706 -1.649383
53 25.17948 1.805509 -0.5299411 6.53244 1.666037 -1.827208
54 25.72722 1.877928 -0.544166 5.461694 5.803031 -1.820425
55 26.26843 1.962447 -0.5375311 6.351507 3.604186 -2.084356
56 25.63518 2.014336 -0.5163254 5.417543 1.374964 -1.887532
57 26.15012 1.940337 -0.5054788 6.899952 1.765457 -1.698487
58 25.86897 1.953726 -0.502856 7.445741 3.828406 -1.672127
59 26.78458 1.775593 -0.5397979 6.349899 1.856531 -1.915047
60 26.26051 1.9608 -0.4926032 5.905002 1.963225 -2.052334
61 25.47624 1.990254 -0.5610678 6.907806 2.203499 -2.179387
62 26.25381 2.212653 -0.5349097 6.316691 1.406867 -1.713422
63 25.45662 1.760006 -0.5232496 6.648436 2.674172 -1.83357
64 25.33565 2.074961 -0.557872 5.765427 0.7915698 -1.751494
65 25.26272 2.121696 -0.5605266 6.676333 2.577099 -1.931196
66 25.84281 2.222362 -0.5228296 5.582559 2.249115 -1.55094
67 26.13834 2.191578 -0.5650165 8.083006 2.028467 -1.918285
68 25.7389 1.781347 -0.4821418 5.487194 2.897906 -1.865504
69 25.87814 2.164225 -0.5561554 9.268228 2.812442 -1.808647
70 25.54815 1.862105 -0.5662413 6.706148 2.639468 -1.884865
71 24.93574 1.863217 -0.5575589 6.183115 1.902172 -2.027529
72 25.56723 1.888084 -0.5208008 8.254913 2.099338 -1.726213
73 26.24255 1.976067 -0.4977607 6.44195 5.456189 -2.137941
74 25.84907 2.014736 -0.5193815 7.40305 1.413968 -1.801957
75 26.58329 1.973342 -0.4989935 7.650348 1.050058 -1.759459
76 25.70191 2.017826 -0.5542848 6.030598 1.99491 -1.3532
77 25.67772 1.89765 -0.5319834 7.753771 3.222527 -1.789064
78 26.31644 1.954798 -0.5099889 6.106687 3.670108 -2.029851
79 25.84567 1.989692 -0.5225597 4.528573 5.215556 -1.576432
80 25.38321 1.751341 -0.4914052 7.047638 1.378275 -1.621843
81 26.62936 1.877019 -0.5138722 8.96804 1.579594 -1.915707
82 25.63311 1.877092 -0.5316985 6.086578 4.414261 -1.785224
83 24.99939 1.866657 -0.4962181 7.445237 4.700797 -1.886309
84 25.77519 2.136891 -0.5452456 8.09668 2.177993 -1.809365
85 25.66492 1.928902 -0.5098613 7.063983 3.174685 -1.873279
86 25.05128 1.921216 -0.5309518 7.449741 2.979249 -2.273737
87 25.4595 2.179362 -0.5729396 6.126044 2.487803 -1.929977
88 26.29428 2.212335 -0.5526284 10.52601 4.684291 -1.766739
89 25.56557 2.200453 -0.5646926 6.528304 1.242441 -1.647641
90 26.07448 1.819788 -0.517103 7.665729 1.573056 -2.077463
91 25.45504 1.864389 -0.5029262 6.14997 4.59936 -1.940372
92 26.07096 1.987994 -0.5437407 7.224924 1.558275 -1.805268
93 24.8053 2.093696 -0.5947422 10.58376 2.855046 -1.392742
94 25.59104 2.164904 -0.5584766 4.407268 4.519708 -1.887483
95 26.5209 2.151352 -0.5193552 9.666868 1.576506 -1.681634
96 24.88649 1.979364 -0.5400032 6.171912 10.64478 -1.608736
97 26.13765 2.003091 -0.5219464 4.545544 1.764287 -1.969835
98 26.03825 2.059771 -0.5274263 5.71947 3.720295 -1.821029
99 25.98093 1.873486 -0.5139414 6.442893 4.309287 -2.201314
100 25.37269 1.962975 -0.5131134 5.179261 0.8823943 -1.740144
