1 0.5139472 0.07864851 0.02791472 0.8219172 0.5922732 1.953009 0.1815562
2 0.6530893 0.09789252 0.0355808 1.345267 0.9294342 4.205473 0.1768082
3 0.7477956 0.1017419 0.03387445 1.620752 0.7800194 2.537834 0.1745061
4 0.5851328 0.1032984 0.02995032 0.9697211 0.8034766 0.8452245 0.1759721
5 0.5029253 0.092986 0.03520747 1.012503 0.7417751 5.345409 0.1789778
6 0.6707794 0.1008046 0.03155056 1.211596 0.8059241 1.666514 0.1745555
7 0.624189 0.1220738 0.03887263 1.343855 0.8978111 3.89417 0.178132
8 0.6651281 0.1089234 0.03363527 1.129566 0.944138 2.647102 0.1781034
9 0.5593198 0.09684484 0.03059407 1.155167 0.7294534 1.220704 0.181145
10 0.6263425 0.1050227 0.03006902 1.564003 0.6583449 8.887894 0.1786761
11 0.5565692 0.09371884 0.03208121 0.9420941 0.8643664 3.195456 0.1825335
12 0.5161178 0.09148772 0.03243562 1.030019 0.7400432 2.999313 0.1812098
13 0.6741476 0.09936453 0.03240166 1.467281 0.7463689 2.566949 0.1741521
14 0.4659793 0.08072261 0.02781427 0.8649466 0.6579532 0.7187885 0.1753167
15 0.505744 0.09328483 0.02776807 0.9011053 0.6688559 1.631686 0.1816244
16 0.7355831 0.1011847 0.03764455 1.075226 0.8711546 2.303382 0.1708034
17 0.7118385 0.09289471 0.03601674 1.3043 1.073009 1.218083 0.1749899
18 0.5409566 0.09753414 0.03255197 0.8101532 0.8585899 1.559682 0.1767222
19 0.6615665 0.09695433 0.03651096 1.065163 0.8786472 6.142787 0.1729488
20 0.5419831 0.1206664 0.03374098 1.030532 0.8227156 2.938785 0.1836019
21 0.5999541 0.08407054 0.03195557 1.267871 0.7304751 2.004797 0.1776135
22 0.5393232 0.08701516 0.03032863 0.8754234 0.7197543 2.889863 0.1829044
23 0.6417908 0.1168461 0.03946521 1.2767 0.9382719 1.595379 0.1735751
24 0.5967975 0.1037755 0.03048531 1.073734 0.8874207 1.203231 0.1785158
25 0.6405633 0.08123737 0.02780683 1.486683 0.5822126 1.950958 0.1810068
26 0.6767477 0.1046179 0.0375021 0.9827851 0.959174 1.163796 0.1687432
27 0.5340202 0.09237002 0.02653325 0.9548215 0.6812983 1.624104 0.1853036
28 0.6344245 0.104097 0.0345242 1.077559 1.015247 3.08187 0.1848177
29 0.4315005 0.09214542 0.02901078 0.6156668 0.7535263 0.7148649 0.1873983
30 0.6077269 0.1046653 0.03306716 1.339543 0.6992343 3.791788 0.175434
31 0.6675103 0.1086976 0.03184398 1.811622 0.6897926 2.373408 0.1714011
32 0.7053523 0.1062022 0.0372378 1.118108 0.9433861 1.9006 0.1696837
33 0.7088664 0.110689 0.03910263 1.107917 0.9793705 1.450498 0.1709297
34 0.664375 0.1048246 0.03672699 1.369159 0.9458718 1.412497 0.1747148
35 0.5703362 0.08951838 0.03396169 1.359333 0.8495635 2.469976 0.1825181
36 0.8133948 0.1115583 0.03870823 2.189904 1.061971 1.255406 0.1685668
37 0.7122749 0.1129194 0.03672718 1.210452 0.8855429 11.32241 0.1726009
38 0.6097087 0.08830336 0.03180067 0.9305625 0.8040242 1.512241 0.1754071
39 0.7595791 0.1219322 0.03496153 2.598014 0.872552 2.021187 0.1748252
40 0.5181321 0.07671447 0.02794962 0.9112061 0.6347377 2.37293 0.1805393
41 0.570319 0.1023909 0.03846166 1.103133 0.8924817 4.344347 0.1731454
42 0.4450254 0.09126532 0.0316255 0.703222 0.7410965 1.074229 0.1807188
43 0.6577955 0.1055818 0.03608357 1.749095 0.9575267 3.968023 0.1789758
44 0.716923 0.1129678 0.03595428 0.9814012 1.03805 1.323538 0.1719685
45 0.4516563 0.1030142 0.03171275 1.19571 0.7696136 1.276668 0.1812798
46 0.5021222 0.09456177 0.0284395 0.8802908 0.6623953 4.517654 0.1869619
47 0.6348387 0.09512492 0.02929632 1.169956 0.6136435 3.864897 0.1733935
48 0.5307462 0.08810972 0.0315548 1.11033 0.6400192 2.242498 0.1773724
49 0.5777243 0.09026981 0.03156514 0.902613 0.7168067 12.15354 0.1800873
50 0.5586552 0.1086074 0.03589189 1.042651 0.8324385 0.9837693 0.1757352
51 0.6005359 0.09456964 0.03217466 1.194274 0.8137205 1.255967 0.1785529
52 0.5750852 0.1214441 0.0369592 1.255465 0.9792249 2.003869 0.174915
53 0.5489833 0.08840257 0.0317713 0.7789583 0.7315813 1.39435 0.1727718
54 0.5637131 0.08998177 0.03196332 1.200387 0.6721678 2.376285 0.1727426
55 0.5681699 0.09998254 0.03183793 1.070938 0.8046056 3.577155 0.1847503
56 0.504078 0.0937212 0.02939199 0.8946232 0.6656684 2.53779 0.1814406
57 0.6702288 0.1065461 0.0351985 0.9538785 1.03107 3.600039 0.1764466
58 0.7577073 0.1192248 0.03698187 1.47872 1.007657 2.235763 0.1769091
59 0.5507766 0.0795825 0.03231258 0.7647871 0.7188066 2.300316 0.181098
60 0.5692212 0.09023363 0.02895419 0.7888575 0.6960696 5.681867 0.1849824
61 0.4839138 0.08078885 0.02845395 1.000051 0.5803086 1.356585 0.1896527
62 0.6029401 0.1140967 0.03363195 1.080531 0.8351761 2.59431 0.176395
63 0.5548428 0.08519884 0.03443763 0.9015065 0.8323633 1.677216 0.1771677
64 NaN NaN NaN NaN NaN NaN 0.17826
65 0.5477485 0.09406293 0.02990819 1.042721 0.7287389 1.037683 0.1784202
66 0.6284825 0.09445661 0.03025546 0.8816535 0.6365134 1.700823 0.1740896
67 0.5494852 0.1076905 0.03226667 1.080464 0.8413079 1.385262 0.181073
68 0.6016449 0.08177346 0.02691997 0.9087214 0.5814178 1.86183 0.179384
69 0.6656968 0.1109761 0.03520686 1.359836 1.051225 1.371189 0.1774448
70 0.5293761 0.09690085 0.0354775 1.075525 0.7951633 3.957685 0.1766391
71 0.5045296 0.0913057 0.03405146 0.9568947 0.7123007 3.613051 0.1826002
72 0.6324859 0.09886418 0.03401032 0.994675 0.835606 1.157922 0.1739672
73 0.6558178 0.09828182 0.0309147 1.509817 0.8005496 6.182924 0.1870778
74 0.5408003 0.09146147 0.03237186 0.8612198 0.8361239 1.094313 0.1799036
75 0.5945551 0.09789655 0.03082785 1.144587 0.9022134 1.677041 0.1713633
76 0.8209243 0.1269643 0.03755332 1.721454 0.924737 3.032774 0.1711267
77 0.586745 0.1018806 0.03186914 1.361101 0.8245125 0.9067703 0.1776557
78 0.5875501 0.0916645 0.02971208 1.344017 0.6954086 3.087489 0.185289
79 0.5772286 0.09150579 0.02988222 1.501781 0.6092189 1.988284 0.1695885
80 0.6396868 0.08671979 0.03500122 0.8806818 0.804577 1.214753 0.1709607
81 0.5198258 0.08793902 0.03055983 0.7246818 0.8915359 0.8348224 0.1785586
82 0.62298 0.09319979 0.03340102 1.423397 0.7258209 2.784618 0.1777614
83 0.5229293 0.0863473 0.02814316 0.8056836 0.7058707 0.8600758 0.1790916
84 0.6529444 0.1056097 0.0345807 0.9962272 0.9865831 1.461698 0.1798579
85 0.6167555 0.09916607 0.03444722 1.361881 0.8761274 2.919141 0.181638
86 0.4556807 0.08308357 0.02559126 0.8072779 0.6439593 0.8458711 0.1917307
87 0.4950536 0.09309807 0.03038532 1.04187 0.6587676 0.9222864 0.1809143
88 0.7056873 0.1111325 0.03331479 1.683324 0.9211604 0.8090522 0.1734583
89 0.615644 0.1062028 0.03533458 0.8299702 0.9060255 2.886669 0.1727404
90 0.5247096 0.08248001 0.03023641 0.9190517 0.7534677 1.066039 0.1823774
91 0.5424788 0.07924312 0.02558537 1.180289 0.5454319 0.7877925 0.18097
92 0.5774145 0.106241 0.03753116 1.009775 0.963484 4.381015 0.1775762
93 0.7618237 0.1301893 0.04402904 1.348325 1.171074 0.737267 0.1684826
94 0.5907809 0.1010266 0.02948334 1.603239 0.5517713 11.41181 0.1814868
95 0.6675543 0.11615 0.03430552 1.059764 0.9587119 1.237236 0.1743958
96 0.6151327 0.0951066 0.03089107 1.456723 0.6203295 0.7231159 0.1732726
97 0.498924 0.08763189 0.02914796 0.8461743 0.574983 13.86447 0.1832813
98 0.5900817 0.09291086 0.03022826 1.144446 0.682546 1.94475 0.17499
99 0.5319965 0.08838077 0.03016375 1.284661 0.7188243 3.070315 0.1863174
100 0.504844 0.08758454 0.02993232 0.725592 0.6450588 2.507973 0.1737787
