1 0.5451741 0.09059617 0.03121275 0.8550433 0.5253264 0.1816554
2 0.6874848 0.103338 0.0374215 1.447075 0.7523812 0.176808
3 0.8504842 0.109016 0.03491885 2.653583 0.6740557 0.1745188
4 0.7728295 0.1323585 0.03847684 1.505913 0.9217331 0.1759515
5 0.5073544 0.09689971 0.03563988 0.8965321 0.6147716 0.1789205
6 0.7810421 0.1089102 0.03766934 1.524858 0.7794717 0.1744545
7 0.6455119 0.1247941 0.03999294 1.274306 0.8135939 0.1780278
8 0.721048 0.1245254 0.03896086 1.264712 0.9611031 0.1780757
9 0.6940116 0.1168035 0.03674134 1.72315 0.7547348 0.1810054
10 0.6445072 0.1080543 0.03037892 1.860123 0.5491597 0.1786058
11 0.6129195 0.09166749 0.03507581 1.312971 0.7056297 0.182563
12 0.5963429 0.09897381 0.03582582 1.41446 0.6917265 0.1811125
13 0.7696567 0.1056988 0.03576491 1.926683 0.6900342 0.174146
14 0.6922247 0.115599 0.03766549 1.417733 0.7670515 0.1753109
15 0.5809813 0.1109597 0.03134945 1.247402 0.5703398 0.1816078
16 0.8159695 0.1190678 0.04260466 1.51459 0.9165091 0.1707857
17 0.9029832 0.1240328 0.04454287 2.458629 1.103425 0.1750072
18 0.642105 0.1089982 0.03842802 1.014626 0.7399566 0.1767074
19 0.7019657 0.1044414 0.03805622 1.397187 0.725426 0.1729244
20 0.5895172 0.1329181 0.03523692 1.260189 0.6937592 0.1837103
21 0.4799087 NaN 0.02639925 1.441019 0.8809852 0.1775817
22 0.595523 0.09297006 0.03240719 1.207669 0.6217935 0.1828954
23 0.7993115 0.133995 0.04746095 2.250462 1.067061 0.1735827
24 0.7953957 0.1266539 0.03699425 2.934294 0.8802864 0.1785301
25 0.7005272 0.09819696 0.03110765 2.173904 0.556114 0.1809712
26 0.7748079 0.1211046 0.04495652 1.473302 1.039731 0.1688184
27 0.6672228 0.1005987 0.02927145 1.875501 0.5748461 0.1853375
28 0.6961582 0.115016 0.03809935 1.351433 0.8546227 0.1848394
29 0.573665 0.1099829 0.03954191 1.0341 0.8306562 0.1873779
30 0.6193066 0.1172 0.0347918 1.43084 0.6082085 0.1755276
31 0.8243423 0.1129502 0.0360823 3.278828 0.6659501 0.1713079
32 0.8093774 0.1253058 0.04319359 1.529076 0.9553598 0.1696844
33 0.86954 0.122324 0.04822062 1.65222 1.140537 0.1709304
34 0.7769821 0.1236025 0.044675 1.786054 0.9892129 0.1748174
35 0.6230382 0.1017604 0.03775735 1.525066 0.7159835 0.1826318
36 1.025241 0.1420805 0.04892584 2.415456 1.258778 0.1685668
37 0.7560105 0.1150292 0.03768732 1.410042 0.7828762 0.1726146
38 1.000663 0.1391353 0.04361075 3.946886 0.9787143 0.1753931
39 0.892306 0.1288526 0.04119415 4.466103 0.7823804 0.1748328
40 0.5939244 0.08682294 0.03013143 1.324638 0.5426499 0.1804795
41 0.5967828 0.1055005 0.04025863 1.111185 0.7296992 0.1731046
42 0.5556848 0.1157684 0.03712924 1.363996 0.7477314 0.1806947
43 0.6951798 0.1149468 0.03769807 1.935754 0.7818477 0.1789712
44 0.8114539 0.1337427 0.04283252 1.463183 1.018446 0.1720466
45 0.5850262 0.1261261 0.0379706 2.929889 0.7779148 0.1813075
46 0.5637856 0.09982667 0.02944441 1.113821 0.5237664 0.1869271
47 0.6914829 0.1026741 0.03119641 1.49786 0.5581486 0.1732995
48 0.7633824 0.09416594 0.033959 3.671967 0.5744692 0.1773274
49 0.5849001 0.09410764 0.03152975 1.00994 0.5723042 0.1800499
50 0.7416958 0.1463974 0.04320526 1.882538 0.9777002 0.1756487
51 0.694614 0.1099961 0.03939591 1.278715 0.8522281 0.1785165
52 0.6290256 0.1323042 0.04182444 1.557972 0.8379549 0.1749157
53 0.6007396 0.09677698 0.0380756 0.9066146 0.7115188 0.1727347
54 0.6927782 0.09698789 0.03465903 2.080441 0.6182179 0.1727427
55 0.6038258 0.1000484 0.03369775 1.424771 0.6364727 0.1848122
56 0.5550013 0.0970577 0.03259401 1.082818 0.5915185 0.1814474
57 0.7302116 0.1107375 0.03799881 1.203048 0.8260219 0.1764544
58 0.83695 0.1242573 0.0405186 1.909403 0.9231015 0.1769091
59 0.5778458 0.08930415 0.03563674 0.9100103 0.6761192 0.181098
60 0.608458 0.09595385 0.03124068 0.984857 0.5948822 0.1850045
61 0.543606 0.1066913 0.03589368 1.145655 0.6680129 0.189784
62 0.7539871 0.1298902 0.03558268 1.559603 0.7696643 0.1764517
63 0.6848046 0.10073 0.03926498 1.918831 0.7618016 0.1771678
64 0.480327 0.1044041 0.03641334 NaN 0.663592 0.1782612
65 0.6067676 0.1161893 0.03687137 1.234038 0.7039328 0.178385
66 0.7294887 0.1220195 0.03625242 1.649407 0.7426211 0.1740846
67 0.6195747 0.1276048 0.03950603 1.160755 0.8533002 0.1810914
68 0.7196727 0.09663393 0.03351287 1.384265 0.6098262 0.1793188
69 0.7317028 0.1392127 0.04364025 1.460418 1.03907 0.1774385
70 0.5830451 0.1010699 0.03882537 1.167067 0.7266308 0.1766898
71 0.5399282 0.09780475 0.03627143 1.103426 0.6339153 0.1826722
72 0.7945277 0.1201971 0.04274917 1.255247 0.9625194 0.1739442
73 0.6803598 0.1013732 0.03210183 1.824512 0.6336969 0.1870557
74 0.7117319 0.1191043 0.03882906 1.922863 0.8467242 0.1799917
75 0.7110496 0.1109219 0.03754437 1.946832 0.8637011 0.1713534
76 0.9866156 0.1436183 0.04219429 2.671186 0.9475228 0.1711293
77 0.7252272 0.1164403 0.04195392 1.994699 0.9177063 0.1776727
78 0.6306445 0.09905733 0.03255735 1.47606 0.63269 0.1852742
79 0.7586647 0.1028272 0.03348208 2.444255 0.6179761 0.1695024
80 0.859122 0.1166263 0.04241333 1.866923 0.8955046 0.1709478
81 0.6834453 0.1095621 0.04038899 1.362603 0.953703 0.1785609
82 0.7027599 0.1041479 0.03735119 1.833447 0.7058251 0.1777148
83 0.7933069 0.115814 0.03966357 2.282513 0.8376391 0.1789868
84 0.6847104 0.1298411 0.04077975 1.238118 0.9121893 0.1798517
85 0.7397185 0.1145738 0.03764489 2.266521 0.8051066 0.1817531
86 0.57826 0.1057122 0.03635091 1.282032 0.6959815 0.1917573
87 0.5844771 0.1166033 0.03523762 1.289798 0.6529387 0.1809822
88 0.8294148 0.151512 0.04583126 2.129096 1.205269 0.1734111
89 0.6209617 0.1220344 0.03879014 0.9728795 0.7822696 0.1727854
90 0.5856824 0.09766892 0.03676896 0.9702699 0.7480603 0.1820879
91 0.740598 0.1058968 0.03488697 1.905495 0.673281 0.1809673
92 0.6461675 0.1129712 0.03852081 1.237285 0.8270266 0.1775479
93 0.9699729 0.1687435 0.0595877 2.336439 1.523201 0.1684731
94 0.6044669 0.1026669 0.03063597 1.740093 0.4880593 0.1814352
95 0.8242861 0.1390495 0.04343838 1.823591 1.161447 0.1744127
96 0.9155743 0.1273765 0.04024787 3.993669 0.8307881 0.1732565
97 0.5147737 0.08736959 0.02919568 0.9322476 0.4808988 0.1832152
98 0.6742714 0.1062406 0.0334327 1.598785 0.6565506 0.1749899
99 0.597735 0.09331381 0.0324437 1.671251 0.6156326 0.1863402
100 0.5751 0.09465906 0.03362436 0.9830315 0.5913672 0.1737787
