1 25.79981 1.826748 -0.5116947 3.222207 1.984858 5.377604 -1.877344
2 26.21941 1.866275 -0.5265433 4.930861 2.711218 8.432947 -1.682932
3 25.86621 1.919407 -0.5194729 3.926453 3.801089 6.385857 -1.67367
4 26.10925 2.24947 -0.5351179 3.243553 1.531625 2.784702 -1.742129
5 25.43211 1.888091 -0.5597989 4.767623 1.607117 9.751625 -1.887271
6 25.82622 1.954596 -0.5064754 3.901063 2.309513 4.60369 -1.690333
7 25.43027 2.181883 -0.5831873 5.695202 2.667169 8.748037 -1.758599
8 27.43589 2.11085 -0.5203179 5.619254 1.618549 7.114798 -1.764912
9 26.29105 2.026249 -0.5340013 4.032737 2.76516 4.047663 -1.939455
10 26.32765 2.194321 -0.5345657 4.633019 3.537924 14.75257 -1.920419
11 26.38371 1.812409 -0.5067459 5.309529 1.629003 7.235063 -2.03284
12 26.10727 1.879443 -0.5438596 4.842011 1.464816 7.372134 -1.923034
13 25.77168 1.945954 -0.5089482 4.173796 3.578705 6.484286 -1.70839
14 25.97152 1.872789 -0.53893 3.309384 1.037086 2.626519 -1.792388
15 25.8654 2.171327 -0.5198279 3.471818 1.45785 4.618161 -1.873607
16 25.57019 1.91593 -0.5252694 4.179541 1.507725 6.073281 -1.490627
17 26.63286 1.704738 -0.4829585 5.359399 2.041112 3.933472 -1.821029
18 25.4938 2.016105 -0.558911 3.659637 1.051502 4.101677 -1.686651
19 25.65477 1.840194 -0.540814 4.655056 2.208571 10.47058 -1.627987
20 25.75855 2.286304 -0.5445239 5.340613 1.618123 7.209601 -1.926623
21 26.29578 1.781231 -0.5083909 4.177548 2.860805 5.596643 -1.793117
22 26.54411 1.939526 -0.5047633 4.638838 1.484653 7.143617 -2.007013
23 25.47737 2.081617 -0.5720765 4.639439 1.875356 4.817922 -1.592993
24 26.70013 2.218345 -0.5130197 4.048685 1.260449 3.590143 -1.731858
25 26.08496 1.813964 -0.4878241 3.429684 4.171342 5.607522 -1.946737
26 25.27907 1.963831 -0.5672254 4.348359 1.505407 3.491951 -1.636456
27 27.15768 2.108249 -0.5019885 3.885303 1.782772 4.837396 -2.023825
28 25.86597 1.979527 -0.4965426 5.959124 2.12194 7.374668 -2.072399
29 25.75043 2.04938 -0.5539531 3.768571 1.049443 2.726006 -2.107347
30 25.62773 2.143057 -0.5666155 4.2655 3.101778 8.136535 -1.778702
31 26.00225 2.138562 -0.551726 3.89659 3.76478 5.997104 -1.594033
32 25.74606 1.979759 -0.54187 4.227637 1.346502 4.866248 -1.4342
33 26.09038 2.012727 -0.5462896 5.078775 2.085348 4.539209 -1.623099
34 25.4314 1.881368 -0.5299486 4.798546 2.537479 4.298232 -1.665238
35 25.71327 1.806093 -0.5380837 4.983549 3.053998 6.129897 -2.03353
36 25.73282 1.925011 -0.5122744 4.29121 1.408795 3.677389 -1.388559
37 26.27918 2.026185 -0.5331825 5.753355 1.330372 17.37764 -1.658655
38 26.27874 1.948285 -0.5187549 3.799622 1.764927 4.555869 -1.789023
39 25.32968 2.158874 -0.5462972 4.093833 6.79206 5.502356 -1.654229
40 26.63769 1.823699 -0.4862347 3.816415 1.611336 5.946333 -1.970739
41 24.58553 1.895209 -0.5621716 5.320213 1.794699 8.845018 -1.794618
42 25.85914 2.016034 -0.5707832 4.072221 1.186387 3.59468 -1.957173
43 25.48431 1.921941 -0.5281984 5.440507 4.15991 8.086343 -1.893811
44 26.3041 2.009447 -0.5187606 5.315305 1.538432 4.018966 -1.705585
45 25.24024 2.113418 -0.5680697 4.068303 1.09667 3.90143 -1.906754
46 25.94358 2.076636 -0.519758 4.338971 1.854829 9.163546 -2.144627
47 26.52098 2.077695 -0.5116716 3.423853 2.5424 8.181348 -1.604032
48 25.36348 1.892968 -0.548416 3.783136 2.025696 6.366109 -1.818999
49 26.8003 1.94747 -0.5181789 4.565686 1.728497 17.15329 -1.798847
50 25.30944 2.080735 -0.5747763 4.483635 1.52629 3.512744 -1.762776
51 25.89563 1.911645 -0.5205773 4.508348 2.790607 4.202729 -1.925472
52 25.06744 2.157631 -0.5778087 4.764754 1.350682 5.013058 -1.655186
53 25.49782 1.955378 -0.5460549 3.683362 1.600685 4.2804 -1.813878
54 26.07361 1.945385 -0.5424125 4.23781 2.234869 6.339493 -1.820425
55 26.30755 2.059963 -0.5467978 4.917518 2.390982 8.215877 -2.090373
56 25.68822 2.047101 -0.5218444 4.254111 1.44631 6.401603 -1.887799
57 26.13061 1.965474 -0.5070206 5.142809 1.563213 7.582517 -1.699057
58 25.66171 2.011102 -0.5072862 5.205625 2.870701 5.670081 -1.672127
59 26.76448 1.789752 -0.5342423 4.048412 1.531598 6.255824 -1.915047
60 26.53969 1.963437 -0.4873035 4.960135 1.469808 11.0916 -2.060524
61 25.62792 1.876411 -0.5380949 3.622717 2.344975 4.657104 -2.167023
62 26.35018 2.19723 -0.5438147 4.982169 1.315564 6.569317 -1.706873
63 25.4089 1.788622 -0.5322 4.05634 1.385452 4.71799 -1.83357
64 25.45005 2.165252 -0.5765397 3.395769 0.6680471 4.160855 -1.751494
65 25.35787 2.099678 -0.5541906 3.438592 2.320453 3.35793 -1.930799
66 26.37525 2.177109 -0.5143021 3.077853 0.8956321 5.145562 -1.548697
67 26.23924 2.228965 -0.5724461 4.621512 2.1678 4.407226 -1.921428
68 26.249 1.905294 -0.4936723 2.955897 2.018791 5.205936 -1.855158
69 26.17235 2.058323 -0.5352728 5.411842 2.961569 4.206454 -1.810129
70 25.45154 1.939843 -0.5809605 4.942478 2.218578 9.134005 -1.871313
71 25.10158 1.839505 -0.5535123 5.04832 1.68025 8.523325 -2.023131
72 26.24132 1.917393 -0.5235061 4.604636 1.87537 4.000653 -1.726959
73 26.47845 1.995495 -0.5017649 5.41415 4.022165 12.01356 -2.13593
74 25.90698 1.858873 -0.5013312 4.367341 1.004744 3.710609 -1.804119
75 26.74396 2.006396 -0.4926396 4.929515 0.8034039 4.754071 -1.754935
76 25.88831 2.045265 -0.5581705 4.703204 1.675315 7.279045 -1.350699
77 25.42999 2.12431 -0.5675322 3.868315 2.203471 3.054929 -1.803474
78 26.42408 1.984649 -0.513439 4.394111 3.607089 7.996045 -2.03567
79 25.95602 2.024204 -0.5358829 3.249861 1.8789 5.031519 -1.580209
80 25.84554 1.765169 -0.4943894 3.936435 0.8076462 3.900317 -1.618594
81 26.57609 1.967089 -0.5292988 4.069823 1.076792 2.860096 -1.923244
82 25.89235 1.893321 -0.5308341 4.574938 3.238979 7.162651 -1.780884
83 25.57009 1.992847 -0.5146705 3.292815 1.515565 2.99457 -1.883055
84 26.1684 2.062889 -0.5251074 4.976692 1.568912 4.214161 -1.820755
85 25.98492 1.916663 -0.5135746 5.452977 2.242088 7.164011 -1.871753
86 25.87784 2.05017 -0.5293232 3.394778 1.525935 3.121112 -2.278562
87 25.48051 1.994213 -0.5615254 3.592178 2.439748 3.260735 -1.930973
88 26.20239 2.132309 -0.5354714 4.132985 3.762442 2.930168 -1.773106
89 25.90972 2.101435 -0.5438281 4.702814 1.030952 6.716728 -1.653262
90 26.06361 1.789597 -0.5191911 4.261086 2.027311 3.616902 -2.072712
91 26.00158 1.980656 -0.5153872 2.60671 3.192156 2.897303 -1.936253
92 25.97514 2.02049 -0.5569046 5.700026 1.216512 9.05081 -1.797479
93 24.9564 2.013641 -0.5857161 4.84224 2.001864 2.499152 -1.389282
94 25.85559 2.183538 -0.5557835 4.022135 4.068949 18.41187 -1.897492
95 26.59534 2.159979 -0.5132146 4.826695 1.453368 4.021381 -1.694024
96 25.08315 2.074509 -0.5641852 2.70823 3.456747 2.607328 -1.606474
97 26.25862 2.02504 -0.5248555 4.263132 1.533275 19.52032 -1.975112
98 26.13644 2.008212 -0.5208986 3.95932 2.365713 5.410187 -1.821029
99 25.94194 1.905575 -0.5233497 4.995091 3.480965 7.496902 -2.21186
100 25.26433 1.991314 -0.5154818 3.708649 0.7512783 6.514724 -1.740144
