1 0.5966457 0.08047112 0.02702832 0.9182676 0.6329976 2.924399 1.105484 0.4707221 0.1165326 0.1260197
2 0.6914406 0.1003344 0.03697918 1.724973 0.9052564 8.925505 0.9991835 0.4640894 0.0916525 0.1026344
3 0.8422415 0.09806184 0.03518365 2.409543 0.8598616 3.573279 3.056841 0.65711 0.3053127 0.3366385
4 0.6663812 0.09734213 0.02958417 1.197318 0.8286365 1.067537 0.7770638 0.4259765 0.07664326 0.08225175
5 0.6514875 0.09162018 0.03629002 1.030172 1.73877 26.5896 10.51028 1.125426 0.9106917 1.043738
6 0.7833054 0.1076402 0.03230569 1.446826 0.907545 2.230714 1.183136 0.4722805 0.1118459 0.1277526
7 0.6477985 0.1106005 0.04031431 1.330878 0.9410463 4.978852 1.329266 0.5511986 0.1212904 0.1403566
8 0.6810307 0.1106381 0.0369611 1.269392 1.134338 3.754611 NaN 0.4121644 NaN NaN
9 0.6573923 0.1044054 0.0339899 1.606216 0.9420488 1.743756 1.234661 0.461639 0.1106872 0.1254933
10 0.6310219 0.1073307 0.03477745 1.869125 0.9163964 24.73946 6.719979 1.242153 0.5423336 0.6448939
11 0.6178554 0.09453633 0.03375317 1.239101 0.9726908 5.840103 3.906882 0.6408934 0.2715662 0.343294
12 0.594147 0.08808383 0.03103531 1.185783 0.8238143 3.020561 1.700696 0.5349438 0.1491941 0.1695215
13 0.7540801 0.09980688 0.03580198 1.827343 0.8153113 11.55016 3.662181 0.579714 0.3607115 0.3811047
14 0.501216 0.07848138 0.02777891 1.89646 0.89007 0.8471712 0.9318035 0.4318883 0.08318924 0.0929316
15 0.5168758 0.08466296 0.02776713 0.9981388 0.6718335 1.864552 1.345729 0.5008828 0.1553311 0.1566888
16 0.7868314 0.1045276 0.03788249 1.061308 0.8865866 2.485155 0.8056616 0.4469538 0.08661285 0.09351643
17 0.8955798 0.1207065 0.04010093 2.536239 1.394878 1.974063 1.556186 0.5931387 0.1092091 0.1405476
18 0.5656978 0.09366286 0.03364271 0.7610848 0.8975 2.380062 1.200907 0.5670617 0.1314826 0.1411806
19 0.7272732 0.09651473 0.03661708 1.209673 0.8707991 13.62528 1.797708 0.5248448 0.1645528 0.1875663
20 0.5461816 0.1058658 0.03620391 1.374147 0.8743489 2.944384 1.603621 0.5669494 0.1363241 0.1574661
21 0.7390028 0.0914148 0.03112565 2.137664 0.7994903 2.518781 1.107966 0.4284179 0.09771793 0.1140803
22 0.6237328 0.09067936 0.0290326 0.891942 0.7578619 3.811315 1.158526 0.4863711 0.1011343 0.1162428
23 0.753798 0.1168419 0.04034809 2.030817 1.07275 1.773468 1.36026 0.4909621 0.1327155 0.1462415
24 0.6966381 0.1053014 0.03050052 1.40541 0.9384887 1.525011 1.394578 0.4919762 0.1493907 0.1568976
25 0.7470221 0.08478192 0.02682631 1.848064 0.6294063 2.983472 1.376972 0.5088931 0.1366344 0.1503877
26 0.8061227 0.1042324 0.03797249 1.267372 1.081726 1.989032 1.041832 0.4230845 0.08026029 0.09541942
27 0.581299 0.09315397 0.02723913 1.194855 0.7379513 2.11415 NaN NaN NaN NaN
28 0.712702 0.1087112 0.03604048 1.2054 1.109896 5.13088 1.137344 0.7335043 0.1091385 0.1236882
29 0.4848931 0.08981859 0.02779737 0.5536748 0.8138827 0.7637657 0.605988 0.4303379 0.05986455 0.06337817
30 0.6549929 0.1004293 0.03293809 1.513234 0.7252891 4.821021 2.140606 0.5196359 0.1442128 0.1890402
31 0.7449063 0.1034533 0.03012022 2.958493 0.6922155 2.302251 1.053667 0.41838 0.08770219 0.106823
32 0.7897791 0.1072187 0.03560827 1.142013 0.9868386 2.389789 0.7983964 0.4420425 0.07953912 0.08958616
33 0.8130356 0.114148 0.04043781 1.49886 1.104563 2.034697 4.371201 0.8457947 0.2913047 0.3863923
34 0.8042643 0.1068578 0.0378947 1.80111 1.100547 2.0262 1.302084 0.4718091 0.1137919 0.1300408
35 0.6798924 0.09734579 0.03467908 1.591001 0.9724388 5.246717 1.286177 0.4801933 0.1029106 0.1244291
36 1.138078 0.1336403 0.04065593 2.638414 1.182334 1.566398 0.6698061 0.3962689 0.06609923 0.07370209
37 0.7645997 0.1075483 0.03549843 1.46886 1.029451 27.6099 3.613637 0.7057589 0.3144739 0.3614419
38 0.7208295 0.09350166 0.02901035 1.004368 0.8029095 1.458355 0.7757761 0.4386541 0.07893429 0.0883737
39 0.8905797 0.1172114 0.04100649 4.168503 0.9785376 3.214682 4.473611 0.9921206 0.3993437 0.4778389
40 0.6486265 0.07989114 0.02656493 1.213241 0.6735934 2.726064 1.136716 0.4372996 0.100282 0.1156223
41 0.6811635 0.09631899 0.03678439 1.150076 0.9794426 5.348068 1.482404 0.5305738 0.1253607 0.1547718
42 0.4349924 0.08527496 0.03552664 0.7033755 0.8244801 1.359048 1.3434 0.4607872 0.08300566 0.1110705
43 0.7556295 0.1030861 0.03401895 2.32584 0.9385809 4.676578 0.8920614 0.4613761 0.08529463 0.09512705
44 0.7672098 0.1037705 0.03572879 1.110003 1.086748 1.547455 0.8638438 0.4121555 0.06268464 0.07610177
45 0.4601351 0.09298766 0.03202122 0.6947767 0.8236875 1.645822 0.8646328 0.4306802 0.07486987 0.08461634
46 0.5113997 0.0947737 0.03000558 0.9077526 0.7447913 3.765636 2.259929 0.7956304 0.1962732 0.231305
47 0.6978456 0.09441031 0.03099367 1.724865 0.6431439 7.216685 1.751373 0.5398072 0.1494652 0.1873884
48 0.601693 0.08938671 0.03017286 1.765216 0.6765512 2.51895 0.815265 0.414598 0.08529323 0.09277389
49 0.6170802 0.09051959 0.03035608 0.960706 0.7063795 35.97925 1.057198 0.4551748 0.1075729 0.1167057
50 0.5599565 0.09794443 0.03349486 1.11712 0.9308552 1.004359 1.331959 0.4756091 0.1047806 0.1250332
51 0.630764 0.09174451 0.03458879 1.210252 0.9956806 1.768151 3.832625 0.9198285 0.2689922 0.3537557
52 0.6179812 0.1098842 0.04147455 0.8864204 1.015667 5.891778 1.569408 0.4852143 0.1130732 0.1410511
53 0.6718383 0.09119065 0.02940155 0.8845165 0.7770275 1.6827 0.6762515 0.3725955 0.05913535 0.06859772
54 0.6687512 0.09112586 0.03070523 1.702316 0.7114416 3.450802 1.002471 0.4186355 0.08151257 0.09904148
55 0.6268264 0.1005643 0.03031974 1.313489 0.8016909 3.893904 1.0285 0.4482348 0.08254856 0.09473522
56 0.5291909 0.09074267 0.03153167 0.8545066 0.7651884 3.408058 2.06838 0.5295773 0.17188 0.2058892
57 0.6613356 0.100913 0.03702247 1.06673 0.9449354 6.018295 2.213295 0.5800271 0.212174 0.2314823
58 0.8361376 0.12032 0.04317785 2.246124 1.215265 10.96021 3.101628 0.677967 0.2844916 0.3190985
59 0.6168547 0.08473302 0.03108352 0.8516908 0.75242 3.053618 0.7259843 0.43008 0.06849606 0.07444136
60 0.5904477 0.08724528 0.02945156 0.7257975 0.749088 5.138563 1.322789 0.4720931 0.1124323 0.1260676
61 0.5293831 0.08001945 0.0276859 1.142391 0.6475554 1.452576 0.9570355 0.4446102 0.08772993 0.09593793
62 0.5679511 0.09700438 0.03279405 1.136643 0.908296 1.966165 1.425456 0.5985844 0.1526816 0.1598429
63 0.7069597 0.09303006 0.03189962 0.9745746 0.8844654 2.1093 0.8576569 0.4357433 0.08267193 0.0885369
64 0.4488786 0.08728618 0.029778 0.2478897 0.7452968 1.778747 0.9576274 0.4473351 0.1040485 0.1052475
65 0.6132807 0.09806143 0.02879528 1.069398 0.7754131 1.542206 0.9527276 0.4694038 0.07961762 0.09430444
66 0.6757253 0.09027816 0.03098387 1.158997 0.6299542 1.866423 1.102548 0.5052239 0.1142016 0.1308763
67 0.5787248 0.09931456 0.03290335 1.048339 0.9033242 1.603423 0.7706991 0.4189483 0.06377303 0.07375584
68 0.7534836 0.09810394 0.02689501 1.235057 0.6401814 2.867239 0.9358183 0.4418044 0.1028047 0.1094774
69 0.6694781 0.1173418 0.04034809 1.571255 1.245356 2.298932 1.235169 0.4835489 0.08941906 0.109768
70 0.5786541 0.0926544 0.03417141 1.076346 0.8007464 3.479787 0.6844003 0.4011399 0.05951262 0.07006068
71 0.587893 0.09581702 0.03266831 1.11152 0.7923178 5.201463 0.8658893 0.4174575 0.07023255 0.08234443
72 0.6757452 0.0980878 0.03486551 1.223238 1.012146 1.462391 0.9404097 0.4390482 0.08254463 0.09149023
73 0.6844851 0.09479671 0.03127949 1.641091 0.801714 6.656773 0.9968104 0.5171932 0.09601205 0.1092769
74 0.5988049 0.09238021 0.03207739 0.6685704 0.9344779 1.490423 5.534334 0.7479204 0.5428374 0.5968631
75 0.5929783 0.09754234 0.03133438 0.4772543 0.9652382 2.116565 0.7201844 0.3896143 0.05782285 0.06744841
76 0.7870787 0.1087426 0.03687859 2.100406 0.9659826 3.887843 1.136555 0.4921025 0.1062565 0.1208116
77 0.6791732 0.1075203 0.03204678 1.587376 0.9402072 1.31896 1.102737 0.4472559 0.09587032 0.1082764
78 0.6179101 0.08624858 0.02941907 1.513689 0.754632 3.458912 1.003055 0.5810711 0.1160699 0.1227585
79 0.7987005 0.09757376 0.02596765 2.132697 0.6250774 2.015051 0.8817124 0.3894925 0.08648214 0.09883739
80 0.694876 0.088979 0.03526185 0.626865 0.8849511 1.457633 1.613104 0.5891329 0.1302398 0.1673327
81 0.5782264 0.09509602 0.03222137 0.8027623 1.048957 1.039977 0.8791754 0.4470274 0.07700339 0.08618672
82 0.7247271 0.1031638 0.03560761 1.821762 0.8631292 6.804696 1.710441 0.503878 0.1356865 0.1587147
83 0.5785918 0.08465555 0.02783783 0.950712 0.7557161 0.9364386 0.7506576 0.4372075 0.07398636 0.08308468
84 0.6606872 0.1073117 0.0392535 1.294059 1.108598 2.648358 0.8937072 0.4596034 0.08128294 0.0893421
85 0.7817974 0.1106429 0.03299894 1.889115 1.084537 4.075988 3.191471 0.611671 0.3037766 0.3270911
86 0.4788048 0.07578065 0.02761096 0.8487677 0.7025168 0.9460044 1.515328 0.5679 0.1249962 0.1481477
87 0.5167585 0.09354303 0.03161083 1.101491 0.8477823 1.279008 3.166574 0.6513806 0.2752417 0.3156002
88 0.7280004 0.1129927 0.03492646 1.860812 1.042939 1.173147 1.08631 0.4424262 0.091155 0.1039695
89 0.6329447 0.09933653 0.03529652 0.7017245 0.8965916 3.499025 0.9859138 0.4642811 0.08459415 0.1018427
90 0.6473184 0.087854 0.02603634 0.9205706 0.7789669 1.300259 1.06977 0.4610118 0.08750817 0.1056952
91 0.6189645 0.08358528 0.0254851 1.487314 0.7078377 0.9543115 1.934721 0.7628624 0.1969705 0.2220879
92 0.6177609 0.1017146 0.03694043 0.9270978 1.015876 5.308347 0.9456309 0.4339134 0.08032778 0.09086999
93 0.8460256 0.1259422 0.04604635 1.593586 1.395453 0.9157119 2.706894 0.6237153 0.1704575 0.229094
94 0.6327681 0.0981131 0.03194136 1.735891 0.5818747 57.15419 1.541958 0.4672461 0.1376586 0.1583927
95 0.6876043 0.118316 0.03761804 1.108863 1.140703 1.665847 2.662807 0.7149381 0.2111107 0.2557058
96 0.7569882 0.1063734 0.03714808 2.347743 0.9236842 1.438885 2.228844 0.5315825 0.1886806 0.2219058
97 0.5720854 0.08307442 0.02821766 1.004188 0.6318143 12.81621 0.846895 0.4165589 0.08263707 0.09115519
98 0.615577 0.08498177 0.03190281 1.203517 0.7473765 2.044452 0.8780265 0.4175375 0.07433868 0.08826635
99 0.6152578 0.09060643 0.03249923 1.604626 0.8854878 8.279616 1.836539 0.6433017 0.137247 0.1718315
100 0.5430323 0.08328434 0.03109982 0.4820585 0.675082 3.235317 0.7250463 0.4076612 0.06917537 0.07910271
