1 0.6516169 0.09143196 0.03084179 0.9974287 0.6356684 3.611489 0.6490658 0.3479385 0.3843086
2 0.7473674 0.1015003 0.03957611 1.809325 0.8858946 1.655766 0.5199022 0.1450752 0.1663036
3 0.9607927 0.1126171 0.03747517 3.100852 0.9787677 10.08693 0.9098379 0.9227574 1.020166
4 0.9321411 0.1342116 0.0373566 2.213439 1.079176 3.207532 0.5674029 0.2855886 0.3178992
5 0.5619646 0.09147345 0.03498889 0.8102144 NaN NaN 0.3841503 NaN NaN
6 0.9707744 0.1222801 0.03933243 1.92428 1.054112 6.196992 1.196219 0.5038472 0.6050584
7 0.697293 0.1142109 0.04102099 1.401432 0.9095696 1.984057 0.626741 0.1742454 0.2035224
8 0.7353333 0.1195641 0.04115197 1.281364 1.142891 NaN 0.6652511 NaN NaN
9 0.7818883 0.116619 0.03797373 2.099775 0.9345612 6.493732 0.8406325 0.5467873 0.6247506
10 0.6386914 0.1021742 0.03397467 2.267823 0.7819285 10.92489 1.850909 0.8808895 1.0532
11 0.6786888 0.0909277 0.03650007 1.372873 0.8780226 NaN 0.6995229 NaN NaN
12 0.6567497 0.0934506 0.03459978 1.270715 0.7620186 NaN 0.5355799 NaN NaN
13 0.8129137 0.1018447 0.03748285 2.043116 0.8384632 NaN 0.6533208 NaN NaN
14 0.746357 0.1066913 0.0376391 1.679016 0.8932832 1.48987 0.4929257 0.1344324 0.1504085
15 0.6285361 0.1029701 0.03326271 1.561741 0.6994204 NaN 0.7445771 NaN NaN
16 0.9022666 0.1210916 0.04403415 1.412393 1.087209 1.934027 0.6176512 0.1953534 0.2153533
17 1.08282 0.1474408 0.04743513 3.692335 1.616665 NaN NaN NaN NaN
18 0.6800303 0.1041321 0.03885046 0.8843402 0.83772 NaN NaN NaN NaN
19 0.7392878 0.09695429 0.03702662 1.343904 0.8443323 4.030837 0.6212646 0.3507366 0.4062558
20 0.5994646 0.1161763 0.03779572 1.328305 0.7531327 2.223249 0.610937 0.1848561 0.2149882
21 0.8467515 0.102922 0.03677558 2.161461 1.022234 3.095931 0.5667803 0.2357481 0.2832629
22 0.6810986 0.09446505 0.03164545 1.044924 0.7144811 2.515095 0.6021843 0.2034139 0.2406961
23 0.9244308 0.1281261 0.05046057 3.094781 1.367467 NaN 0.5813819 NaN NaN
24 0.8444672 0.1209573 0.03751243 2.089074 0.9292329 NaN 0.778422 NaN NaN
25 0.8175044 0.1012316 0.0290764 2.900636 0.6113724 3.635437 0.7141532 0.3543973 0.3911626
26 0.9136973 0.1176412 0.04331556 1.919019 1.246496 4.8553 0.5737189 0.3410059 0.4197988
27 0.679266 0.09879177 0.03082375 1.742956 0.6915536 NaN 0.7269239 NaN NaN
28 0.7658756 0.1145038 0.03832022 1.303992 0.9537696 2.690227 1.340647 0.2438333 0.2843788
29 0.674379 0.1061159 0.03818965 0.8549239 0.9422206 1.008302 0.4733611 0.09355778 0.1020634
30 0.695745 0.1111394 0.03589359 1.662282 0.7198988 10.09102 1.255744 0.6235035 0.848438
31 0.9995264 0.1213832 0.03616338 5.577363 0.8098885 4.385399 0.5313271 0.3230115 0.4135465
32 0.9398506 0.1260939 0.04289362 1.301223 1.033346 1.390192 0.5238538 0.1265081 0.1465557
33 0.935173 0.1214987 0.05002228 1.779084 1.273584 NaN 0.6416222 NaN NaN
34 0.9460836 0.1252616 0.04453601 2.307627 1.017457 NaN 0.5273132 NaN NaN
35 0.7416652 0.1029349 0.03724252 1.899899 1.001128 3.107443 0.7732908 0.2337324 0.285496
36 1.304366 0.1544223 0.04853855 3.07706 1.441227 1.283106 0.5038008 0.1172728 0.135175
37 0.7626974 0.1055473 0.03446099 1.311502 NaN NaN NaN NaN NaN
38 0.887908 0.1186086 0.03838019 1.793823 0.6940931 NaN NaN NaN NaN
39 0.9458808 0.1154837 0.04601831 4.577301 0.9282818 NaN NaN NaN NaN
40 0.7215419 0.08827538 0.02803065 1.470802 0.6109456 1.630629 0.4861052 0.1435358 0.1644802
41 0.7626345 0.09947207 0.04089747 1.184251 1.700032 14.35271 2.433852 1.095279 1.366984
42 0.5284635 0.1031845 0.04090968 1.419436 0.8576308 5.743476 0.6136356 0.3330883 0.4482932
43 0.7851126 0.108766 0.03601855 2.361208 0.9347709 1.63641 0.5633813 0.1481457 0.1681439
44 0.9045231 0.1293147 0.04301904 1.664176 1.154633 1.819155 0.4773882 0.1167697 0.1511338
45 0.5542759 0.1097842 0.03737628 1.019484 0.8069028 1.438173 0.4806755 0.112718 0.1338819
46 0.5824081 0.09597767 0.03141572 1.201417 0.6145627 5.767099 1.43584 0.4614412 0.5596726
47 0.7694433 0.1062274 0.03286622 1.931058 0.6976017 2.369121 0.6591181 0.1937186 0.2441792
48 0.9316746 0.09676291 0.0343795 6.035862 0.7037526 2.133316 0.5214427 0.1958934 0.2227035
49 0.6211665 0.0929771 0.03056822 0.964251 0.6369909 1.100021 0.4579731 0.1103285 0.1199052
50 0.7231584 0.1257785 0.04286652 2.557983 1.339535 28.44094 0.9376306 2.07512 2.48525
51 0.6974726 0.1022697 0.04110819 1.169491 0.9545692 NaN 0.2453371 NaN NaN
52 0.6502411 0.1171002 0.04416201 0.9553272 1.033892 4.371812 0.6046785 0.2772588 0.3648132
53 0.7726482 0.09757453 0.03561294 1.007395 0.7993479 0.9258063 0.3929013 0.07219888 0.08751321
54 0.7684904 0.09535765 0.03348985 1.782146 0.7636679 2.579269 0.6074078 0.1910486 0.2420635
55 0.6719324 0.1029779 0.0323853 1.735536 0.7211464 1.88719 0.5152664 0.1390011 0.1645851
56 0.5999774 0.0955569 0.03481424 0.9550239 0.9506776 5.717003 0.9012831 0.4667674 0.554313
57 0.7354036 0.1060434 0.04168282 1.212425 0.9177493 NaN 0.6363997 NaN NaN
58 0.9119661 0.1172513 0.04494992 2.805319 1.164563 16.29983 2.019898 1.416044 1.603667
59 0.6360074 0.09359147 0.03487535 0.9557914 0.7473619 1.120104 0.5166616 0.101844 0.1119907
60 0.6370079 0.09349829 0.03261289 0.8441597 0.7004038 2.417664 0.5232488 0.1942009 0.2224399
61 0.6073018 0.1045625 0.03544648 1.17408 0.7667432 3.468134 0.6205582 0.2982349 0.3257635
62 0.691482 0.1109174 0.036248 1.569355 0.8914509 2.632056 0.7484373 0.2578242 0.278018
63 0.8098279 0.1064145 0.03633806 1.27526 0.8753553 1.681607 0.5238405 0.1538697 0.1684736
64 0.5716209 0.09743863 0.03470348 0.7043646 0.7511201 1.814995 0.5373227 0.1833461 0.1903422
65 0.71542 0.1139302 0.03474621 1.221058 0.7940971 4.837636 0.8905668 0.3268751 0.4222328
66 0.8429078 0.1219445 0.03836205 2.085814 0.9562559 6.812218 1.332893 0.6388818 0.7494392
67 0.684434 0.1265193 0.04100336 1.208413 1.019773 2.237627 0.5466216 0.1582816 0.1940498
68 0.7879913 0.09986779 0.03272386 1.275837 0.7161707 3.30708 0.6682487 0.3362313 0.3656456
69 0.7502384 0.13441 0.04870834 1.627497 1.26978 4.157736 0.7861664 0.2615704 0.3400996
70 0.6632843 0.09689087 0.03771381 1.225925 0.8093522 1.005928 0.4376584 0.08021247 0.09824159
71 0.612263 0.09195353 0.0350668 1.071902 0.7119075 1.057499 0.4354368 0.08455516 0.100549
72 0.8773972 0.113035 0.04433656 1.457622 1.396043 4.216226 0.6165756 0.343672 0.3850517
73 0.4937887 0.09679315 0.03148083 NaN NaN NaN NaN NaN NaN
74 0.720952 0.111209 0.03730188 1.14216 0.9104353 NaN 0.770671 NaN NaN
75 0.7155987 0.1106815 0.03763424 0.7387233 0.9889544 1.106148 0.4339415 0.08172485 0.09963456
76 0.9007904 0.1217415 0.04092945 5.397553 1.107492 1.46004 0.5383852 0.1307493 0.1514474
77 0.8462426 0.1199453 0.04027139 2.253196 1.062453 1.873869 0.5160763 0.1444403 0.1706118
78 0.6689527 0.09451125 0.03275226 1.545774 0.7415732 1.797936 0.7863523 0.2093504 0.2180072
79 1.048818 0.124238 0.02963026 3.381282 0.6955656 1.472129 0.434708 0.1398845 0.1620539
80 0.8560283 0.1087818 0.04365703 1.038352 1.159238 16.55575 2.678922 1.133365 1.514043
81 0.7329206 0.111731 0.04177743 1.105101 1.182258 4.515111 0.8516837 0.3415971 0.3986275
82 0.8070591 0.1097985 0.03683082 2.2116 0.8087374 2.16796 0.5159853 0.1694278 0.2000309
83 0.877043 0.1113416 0.04012691 2.451964 1.043235 4.239204 0.8189113 0.332357 0.4023426
84 0.7185555 0.1191183 0.04311706 1.41459 1.036362 1.637829 0.5488807 0.1432731 0.1586867
85 0.8932808 0.116166 0.035263 2.613369 0.9973508 NaN 0.7774997 NaN NaN
86 0.6086632 0.09677181 0.03766251 1.178589 0.7848075 NaN 0.5641087 NaN NaN
87 0.6179015 0.1091731 0.03567407 1.410293 0.7782993 NaN 0.4607267 NaN NaN
88 0.9017973 0.1449627 0.04823983 2.4027 1.381314 NaN 0.7863348 NaN NaN
89 0.6658934 0.111309 0.03967288 0.8138017 0.9046547 1.75993 0.5749872 0.1369032 0.1715517
90 0.820544 0.1039426 0.03350676 1.045007 0.8725959 32.58249 3.226055 2.339593 2.920823
91 0.7773241 0.09936366 0.03376896 1.541516 0.8016595 NaN NaN NaN NaN
92 0.6739623 0.1060484 0.03825661 1.058046 0.9551946 1.457739 0.4774681 0.1162375 0.1345509
93 1.152216 0.1719572 0.06168578 2.202106 1.541601 NaN 0.8302254 NaN NaN
94 0.6494933 0.09612508 0.03141117 2.071397 0.5371916 1.834054 0.4853933 0.1683308 0.1921403
95 0.8347961 0.1353462 0.04805732 1.574673 1.375189 NaN NaN NaN NaN
96 1.103766 0.1285997 0.04047047 7.514961 1.046977 NaN 0.8669807 NaN NaN
97 0.5753059 0.08560454 0.02833709 0.9876293 0.516141 0.9060998 0.423724 0.08876719 0.09730595
98 0.7323432 0.09831789 0.03436252 2.009987 0.726186 1.567251 0.4920674 0.1310985 0.1558805
99 0.6505969 0.09369344 0.03265008 1.584689 0.7419762 2.527424 0.7114748 0.1770472 0.2265834
100 0.6113901 0.08958906 0.03455682 0.5675333 0.6534627 0.962929 0.4373707 0.08591195 0.1009957
