1 27.15112 1.85626 -0.4646137 4.100303 2.183145 7.493372 -5.65086 -0.250252 -0.5672671 0.5941558
2 26.76477 1.830417 -0.5150289 6.217948 2.883826 14.9432 -4.942893 -0.9204811 -0.4723016 0.5109831
3 26.52639 1.747863 -0.4739877 5.80737 5.148519 9.078295 -14.8532 -1.493073 -1.45203 1.626996
4 27.45238 2.10663 -0.4808792 4.445205 1.818264 3.6497 -4.013892 -0.7892076 -0.3650873 0.3938594
5 26.57156 1.76235 -0.5045561 7.046032 1.679392 36.46982 -16.63616 -1.211161 -1.388369 1.614743
6 26.62851 1.946026 -0.4757047 5.139362 3.038466 5.90284 -5.923783 -0.7702212 -0.5287391 0.6019115
7 26.00914 1.961569 -0.5593185 6.677353 2.426446 10.37262 -5.411841 -1.823995 -0.5144832 0.5814735
8 28.4873 1.988963 -0.5166903 8.683557 1.225386 9.178759 -26.12866 -4.488303 -2.369588 2.630225
9 26.84305 1.97038 -0.5216975 5.760019 3.958055 5.226307 -5.631883 -0.7339006 -0.4651977 0.5233408
10 26.49133 2.059074 -0.5613095 6.584201 3.449204 26.9948 -21.59245 -3.236618 -1.707489 2.039374
11 27.18478 1.749074 -0.4779872 7.434049 1.753134 11.52466 -13.99272 -1.105078 -1.036223 1.264276
12 27.4573 1.843919 -0.4847621 5.954181 1.856043 7.615037 -7.660505 -0.9691735 -0.6977745 0.7698229
13 26.49131 1.830641 -0.4987769 6.280073 4.334512 18.39721 -10.18053 -0.5201613 -0.9690313 1.040112
14 26.79284 1.791348 -0.488514 4.350798 0.8971435 2.92749 -5.02368 -0.3239934 -0.3962942 0.4488902
15 26.54161 2.006646 -0.5015017 4.071717 1.473028 5.442758 -6.843959 -0.2905628 -0.7665072 0.7713222
16 26.54961 1.959047 -0.5072768 4.907258 1.260284 6.718891 -4.319645 -1.145858 -0.40222 0.4581703
17 27.05075 1.795979 -0.4990739 8.422748 3.916257 5.772328 -7.94521 -1.879337 -0.5220499 0.6849341
18 26.53113 1.940565 -0.5142551 5.218341 0.8280854 6.125994 -5.717459 -1.384924 -0.5979792 0.6374557
19 26.99183 1.849877 -0.4982382 6.235758 2.029287 22.79964 -7.768721 -1.141353 -0.7252262 0.8190016
20 25.92496 1.96028 -0.5516882 6.213119 2.176302 7.311191 -6.75571 -1.126223 -0.6109212 0.6626856
21 27.41247 1.805171 -0.4670138 4.89822 4.906914 6.545004 -5.554357 -0.4095583 -0.4658998 0.5301008
22 27.65804 1.994168 -0.4683193 5.380223 1.384542 8.694056 -5.168478 -1.114356 -0.4526969 0.5016027
23 26.21275 1.946327 -0.5466915 5.882338 3.278561 5.143167 -6.286812 -0.7448893 -0.5979373 0.6564476
24 27.58798 2.076793 -0.4885709 5.256263 2.030254 4.579985 -6.435154 -0.4998245 -0.6851572 0.7074702
25 27.41777 1.894719 -0.4359143 4.382542 4.741744 7.628216 -6.597764 -0.7226919 -0.6279249 0.6871691
26 26.62289 1.824859 -0.4895899 6.509044 2.148277 5.531889 -5.593939 -0.2729714 -0.3935451 0.479451
27 27.92641 2.056405 -0.5014293 5.395084 2.636005 6.134241 -17.57586 -2.758959 -1.686928 1.805293
28 26.63496 1.943753 -0.4729477 7.792567 1.922635 10.56403 -5.711531 -3.073768 -0.4931159 0.580951
29 26.55076 2.017918 -0.4976449 4.226014 0.9479049 2.87245 -2.772512 -1.14516 -0.2097267 0.2169895
30 26.31407 2.01409 -0.5472185 5.036017 3.718932 9.884123 -8.847667 -0.6287922 -0.6258284 0.7792369
31 26.84933 2.108832 -0.5229344 4.164433 5.877376 5.848526 -5.054208 -0.7842167 -0.3908808 0.4792254
32 27.03875 2.00119 -0.510532 4.863847 1.37169 5.63147 -3.929837 -1.285168 -0.328639 0.4010635
33 26.79578 1.894841 -0.522163 7.289587 2.753437 6.16135 -11.14504 -1.616719 -0.7789368 0.9990081
34 26.56363 1.793387 -0.4852094 6.424491 3.298081 5.603351 -5.647715 -0.393151 -0.4926332 0.547961
35 26.75379 1.835861 -0.4935508 6.908517 3.757992 10.36468 -6.271913 -0.9856427 -0.477671 0.561984
36 27.04356 1.902499 -0.478957 5.832687 2.328511 4.661015 -3.494726 -0.6510922 -0.2776297 0.3267501
37 28.00301 1.986356 -0.4829919 7.55092 1.318485 25.69626 -12.9426 -1.889985 -1.140366 1.314297
38 27.99528 2.083578 -0.4699679 4.225586 2.057999 4.639235 -4.113739 -1.212034 -0.3744841 0.4183747
39 24.55196 1.860189 -0.5400319 6.017789 10.1782 8.315994 -11.28622 -2.73481 -1.058254 1.23908
40 28.21052 1.903132 -0.435569 4.538721 2.220602 6.91059 -5.75093 -0.2421682 -0.4840538 0.5402363
41 25.64042 1.740938 -0.4888071 6.456262 1.940071 10.43385 -6.629746 -1.653646 -0.5503462 0.6716407
42 25.73659 1.78877 -0.5789058 5.169207 1.114068 4.359827 -5.410815 -0.6013076 -0.3679463 0.4438027
43 26.7374 1.930834 -0.4723853 6.548666 4.560692 9.858915 -4.579984 -1.121861 -0.4287691 0.4618246
44 27.16019 1.865582 -0.4817265 6.281887 1.571174 4.660244 -4.684894 0.1026065 -0.2958016 0.3584604
45 25.92333 1.976041 -0.5428701 4.772579 0.8189814 4.772344 -4.523326 -0.313509 -0.38457 0.4118251
46 26.30202 2.005382 -0.5262565 5.321413 1.825567 8.544368 -8.242736 -2.394494 -0.678325 0.805547
47 26.98424 1.919665 -0.5060537 4.299402 3.711733 12.66967 -7.35906 -1.432655 -0.6493458 0.7836609
48 26.18922 1.918662 -0.5082457 4.305849 2.582094 7.022037 -4.493358 -0.5904115 -0.4215071 0.4569136
49 28.04393 1.995812 -0.4939828 5.308664 1.662974 37.21086 -4.86607 -0.8052002 -0.4965111 0.5197185
50 26.54676 1.994678 -0.5296505 5.452391 1.381479 3.608768 -5.98156 -0.5503829 -0.5015127 0.5665426
51 26.36594 1.764562 -0.5024913 6.545277 2.6451 5.534468 -12.31905 -2.604712 -0.9058754 1.155111
52 25.8036 1.883069 -0.5530267 7.035193 0.9007669 11.9344 -7.232472 0.08111486 -0.5345016 0.6386146
53 26.66548 1.951514 -0.469784 4.182605 1.937781 4.912833 -3.599726 -0.500953 -0.231351 0.2784102
54 27.19659 1.967364 -0.4970068 5.023928 3.450183 8.203723 -5.31613 -0.6881009 -0.3747178 0.4596875
55 27.45931 2.119034 -0.517237 5.510576 3.071019 9.160247 -5.217683 -0.7361825 -0.3935235 0.4459083
56 26.05557 1.878923 -0.5107615 5.422108 1.239156 7.826982 -8.267959 -0.9118133 -0.70969 0.8175391
57 26.72481 1.883815 -0.5153297 6.516723 1.485881 12.31279 -8.101756 -0.9886898 -0.783492 0.8448908
58 26.2166 1.798026 -0.4993328 8.693757 3.520041 15.29073 -9.920847 -0.9109015 -0.9147127 1.00895
59 27.66731 1.867568 -0.5101796 4.768678 1.678835 7.746101 -4.074667 -0.9133195 -0.3262536 0.3629732
60 27.09316 1.917553 -0.4718508 5.618433 1.319112 10.56586 -5.859475 -0.4639959 -0.5049316 0.5431074
61 26.30761 1.850469 -0.4976762 4.161741 2.69664 4.828048 -5.221125 -0.2377442 -0.4154403 0.4520565
62 27.42644 2.027162 -0.5122365 5.826385 0.803121 5.478008 -6.605948 -1.610976 -0.7255815 0.760824
63 27.07707 1.878912 -0.4673315 5.201448 1.670551 5.919677 -4.912468 -0.5337374 -0.4321044 0.4704765
64 26.72977 2.060848 -0.5112995 4.161851 4.920013e-08 5.313606 -4.670012 0.1039517 -0.4922342 0.4854132
65 26.78415 2.181799 -0.5088173 4.504695 2.543933 4.699084 -5.268957 -1.323028 -0.412694 0.4931201
66 26.95067 1.994594 -0.4937908 3.648464 1.320104 5.735491 -5.16457 -1.441723 -0.5357113 0.6084515
67 26.89105 2.04456 -0.5526787 5.261473 2.258222 4.940996 -4.074536 -0.5903487 -0.3071077 0.3395847
68 27.38311 2.010142 -0.4558043 3.984483 3.103475 7.782722 -5.096036 -0.8631379 -0.5005809 0.5424117
69 26.51062 1.985709 -0.5635573 7.682874 3.054881 6.133543 -5.796117 -1.025092 -0.4257551 0.5055429
70 26.21934 1.879918 -0.5311578 5.377963 2.131505 8.74823 -3.289373 -1.073851 -0.244696 0.2822071
71 26.02659 1.884925 -0.5010605 5.874613 2.015222 10.22894 -4.638268 -0.2485892 -0.327829 0.3734726
72 27.19633 1.869336 -0.483264 6.082199 1.608599 4.611683 -4.852458 -0.4901662 -0.4022759 0.4495488
73 26.97885 1.9265 -0.4838732 6.069272 4.129226 12.92301 -4.676798 -1.597136 -0.4098412 0.4548581
74 27.53895 1.938028 -0.4702791 6.183693 0.6892387 4.943034 -9.642031 -1.164227 -0.9858204 1.045913
75 27.34756 2.007939 -0.4861166 5.748875 0.2529966 5.717099 -4.259617 -0.4131547 -0.2852431 0.343461
76 27.42275 1.931425 -0.5046989 5.982542 1.767372 8.474975 -5.455331 -0.9109506 -0.5290546 0.5972106
77 26.56935 2.091714 -0.5133639 5.355621 3.054241 4.234185 -4.964395 -0.6470191 -0.4166093 0.4622834
78 27.14353 1.886042 -0.47932 5.212924 3.2022 8.532748 -4.64016 -2.020338 -0.5318144 0.5465041
79 28.42833 2.13139 -0.4515054 3.713319 3.653869 5.408549 -4.295742 -0.3376668 -0.3430899 0.4012608
80 26.19141 1.717524 -0.4711071 5.013798 0.6048766 4.608714 -7.816312 -2.228812 -0.6201139 0.8075996
81 27.17704 1.953663 -0.5180704 5.496725 1.258272 3.476205 -5.018823 -0.7216036 -0.3922023 0.439699
82 26.86411 1.891424 -0.5026245 6.391504 3.815134 12.46539 -7.720431 0.5089975 -0.6145935 0.6899454
83 25.99948 1.938453 -0.4785959 3.800922 1.817777 3.280445 -3.807689 -1.118566 -0.3428037 0.3784594
84 26.56502 1.941907 -0.5254287 6.84922 1.66471 6.418367 -4.630714 -0.9225206 -0.4138346 0.4481837
85 28.34452 2.050315 -0.4521807 7.792982 2.577483 8.702827 -10.44386 -0.6557279 -1.013342 1.069329
86 25.95221 1.807214 -0.4940629 4.359523 1.495898 3.57358 -7.208315 -1.621362 -0.590577 0.6837177
87 26.37187 1.950468 -0.5359669 5.297107 2.182069 4.14598 -9.489928 -0.7843527 -0.8110342 0.919368
88 27.07813 2.098635 -0.5431806 5.810376 4.302696 4.003668 -5.340093 -0.2035003 -0.4139777 0.4638952
89 26.63059 1.97727 -0.5246656 5.332817 0.8982607 7.924564 -4.784186 -1.391223 -0.3997333 0.4810001
90 27.9733 1.975878 -0.4450212 4.953521 1.974736 4.357332 -4.934664 -1.081934 -0.3969927 0.4507608
91 27.07464 1.976404 -0.4628223 4.169505 3.157403 3.504009 -7.937705 -1.990095 -0.7930959 0.875581
92 27.08212 1.941406 -0.5165204 6.815948 1.018392 10.50552 -5.074192 -0.3462563 -0.4220452 0.4623481
93 25.99817 1.934947 -0.5717623 6.89786 2.324137 3.150072 -9.823962 -1.265809 -0.6651512 0.8699284
94 26.06565 2.025902 -0.5502096 4.788725 4.670372 54.24386 -6.483346 -0.7025362 -0.5880862 0.6511592
95 27.25606 2.061294 -0.5333092 7.066902 1.504667 5.306131 -8.108675 -1.617114 -0.6822616 0.7926925
96 25.58529 1.88303 -0.5087474 5.645449 4.514409 4.630023 -9.526972 -0.2807125 -0.8317384 0.9627096
97 27.03699 1.932583 -0.4865339 4.457711 2.007672 16.96717 -4.496239 -0.3036996 -0.3944846 0.4191317
98 26.455 1.809893 -0.4938926 4.643962 2.177083 5.666577 -4.47384 -0.6468159 -0.3467907 0.4060668
99 26.59589 1.819191 -0.486439 6.920207 3.784939 12.57951 -8.093097 -1.894732 -0.5908039 0.7253288
100 25.47557 1.832136 -0.4904407 4.262545 0.5219373 7.954359 -3.932226 -0.8831609 -0.3281101 0.3797073
