1 27.3018 1.901397 -0.4767904 5.879849 2.021991 -9.317861 -0.502657 -0.9036784 0.9733565
2 26.74037 1.758585 -0.5139989 7.21686 3.434923 -6.274296 -1.074481 -0.5882381 0.6469422
3 27.03847 1.862868 -0.4813716 7.523549 8.118829 -44.24782 -1.293998 -3.85387 4.285757
4 28.34837 2.189777 -0.4847736 9.147588 3.721533 -8.351564 -0.8635075 -0.735485 0.8154139
5 26.62338 1.809386 -0.5104858 7.008484 1.502448 -21.47611 -1.647555 -1.822882 2.105083
6 26.83348 1.839373 -0.4695429 7.756244 3.577579 -17.82632 -2.57051 -1.449914 1.727494
7 26.2448 1.934117 -0.5465295 7.911049 2.750697 -6.900013 -1.928418 -0.6266411 0.716791
8 28.33057 1.99696 -0.5224634 10.62465 1.236789 -39.59482 -5.087805 -3.454585 3.808296
9 27.24854 1.981144 -0.5216901 8.721244 5.245822 -14.72723 -1.497992 -1.223774 1.395594
10 26.27035 2.009514 -0.556365 6.459609 3.92197 -27.5875 -4.335192 -2.192082 2.623114
11 27.06291 1.670199 -0.4750253 8.545986 1.956537 -27.87631 -1.625416 -1.85394 2.359489
12 27.49899 1.842225 -0.4871358 7.532528 1.715837 -17.02715 -1.625402 -1.394962 1.608745
13 26.61007 1.793638 -0.499265 7.099272 4.829333 -16.46479 -0.753207 -1.557304 1.649307
14 26.53963 1.884678 -0.497556 7.782132 2.100393 -6.88774 -0.5222273 -0.5779984 0.6515822
15 26.43227 2.008086 -0.51135 6.40603 2.340866 -17.50281 0.006720458 -1.836154 1.874973
16 26.56874 1.874216 -0.5044361 8.178132 1.419396 -7.486346 -1.552345 -0.7096935 0.8025743
17 27.14672 1.856659 -0.5105755 12.3753 6.091803 -21.35332 -4.905199 -1.337025 1.7649
18 26.59307 1.868076 -0.5142104 7.985899 0.8381073 -16.26048 -3.815773 -1.517032 1.686047
19 27.09195 1.810998 -0.4968468 6.880876 2.125068 -10.17858 -1.303002 -0.9156606 1.046548
20 25.96989 2.077991 -0.573484 7.047638 2.640712 -7.143456 -1.128013 -0.6408108 0.6993729
21 27.36264 1.712439 -0.4666335 7.345833 4.483706 -14.10143 -0.1164569 -1.098016 1.307739
22 27.61158 1.89908 -0.465265 6.847455 1.587499 -8.39624 -1.313884 -0.7115927 0.8119123
23 26.18315 1.786931 -0.5396408 10.40923 4.285996 -22.46986 -2.197144 -2.026995 2.213824
24 27.60398 1.982212 -0.4874533 8.424585 2.528774 -26.8416 -0.2412564 -2.41328 2.631117
25 27.17571 2.039176 -0.4570261 5.608465 7.529329 -8.564958 -1.047238 -0.8275019 0.9029307
26 27.32918 1.828218 -0.4888561 10.212 2.428996 -10.28318 -0.440403 -0.7311031 0.8839072
27 27.97103 2.018859 -0.4950159 6.830832 4.040799 -31.53768 -3.222581 -2.757947 3.002804
28 26.72127 1.935104 -0.472897 9.62582 2.019208 -6.472336 -3.342301 -0.5496441 0.6552524
29 26.83961 1.855741 -0.4859493 9.319454 1.03269 -4.527783 -1.229402 -0.3781387 0.4108271
30 26.29489 2.006327 -0.5560802 6.359546 4.207115 -15.24961 -1.375319 -1.004494 1.302005
31 26.45305 1.964497 -0.5127946 5.828051 14.20499 -10.40844 -0.8368242 -0.7824122 0.981252
32 26.96799 1.972684 -0.5192452 7.722491 1.376723 -5.682738 -1.526962 -0.4826428 0.584221
33 26.77784 1.71547 -0.5221083 11.52311 2.359878 -29.90858 -4.463865 -1.689609 2.34317
34 26.47373 1.795665 -0.4970431 9.463172 4.039876 -10.37945 -0.5698548 -0.8806242 0.9899339
35 26.89388 1.813159 -0.4969364 8.671142 4.578807 -13.0179 -2.078608 -0.9755473 1.184087
36 27.72913 1.95408 -0.491304 9.795434 4.951339 -5.602376 -1.044337 -0.47724 0.5579292
37 28.00077 1.996638 -0.484148 8.147115 1.106439 -17.40977 -2.355836 -1.50938 1.732455
38 28.0788 1.970015 -0.4636263 9.889687 3.123032 -12.19838 -2.121269 -1.046943 1.205891
39 24.44792 1.671702 -0.537342 8.29353 12.75545 -35.41384 -5.917036 -2.798622 3.359832
40 28.10888 1.934739 -0.4390933 5.651933 3.144268 -7.715675 -0.3622144 -0.6793853 0.7597065
41 25.72733 1.649205 -0.4788575 8.404197 2.098185 -22.76359 -3.668619 -1.71408 2.149527
42 26.0408 1.851843 -0.5955119 7.977337 1.433526 -12.90781 -0.8335535 -0.8011731 1.036692
43 27.05529 1.928653 -0.4729652 8.168567 3.649388 -6.575698 -1.444411 -0.6244643 0.6790664
44 27.12403 2.003335 -0.5049961 10.03201 3.026838 -6.839382 0.06941093 -0.4422029 0.546044
45 26.0995 2.045189 -0.5550337 7.171014 0.7751827 -6.412114 -0.3873365 -0.5345814 0.5959139
46 26.33995 1.981476 -0.5214347 6.285196 2.906383 -12.6624 -3.297088 -1.005277 1.214654
47 27.14178 1.971643 -0.5141927 5.262619 4.306453 -10.66053 -1.874041 -0.9007999 1.103047
48 26.00941 1.721583 -0.4963239 5.841594 16.88556 -8.171111 -0.7711542 -0.7528603 0.8418097
49 28.03911 2.025317 -0.4985538 5.576029 1.656297 -4.874886 -0.7784321 -0.4886731 0.5131821
50 26.88854 2.007584 -0.5281931 10.27525 1.510479 -21.69829 -0.5854171 -1.620309 1.902887
51 26.46013 1.737951 -0.5064645 9.603532 1.97641 -38.50587 -7.078889 -2.480689 3.278883
52 25.93392 1.913993 -0.5686963 8.543146 0.8074656 -12.21869 -0.01616645 -0.8256436 1.03341
53 26.57992 1.785592 -0.4557245 7.161016 2.02667 -4.737119 -0.4944124 -0.3219924 0.3947387
54 27.30139 1.862737 -0.4912472 6.607267 5.036965 -11.57829 -1.457479 -0.8422203 1.056139
55 27.62796 2.048392 -0.5128054 7.128044 4.182576 -7.892315 -0.7145912 -0.5969961 0.6873562
56 26.04444 1.834313 -0.5099037 6.354957 1.152367 -14.98553 -1.701462 -1.234827 1.455449
57 26.60976 1.802742 -0.5159381 8.518671 1.588433 -16.94775 -1.80986 -1.444117 1.62305
58 26.45124 1.71818 -0.4933143 9.429177 4.691629 -12.73678 -1.354641 -1.130234 1.259687
59 27.68663 1.844987 -0.5198951 7.011958 1.948846 -5.420971 -1.081551 -0.4547255 0.5076055
60 27.01414 1.893612 -0.4770658 6.969524 1.529759 -7.944776 -0.4188766 -0.6534006 0.7229849
61 26.49234 1.942534 -0.5269349 7.838449 2.172349 -9.399735 -0.04909005 -0.7588032 0.8415476
62 27.5009 2.073231 -0.5080852 7.626737 1.021283 -7.864535 -1.673536 -0.8263064 0.8750347
63 27.40866 1.864167 -0.4675279 7.841166 2.017879 -7.361192 -0.6880955 -0.6450668 0.7119703
64 26.79786 1.968441 -0.4981627 6.585794 5.024074e-08 -7.186313 0.3878485 -0.7271342 0.7368245
65 27.02296 2.112228 -0.5084831 7.693906 2.523315 -9.810396 -1.918816 -0.7264615 0.8957637
66 26.69811 1.999377 -0.5117011 6.752431 2.612365 -12.40738 -2.547044 -1.172898 1.371453
67 27.15233 2.07297 -0.5650947 9.447724 2.037187 -8.78896 -0.8771396 -0.6358017 0.7498284
68 27.16371 1.876244 -0.4570007 6.414928 3.043048 -9.517378 -1.054905 -0.9219404 1.010175
69 26.57472 1.97795 -0.5846338 11.44528 2.789721 -12.79872 -1.865633 -0.8326445 1.054344
70 26.44716 1.780284 -0.515839 7.35493 2.626757 -4.409111 -1.301069 -0.3342359 0.3993631
71 25.84257 1.776322 -0.4919552 6.839508 1.670303 -5.06583 -0.271546 -0.367716 0.4212507
72 26.87533 1.742793 -0.476306 10.65456 1.675216 -14.31247 -0.5626738 -1.157535 1.313222
73 27.14014 1.901459 -0.4811407 7.883429 6.133443 -14.8129 -4.957797 -1.381097 1.558672
74 27.46379 1.999158 -0.481868 8.861064 0.5364076 -23.45549 -1.517912 -2.017088 2.253286
75 27.54771 1.979951 -0.4937358 8.634098 0.2718852 -5.822837 -0.47067 -0.3957063 0.4856987
76 27.40174 1.995189 -0.5147019 7.04997 1.921327 -6.036218 -1.003567 -0.5711837 0.649714
77 27.27774 1.913603 -0.4964914 9.02801 3.215714 -7.828331 -0.681113 -0.6233001 0.7145804
78 27.36043 1.884644 -0.4807587 7.109339 3.205644 -6.205462 -2.356443 -0.6947742 0.724663
79 28.6445 2.156816 -0.4481282 4.958681 7.838238 -6.183355 -0.4353927 -0.5297666 0.6199927
80 26.15346 1.68423 -0.4784145 9.120512 0.6366791 -36.87614 -5.779385 -2.4822 3.306169
81 27.48696 1.844009 -0.5141717 10.69964 1.293326 -13.52474 -1.742655 -1.011477 1.179212
82 26.96935 1.91297 -0.5066094 7.020357 5.217761 -8.264553 0.3577212 -0.662902 0.7449529
83 26.24257 1.769339 -0.4655894 9.023332 5.366758 -12.11221 -1.876072 -0.9980049 1.176586
84 26.38551 1.916031 -0.5387097 9.228581 2.358059 -6.935069 -1.03088 -0.6190717 0.6748584
85 28.08672 1.987652 -0.4476103 8.832851 3.486704 -21.70784 -0.8322526 -1.973111 2.128238
86 25.48729 1.74245 -0.5030376 8.635364 2.744633 -25.91096 -4.198255 -1.897078 2.288649
87 26.53832 2.038741 -0.5454839 7.384148 2.519391 -20.06006 -2.11426 -1.656222 1.890123
88 27.55541 2.040389 -0.5513331 13.17277 4.814997 -25.95109 -1.159006 -1.810267 2.106707
89 26.46274 1.981103 -0.5397902 7.519222 0.9767239 -7.22903 -1.863985 -0.5807476 0.7171467
90 28.2909 1.856051 -0.4312236 8.958657 1.566406 -13.61828 -1.675574 -1.014586 1.23006
91 27.3765 1.870496 -0.4567071 7.471001 3.044276 -24.31888 -6.757521 -2.213933 2.505941
92 27.2333 1.909219 -0.5090074 8.349032 1.076737 -6.658699 -0.34205 -0.5402514 0.6065626
93 26.2354 1.972871 -0.600264 13.3965 3.423768 -46.36491 -3.180351 -2.397832 3.340094
94 25.9385 1.972498 -0.5459106 4.806701 5.549489 -7.536034 -0.7607542 -0.6962546 0.7709092
95 27.23529 1.963916 -0.5456094 12.14591 1.400153 -34.01252 -5.123166 -2.356666 2.860204
96 25.6967 1.925191 -0.5054716 7.691995 14.92091 -36.17315 -1.10429 -2.909152 3.384941
97 27.06431 1.971455 -0.490716 4.798974 2.049259 -4.736538 -0.3242001 -0.4223954 0.449823
98 26.69452 1.890775 -0.5049289 6.374844 4.447729 -7.037021 -0.7620116 -0.5758959 0.6763748
99 26.73731 1.838515 -0.4837265 7.501674 3.773275 -8.808044 -1.894852 -0.6254335 0.7755839
100 25.66668 1.810932 -0.4916005 5.62335 0.5155387 -5.027987 -0.9422917 -0.420707 0.4933235
