1 123.4938 124.602 116.2115 127.8902 125.4529 120.1712
2 99.36812 102.7614 100.8566 96.05781 104.9349 102.9668
3 93.28649 100.6955 103.5547 109.8709 105.6875 107.4745
4 118.5425 111.2113 113.0667 129.8062 116.4638 113.5595
5 113.3238 121.7487 118.6197 116.7246 124.6282 116.6245
6 107.3047 98.75081 109.6077 108.2743 101.0241 108.6899
7 108.1144 123.5508 123.9053 109.6624 119.7166 123.8845
8 126.8721 112.3491 116.5053 130.0876 113.1239 114.9863
9 123.6461 119.7216 124.1089 134.0921 119.6316 121.8259
10 121.5825 119.2464 126.1226 112.9654 115.3731 120.3221
11 136.8462 137.0633 132.4382 135.8609 136.8078 137.7061
12 131.1658 129.7511 124.7411 133.9174 129.8999 124.8364
13 98.81312 98.84974 104.0223 99.86816 100.1776 101.6856
14 110.4837 123.0571 117.9102 112.4787 122.6235 119.8469
15 114.7711 117.5833 120.419 114.5054 112.6112 122.0977
16 95.58651 100.26 94.86789 92.2003 101.0109 96.34981
17 112.2613 111.8742 111.894 125.3259 112.985 113.8168
18 103.9091 112.9648 109.4574 104.8946 109.5891 107.2622
19 101.5101 103.2345 99.20397 99.38613 106.6209 99.33766
20 113.4491 136.8376 138.2904 121.6863 137.5636 140.1179
21 115.0402 111.9386 110.6567 112.931 113.6683 113.4343
22 148.1946 124.8987 138.2996 142.8027 125.9793 135.0742
23 91.30612 97.84202 99.63217 96.48248 97.04223 97.70523
24 115.4975 120.4324 119.8782 117.9337 119.6832 117.2356
25 121.9311 118.6625 114.9972 130.6868 112.5382 117.2993
26 99.5008 97.16636 97.45198 110.7978 100.0512 94.60472
27 157.6647 140.3685 143.3445 152.0428 142.7003 145.1348
28 143.4231 123.9697 140.3982 143.5592 129.8189 139.8794
29 149.5147 154.6184 150.07 149.7512 149.2394 149.9376
30 100.6158 110.2622 101.749 101.1675 106.7025 105.7877
31 103.4353 107.3895 101.5872 99.99781 106.4886 103.2098
32 87.16886 85.94078 84.07804 87.95649 82.75914 85.60649
33 97.91387 98.51985 102.6057 106.1816 95.71108 100.7246
34 95.9086 105.0432 103.8727 99.31856 104.0238 99.67764
35 130.9941 140.1488 121.0019 141.8239 140.1106 127.1122
36 85.01294 86.23887 84.49002 90.405 86.83554 89.09033
37 115.5801 98.54302 102.7883 118.5834 99.03117 98.16692
38 134.4309 111.4784 110.5514 134.6506 106.2246 112.0612
39 89.35787 103.7506 107.6798 82.47174 105.0962 104.3762
40 148.7401 135.0692 130.9328 145.5753 138.5072 131.9709
41 104.5143 119.9823 120.0765 102.8581 115.2007 120.7817
42 110.6305 123.5004 130.2444 118.9035 124.339 130.6494
43 131.4325 117.9949 123.0884 132.3519 123.0176 123.6263
44 102.0308 105.8887 110.5857 113.581 109.8091 108.4513
45 114.039 119.2904 121.5346 119.5345 123.2654 122.2863
46 146.3838 147.8618 150.4817 142.8957 146.5909 151.7821
47 94.22342 101.5026 106.4741 99.6677 96.47907 107.1788
48 116.9711 121.2169 112.8774 107.3443 121.0763 115.4441
49 124.1466 121.5509 113.6928 126.2295 120.8057 115.9755
50 113.5622 117.5694 109.8244 121.4362 116.4832 110.0534
51 112.1445 119.2242 122.295 123.8701 120.6297 122.3648
52 91.80926 106.1567 104.6741 96.84017 106.2163 107.5219
53 115.1891 119.875 119.476 114.504 116.4157 118.6358
54 116.4006 111.7368 108.4413 111.9045 108.2975 105.2396
55 146.2814 128.5859 127.4044 149.096 128.6413 125.1475
56 114.7971 117.8812 126.403 112.9353 121.1772 124.2039
57 107.0138 105.4256 105.6479 103.9006 105.4804 106.3745
58 101.355 111.6816 117.4587 99.15437 107.8369 119.0584
59 128.0029 115.7777 120.411 128.7174 118.0326 116.105
60 140.5867 132.5201 144.5036 141.1517 133.0516 142.4348
61 140.0417 140.6703 136.2734 153.9497 138.9855 141.0401
62 110.0264 109.934 115.8981 113.6408 108.6683 115.7375
63 119.8661 118.5642 106.3405 124.565 114.8858 109.504
64 115.951 124.2245 111.0414 113.6306 118.9294 111.0396
65 128.261 123.8657 115.602 134.5413 119.1782 115.1155
66 91.16613 92.75297 101.9176 90.05379 90.42085 100.9517
67 121.2661 121.3966 121.4688 133.4512 118.6245 117.8883
68 133.3003 111.142 119.7937 122.9869 107.4099 116.3606
69 119.185 128.2767 128.1957 121.3417 135.2322 128.5114
70 111.8001 123.6456 117.0561 115.4596 125.6206 116.8024
71 137.3504 141.2818 131.0681 130.201 134.5676 135.975
72 106.6653 105.0263 107.1485 109.317 110.1022 108.7916
73 162.9641 157.4268 170.7108 176.2907 166.5454 168.3753
74 129.5235 121.6867 115.5791 129.2102 119.8962 117.1357
75 112.4642 108.5766 107.3491 117.2815 107.2471 104.9582
76 86.64663 86.21268 91.01825 89.23035 89.37546 88.13301
77 117.5253 117.7023 117.7825 120.8004 120.1758 115.6957
78 143.2806 149.6075 147.432 148.5396 150.8234 143.1041
79 119.7656 101.6193 105.0716 122.3142 101.9969 102.7532
80 93.31569 95.20853 97.14473 100.288 95.65026 97.74042
81 130.6515 134.0716 129.9762 135.7573 132.5974 126.7234
82 108.2936 102.8616 105.2177 112.5725 104.6738 107.1435
83 117.2434 119.7513 124.5822 118.0416 125.7573 128.3016
84 118.6615 113.9816 121.7891 122.4135 116.9524 125.352
85 143.575 122.0926 116.832 133.4532 120.1743 116.1975
86 138.5326 165.3141 168.7941 145.4194 162.1549 166.1888
87 130.1896 128.7019 118.6613 133.5262 128.8607 124.7274
88 112.4793 113.0859 108.8397 122.8385 108.5256 112.0427
89 96.93443 110.3615 101.5597 98.94455 111.9445 103.5349
90 169.0636 151.2606 144.3974 172.8625 148.9235 146.9436
91 141.0774 139.6485 131.0503 143.8794 138.3779 131.825
92 118.4033 122.2499 119.7637 117.5012 123.6574 120.0925
93 80.94646 87.43825 85.1583 95.06033 89.02726 86.24129
94 114.246 120.6331 122.3097 110.9395 119.6154 118.8178
95 111.6102 106.853 109.2353 116.2383 103.396 110.8665
96 97.74917 113.8624 111.8523 111.5246 111.2942 109.068
97 128.9222 122.7732 133.0633 130.347 119.3836 127.963
98 108.5713 115.8445 120.6061 113.5973 116.2649 122.7171
99 153.4131 147.83 151.4736 157.8264 146.8399 153.2263
100 101.2857 111.6219 115.3856 99.82961 111.5645 113.3287
