1 682.1644 697.4933 698.4812 702.8379 693.9734 695.3363
2 714.4808 724.5913 724.1144 713.4282 722.8684 721.4322
3 742.7626 766.8362 758.7037 757.5832 773.1274 766.1762
4 592.5933 612.5128 618.2317 613.3311 615.8269 617.1933
5 702.8103 711.973 712.9822 712.5061 712.0798 715.8633
6 662.5649 677.7781 676.7338 682.3195 699.1208 699.7738
7 737.0776 741.5179 741.0484 745.7537 747.3695 746.1175
8 470.1658 485.4205 485.3568 525.6133 495.3587 492.7629
9 618.6915 586.3275 579.6342 801.7775 602.3201 598.8185
10 689.2325 713.8638 711.721 735.2633 721.2917 715.0822
11 732.0851 742.5805 737.9138 741.3189 745.6136 738.9015
12 595.367 612.2895 611.6123 667.158 619.9995 617.8664
13 573.6868 591.9395 597.4454 598.5723 600.2165 600.82
14 602.7172 605.5919 606.4888 606.4898 606.5989 604.0445
15 531.1211 564.4365 558.7492 548.7358 561.0017 560.407
16 690.8357 708.3182 709.3885 709.1668 714.2774 713.2164
17 567.6777 577.3471 568.689 590.5038 590.5685 581.5584
18 735.6779 752.5825 744.245 739.3597 745.6847 742.7837
19 792.0975 808.3236 796.2779 800.5947 808.127 804.678
20 863.9542 867.7339 868.569 875.7743 873.8251 875.2204
21 681.0432 692.8454 691.2582 695.5944 703.2324 702.0045
22 593.7676 603.6657 604.3635 611.7708 608.8155 607.3614
23 660.5538 670.3227 671.3259 695.2431 675.5518 675.1845
24 770.0537 781.3638 778.5053 795.5044 792.448 785.0402
25 572.912 597.759 598.9229 631.4763 605.9445 606.0153
26 618.4482 635.0956 631.6479 664.767 636.7649 639.1603
27 539.9307 556.6126 556.3702 569.9512 559.1987 559.3401
28 687.1512 691.4359 691.7631 733.54 690.2669 687.2651
29 697.0142 706.8703 703.1062 733.0045 711.4399 707.1702
30 671.2873 696.586 697.6144 681.8181 704.2007 705.0537
31 605.0965 612.5767 611.5857 639.531 633.3587 626.0671
32 730.274 738.2704 730.554 731.3625 739.9273 736.397
33 649.0468 661.678 660.9533 692.2845 671.3836 665.3516
34 717.5566 720.504 719.3926 720.0616 728.727 724.8901
35 826.8168 841.7787 835.8971 857.5976 848.6264 844.214
36 653.4136 658.8785 655.6866 654.3535 667.2185 663.2274
37 595.9142 609.8621 606.9566 605.0215 611.9181 607.8103
38 562.1816 579.558 576.6785 692.2274 598.1276 596.1025
39 674.903 695.1643 680.4537 708.9781 686.7841 689.839
40 747.1938 761.3255 760.7122 770.6285 778.1327 774.2641
41 682.3094 697.2421 684.9285 698.6243 688.3439 686.2237
42 564.9689 573.527 586.2292 571.5634 582.3116 594.8207
43 766.3359 775.9394 764.7078 774.6952 776.2269 767.5642
44 709.0704 721.4215 722.4423 785.7886 738.8846 739.2271
45 626.7204 638.7427 643.5991 629.63 641.6475 645.8291
46 692.201 698.9888 702.98 745.9581 705.1962 706.232
47 594.8085 619.8184 616.2648 715.9425 639.7751 640.0012
48 753.2271 769.763 764.5782 770.7165 772.8097 770.6579
49 780.5835 793.1732 798.1041 826.945 814.0245 814.2956
50 505.5267 520.1872 517.2389 572.3871 527.0905 524.7249
51 669.4258 685.733 688.5612 708.7277 699.7032 703.9498
52 516.5639 533.7061 538.4061 521.2338 534.3385 542.6935
53 613.9631 619.9991 624.254 629.495 629.1489 636.0737
54 535.4584 561.0347 552.8602 565.6419 563.1666 561.6461
55 656.6967 673.2687 672.6133 713.1209 689.5821 690.6328
56 562.8849 567.9485 564.9434 613.1348 571.1419 567.0571
57 655.7307 658.1811 658.2105 706.4742 676.7327 679.5895
58 746.0552 751.3283 751.1897 786.737 756.7636 754.5652
59 844.7087 850.3351 843.4417 839.1001 851.5684 844.8995
60 741.5505 754.1881 754.1905 737.0067 757.9849 754.86
61 728.3676 746.3909 745.301 782.636 754.9482 752.59
62 719.6112 744.2075 740.9839 733.0322 747.4785 740.7041
63 623.4652 648.381 645.1738 702.8581 652.7031 648.243
64 727.5559 751.9638 750.1603 806.4774 761.3635 751.9693
65 664.3053 676.1089 672.6689 748.4488 701.0368 699.3076
66 601.279 622.1167 626.1873 602.6155 625.0752 624.9748
67 684.4636 705.231 707.4439 722.3698 712.2867 710.236
68 534.887 541.205 536.3272 600.9313 562.9563 560.3535
69 675.6876 671.3549 668.669 693.6677 672.1167 666.6141
70 703.364 706.5891 708.4676 716.6836 707 708.2892
71 672.3019 696.9663 688.7575 768.4399 715.2639 712.073
72 699.1778 710.0951 709.3563 705.8832 715.9216 714.979
73 700.5726 706.5943 706.7131 700.3113 706.1223 703.5387
74 813.247 825.4405 819.7986 830.6391 845.5051 838.3699
75 680.28 666.776 663.4087 707.1774 674.6536 673.1132
76 571.0868 588.2804 581.7906 588.2937 583.7715 581.2936
77 828.5706 845.6175 840.3621 864.6237 854.4479 845.8135
78 699.5912 711.7196 705.4073 739.3775 731.5987 728.9027
79 664.0175 682.3435 677.4942 681.5926 690.8975 686.8726
80 614.664 622.0538 628.3805 663.8415 650.1613 659.0168
81 594.9822 606.8737 608.4987 596.0953 607.9299 609.8527
82 578.5578 567.1969 568.2096 611.8223 601.0505 602.7124
83 758.8057 768.3668 763.3815 766.0416 776.0701 767.7003
84 627.1458 639.4338 637.7609 687.0542 695.2021 688.824
85 590.8683 602.1676 594.023 586.7077 601.2482 596.6449
86 587.2369 619.5882 617.9099 652.4821 639.0453 643.7876
87 705.4261 722.3507 718.0996 719.3644 721.6568 718.9987
88 746.2699 756.6354 758.2495 742.7534 762.1206 759.9191
89 654.4233 664.3578 657.027 674.3859 678.8352 674.8562
90 645.7687 658.1506 659.0487 681.1679 672.1897 675.5498
91 703.4069 700.1992 693.7575 750.178 706.6379 699.5887
92 603.9308 632.0041 620.7925 631.5826 645.1486 638.7083
93 547.4691 580.0629 577.6429 572.3452 583.3969 584.7195
94 607.0515 617.4405 612.1874 618.6196 626.5511 614.6155
95 767.4156 779.1076 768.9525 789.2206 778.1563 765.0918
96 615.1386 625.4893 619.5098 663.7011 630.0715 623.3065
97 713.8492 733.1139 724.541 733.7151 745.4531 733.5824
98 765.7398 782.6088 775.1737 782.9761 790.983 789.3383
99 513.4038 523.7237 517.9859 527.8408 523.5668 523.6763
100 632.361 636.1737 636.0473 709.7933 644.7601 643.274
