1 694.3532 708.4631 707.0133 715.0267 704.9433 703.8685
2 726.6696 735.5612 732.6465 725.6169 733.8383 729.9643
3 754.9514 777.8061 767.2358 769.7719 784.0973 774.7083
4 604.7821 623.4826 626.7638 625.5198 626.7968 625.7255
5 714.9991 722.9429 721.5143 724.6949 723.0496 724.3954
6 674.7537 688.748 685.2659 694.5082 710.0906 708.306
7 749.2663 752.4878 749.5805 757.9425 758.3394 754.6496
8 482.3545 496.3904 493.8889 537.802 506.3286 501.295
9 630.8803 597.2974 588.1663 813.9662 613.29 607.3507
10 701.4212 724.8336 720.2531 747.452 732.2616 723.6143
11 744.2738 753.5504 746.4459 753.5076 756.5835 747.4336
12 607.5557 623.2594 620.1444 679.3467 630.9694 626.3985
13 585.8756 602.9094 605.9775 610.761 611.1863 609.3521
14 614.906 616.5618 615.0209 618.6785 617.5688 612.5766
15 543.3098 575.4064 567.2813 560.9245 571.9716 568.9391
16 703.0244 719.2881 717.9206 721.3556 725.2473 721.7486
17 579.8664 588.317 577.2211 602.6925 601.5384 590.0906
18 747.8666 763.5524 752.7771 751.5485 756.6545 751.3159
19 804.2862 819.2935 804.8101 812.7834 819.0969 813.2101
20 876.1429 878.7038 877.1011 887.9631 884.7949 883.7525
21 693.232 703.8153 699.7903 707.7831 714.2023 710.5366
22 605.9563 614.6356 612.8956 623.9595 619.7854 615.8936
23 672.7426 681.2926 679.8581 707.4318 686.5217 683.7167
24 782.2424 792.3337 787.0374 807.6931 803.4179 793.5723
25 585.1007 608.7289 607.455 643.6651 616.9143 614.5474
26 630.637 646.0655 640.18 676.9557 647.7348 647.6925
27 552.1195 567.5824 564.9023 582.14 570.1686 567.8723
28 699.3399 702.4057 700.2952 745.7288 701.2368 695.7972
29 709.203 717.8402 711.6383 745.1932 722.4098 715.7023
30 683.4761 707.5559 706.1465 694.0069 715.1706 713.5858
31 617.2853 623.5466 620.1178 651.7197 644.3286 634.5993
32 742.4628 749.2403 739.0861 743.5513 750.8971 744.9291
33 661.2355 672.6479 669.4854 704.4733 682.3535 673.8838
34 729.7453 731.4739 727.9247 732.2504 739.6969 733.4222
35 839.0055 852.7485 844.4292 869.7864 859.5963 852.7461
36 665.6024 669.8484 664.2187 666.5422 678.1884 671.7595
37 608.1029 620.832 615.4888 617.2102 622.888 616.3424
38 574.3703 590.5279 585.2106 704.4162 609.0975 604.6346
39 687.0918 706.1342 688.9858 721.1669 697.754 698.3711
40 759.3825 772.2954 769.2443 782.8172 789.1025 782.7962
41 694.4982 708.212 693.4607 710.813 699.3138 694.7558
42 577.1577 584.4968 594.7613 583.7521 593.2815 603.3528
43 778.5247 786.9093 773.24 786.884 787.1968 776.0963
44 721.2591 732.3913 730.9744 797.9773 749.8545 747.7592
45 638.9092 649.7126 652.1313 641.8187 652.6174 654.3612
46 704.3898 709.9587 711.5122 758.1468 716.1661 714.7641
47 606.9972 630.7883 624.7969 728.1312 650.745 648.5333
48 765.4158 780.7329 773.1103 782.9053 783.7796 779.19
49 792.7723 804.1431 806.6362 839.1337 824.9943 822.8278
50 517.7155 531.1571 525.7711 584.5758 538.0604 533.257
51 681.6146 696.7029 697.0933 720.9164 710.673 712.4819
52 528.7527 544.6759 546.9382 533.4225 545.3083 551.2256
53 626.1518 630.969 632.7861 641.6837 640.1188 644.6059
54 547.6471 572.0046 561.3924 577.8307 574.1365 570.1782
55 668.8854 684.2386 681.1454 725.3096 700.552 699.165
56 575.0736 578.9183 573.4755 625.3235 582.1117 575.5892
57 667.9195 669.151 666.7426 718.6629 687.7025 688.1217
58 758.2439 762.2982 759.7218 798.9257 767.7335 763.0973
59 856.8974 861.305 851.9739 851.2888 862.5383 853.4316
60 753.7392 765.158 762.7226 749.1955 768.9548 763.3921
61 740.5564 757.3608 753.8331 794.8248 765.9181 761.1221
62 731.7999 755.1773 749.516 745.221 758.4484 749.2362
63 635.654 659.3509 653.7059 715.0468 663.673 656.7751
64 739.7446 762.9337 758.6924 818.6662 772.3334 760.5014
65 676.4941 687.0788 681.201 760.6376 712.0067 707.8397
66 613.4678 633.0865 634.7194 614.8043 636.0451 633.5069
67 696.6524 716.2009 715.976 734.5586 723.2565 718.7681
68 547.0757 552.1749 544.8594 613.1201 573.9262 568.8856
69 687.8763 682.3248 677.2011 705.8565 683.0866 675.1463
70 715.5528 717.559 716.9997 728.8724 717.9698 716.8213
71 684.4906 707.9362 697.2896 780.6286 726.2338 720.6051
72 711.3666 721.065 717.8885 718.072 726.8915 723.5111
73 712.7614 717.5641 715.2453 712.5 717.0922 712.0709
74 825.4358 836.4104 828.3307 842.8279 856.4749 846.902
75 692.4687 677.7459 671.9408 719.3662 685.6235 681.6453
76 583.2756 599.2502 590.3227 600.4824 594.7414 589.8257
77 840.7593 856.5873 848.8942 876.8124 865.4178 854.3456
78 711.78 722.6895 713.9394 751.5663 742.5685 737.4348
79 676.2063 693.3134 686.0263 693.7813 701.8674 695.4047
80 626.8528 633.0237 636.9126 676.0302 661.1312 667.5489
81 607.171 617.8436 617.0308 608.284 618.8998 618.3849
82 590.7466 578.1668 576.7417 624.011 612.0204 611.2446
83 770.9944 779.3366 771.9136 778.2303 787.0399 776.2324
84 639.3346 650.4037 646.293 699.2429 706.172 697.3561
85 603.057 613.1375 602.5552 598.8965 612.2181 605.1771
86 599.4257 630.5581 626.4421 664.6708 650.0152 652.3197
87 717.6148 733.3206 726.6318 731.5531 732.6267 727.5308
88 758.4587 767.6053 766.7816 754.9422 773.0905 768.4512
89 666.612 675.3277 665.5592 686.5746 689.8051 683.3883
90 657.9575 669.1205 667.5808 693.3567 683.1596 684.0819
91 715.5957 711.1691 702.2896 762.3667 717.6078 708.1208
92 616.1195 642.9739 629.3247 643.7714 656.1185 647.2405
93 559.6579 591.0328 586.175 584.5339 594.3668 593.2517
94 619.2403 628.4104 620.7196 630.8084 637.521 623.1476
95 779.6044 790.0775 777.4846 801.4094 789.1261 773.624
96 627.3273 636.4592 628.0419 675.8898 641.0413 631.8386
97 726.038 744.0838 733.0731 745.9039 756.423 742.1145
98 777.9285 793.5787 783.7058 795.1649 801.9529 797.8704
99 525.5925 534.6935 526.5181 540.0296 534.5367 532.2085
100 644.5498 647.1436 644.5794 721.9821 655.73 651.8062
