1 0.72
2 0.68
3 0.76
4 0.8
5 0.64
6 0.72
7 0.64
8 0.92
9 0.8
10 0.76
11 0.72
12 0.76
13 0.76
14 0.8
15 0.84
16 0.68
17 0.8
18 0.64
19 0.64
20 0.48
21 0.72
22 0.84
23 0.76
24 0.6
25 0.8
26 0.72
27 0.8
28 0.76
29 0.72
30 0.72
31 0.84
32 0.76
33 0.76
34 0.64
35 0.56
36 0.72
37 0.8
38 0.8
39 0.76
40 0.68
41 0.72
42 0.72
43 0.6
44 0.72
45 0.72
46 0.68
47 0.84
48 0.72
49 0.64
50 0.84
51 0.68
52 0.76
53 0.84
54 0.84
55 0.68
56 0.8
57 0.76
58 0.64
59 0.52
60 0.64
61 0.64
62 0.68
63 0.76
64 0.76
65 0.72
66 0.8
67 0.72
68 0.84
69 0.76
70 0.68
71 0.72
72 0.64
73 0.64
74 0.6
75 0.76
76 0.88
77 0.6
78 0.76
79 0.72
80 0.72
81 0.76
82 0.76
83 0.6
84 0.8
85 0.84
86 0.8
87 0.76
88 0.64
89 0.68
90 0.76
91 0.72
92 0.8
93 0.76
94 0.8
95 0.68
96 0.8
97 0.76
98 0.6
99 0.92
100 0.84
