1 1000 1000 1000 1000 1000 1000
2 1000 1000 649 1000 1000 515
3 1000 1000 1000 1000 1000 490
4 1000 1000 804 1000 1000 1000
5 1000 1000 1000 1000 1000 635
6 1000 1000 714 1000 1000 83
7 1000 1000 794 1000 1000 723
8 1000 824 790 1000 1000 803
9 1000 1000 266 1000 1000 560
10 1000 1000 577 1000 1000 1000
11 1000 1000 477 1000 1000 678
12 1000 1000 633 1000 1000 567
13 1000 1000 975 1000 1000 1000
14 1000 1000 147 1000 1000 618
15 1000 1000 1000 1000 1000 527
16 1000 1000 571 1000 1000 411
17 1000 1000 410 1000 865 892
18 1000 1000 711 1000 1000 421
19 1000 1000 971 1000 1000 950
20 1000 1000 1000 1000 1000 604
21 1000 1000 504 1000 1000 267
22 1000 1000 190 1000 1000 666
23 1000 1000 205 1000 1000 566
24 1000 1000 240 1000 1000 1000
25 1000 1000 309 1000 1000 899
26 1000 1000 578 1000 1000 619
27 1000 1000 698 1000 1000 652
28 1000 1000 1000 1000 1000 1000
29 1000 866 678 1000 1000 775
30 1000 1000 460 1000 1000 1000
31 1000 1000 600 1000 1000 452
32 1000 1000 1000 1000 1000 519
33 1000 1000 746 1000 1000 397
34 1000 1000 520 1000 1000 742
35 1000 1000 605 1000 1000 1000
36 1000 1000 720 1000 1000 369
37 1000 1000 625 1000 1000 727
38 1000 1000 566 1000 1000 1000
39 1000 1000 934 1000 1000 702
40 1000 1000 896 1000 1000 309
41 1000 1000 213 1000 1000 976
42 1000 1000 437 1000 1000 830
43 1000 1000 922 1000 1000 563
44 1000 1000 994 1000 1000 908
45 1000 1000 373 1000 1000 1000
46 1000 1000 264 1000 1000 311
47 1000 1000 771 1000 1000 610
48 1000 1000 134 1000 1000 827
49 1000 1000 475 1000 1000 644
50 1000 1000 303 1000 1000 874
51 1000 1000 1000 1000 1000 1000
52 1000 1000 325 1000 1000 199
53 1000 1000 804 1000 1000 940
54 1000 1000 960 1000 1000 261
55 1000 1000 260 1000 1000 777
56 1000 1000 1000 1000 1000 319
57 1000 1000 814 1000 1000 1000
58 1000 1000 1000 1000 1000 430
59 1000 1000 458 1000 1000 532
60 1000 1000 210 1000 1000 260
61 1000 1000 351 1000 1000 1000
62 1000 1000 1000 1000 1000 251
63 1000 1000 825 1000 1000 208
64 1000 1000 1000 1000 1000 967
65 1000 1000 1000 1000 1000 858
66 1000 1000 675 1000 1000 930
67 1000 1000 343 1000 1000 371
68 1000 1000 407 1000 1000 1000
69 1000 1000 370 1000 1000 1000
70 1000 1000 1000 1000 1000 733
71 1000 1000 504 1000 1000 1000
72 1000 1000 94 1000 1000 176
73 1000 1000 562 1000 1000 293
74 1000 1000 585 1000 1000 434
75 1000 1000 1000 1000 1000 935
76 1000 324 246 1000 1000 249
77 1000 1000 925 1000 1000 561
78 1000 1000 889 1000 1000 390
79 1000 1000 327 1000 1000 855
80 1000 1000 179 1000 1000 435
81 1000 1000 538 1000 1000 448
82 1000 1000 1000 1000 1000 1000
83 1000 1000 318 1000 1000 686
84 1000 1000 1000 1000 1000 1000
85 1000 1000 953 1000 1000 647
86 1000 1000 780 1000 1000 639
87 1000 1000 295 1000 1000 63
88 1000 1000 713 1000 1000 452
89 1000 1000 864 1000 1000 1000
90 1000 1000 1000 1000 1000 597
91 1000 1000 1000 1000 1000 1000
92 1000 1000 579 1000 1000 412
93 1000 1000 312 1000 1000 809
94 1000 1000 986 1000 1000 720
95 1000 1000 700 1000 1000 652
96 1000 1000 793 1000 1000 489
97 1000 1000 183 1000 1000 72
98 1000 1000 312 1000 1000 1000
99 1000 1000 1000 1000 1000 530
100 1000 1000 246 1000 1000 1000
