1 -331.0822 -339.7466 -342.2406 -341.419 -337.9867 -340.6682
2 -347.2404 -353.2957 -355.0572 -346.7141 -352.4342 -353.7161
3 -361.3813 -374.4181 -372.3519 -368.7916 -377.5637 -376.0881
4 -286.2967 -297.2564 -302.1158 -296.6655 -298.9135 -301.5967
5 -341.4052 -346.9865 -349.4911 -346.2531 -347.0399 -350.9317
6 -321.2825 -329.8891 -331.3669 -331.1597 -340.5604 -342.8869
7 -358.5388 -361.759 -363.5242 -362.8769 -364.6848 -366.0587
8 -225.0829 -233.7102 -235.6784 -252.8066 -238.6794 -239.3814
9 -299.3458 -284.1637 -282.8171 -390.8887 -292.16 -292.4093
10 -334.6162 -347.9319 -348.8605 -357.6316 -351.6458 -350.5411
11 -356.0425 -362.2903 -361.9569 -360.6594 -363.8068 -362.4507
12 -287.6835 -297.1447 -298.8061 -323.579 -300.9997 -301.9332
13 -276.8434 -286.9697 -291.7227 -289.2861 -291.1082 -293.41
14 -291.3586 -293.796 -296.2444 -293.2449 -294.2995 -295.0223
15 -255.5605 -273.2182 -272.3746 -264.3679 -271.5008 -273.2035
16 -335.4178 -345.1591 -347.6942 -344.5834 -348.1387 -349.6082
17 -273.8388 -279.6736 -277.3445 -285.2519 -286.2843 -283.7792
18 -357.8389 -367.2913 -365.1225 -359.6799 -363.8423 -364.3919
19 -386.0487 -395.1618 -391.139 -390.2973 -395.0635 -395.339
20 -421.9771 -424.8669 -427.2845 -427.8872 -427.9125 -430.6102
21 -330.5216 -337.4227 -338.6291 -337.7972 -342.6162 -344.0022
22 -286.8838 -292.8329 -295.1817 -295.8854 -295.4078 -296.6807
23 -320.2769 -326.1614 -328.663 -337.6215 -328.7759 -330.5923
24 -375.0268 -381.6819 -382.2527 -387.7522 -387.224 -385.5201
25 -276.456 -289.8795 -292.4614 -305.7382 -293.9722 -296.0076
26 -299.2241 -308.5478 -308.8239 -322.3835 -309.3825 -312.5802
27 -259.9653 -269.3063 -271.1851 -274.9756 -270.5994 -272.6701
28 -333.5756 -336.7179 -338.8815 -356.77 -336.1335 -336.6325
29 -338.5071 -344.4351 -344.5531 -356.5022 -346.72 -346.5851
30 -325.6436 -339.293 -341.8072 -330.9091 -343.1004 -345.5268
31 -292.5483 -297.2884 -298.7928 -309.7655 -307.6794 -306.0336
32 -355.137 -360.1352 -358.277 -355.6813 -360.9636 -361.1985
33 -314.5234 -321.839 -323.4767 -336.1423 -326.6918 -325.6758
34 -348.7783 -351.252 -352.6963 -350.0308 -355.3635 -355.445
35 -403.4084 -411.8893 -410.9485 -418.7988 -415.3132 -415.107
36 -316.7068 -320.4393 -320.8433 -317.1767 -324.6093 -324.6137
37 -287.9571 -295.9311 -296.4783 -292.5107 -296.959 -296.9052
38 -271.0908 -280.779 -281.3392 -336.1137 -290.0638 -291.0512
39 -327.4515 -338.5822 -333.2268 -344.4891 -334.392 -337.9195
40 -363.5969 -371.6628 -373.3561 -375.3142 -380.0663 -380.132
41 -331.1547 -339.6211 -335.4643 -339.3121 -335.172 -336.1118
42 -272.4845 -277.7635 -286.1146 -275.7817 -282.1558 -290.4104
43 -373.168 -378.9697 -375.3539 -377.3476 -379.1134 -376.7821
44 -344.5352 -351.7107 -354.2212 -382.8943 -360.4423 -362.6135
45 -303.3602 -310.3714 -314.7996 -304.815 -311.8238 -315.9145
46 -336.1005 -340.4944 -344.49 -362.979 -343.5981 -346.116
47 -287.4042 -300.9092 -301.1324 -347.9712 -310.8876 -313.0006
48 -366.6135 -375.8815 -375.2891 -375.3583 -377.4048 -378.3289
49 -380.2917 -387.5866 -392.052 -403.4725 -398.0122 -400.1478
50 -242.7634 -251.0936 -251.6195 -276.1935 -254.5453 -255.3624
51 -324.7129 -333.8665 -337.2806 -344.3638 -340.8516 -344.9749
52 -248.282 -257.853 -262.203 -250.6169 -258.1692 -264.3467
53 -296.9815 -300.9996 -305.127 -304.7475 -305.5745 -311.0369
54 -257.7292 -271.5174 -269.4301 -272.821 -272.5833 -273.823
55 -318.3483 -327.6344 -329.3066 -346.5604 -335.7911 -338.3164
56 -271.4424 -274.9742 -275.4717 -296.5674 -276.5709 -276.5285
57 -317.8654 -320.0906 -322.1052 -343.2371 -329.3663 -332.7948
58 -363.0276 -366.6642 -368.5949 -383.3685 -369.3818 -370.2826
59 -412.3543 -416.1675 -414.7209 -409.55 -416.7842 -415.4497
60 -360.7752 -368.0941 -370.0952 -358.5034 -369.9925 -370.43
61 -354.1838 -364.1955 -365.6505 -381.318 -368.4741 -369.295
62 -349.8056 -363.1037 -363.492 -356.5161 -364.7392 -363.352
63 -301.7326 -315.1905 -315.5869 -341.429 -317.3515 -317.1215
64 -353.7779 -366.9819 -368.0802 -393.2387 -371.6818 -368.9846
65 -322.1526 -329.0545 -329.3345 -364.2244 -341.5184 -342.6538
66 -290.6395 -302.0583 -306.0937 -291.3077 -303.5376 -305.4874
67 -332.2318 -343.6155 -346.7219 -351.1849 -347.1433 -348.118
68 -257.4435 -261.6025 -261.1636 -290.4657 -272.4782 -273.1767
69 -327.8438 -326.6775 -327.3345 -336.8339 -327.0583 -326.3071
70 -341.682 -344.2945 -347.2338 -348.3418 -344.5 -347.1446
71 -326.1509 -339.4832 -337.3787 -374.2199 -348.6319 -349.0365
72 -339.5889 -346.0475 -347.6782 -342.9416 -348.9608 -350.4895
73 -340.2863 -344.2971 -346.3566 -340.1556 -344.0611 -344.7694
74 -396.6235 -403.7202 -402.8993 -405.3196 -413.7525 -412.185
75 -330.14 -324.388 -324.7043 -343.5887 -328.3268 -329.5566
76 -275.5434 -285.1402 -283.8953 -284.1468 -282.8858 -283.6468
77 -404.2853 -413.8087 -413.181 -422.3118 -418.2239 -415.9067
78 -339.7956 -346.8598 -345.7036 -359.6888 -356.7993 -357.4514
79 -322.0088 -332.1718 -331.7471 -330.7963 -336.4487 -336.4363
80 -297.332 -302.0269 -307.1902 -321.9207 -316.0806 -322.5084
81 -287.4911 -294.4369 -297.2494 -288.0476 -294.965 -297.9264
82 -279.2789 -274.5985 -277.1048 -295.9111 -291.5252 -294.3562
83 -369.4028 -375.1834 -374.6907 -373.0208 -379.035 -376.8502
84 -303.5729 -310.7169 -311.8804 -333.5271 -338.6011 -337.412
85 -285.4341 -292.0838 -290.0115 -283.3539 -291.6241 -291.3225
86 -283.6184 -300.7941 -301.955 -316.241 -310.5226 -314.8938
87 -342.713 -352.1753 -352.0498 -349.6822 -351.8284 -352.4993
88 -363.135 -369.3177 -372.1248 -361.3767 -372.0603 -372.9595
89 -317.2116 -323.1789 -321.5135 -327.1929 -330.4176 -330.4281
90 -312.8844 -320.0753 -322.5244 -330.584 -327.0949 -330.7749
91 -341.7035 -341.0996 -339.8788 -365.089 -344.3189 -342.7943
92 -291.9654 -307.002 -303.3963 -305.7913 -313.5743 -312.3542
93 -263.7345 -281.0315 -281.8214 -276.1726 -282.6984 -285.3598
94 -293.5257 -299.7203 -299.0937 -299.3098 -304.2755 -300.3078
95 -373.7078 -380.5538 -377.4762 -384.6103 -380.0781 -375.5459
96 -297.5693 -303.7447 -302.7549 -321.8505 -306.0357 -304.6532
97 -346.9246 -357.557 -355.2705 -356.8576 -363.7266 -359.7912
98 -372.8699 -382.3044 -380.5868 -381.4881 -386.4915 -387.6691
99 -246.7019 -252.8618 -251.993 -253.9204 -252.7834 -254.8382
100 -306.1805 -309.0869 -311.0236 -344.8967 -313.38 -314.637
