1 24.98956 26.50625 26.60583 25.29418 26.58395 25.80291
2 26.16168 29.29424 28.8006 25.75939 28.61237 28.94295
3 25.64596 26.73432 25.83136 26.07361 26.66223 25.91465
4 22.01287 20.57113 20.09614 22.4634 20.275 19.96759
5 31.39091 32.21449 32.55606 30.57316 31.63955 32.36678
6 26.86917 25.87781 25.23659 26.30087 25.68973 25.01252
7 30.97367 32.26673 32.13951 32.56671 33.2555 32.36239
8 14.29972 16.14485 16.17426 13.68973 16.18001 15.58296
9 19.17227 20.48077 20.49432 21.66892 20.7199 20.31666
10 24.74492 26.22095 25.40943 23.86394 25.4809 25.55599
11 26.13132 28.17033 28.31778 26.7401 28.25201 28.72974
12 25.12533 22.67693 23.03948 25.29993 23.38349 23.31163
13 21.71608 22.96965 21.76616 22.12809 22.51387 22.23009
14 23.58686 22.40525 21.22023 23.04046 22.90567 21.64992
15 21.63755 20.00801 20.3711 21.76244 20.48702 20.23313
16 30.50979 26.20767 26.3626 31.4416 26.32707 26.02976
17 21.45206 21.64979 21.65991 23.55186 22.03233 22.26304
18 34.97707 33.1825 32.78072 35.06742 33.5182 32.70051
19 36.12669 35.23532 36.07853 34.50725 35.98654 35.99804
20 47.48398 47.87793 49.50981 47.31766 47.86779 50.82781
21 29.50105 26.57137 26.79384 29.42296 26.79689 26.3657
22 21.6768 21.95499 21.6931 20.76153 21.85912 21.64276
23 25.364 22.47003 22.72078 25.49944 23.57436 22.7457
24 37.54763 38.05016 36.7693 37.02376 37.71089 36.62725
25 21.1485 21.53728 21.66874 21.36459 21.90358 22.03662
26 26.13164 25.93345 26.19353 26.18747 24.68171 26.22468
27 21.81776 20.83593 21.49654 21.92474 21.18838 21.36131
28 27.781 25.27386 26.33111 27.3361 25.22877 25.66473
29 25.3746 27.65896 27.94262 25.57785 27.23834 28.0687
30 30.58836 25.64608 25.24959 31.05919 25.41491 26.06325
31 20.67352 20.6835 21.18375 19.21554 20.47202 20.66005
32 24.84028 26.09072 25.38962 24.57031 25.86562 25.37111
33 22.83032 23.82699 23.34063 25.15442 23.19524 23.13038
34 33.10804 33.94533 33.93005 33.85335 33.18891 34.04509
35 44.42833 38.61815 39.92153 44.08823 38.94098 39.12551
36 26.31007 27.23935 27.06191 26.60212 27.95509 27.4258
37 21.13211 22.6679 22.63619 21.65123 22.49432 22.49376
38 20.7156 22.52099 21.81594 20.59087 22.52765 22.32504
39 26.53525 24.90123 25.22736 27.29945 25.08724 24.86079
40 30.07182 30.19138 30.51133 31.06526 29.85214 30.77902
41 24.91826 26.71852 26.24191 26.2477 26.44155 26.17481
42 25.06691 26.42294 25.1052 26.02767 25.9254 24.68275
43 37.71296 36.31226 35.40552 35.97773 36.71851 35.69254
44 26.09346 27.58869 27.02466 27.59436 27.39959 26.60219
45 24.80888 26.68192 25.67663 24.52479 26.14451 25.50128
46 27.8632 28.63196 29.55596 27.04912 28.65014 29.3504
47 23.36304 22.52069 22.55504 23.69723 22.81617 22.58851
48 29.09393 28.55695 29.60089 28.874 28.73493 29.4737
49 30.98056 33.47213 34.01656 31.07382 33.22261 34.56176
50 17.79535 18.39622 18.4948 18.13949 18.04944 18.41805
51 29.65971 28.43147 26.58311 29.0124 28.02517 27.36242
52 20.82474 21.33911 21.66911 21.03515 20.97068 21.76418
53 21.80601 21.88711 22.01528 22.40132 22.13719 22.03305
54 19.21684 19.40537 19.12487 19.43205 19.187 19.02383
55 29.39758 26.6367 26.98628 28.97832 27.35886 27.00911
56 20.69769 20.33448 21.56498 20.93125 20.52677 20.77958
57 21.3932 25.51302 25.10882 25.32967 25.14757 25.83428
58 33.89962 31.76938 30.44418 34.6605 31.80456 30.36266
59 46.08287 47.48649 45.36259 47.41242 46.62058 44.98338
60 34.20376 34.78731 33.62286 34.5901 33.85706 32.77048
61 32.91598 31.04144 30.97077 33.35526 30.94173 31.3605
62 30.78412 29.89622 30.16766 31.37616 30.47996 29.52439
63 23.34805 23.98126 23.75658 24.0239 23.85799 23.41841
64 27.04506 26.49521 26.44912 26.65212 26.44137 26.49699
65 31.19393 27.77605 27.74902 33.10812 27.57574 28.13685
66 22.06962 21.99793 22.40876 23.01675 22.30023 22.4673
67 27.67132 26.72232 26.31688 27.59468 26.61732 26.14582
68 13.25875 18.67333 17.94012 15.36447 18.78475 18.82089
69 24.71301 25.27534 25.13671 24.73253 24.56259 24.72471
70 28.54079 29.25345 27.84301 26.77307 29.17519 28.30821
71 25.61021 26.18871 27.18287 25.87706 26.45442 27.51054
72 29.7829 31.20968 33.04171 29.38704 32.7885 33.9998
73 28.71717 33.87895 32.54883 28.82509 33.13494 32.54846
74 34.76448 37.58424 36.86076 37.08605 36.92347 37.03571
75 23.77474 25.8621 24.92281 24.52156 25.88465 26.14007
76 21.00879 18.6211 18.52175 21.17965 18.56099 18.33562
77 37.2371 37.58413 36.75553 38.41413 37.36144 36.92316
78 23.54939 23.81629 23.97934 26.31778 24.42198 24.08622
79 26.06841 24.98692 24.33785 25.14446 25.21452 25.05902
80 20.1737 25.57814 25.14065 22.84481 25.38791 25.34917
81 22.0497 24.59533 23.2853 22.52445 24.2763 23.38582
82 21.24703 21.78461 22.85164 22.32354 21.97385 22.28282
83 37.97348 35.55265 34.55188 37.81179 35.1102 33.65187
84 20.8327 22.58798 21.41964 22.55327 22.21857 21.49469
85 21.76127 22.76319 22.39146 21.49616 22.15784 22.17458
86 22.49944 22.45377 21.5159 23.05822 21.67468 21.62134
87 27.31829 26.17999 27.10414 27.08621 26.71633 26.73949
88 33.96395 33.59673 33.26723 33.72519 33.72796 33.69337
89 28.5319 29.09926 27.881 28.7125 28.33225 27.85861
90 24.73175 25.37959 26.32423 26.59701 25.95101 26.38244
91 27.56152 27.74781 27.73303 26.83847 27.61453 28.07779
92 24.21316 22.8872 23.20802 23.60547 23.35524 23.54791
93 20.72442 22.10237 22.54013 21.62758 22.04575 22.65823
94 22.13682 22.9546 22.09492 21.82339 23.09258 22.4378
95 33.71067 32.38847 32.91359 33.66304 32.08267 33.15922
96 23.7696 22.53892 23.47029 24.21865 22.56014 22.85551
97 25.58823 26.64794 26.47722 26.59591 25.89534 26.16912
98 36.50519 40.47371 39.15861 36.18474 38.81555 38.89749
99 14.49906 16.60459 17.12848 14.71588 17.31088 17.87433
100 20.80183 22.22295 21.40559 20.12538 22.06761 21.94056
