1 1.994591 2.168357 2.173369 2.032113 2.162122 2.120339
2 2.025742 2.227591 2.174106 1.98095 2.163412 2.194297
3 2.176171 2.233991 2.17854 2.196204 2.221286 2.194471
4 1.845385 1.771226 1.78515 1.878192 1.768574 1.756821
5 2.353134 2.396872 2.446454 2.291121 2.352903 2.411081
6 2.078799 2.031223 1.989574 2.029716 2.020342 1.973493
7 2.280784 2.327686 2.336891 2.376633 2.3891 2.343424
8 1.358728 1.544464 1.537696 1.32385 1.552012 1.498542
9 1.946519 1.93616 1.934699 2.180551 1.933306 1.9191
10 1.924582 2.020823 1.983365 1.828885 1.97718 1.973851
11 2.104223 2.262428 2.295387 2.12645 2.271932 2.32377
12 2.736477 2.706695 2.744275 2.778042 2.73405 2.796283
13 1.801661 1.915689 1.836601 1.840156 1.874402 1.868166
14 1.7919 1.744692 1.723739 1.747047 1.799297 1.742826
15 1.949398 1.935484 1.963753 1.955242 1.951147 1.961803
16 2.365755 2.12214 2.194881 2.411641 2.154689 2.148632
17 1.75371 1.799198 1.79248 1.903771 1.807631 1.831053
18 2.559786 2.498678 2.478505 2.570338 2.515054 2.456748
19 2.633362 2.644834 2.696625 2.54544 2.699393 2.697816
20 3.426978 3.493649 3.557422 3.442169 3.48814 3.643674
21 2.226911 2.079418 2.106265 2.20031 2.118338 2.074448
22 2.896639 3.026452 3.323744 2.922403 3.069389 2.943219
23 2.042753 1.872053 1.903777 2.071012 1.965413 1.915695
24 2.709187 2.755381 2.693984 2.659854 2.731743 2.692943
25 1.795162 1.890312 1.891267 1.81654 1.900503 1.906717
26 1.933671 1.990112 1.985679 1.937023 1.897473 1.994026
27 1.705933 1.670282 1.716609 1.705746 1.697513 1.714546
28 2.126204 2.027311 2.084256 2.062833 2.030481 2.01917
29 2.098137 2.255611 2.26354 2.08929 2.21961 2.272097
30 2.581984 2.336916 2.330115 2.605695 2.344621 2.396474
31 2.164851 2.111485 2.212325 1.847219 2.139518 2.151195
32 1.92253 2.001813 1.949489 1.8985 1.982696 1.970816
33 1.778993 1.835441 1.817854 1.909201 1.79712 1.804645
34 2.366561 2.439501 2.421291 2.399304 2.395673 2.433386
35 3.015693 2.717627 2.787191 3.014413 2.748322 2.743802
36 1.994111 2.064782 2.055803 1.996201 2.121454 2.094265
37 1.772653 1.890682 1.894167 1.798954 1.880938 1.886965
38 1.874701 2.051302 1.974743 1.856475 2.002036 2.006374
39 2.197271 2.208296 2.228339 2.269336 2.193371 2.234589
40 2.63462 2.74771 2.753453 2.638696 2.735667 2.738554
41 1.950918 2.11581 2.11149 2.021886 2.095631 2.116759
42 2.255677 2.428809 2.336038 2.292909 2.378344 2.371132
43 2.690761 2.649027 2.627971 2.558146 2.658084 2.634408
44 2.143057 2.253275 2.258561 2.228296 2.236182 2.212983
45 1.947587 2.071401 2.009961 1.908851 2.007005 1.992031
46 2.256131 2.373052 2.416813 2.175926 2.355942 2.40595
47 67.60151 66.6447 65.60503 70.10819 66.28436 65.00985
48 2.40414 2.386307 2.449186 2.355431 2.399975 2.455138
49 2.803842 2.863682 2.854028 2.818721 2.859806 2.926116
50 1.593166 1.662274 1.657595 1.601817 1.64189 1.663248
51 2.129155 2.056482 1.984557 2.11769 2.065147 2.036585
52 1.732492 1.79741 1.800533 1.748102 1.767831 1.821392
53 1.672791 1.678352 1.6884 1.699951 1.68872 1.693453
54 1.612776 1.670798 1.645851 1.631812 1.648764 1.637525
55 2.27647 2.14123 2.192133 2.255004 2.197377 2.176734
56 1.608563 1.608176 1.69607 1.63481 1.626891 1.631759
57 1.659639 1.962148 1.940156 1.976124 1.931537 1.985488
58 2.71599 2.594456 2.553663 2.709698 2.596355 2.523826
59 3.130274 3.202938 3.093878 3.209123 3.156097 3.068285
60 3.016037 3.045696 3.137735 3.036429 3.079253 3.035889
61 2.49488 2.435689 2.394336 2.518658 2.445606 2.441666
62 2.411277 2.416277 2.440456 2.448695 2.449248 2.381663
63 1.852849 1.969519 1.938801 1.922574 1.940993 1.917335
64 3.466067 3.715503 3.860073 3.922079 3.780295 3.627426
65 2.255075 2.090874 2.072278 2.33944 2.07916 2.101948
66 1.773853 1.799836 1.844514 1.829459 1.836355 1.855463
67 2.141162 2.105136 2.080767 2.163215 2.097346 2.055185
68 1.229095 1.651767 1.605132 1.387448 1.654209 1.657508
69 1.997138 2.124362 2.097781 2.020022 2.073761 2.07366
70 2.174341 2.196492 2.121127 2.027452 2.188364 2.161171
71 2.100672 2.175382 2.208276 2.100569 2.194202 2.281183
72 4.751691 5.076535 5.038251 4.696645 5.272948 5.388576
73 2.242935 2.621034 2.537977 2.235219 2.555324 2.533105
74 2.486396 2.682734 2.637172 2.590768 2.631652 2.667546
75 2.106134 2.213398 2.156126 2.220262 2.21701 2.236355
76 1.641049 1.510092 1.499918 1.652007 1.498053 1.486926
77 2.623946 2.641654 2.610449 2.681266 2.639752 2.604923
78 1.912256 1.901906 1.882511 2.093412 1.925355 1.903992
79 2.204178 2.205712 2.184553 2.141236 2.216582 2.239515
80 1.637077 1.979077 1.999045 1.855268 1.977426 2.004888
81 1.827208 2.059582 1.997908 1.876961 2.048898 2.011731
82 2.059512 2.182331 2.188297 2.110623 2.194517 2.192266
83 2.693127 2.606956 2.551278 2.679787 2.575128 2.491463
84 1.736744 1.843811 1.781438 1.842314 1.833955 1.802459
85 1.909157 2.056385 2.025075 1.880246 2.015866 2.010522
86 1.751544 1.791847 1.728805 1.791402 1.745738 1.741199
87 2.214793 2.193902 2.24588 2.204266 2.198271 2.216686
88 2.522878 2.587628 2.583858 2.503799 2.603216 2.604439
89 2.166104 2.220975 2.150647 2.158111 2.161998 2.134625
90 1.845069 1.896453 1.924517 1.92917 1.935721 1.92231
91 2.169678 2.181314 2.150062 2.06899 2.180203 2.183445
92 1.89108 1.826361 1.839291 1.85397 1.868578 1.862797
93 1.951579 2.097273 2.119362 2.014859 2.083116 2.127858
94 1.807391 1.83847 1.79521 1.743721 1.846638 1.820061
95 2.438862 2.398449 2.432425 2.443143 2.390886 2.435116
96 1.897514 1.762881 1.817544 1.878523 1.777924 1.777638
97 2.011664 2.070161 2.056014 2.071717 2.034475 2.039554
98 2.644473 2.845766 2.776407 2.593924 2.758499 2.771177
99 1.278091 1.453979 1.488213 1.281867 1.496262 1.541966
100 4.422949 4.289166 4.587665 4.014443 4.414848 4.702818
