1 24.94779 2.113732 -0.5914352 5.925869 3.317355 -1.136456 -1.260193 -0.005914384
2 25.50588 1.859603 -0.5964683 5.838783 6.032984 -1.431446 -0.2307929 -0.005511985
3 26.57023 1.959473 -0.5336677 8.764721 1.906687 -1.110009 -1.064592 -0.05506532
4 25.78913 1.884068 -0.481659 7.515061 2.173463 -0.9118156 -1.639917 0.02032235
5 25.62601 1.81281 -0.4901231 5.781196 1.325896 -1.141188 -1.398976 -0.05314541
6 26.36167 1.793758 -0.5312508 9.355687 0.7487931 -0.9931118 -0.4980764 -0.02170779
7 25.3664 1.667784 -0.5179599 6.436023 6.545001 -1.206991 -0.6724258 -0.0648784
8 23.76802 2.243737 -0.5450325 7.246862 2.447778 -1.167221 -0.8641853 0.02154297
9 26.69002 2.023686 -0.5338042 8.571148 2.311761 -1.17866 -0.06079756 -0.03601342
10 26.54429 1.936816 -0.5141304 6.98142 4.919434 -1.310331 -0.07557151 -0.02657626
11 25.32983 2.141966 -0.5540259 6.69475 0.9830483 -1.174377 -1.021456 -0.0168766
12 27.07215 2.144899 -0.4945539 6.169628 1.515873 -0.8367156 -0.7934225 -0.06149403
13 25.5413 1.959807 -0.5031197 7.489304 1.116419 -0.4518717 -1.335636 -0.06029592
14 26.41138 1.990933 -0.4891899 3.80567 5.249218 -1.201125 -1.002376 -0.02529133
15 27.16976 2.488008 -0.5302833 5.935149 1.162438 -1.145869 -0.3117164 -0.02117837
16 26.85983 1.958551 -0.4949229 10.98198 1.547417 -0.8955559 -0.49947 -0.105325
17 25.68825 1.964639 -0.5175959 5.301744 3.699016 -1.287158 -0.3516766 -0.04398178
18 26.44756 2.005658 -0.5299439 4.979142 0.8431564 -1.79547 -0.7521086 0.01134329
19 25.95153 2.115978 -0.5336745 6.703589 3.270349 -1.619528 -0.9959955 -0.01902646
20 26.05701 2.048255 -0.5375267 7.159621 6.026413 -1.479862 -0.5281949 -0.03215605
21 26.34852 2.103781 -0.5097917 6.714725 2.583284 -1.063145 -1.029751 -0.03682967
22 25.21175 2.392002 -0.5661091 7.300208 3.03316 -1.084602 -1.00314 0.02354114
23 26.28033 2.105233 -0.562266 7.974369 1.88574 -1.5545 -1.874117 0.0271902
24 26.47825 2.020874 -0.523968 6.876138 2.332911 -1.398952 -0.3919973 -0.0762461
25 26.26272 2.435698 -0.5569938 7.984418 0.9886936 -0.7784966 -1.101409 -0.04491149
26 25.95691 1.973845 -0.5517483 5.599476 0.7605689 -1.43578 0.3082085 -0.07339588
27 26.40714 1.937968 -0.5376098 4.801552 1.217625 -1.152308 -1.053358 -0.01241663
28 25.72522 1.888826 -0.5180139 5.865773 4.387385 -1.533743 -0.4534592 -0.02030295
29 25.61795 2.125523 -0.5665646 7.208421 1.452667 -1.212405 -0.5374002 -0.0634465
30 25.46609 2.037114 -0.5017484 8.254532 2.517763 -0.899843 -1.310153 -0.05240108
31 24.37758 2.031735 -0.5327464 7.114064 15.13606 -1.102522 -0.6255725 -0.00269578
32 25.35575 1.902789 -0.5412614 8.472484 1.799117 -1.499023 0.008803203 -0.03838497
33 26.49238 1.894611 -0.5087564 6.586757 1.785736 -2.242494 -0.518396 0.03760662
34 26.07547 1.985268 -0.537984 4.618911 1.003306 -1.490857 -1.900757 -0.006897345
35 26.27484 1.712684 -0.5015784 6.848944 4.889172 -1.726395 -2.585943 -0.02025311
36 26.3965 2.231205 -0.5461792 4.365821 2.837751 -1.175628 -0.508658 -0.06834843
37 26.00559 2.123181 -0.5707991 6.194911 1.327475 -1.438502 -0.1439749 0.01540522
38 25.1671 2.120808 -0.527962 6.187963 2.85319 -1.295586 0.01929478 -0.009634662
39 25.74422 2.165464 -0.5273216 5.239417 3.130082 -1.71698 -0.9639393 0.01466768
40 25.49441 2.465894 -0.5982966 7.377928 4.75582 -1.421552 -0.6075795 -0.01994558
41 25.66162 2.065277 -0.5332254 5.182569 5.900416 -1.972317 0.8810719 -0.05967609
42 27.01531 2.389933 -0.5269482 4.737623 4.017609 -0.9156752 -0.03454585 -0.08043488
43 26.51592 2.204016 -0.535007 5.252162 3.350601 -1.046556 -1.042664 -0.08234887
44 25.70172 1.833331 -0.538948 6.682057 4.32553 -0.9907643 -1.038115 -0.03396754
45 25.50837 1.892269 -0.5144063 4.527558 5.937436 -1.108767 -2.222126 -0.01457637
46 24.94147 2.10812 -0.5680128 6.527577 5.433232 -0.5300061 -1.451581 -0.07661594
47 26.43106 1.812315 -0.4788355 5.830763 3.463908 -1.387747 -0.3000387 -0.002574891
48 25.5452 2.103438 -0.5390351 7.168369 1.37848 -1.944398 -0.5141325 0.01820026
49 24.95659 1.766543 -0.5429111 7.447971 1.294799 -1.887933 -1.277121 0.01872085
50 23.79949 2.048573 -0.5406677 4.585489 1.807676 -1.224696 -0.0625668 -0.01083887
51 26.03803 1.748647 -0.4894899 6.989334 5.030544 -1.063531 -1.815936 -0.02571703
52 27.45807 2.196445 -0.5480248 5.523895 0.8350009 -0.6956528 -0.8169044 -0.02357265
53 25.88635 1.896862 -0.5684948 4.563976 2.269692 -1.229022 -1.889223 0.02670378
54 26.04771 2.007596 -0.5348902 5.443019 2.053344 -1.097449 -0.3597154 -0.01922264
55 25.13474 1.805082 -0.5192348 6.058645 2.093744 -1.378448 0.08007262 -0.04649369
56 25.71768 1.870361 -0.5523559 4.529648 1.526288 -1.17732 -0.7060819 -0.02419415
57 25.47126 1.83715 -0.5348405 5.802946 6.486236 -0.9864768 -1.558405 -0.0232055
58 26.31467 2.092397 -0.5025807 8.186983 3.48585 -1.214828 -0.4859842 -0.07720303
59 26.20308 1.807618 -0.4911234 5.538063 2.466942 -1.923874 -0.2028064 -0.01430189
60 26.39214 2.100615 -0.5495578 5.374457 2.740621 -1.805621 0.06280918 -0.006727115
61 25.90261 2.170407 -0.5816712 7.185344 2.612369 -1.924213 0.6657054 -0.07068565
62 25.98914 2.333473 -0.5427557 6.462843 5.872859 -1.394433 -0.9336755 -0.0409913
63 25.93595 2.067889 -0.5353761 4.825475 3.849949 -1.514562 -1.900798 0.02796165
64 24.98564 1.595286 -0.5312861 7.469918 3.205576 -1.271477 -0.6058456 -0.02042716
65 26.11182 1.937867 -0.4926657 6.649326 9.219852 -1.272078 -0.3014895 -0.0241356
66 25.77357 2.187581 -0.5338131 5.611574 4.301507 -1.110709 -1.130747 -0.01529654
67 25.18158 1.877925 -0.5352428 6.761992 5.2781 -1.983036 -2.677964 0.08685453
68 23.2923 1.829999 -0.5255521 6.952377 7.738414 -0.8254603 -0.3568492 -0.06620415
69 25.60872 2.161006 -0.5211168 5.756258 7.074695 -1.616104 -0.5148247 0.004393517
70 24.84562 1.908063 -0.5225021 6.043956 6.268579 -0.7811579 -2.389444 -0.0183937
71 25.2366 2.045574 -0.5278417 5.824738 3.322681 -1.653172 0.2676033 0.005429006
72 25.21449 2.33778 -0.5886764 4.983138 2.511726 -1.015951 -0.7644659 -0.094805
73 25.50042 2.343626 -0.580017 3.979043 7.323257 -1.030018 -1.708034 -0.05042086
74 25.40208 1.911561 -0.5488229 6.302792 1.853463 -1.547266 -0.08508983 -0.03364458
75 22.3151 1.408867 -0.5062069 6.174148 34.11417 -1.084061 -0.3761822 -0.04694107
76 27.17555 1.907736 -0.4674581 6.310139 1.724253 -1.866861 -0.01740666 0.02671122
77 26.53636 1.792879 -0.4792044 6.846253 6.202286 -1.070183 -1.377519 -0.06762948
78 26.00198 1.943223 -0.5814687 9.581151 10.11799 -1.51137 -0.1409094 0.001437133
79 26.14646 2.35772 -0.5230825 7.733175 3.346904 -1.087348 -0.4890337 -0.0670711
80 25.04038 1.85372 -0.5723362 5.928367 12.34624 -0.9695635 -3.012033 0.09056666
81 25.17396 2.205138 -0.5391808 5.099959 1.676347 -1.02323 -0.5189289 -0.02695755
82 24.70724 1.914002 -0.5513704 7.376294 7.384084 -0.9049904 -0.3372992 -0.07937207
83 26.55858 1.918436 -0.5035287 6.359993 0.4796721 -0.9707533 -1.036756 -0.08204265
84 26.12156 1.934392 -0.5080088 12.31905 2.057765 -1.214034 -0.1910051 -0.05097901
85 24.86672 2.420304 -0.5711812 5.497561 1.253027 -1.03172 -0.394163 -0.0456086
86 26.48978 2.011824 -0.5072176 9.399073 1.055621 -1.309476 0.2320298 -0.02817536
87 25.90331 2.153733 -0.5511195 7.57416 0.8717566 -1.610927 -0.05750288 -0.005853604
88 25.73454 2.210614 -0.5290189 5.703594 1.553568 -1.112749 -1.497182 -0.05952634
89 26.06299 1.880223 -0.5215102 5.811137 2.622666 -1.183097 -0.5951999 -0.04761469
90 24.27465 1.748179 -0.5336235 4.099608 8.064882 -1.736565 -0.3121177 -0.006464835
91 25.79784 1.883434 -0.5213051 4.724054 33.37024 -1.641764 0.1102974 -0.03714264
92 25.87282 2.10693 -0.5305844 7.953502 1.749572 -1.170946 -0.5912894 -0.02972946
93 25.29715 2.435932 -0.5611927 6.279003 1.196446 -0.9614599 -0.2073939 -0.09314348
94 24.00244 1.739413 -0.4980699 5.285208 8.575078 -1.241347 -0.6317592 -0.01703816
95 26.35296 1.865667 -0.5100645 5.182597 1.862112 -1.820044 -0.8438559 0.01691108
96 25.05473 1.704609 -0.4912411 4.799249 11.20696 -1.569148 -0.004565939 0.01021872
97 25.83555 1.88484 -0.5354491 7.213826 1.634281 -1.941688 0.5266258 -0.03628705
98 25.98958 1.974921 -0.5162359 4.341858 3.187978 -1.272146 -0.717547 -0.08381265
99 21.96898 1.778205 -0.5589127 4.161382 15.7882 -1.418529 0.68658 0.0001272317
100 25.48306 1.821616 -0.4906036 6.942907 8.66731 -1.066097 -1.225948 -0.01100045
