1 0.8643103 0.1666079 0.05182199 2.180191 0.8807923 NaN NaN NaN
2 0.90924 0.1437294 0.05145542 3.030014 0.8647833 0.4204876 0.5358599 0.01528952
3 0.935699 0.1627335 0.05988745 3.084987 1.339454 0.3393657 NaN NaN
4 1.266046 0.1738265 0.05833692 2.263362 1.213776 0.372787 1.235606 0.02056341
5 0.7742206 0.1232935 0.04575452 0.9836901 0.7808388 0.4909589 1.443582 0.07189731
6 2.81299 0.3553535 0.06213744 11.68907 1.379492 0.3966728 0.5120555 0.0169844
7 0.9658251 0.128201 0.05224566 3.592899 0.9202275 0.4198066 0.5510086 0.01202012
8 1.844582 0.2839686 0.07547121 3.134497 1.47779 0.4045515 0.7091763 0.03080177
9 1.069644 0.1728296 0.06285296 NaN 1.253115 0.3997796 0.50525 NaN
10 1.097187 0.1558652 0.05548407 4.805905 1.289493 0.4483895 0.6904079 0.04343497
11 0.7894267 0.1603145 0.05093482 1.904589 0.9253665 0.2751996 2.169075 0.01101614
12 1.036702 0.1602184 0.04688572 1.353927 0.9463882 0.4069097 0.498511 0.01000812
13 1.049928 0.1684912 0.05908223 2.152597 1.17573 0.3956806 0.5382553 0.01050193
14 1.057661 0.1412028 0.03964462 2.846403 0.6570023 0.3800932 0.56345 0.02147691
15 0.9773433 0.1800731 0.04899791 NaN 0.9711129 0.4383717 0.4905612 0.00899872
16 1.18844 0.1889891 0.06326707 NaN 1.631789 0.4208579 0.5405862 NaN
17 1.123815 0.1601199 0.05047448 2.756849 0.9182317 0.3891823 0.5105325 0.00640255
18 0.6595465 0.1218333 0.04027604 0.9000668 0.6450189 0.6750221 0.8574785 0.07082755
19 0.8598782 0.1559716 0.04670465 2.173759 0.9072405 0.4806646 0.6225224 0.02727331
20 0.8395593 0.150869 0.04672485 2.67207 0.8728803 0.5201306 0.6499374 NaN
21 0.9849243 0.1587615 0.04962309 1.80398 0.9609599 0.1918131 NaN NaN
22 1.10589 0.213554 0.06170195 2.13628 1.182432 2.907984 2.101511 0.4016901
23 0.9479771 0.1761633 0.05820172 2.167551 1.215138 0.1994146 NaN NaN
24 0.8071184 0.1456183 0.04656296 1.378417 0.8922315 0.5002414 0.5761039 0.01062248
25 1.283339 0.2303067 0.05964598 3.247256 1.279269 0.3611424 0.5139602 0.01430707
26 0.7301662 0.1371252 0.04950764 1.720875 0.8101388 0.4835847 0.5295659 0.004787537
27 0.9060377 0.1359962 0.04722554 1.5268 0.7847568 0.5279461 0.5284333 0.06305842
28 1.052278 0.1458711 0.04838592 2.510052 0.8556836 0.356169 NaN NaN
29 0.7987134 0.1676251 0.05452535 1.585774 1.038678 0.3996085 0.5220804 0.01623721
30 18.67332 1.815898 0.05713852 124.8565 11.52491 0.4032874 0.4984071 0.02480425
31 1.637168 0.217314 0.06641615 8.218784 1.281551 0.3918153 0.8244094 NaN
32 0.9592606 0.1655603 0.06015316 1.595258 1.19762 0.370972 NaN NaN
33 0.9783916 0.1429783 0.05153547 1.52559 0.9797722 NaN NaN NaN
34 0.5952768 0.1164204 0.0398879 0.7763493 0.5994903 0.2838153 NaN NaN
35 0.8623143 0.1206669 0.04701608 2.473348 0.8651366 0.3586176 NaN NaN
36 0.7678646 0.1389814 0.04046219 1.980347 0.6506576 0.4271042 0.5218828 0.01233527
37 0.9939409 0.1744046 0.05458151 3.281951 1.000117 0.4488973 0.5160556 0.009288999
38 1.141439 0.183561 0.05617907 4.872002 1.210709 0.40203 0.493203 NaN
39 0.9071184 0.1520257 0.04466916 2.281079 0.7814482 0.4342 NaN NaN
40 0.9159563 0.2051298 0.05267694 2.47811 1.006435 0.4359953 0.5272159 0.01789761
41 0.9583187 0.1484679 0.04617586 3.025322 0.7678615 0.7143967 0.5719119 0.0344827
42 0.9072524 0.1603469 0.04165184 2.347896 0.7368187 0.3821404 0.5567186 NaN
43 0.7527967 0.1416673 0.03981566 1.762897 0.6837105 0.44417 0.5647829 0.01589058
44 0.9361591 0.1430634 0.05160619 2.403895 0.965604 0.4534183 0.5708382 0.0316025
45 0.9650573 0.1336025 0.04408627 2.450135 0.6693247 NaN NaN NaN
46 0.9273253 0.1715484 0.05309619 2.715253 0.9307544 0.4599376 0.5725461 0.01511466
47 1.158727 0.143053 0.04942718 2.228321 0.942569 0.1307404 NaN NaN
48 0.8757092 0.1626067 0.05121034 1.971796 1.008684 0.4175947 NaN NaN
49 0.7731948 0.1376373 0.05453526 1.195076 0.9589949 0.2771773 NaN NaN
50 1.296344 0.2032879 0.05351349 2.542608 0.8062952 0.3479265 NaN 0.01963397
51 1.086443 0.1445757 0.05193574 2.753082 1.017559 0.4434792 0.8055011 0.05350353
52 0.8476556 0.1543061 0.04927817 2.08358 0.9020293 0.4014982 0.5511959 NaN
53 0.8959275 0.1279616 0.04848114 1.2864 0.6980016 0.4375641 0.6842112 0.02091658
54 1.05059 0.1556966 0.05284542 1.846424 0.9316325 0.5239622 1.015846 0.0383101
55 0.8344775 0.133759 0.05073846 1.631692 0.8729858 0.4112037 0.5472976 NaN
56 0.8069095 0.1264347 0.04860706 2.617437 0.7876169 0.3881708 0.5275309 0.01902414
57 1.086711 0.1488602 0.0521164 4.785837 1.077278 0.06928722 NaN NaN
58 1.032957 0.1740442 0.05183094 2.361888 1.12896 0.4362554 0.5404781 0.007523431
59 0.705316 0.11107 0.04030063 1.224167 0.6669997 0.508168 0.5940767 0.01341877
60 0.7598255 0.1397506 0.04190387 1.558464 0.7205613 0.5729636 0.5926212 0.01173615
61 0.8059456 0.1711351 0.05224085 1.576013 0.9750495 0.7873022 0.7491915 0.02780694
62 0.9978114 0.1812683 0.04737572 3.331779 0.9290826 0.4018156 0.5311551 0.01870559
63 1.059036 0.161317 0.04358582 2.524166 0.7985212 0.8194473 NaN NaN
64 1.030729 0.138241 0.05949112 3.194367 1.101346 0.5784532 0.5897982 0.0221587
65 1.197471 0.1574464 0.05236302 6.076395 1.114217 NaN NaN NaN
66 1.117833 0.1741014 0.04938672 2.452323 0.9035384 NaN NaN NaN
67 1.010097 0.1534799 0.05477734 2.607437 0.9729749 NaN NaN NaN
68 1.542729 0.2207988 0.0687351 4.619886 1.512534 0.3905221 0.4822449 NaN
69 1.104266 0.1684856 0.04865395 3.582691 0.8821562 0.2639855 NaN NaN
70 0.9987946 0.1500467 0.05068291 2.864893 0.8574304 0.3030474 NaN NaN
71 0.9434165 0.1551144 0.04776471 2.216435 0.8482409 0.4709583 0.5446282 0.02053632
72 0.6908653 0.1603854 0.04348893 1.480977 0.6783195 0.4425525 0.5414422 0.009177444
73 0.8450579 0.1485504 0.03948085 3.612204 0.5625969 0.4395253 0.686997 0.03412822
74 0.719761 0.1351277 0.04667638 1.402304 0.8049063 0.3510221 0.2741198 NaN
75 1.512235 0.137268 0.06478962 10.8424 1.105521 0.43323 0.5132508 0.005989403
76 1.355901 0.1641098 0.05178749 3.267003 1.102584 0.4909409 0.6032207 NaN
77 0.9625231 0.1274395 0.04515416 2.658961 0.8693619 0.2916546 NaN NaN
78 1.280286 0.196805 0.06497749 5.415148 1.525239 0.4281499 0.5090431 0.01457404
79 1.13852 0.2100446 0.05248627 3.607783 1.262659 0.4288875 0.5149919 0.006320933
80 1.154827 0.1578653 0.05550622 5.143962 0.9357514 0.4033586 1.07652 0.03302945
81 0.7967431 0.1553402 0.0474206 1.192063 0.7748895 0.3639674 0.5125935 0.01350378
82 1.224845 0.1864981 0.06472793 5.103939 1.321821 0.4144697 0.5165894 NaN
83 0.8176706 0.135129 0.04641569 3.936096 0.8021466 0.5067291 0.5714547 0.01319382
84 1.335435 0.2025553 0.07356195 2.207259 1.906704 0.4174773 0.5021489 0.004398807
85 0.8736733 0.1860933 0.05095398 1.40807 0.8674517 0.4242737 0.4899694 0.01207854
86 1.399523 0.2113977 0.06235672 3.653413 1.477501 0.4203199 0.5128923 0.00298582
87 0.8735874 0.1702433 0.0543989 1.945906 1.054135 0.453164 0.5231311 0.01312924
88 0.7225654 0.1504433 0.04315588 1.161807 0.7490677 0.4367765 0.7200665 0.03590855
89 0.8469049 0.133589 0.04809046 1.595633 0.828119 0.4219456 0.5321209 0.0143647
90 0.9533975 0.124672 0.04614242 3.4126 0.6413268 NaN NaN NaN
91 1.458726 0.138245 0.04441691 12.30518 0.7449256 0.486004 0.5273029 0.01059807
92 1.083688 0.183817 0.05965785 2.208453 1.234588 0.4034732 0.4761414 0.01594223
93 0.8740638 0.1946767 0.05490226 2.624381 0.9973563 0.4631803 0.5376425 NaN
94 1.299796 0.1577227 0.05496554 5.399947 0.9542455 0.4210275 0.5315087 0.01271978
95 0.7369598 0.1160329 0.04134927 1.324006 0.6920988 0.317259 0.2026914 NaN
96 1.227294 0.1356368 0.05177491 5.418266 0.8902154 0.4380645 0.5011016 0.007979813
97 0.8898448 0.1455683 0.05403606 1.362155 1.012953 0.5025089 0.6293144 0.0105628
98 0.6939534 0.1146877 0.03707519 1.571992 0.5542176 0.4705504 0.5684166 0.01522534
99 1.425715 0.1860763 0.06507717 5.564363 0.9350294 0.5614431 0.6075043 0.0754698
100 1.398002 0.1775702 0.05788032 4.546366 1.17093 4.702247 3.724437 0.6039823
