1 24.98665 2.061464 -0.5887477 5.196362 2.218821 11.14259 -1.121771 -1.246633 -0.007295528
2 25.83803 1.942187 -0.5960607 5.650587 4.148716 15.05269 -1.420754 -0.2490485 -0.005912788
3 26.78191 1.967501 -0.5291573 5.728038 2.039702 4.64599 -1.110832 -1.065099 -0.0548581
4 26.0789 1.929638 -0.4983549 6.121527 1.948507 10.26378 -0.9273725 -1.669398 0.02240407
5 25.54835 1.88283 -0.5001423 4.722482 1.322085 11.55784 -1.147584 -1.40095 -0.05258984
6 26.64896 1.926968 -0.5307702 3.798048 0.6728367 2.972294 -1.003679 -0.483525 -0.02040757
7 25.44414 1.557286 -0.5049208 4.119607 3.737623 3.806806 -1.245422 -0.6313528 -0.05810958
8 24.59125 2.331566 -0.5501837 2.11225 2.495582 2.497176 -1.419037 -0.9152382 0.03334909
9 26.66099 1.946106 -0.528418 4.477643 1.773347 2.419863 -1.177894 -0.05846773 -0.03602955
10 26.99225 2.105544 -0.5344098 5.944963 2.621017 7.93912 -1.32681 -0.01222466 -0.02490706
11 25.33587 2.157431 -0.5538868 5.331992 1.2545 9.317337 -1.169152 -1.038984 -0.01633163
12 26.48946 1.838018 -0.4735796 3.093203 1.093568 3.193825 -0.8535537 -0.7748712 -0.0592491
13 25.49858 1.93984 -0.5004522 4.380888 0.8899064 4.124785 -0.4989756 -1.253463 -0.05100832
14 26.45302 1.913535 -0.4808936 3.681074 5.362642 200 -1.211825 -1.09444 -0.02339785
15 26.91605 2.290777 -0.5201544 4.269434 0.8919729 4.386641 -1.153377 -0.3020685 -0.02033634
16 26.95488 2.032521 -0.4910131 7.671831 0.7101552 7.719129 -0.8965181 -0.4915574 -0.1051733
17 26.17738 1.841908 -0.5116558 2.94289 3.153224 2.605865 -1.535919 0.107834 0.01565798
18 26.44299 1.997446 -0.528831 5.080512 0.9200442 79.08958 -1.783939 -0.7166514 0.01073805
19 25.89366 2.106188 -0.5305954 5.685362 2.87676 6.767916 -1.614605 -0.9496806 -0.01925918
20 25.97771 2.017717 -0.5304226 4.785687 5.78616 6.629975 -1.471541 -0.5646749 -0.02966524
21 26.14917 2.286794 -0.5229743 4.254581 2.091335 5.201659 -1.061842 -1.027447 -0.03701486
22 26.15495 2.330072 -0.5564821 4.058059 2.753551 3.565729 -1.088866 -1.008552 0.02409217
23 26.69599 1.97489 -0.5328698 6.062858 1.919671 9.276145 -1.560405 -1.874354 0.02757909
24 26.17545 2.210523 -0.5490974 4.846594 1.416835 5.439812 -1.438406 -0.3691687 -0.07018734
25 26.03634 2.461657 -0.5596978 3.764312 1.087989 3.270284 -0.8092818 -1.053857 -0.03948994
26 26.09365 2.233427 -0.5831549 4.168253 0.7373143 8.64535 -1.441222 0.2787994 -0.06615305
27 26.27857 1.880372 -0.5292243 4.250288 1.029381 17.31018 -1.146369 -1.059891 -0.01337752
28 26.04998 2.016522 -0.5300613 4.454734 3.381842 8.049326 -1.473221 -0.4444864 -0.0285481
29 25.70479 2.113722 -0.5587183 6.001076 1.661267 15.36162 -1.35885 -0.5447059 -0.02197039
30 25.60109 2.037204 -0.5256057 6.136554 0.910604 6.316044 -0.9001651 -1.319603 -0.05190295
31 25.5758 1.999552 -0.5129154 3.685692 6.178622 3.570858 -1.181569 -0.6369096 0.009347181
32 25.32703 1.992795 -0.5565285 5.608003 1.453496 5.368343 -1.487417 0.1160243 -0.04121657
33 26.68538 1.997411 -0.5006208 2.561386 1.400665 2.799126 -2.203124 -0.5485166 0.03593461
34 25.99514 1.952097 -0.5371393 3.524457 0.842316 10.02713 -1.477176 -1.880365 -0.008128874
35 26.37709 1.75057 -0.5034319 5.634041 2.241404 12.06778 -1.725423 -2.576501 -0.02058568
36 26.35487 2.194978 -0.5453969 3.21154 1.894133 5.562573 -1.163826 -0.5096629 -0.06956897
37 25.98423 2.175822 -0.5737756 4.809447 1.165389 6.095411 -1.444115 -0.1316122 0.0156059
38 25.80319 1.962179 -0.5191253 2.9994 1.329692 2.934562 -1.296942 0.01909474 -0.00935784
39 25.65516 2.167086 -0.5310299 5.385814 3.043208 43.41641 -1.732727 -0.9629974 0.01576696
40 26.1307 2.319563 -0.5771179 4.670842 4.893938 3.967919 -1.418673 -0.6380771 -0.02039655
41 26.34428 2.066539 -0.530084 4.85916 6.600635 10.64533 -1.989823 0.9014887 -0.05968806
42 26.90454 2.423792 -0.5311302 2.997808 3.704751 4.048314 -0.9090753 -0.02807482 -0.08657095
43 26.4557 2.205515 -0.5345963 5.226837 3.304281 200 -1.054624 -1.015968 -0.08256258
44 25.74388 1.763935 -0.5143096 3.550499 4.698949 3.161776 -1.003629 -0.9757659 -0.03261744
45 25.48488 1.972034 -0.5257023 3.692654 5.405208 11.4306 -1.108429 -2.217414 -0.01485489
46 26.12086 2.245391 -0.5718534 3.792266 3.602896 4.032181 -0.489317 -1.472561 -0.08036768
47 26.65802 1.699385 -0.4744263 2.870952 1.388991 3.012511 -1.385441 -0.3134684 -0.002515
48 25.97924 1.95694 -0.5321102 5.585474 1.134743 6.080035 -1.965478 -0.5268191 0.01984467
49 25.4022 1.950148 -0.5555644 4.722068 1.395047 5.880703 -1.859215 -1.272605 0.01667314
50 24.22458 2.208983 -0.5503524 2.619854 1.002538 4.291582 -1.218171 -0.05941206 -0.01160867
51 26.03094 1.920899 -0.5123717 3.889942 4.542455 4.839978 -1.085644 -1.947072 -0.02184344
52 27.3346 2.309526 -0.5596395 5.155581 0.9333493 27.71563 -0.6997019 -0.8217581 -0.02356705
53 25.74662 1.850702 -0.5629902 2.493352 1.509441 3.505838 -1.237964 -1.87821 0.02698601
54 25.81143 2.015316 -0.5466002 3.480035 1.527629 4.335122 -1.09701 -0.3174947 -0.02020054
55 25.21222 1.700333 -0.4994124 3.200083 1.800213 3.366234 -1.387158 0.06867391 -0.04149703
56 25.77484 1.887871 -0.5533812 3.873277 1.417576 12.40819 -1.131235 -0.7522829 -0.03075668
57 25.81504 1.782888 -0.5318963 3.088938 4.773245 2.956186 -0.9733416 -1.539718 -0.02465807
58 26.40848 2.114707 -0.506959 5.724791 2.01486 7.366779 -1.223802 -0.4786049 -0.07534492
59 26.06303 1.847914 -0.4971312 4.980073 2.318431 21.87242 -1.937149 -0.1870279 -0.01145563
60 26.45422 2.159201 -0.5569285 4.671971 2.545978 15.99352 -1.804012 0.07147744 -0.009938064
61 25.55556 2.182384 -0.5818152 4.683949 1.93274 6.426902 -1.899968 0.6328187 -0.06972441
62 25.95796 2.291204 -0.5398271 5.380114 4.16449 11.98117 -1.385905 -0.9789172 -0.04207102
63 26.4067 2.165188 -0.5515507 3.093605 1.329635 3.759198 -1.473392 -1.87711 0.02501973
64 25.3389 1.51577 -0.5016334 4.654242 2.904739 4.175136 -1.263649 -0.6120896 -0.02084482
65 26.64412 1.783733 -0.4847489 3.156951 4.827732 3.2419 -1.275338 -0.2994118 -0.02450933
66 25.96518 2.099286 -0.5185868 4.521264 3.326751 9.417656 -1.105891 -1.129811 -0.01623252
67 25.30576 1.978266 -0.5516526 4.36226 5.104122 6.799422 -1.992208 -2.644975 0.0878767
68 25.4316 1.922479 -0.5240812 3.397362 1.10109 2.252827 -0.8225315 -0.3688962 -0.06572452
69 25.87213 2.253495 -0.5287458 5.693502 6.572716 200 -1.667371 -0.5346056 0.00844116
70 25.37173 1.895832 -0.5164319 4.983681 5.696626 10.95146 -0.7692749 -2.329083 -0.02031507
71 26.24137 1.850833 -0.5010921 2.782965 1.338544 2.665035 -1.633954 0.2551106 0.00468721
72 25.29979 2.04719 -0.562996 3.415985 1.960827 4.72433 -1.010538 -0.7533342 -0.09549457
73 25.65849 2.382877 -0.5837453 3.458411 8.640287 17.74937 -1.026495 -1.692116 -0.05215869
74 25.89978 1.959589 -0.5637289 3.105584 1.159166 3.577237 -1.543779 -0.09072239 -0.03361809
75 23.9707 1.580266 -0.5085394 4.251156 11.00527 4.329533 -1.055909 -0.3907119 -0.05406161
76 27.33433 1.974637 -0.4693884 6.027898 1.437429 20.25386 -1.519803 0.7323968 -0.01705049
77 26.68228 1.808529 -0.4803174 4.909503 5.560953 7.759834 -1.071808 -1.368753 -0.06763753
78 26.31359 2.032497 -0.5842951 4.989328 7.417459 3.635627 -1.463581 -0.2373535 -0.006335896
79 26.31535 2.255895 -0.5117498 5.731173 2.37501 4.634284 -1.110853 -0.4537171 -0.06259666
80 26.08741 2.050099 -0.5849669 2.960376 2.087345 3.217941 -0.9567211 -2.885696 0.08376658
81 25.24768 2.233219 -0.5419251 4.885732 1.764817 129.1988 -1.033572 -0.4845654 -0.02425403
82 25.85048 1.7982 -0.5660831 1.909587 4.08861 2 -0.9122001 -0.3299884 -0.07838666
83 26.42846 1.990415 -0.5157419 3.904045 0.4280101 5.126664 -0.9856982 -1.014577 -0.08230596
84 26.78913 2.173146 -0.5302548 2.525858 1.079324 2 -1.205534 -0.2027717 -0.05483727
85 25.0617 2.505997 -0.582798 4.334521 1.023104 7.535492 -0.974958 -0.4514059 -0.05585345
86 26.53211 2.295513 -0.5343616 2.62704 0.9236646 2 -1.296577 0.2823037 -0.04293356
87 25.86089 2.105089 -0.5433701 7.292917 0.8216446 24.84034 -1.582716 -0.09265724 -0.01113359
88 25.54074 2.198344 -0.5291261 3.974196 1.19556 6.31604 -1.10443 -1.490816 -0.06078606
89 26.19794 2.051588 -0.5313853 3.232346 2.531733 4.045582 -1.184748 -0.6095702 -0.04733186
90 25.06889 1.957232 -0.5513763 2.453401 2.470161 3.554726 -1.746358 -0.3121154 -0.005508586
91 26.49566 1.942636 -0.514863 3.733513 16.80966 4.876226 -1.642078 0.1451796 -0.04251188
92 26.47229 2.194814 -0.5304781 3.861438 1.497891 3.061394 -1.121786 -0.6152472 -0.03707533
93 25.57322 2.24135 -0.5424043 4.125012 1.201902 3.214173 -0.9602667 -0.2102564 -0.09294045
94 25.32887 1.863447 -0.503138 4.224425 4.899541 8.660358 -1.223923 -0.6508108 -0.01955257
95 26.35993 1.887285 -0.5137714 5.09 2.454284 200 -1.831595 -0.8503209 0.01694058
96 25.612 1.792395 -0.4947645 3.966197 6.45309 6.300018 -1.561925 -0.003937027 0.00838276
97 26.19745 1.858412 -0.5433941 3.931666 1.027927 3.370889 -1.935057 0.5152578 -0.03638296
98 26.37741 2.161978 -0.5270883 3.326764 2.493299 9.736416 -1.260927 -0.7262886 -0.08507888
99 23.70799 1.960418 -0.570689 3.529906 5.998635 5.986062 -1.442339 0.703802 0.002302717
100 26.39544 1.923453 -0.4998641 4.99138 3.479582 6.175113 -1.075698 -1.23487 -0.01009657
