1 0.8082049 0.1599467 0.05199807 1.724642 1.138842 10.15324 NaN NaN NaN
2 0.839939 0.1497038 0.05027808 2.321746 1.003294 11.95956 0.4202307 0.5376512 0.01512076
3 0.8433719 0.1432005 0.04771519 1.721732 1.329225 2.101974 0.3407487 NaN NaN
4 1.085064 0.1563079 0.05666336 1.652189 1.348058 7.484162 0.3737553 1.173557 0.02071327
5 0.7610819 0.1230913 0.0438655 0.9782579 0.976853 8.207751 0.5030879 1.550343 0.07697658
6 0.7014929 0.1147558 0.04351924 1.091301 1.331312 1.324597 0.396203 0.5154619 0.01706592
7 0.8155145 0.1091449 0.04386542 2.288013 1.081958 1.772799 0.4209031 0.5504759 0.01230234
8 1.790185 0.2405309 0.05755316 1.809825 0.8669738 1.050165 0.4069224 0.753536 0.03168661
9 NaN 0.1107202 0.04592739 NaN 1.466486 0.9434346 0.3996833 0.5050853 NaN
10 0.8601912 0.1547252 0.05001218 2.609044 1.203884 4.570254 0.5278724 0.934382 0.06451536
11 0.7717806 0.1574986 0.04729268 1.457193 1.117136 6.7709 0.2468247 1.892107 0.01922793
12 0.9220298 0.121309 0.04206627 0.9479363 0.9982722 1.480542 0.4072687 0.4992674 0.01009653
13 0.9719533 0.1455189 0.05201739 1.46149 1.328182 2.01238 0.3961267 0.5381208 0.009350795
14 1.037844 0.1312988 0.03923589 2.804145 0.6365493 113.9895 0.3832543 0.601493 0.0238004
15 0.178999 0.1255952 0.04444263 NaN 1.163956 2.340021 0.43887 0.4899923 0.008970433
16 1.015735 0.1692234 0.05616129 3.21246 1.931009 4.633968 0.4213099 0.5415514 NaN
17 0.7988878 0.1132721 0.03715889 2.166388 0.8303078 0.9705306 0.3891828 0.5087344 0.005320715
18 0.6677118 0.1248613 0.04138159 0.9059151 0.7192489 93.28406 0.5869525 0.7259177 0.05554056
19 0.7711472 0.1596973 0.04540479 1.905401 1.074244 3.507333 0.4785252 0.6013845 0.02580385
20 0.8607296 0.1337385 0.04335576 2.561795 1.201569 3.902984 0.519085 0.6476247 NaN
21 0.8765961 0.1662705 0.04188697 1.380102 1.03448 2.545525 0.1886327 NaN NaN
22 0.975138 0.175524 0.04678802 1.793985 1.223872 1.621719 NaN NaN NaN
23 1.012196 0.1562018 0.05396648 1.691021 1.379245 6.525901 0.1636132 NaN NaN
24 0.659169 0.1442335 0.04233267 1.032787 1.055267 2.763011 0.500815 0.5770418 0.0107925
25 0.8633726 0.19114 0.04684737 1.207755 1.322356 1.514512 0.3608404 0.5143116 0.01467136
26 0.6610895 0.1479028 0.04736735 1.085416 1.063543 5.911322 0.4804356 0.5287752 0.004503737
27 0.8509546 0.127462 0.04619982 1.493983 0.8567939 18.30185 0.5317098 0.5174575 0.06363471
28 0.9385639 0.1539513 0.04701527 2.047223 1.258097 6.540635 0.3476728 NaN NaN
29 0.8274225 0.1652472 0.05254596 1.641083 1.282084 13.21024 0.3994004 0.5178295 0.01680302
30 0.7692549 0.1550536 0.05361783 NaN 1.31267 3.128085 0.4036602 0.4978758 0.0246106
31 1.296351 0.1601786 0.04981007 3.327549 0.9665072 1.476254 0.6294539 0.8955526 NaN
32 0.8670477 0.1557166 0.05335177 1.178823 1.53897 3.133227 0.3710239 NaN NaN
33 0.9364124 0.1196935 0.03845031 1.114373 1.101201 1.568847 NaN NaN NaN
34 0.5796722 0.109655 0.03876696 0.7484841 0.6809369 6.334454 0.2924643 NaN NaN
35 0.758408 0.1224816 0.04581704 1.430024 1.043927 8.435092 0.3541376 NaN NaN
36 0.6322525 0.1231663 0.03532984 1.344437 0.6952425 2.671737 0.4280525 0.5214437 0.01227962
37 0.8056914 0.1636187 0.04977583 1.396267 1.121754 3.522924 0.4468311 0.5142359 0.009342702
38 0.8076711 0.1192041 0.04427042 1.092669 0.9268265 1.228864 0.4010265 0.4927657 NaN
39 0.9491957 0.1608628 0.04775368 2.296662 0.9305942 52.80886 0.4353375 NaN NaN
40 0.8297689 0.163044 0.04164739 2.571735 0.9989999 1.600546 0.4352883 0.5290581 0.01808315
41 1.017929 0.1484671 0.04407815 3.483701 0.9915134 8.546376 0.7008115 0.5686525 0.03354288
42 0.822242 0.1420007 0.0375933 2.032877 0.9067665 2.069155 0.3820429 0.5578082 NaN
43 0.7547147 0.1432074 0.0400772 1.778412 0.6977061 176.6162 0.4440722 0.5655347 0.01565914
44 0.7981514 0.1088766 0.03939159 2.573584 0.8696429 1.21203 0.4432555 0.5602615 0.02938045
45 0.9360751 0.1318098 0.04137357 2.325555 0.7861536 8.682841 NaN NaN NaN
46 0.8669447 0.1477158 0.04141091 2.014515 1.169032 2.086728 0.4613326 0.5712714 0.01482728
47 0.8121429 0.0984512 0.03883075 1.096614 0.7507277 1.133855 0.03604747 NaN NaN
48 0.7505448 0.1388707 0.04718018 1.530536 1.124719 3.192579 0.4395387 NaN NaN
49 0.6576493 0.1329352 0.04495696 1.018082 0.9591571 2.631341 0.2708281 NaN NaN
50 0.8323294 0.1517846 0.04408714 1.5466 0.7568959 2.077802 0.3522289 NaN 0.0211126
51 0.9805982 0.138926 0.04435764 2.415687 1.139948 2.52176 0.5085831 0.9914745 0.06751497
52 0.8152743 0.1613637 0.04956241 1.562203 0.9732646 31.78648 0.4016984 0.5525693 NaN
53 0.6830869 0.09847094 0.03869306 0.9614796 0.6610083 1.52294 0.4418056 0.6964478 0.02085305
54 0.9118279 0.1407521 0.04726607 1.477489 0.9344169 2.152819 0.5485641 0.969287 0.04362858
55 0.7097901 0.1021876 0.04132269 1.154174 0.8633845 1.358247 0.412129 0.5469915 NaN
56 0.7728024 0.1236631 0.04652617 1.618162 0.7844107 9.873639 0.3872411 0.5124946 0.0178783
57 0.8147035 0.1145799 0.04134754 2.496704 0.8412946 1.131993 0.09975165 NaN NaN
58 0.9313359 0.155323 0.04673571 1.452454 1.362365 4.413102 0.4363427 0.5401094 0.007711417
59 0.6996525 0.1126322 0.03942271 1.242514 0.7870842 21.78397 0.5075718 0.5938015 0.01329789
60 0.7204639 0.1399203 0.04037608 1.461125 0.8381514 14.09745 0.5726888 0.5933558 0.01166039
61 0.7163033 0.1564768 0.04655022 1.274561 1.101259 3.55688 0.7870915 0.7460391 0.02830583
62 0.9307717 0.1691132 0.04628241 2.550178 1.064509 8.712414 0.4025661 0.5319781 0.01938451
63 0.8092277 0.1362472 0.0387702 1.307509 0.8717321 1.817412 0.7668979 NaN NaN
64 0.8660226 0.1101405 0.05042943 2.078691 1.226205 2.030122 0.5783439 0.588771 0.02204253
65 0.9282539 0.1211233 0.03960221 2.492654 0.8756824 1.258063 0.06866691 NaN NaN
66 1.138742 0.1594693 0.05014776 1.92614 1.032424 6.897462 1.548755 4.143633 0.2614487
67 1.011634 0.15121 0.04965855 2.551889 1.103714 3.897025 0.6378036 5.079133 0.06537881
68 0.80858 0.1316676 0.04452547 1.300819 0.9666424 0.7933961 0.3896227 0.4801884 NaN
69 1.087461 0.1743079 0.04781955 3.331181 0.8907049 88.9104 0.2639427 NaN NaN
70 0.9897994 0.1377704 0.04687067 2.725575 1.044245 7.965673 0.30081 NaN NaN
71 0.6766502 0.1017117 0.03534518 0.9760135 0.8004003 1.003662 0.4778736 0.5441031 0.0212717
72 0.7087872 0.1267817 0.04010287 1.230753 0.8530787 2.502526 0.4438779 0.5409496 0.009098915
73 0.9001674 0.1534837 0.03833822 4.312674 0.7068959 19.59719 0.4349747 0.684691 0.03335861
74 0.5969284 0.1079314 0.03795033 0.8127331 0.7851858 1.425193 0.3533201 0.2790224 NaN
75 1.244787 0.1354242 0.05201335 5.762469 1.320762 2.293546 0.4326558 0.514241 0.005695559
76 1.26859 0.1679388 0.05084224 2.708348 1.281825 19.16202 NaN NaN NaN
77 0.875129 0.1147977 0.03996788 2.471401 0.9448498 3.975402 0.271392 NaN NaN
78 1.02744 0.1614686 0.05358764 3.828543 1.27388 1.399663 0.4290593 0.51363 0.01536783
79 0.8908096 0.1675329 0.0469419 1.795817 1.280767 2.075258 0.4285494 0.5149735 0.005907264
80 0.7458356 0.1296966 0.04077625 1.461291 0.8620471 1.330092 0.4072856 1.094901 0.03418024
81 0.7927333 0.1545374 0.0466477 1.155273 0.7834663 98.74501 0.3639573 0.5153366 0.01335124
82 0.8052313 0.1030206 0.03867477 2.292963 0.7198557 0.7192393 0.414536 0.5173857 NaN
83 0.5809076 0.1187259 0.03745281 0.9708094 1.075549 2.889394 0.5068749 0.5741519 0.01302144
84 0.7248391 0.1229666 0.03360323 1.022325 0.9826579 0.824392 0.4187539 0.5021859 0.004539277
85 0.7909049 0.1805625 0.04860775 1.228678 1.073636 5.378149 0.4230054 0.489925 0.0111173
86 0.7645683 0.1442191 0.0381336 1.132185 1.080686 0.7886171 0.4179667 0.51187 0.002595354
87 0.8630137 0.1642248 0.05457336 1.708633 1.14492 24.83806 0.4543087 0.5258957 0.01319147
88 0.6458822 0.1354314 0.039686 0.8798638 0.9214061 3.65749 0.4340052 0.7161533 0.03529413
89 0.7414471 0.1201818 0.03802356 1.461436 0.8420035 1.768638 0.421606 0.5332076 0.01438196
90 0.6503404 0.1113725 0.03669507 1.521896 0.6372399 1.402581 NaN NaN NaN
91 1.196399 0.1257382 0.03891051 7.482782 0.8629308 2.611087 0.4850919 0.5273195 0.01041932
92 0.9377956 0.1516982 0.04571009 1.358649 1.084162 1.211074 0.4029405 0.4735423 0.01531575
93 0.8086966 0.1567561 0.04949071 1.667031 1.142874 1.420178 0.4629112 0.5374324 NaN
94 1.031676 0.1389075 0.04595533 2.812025 0.9311669 5.438224 0.4209667 0.5294848 0.01268852
95 0.7528244 0.1177647 0.04125021 1.594582 0.6943555 126.7507 0.3291317 0.2281755 NaN
96 1.053002 0.1296658 0.04497035 3.600886 0.9344729 3.748493 0.438815 0.5013522 0.008063193
97 0.7335603 0.1140337 0.04293154 0.843787 1.011473 1.394232 0.5008369 0.6282504 0.01051225
98 0.6550882 0.1174746 0.03305184 1.248758 0.5995786 5.061963 0.4700445 0.5675215 0.01470269
99 1.206914 0.1742323 0.05567124 3.282343 1.048017 3.6322 0.5556855 0.6080003 0.0751434
100 1.121401 0.1481615 0.04854056 2.29024 1.236368 3.590911 NaN NaN NaN
