1 25.01784 2.091094 -0.5996563 5.295117 2.439987 13.59882 -1.892718
2 25.87333 1.877281 -0.5728758 5.861583 4.815248 18.62267 -1.992249
3 26.12758 1.888518 -0.5652097 5.693815 1.79554 4.436364 -1.880662
4 25.38717 1.859532 -0.5216541 5.828821 2.345415 8.048154 -1.605124
5 25.48633 1.938173 -0.5082729 4.789546 1.064384 10.9055 -2.073576
6 26.49526 1.854018 -0.5302992 3.867974 0.7012259 3.139311 -1.835298
7 25.31473 1.557854 -0.5293857 3.969006 3.845853 3.413785 -2.072125
8 24.24318 2.285541 -0.5918048 2.141214 2.742895 2.448183 -1.180741
9 26.84718 1.89985 -0.524652 4.23186 1.140227 2.292747 -1.548946
10 26.76865 1.990554 -0.5197783 5.740196 3.96052 6.891529 -1.840074
11 24.93371 2.19428 -0.5971898 5.340973 1.247599 8.707057 -1.954256
12 26.28381 1.926091 -0.5100075 3.312388 1.057929 3.46228 -1.696059
13 25.0651 1.841368 -0.5047914 4.884459 0.9747556 5.012868 -1.642445
14 25.37604 1.838447 -0.5271673 3.855943 5.218183 75.35536 -1.671636
15 27.10157 2.392877 -0.5316328 3.852779 0.7782568 3.630329 -1.475921
16 26.71163 2.039032 -0.5065513 8.005876 0.7259558 7.993274 -1.901921
17 25.98545 1.882867 -0.5279037 3.110281 2.369658 2.890343 -1.586928
18 26.32038 1.973711 -0.5279713 4.969197 0.919253 184.1816 -2.161614
19 26.07715 2.1703 -0.5236848 5.538091 2.60271 7.421413 -2.173702
20 26.27128 2.008712 -0.5066714 4.70152 5.716192 6.340939 -2.557033
21 26.29624 2.307588 -0.513199 4.185486 1.794521 4.754581 -1.885306
22 26.12057 2.213877 -0.5448799 3.845008 2.544121 3.167933 -1.532449
23 26.46867 2.001818 -0.5555561 6.263928 1.823929 10.10261 -1.764144
24 25.81387 2.131358 -0.5711153 5.149585 1.245452 6.331736 -2.220679
25 26.24388 2.545515 -0.566315 3.651438 1.124855 2.964865 -1.584567
26 26.36658 2.157872 -0.5398476 4.571715 0.6430729 12.93103 -1.823272
27 26.66515 1.940928 -0.5192728 4.38335 0.9047288 14.69859 -1.569909
28 26.95885 2.12319 -0.5105546 4.502332 2.923448 7.220679 -1.821029
29 26.01421 2.050042 -0.5377965 5.605094 1.807383 10.95171 -1.881631
30 25.6534 1.977649 -0.5198056 6.225607 0.9208092 5.765134 -1.846634
31 25.53754 1.952082 -0.495747 3.72654 5.997835 3.212026 -1.541756
32 25.14462 1.903565 -0.5626615 5.360497 1.300358 5.050829 -1.843992
33 26.3531 2.035653 -0.5362161 2.858226 1.140557 2.903043 -1.780531
34 26.211 1.956929 -0.5286421 3.298051 0.9063051 8.431024 -2.145223
35 26.49466 1.814096 -0.5015425 5.501545 2.456728 12.37964 -2.365042
36 26.1927 2.210613 -0.5556923 3.391597 1.872838 6.385653 -1.891381
37 26.27806 2.140923 -0.5512925 5.208264 1.358605 6.896814 -1.619849
38 25.60251 1.867862 -0.506573 3.228798 1.332364 3.054817 -1.584148
39 25.39042 2.187753 -0.5633716 5.073423 3.568592 171.9702 -1.828579
40 26.40298 2.341158 -0.5477383 4.747415 4.98569 3.803712 -2.048568
41 25.90207 2.071327 -0.5577833 4.895315 5.085845 16.80739 -1.898635
42 26.60982 2.400716 -0.5691034 3.741481 3.154041 6.258067 -1.738142
43 26.10532 2.154529 -0.5597147 4.936083 3.169563 200 -2.235258
44 25.44532 1.722568 -0.5334392 3.423399 4.278857 2.901627 -1.931047
45 25.43132 1.882847 -0.5354846 3.864052 6.010111 13.9445 -1.853497
46 26.47787 2.335466 -0.5671811 3.985714 3.897349 4.189102 -1.954121
47 26.41912 1.71367 -0.5089991 2.626879 1.239821 2.745658 -1.614436
48 26.3063 2.016522 -0.5200178 5.458515 0.8539789 6.078878 -1.994243
49 25.79173 1.967754 -0.5326261 5.15299 1.340663 6.643174 -2.183487
50 24.55255 2.245277 -0.5264387 2.733715 1.234194 4.499404 -1.445552
51 25.27577 1.820926 -0.5382129 3.958933 4.926634 5.269805 -1.930738
52 27.65726 2.277751 -0.5415917 5.324502 0.7826151 38.68225 -1.568818
53 25.59935 1.858363 -0.5702564 2.868626 1.716255 4.336761 -1.650619
54 25.69954 1.948346 -0.5366973 3.176484 1.369071 3.980599 -1.484461
55 25.24271 1.708769 -0.5185976 2.925228 1.489432 2.826803 -1.955723
56 26.08419 2.020253 -0.5500146 3.761386 1.375707 9.283856 -1.595958
57 25.79976 1.725766 -0.5305498 2.917632 4.627938 2.668488 -1.793353
58 25.94273 2.016915 -0.5231107 5.845935 1.989711 7.069539 -2.064849
59 25.71571 1.767434 -0.5167598 4.944793 2.088249 25.47778 -2.497194
60 26.12164 2.070958 -0.577464 4.594302 2.499806 11.31349 -2.135489
61 25.72541 2.112872 -0.5545664 4.690078 1.825264 6.575549 -2.079517
62 25.85786 2.318543 -0.5489028 5.490827 4.600889 12.16787 -2.00672
63 26.46401 2.066267 -0.5378759 3.357639 1.560517 4.639678 -1.791611
64 25.37318 1.519477 -0.5083755 4.851092 2.600964 4.405248 -1.887897
65 26.92837 1.776266 -0.4624271 3.025899 6.083987 3.154342 -1.862078
66 26.24714 2.141833 -0.5249691 4.786496 3.205711 8.76758 -1.663131
67 25.25875 1.916839 -0.5508243 4.418563 5.009006 7.271585 -1.900758
68 25.11241 1.870391 -0.5440572 3.436927 0.8397496 2.296536 -1.424766
69 26.14375 2.234134 -0.5149639 5.710107 6.163733 200 -1.787797
70 24.89059 1.82874 -0.5543739 4.857154 5.720107 11.98669 -1.964117
71 26.52318 1.978001 -0.5024824 2.717853 1.303808 2.734909 -1.915886
72 25.69464 2.179524 -0.5518429 3.493001 2.040805 4.828691 -2.095181
73 25.71881 2.28642 -0.6014442 3.364608 6.444124 10.92978 -2.095169
74 25.73344 1.929111 -0.5720725 3.02166 1.132009 3.461146 -2.308545
75 24.60667 1.606412 -0.5176878 3.891626 6.256847 3.311874 -1.733703
76 26.91449 1.908905 -0.4883145 6.010815 1.667923 29.28193 -1.4523
77 26.33751 1.740166 -0.4853555 4.688465 5.434703 6.755613 -2.284203
78 26.69449 1.972234 -0.5710853 4.463475 8.913965 3.159196 -1.776682
79 25.90994 2.146108 -0.5258988 5.546491 2.375915 4.524131 -1.840106
80 25.74843 2.064456 -0.6018591 3.080397 1.807004 3.11597 -1.804276
81 24.61312 2.205435 -0.5921128 4.935647 1.743315 138.6641 -1.722821
82 26.31084 1.873875 -0.5415193 2.175351 4.695936 2 -1.606474
83 26.22979 1.95831 -0.525482 3.746287 0.4416632 4.579822 -2.228178
84 26.06063 2.03803 -0.5731175 2.73109 0.9959441 2 -1.648319
85 25.10858 2.321222 -0.5585554 3.696832 1.297741 5.409856 -1.569924
86 26.33843 2.107933 -0.5147009 2.603661 1.019607 2.06672 -1.604485
87 26.27651 2.188412 -0.5320902 7.120468 0.8439748 19.43796 -1.83588
88 25.42376 2.161602 -0.5279407 4.093588 1.538242 7.107097 -2.154101
89 25.83268 1.932358 -0.5253699 2.872661 2.027605 3.543742 -1.944076
90 25.74796 2.062406 -0.5064538 2.562891 2.363222 3.635938 -1.836451
91 26.28098 1.904578 -0.496857 3.846023 20.59627 7.581872 -1.885084
92 26.64043 2.253869 -0.5213266 3.344794 1.429936 2.816122 -1.633313
93 25.87683 2.210528 -0.5226691 4.246295 1.244808 3.213455 -1.636821
94 24.68661 1.754304 -0.5191588 3.808673 5.588899 6.605619 -1.649961
95 26.44799 1.920893 -0.5136261 4.909134 2.053777 200 -2.122156
96 26.34511 1.919834 -0.4766096 3.817362 7.600352 6.022727 -1.653362
97 25.92266 1.894448 -0.5669221 4.185537 1.032381 3.858922 -1.876441
98 26.19998 2.076654 -0.5298771 3.284591 2.263606 9.353376 -2.301502
99 23.95176 2.021148 -0.5350448 3.676392 5.763108 7.105549 -1.284439
100 25.98393 1.841371 -0.5275455 5.275822 3.216825 6.598974 -1.575246
