1 24.69383 2.063688 -0.5969219 5.790995 3.70992 -1.892718
2 25.66022 1.882502 -0.5811799 5.991416 6.027709 -1.979298
3 25.86292 1.921087 -0.575785 8.570229 2.452891 -1.878008
4 25.30993 1.842524 -0.5054349 7.262699 1.985949 -1.606474
5 25.66518 1.870947 -0.4985486 5.95674 1.46713 -2.078213
6 26.14716 1.739845 -0.5323187 9.348348 0.9560877 -1.841772
7 25.11583 1.62964 -0.5337763 6.452909 6.23241 -2.08015
8 23.03813 2.114335 -0.5860208 7.013993 2.933833 -1.180637
9 26.55632 1.999675 -0.5338809 8.422139 2.084593 -1.543386
10 26.39223 1.920463 -0.5102343 6.533193 6.914497 -1.836451
11 24.92045 2.198124 -0.6000083 6.59126 1.029869 -1.959106
12 26.62588 2.13767 -0.523388 6.200794 1.603257 -1.696927
13 25.16965 1.956497 -0.5183128 7.333367 1.208034 -1.639564
14 25.90941 1.916887 -0.5331658 4.049738 3.758111 -1.672661
15 26.98469 2.489762 -0.5349038 6.197677 1.059855 -1.473267
16 26.74666 1.928456 -0.5071822 10.96583 1.268611 -1.896822
17 25.2532 1.985925 -0.5358369 5.087277 4.476209 -1.593865
18 26.45005 1.929904 -0.521863 5.020279 0.7294988 -2.158885
19 26.1489 2.109329 -0.5194296 6.828751 3.026621 -2.17152
20 26.44484 2.16379 -0.5251832 7.12447 6.337051 -2.557043
21 26.54353 2.058664 -0.4937232 6.713972 2.610505 -1.882929
22 25.28636 2.327995 -0.5582969 7.245196 3.058271 -1.533075
23 25.96066 2.039982 -0.5747492 8.00107 1.702227 -1.757385
24 25.98085 1.956885 -0.5472246 6.726829 2.319278 -2.222586
25 26.28062 2.452346 -0.5569057 7.920534 1.090765 -1.583363
26 26.39363 2.081611 -0.5304112 5.909356 0.8058416 -1.815284
27 26.58796 1.959411 -0.5239028 4.947248 1.324583 -1.573421
28 26.40061 1.928857 -0.4907271 5.915881 4.184747 -1.821029
29 25.86242 2.181332 -0.5588022 7.255884 1.537123 -1.892703
30 24.99584 2.06939 -0.509268 8.283045 4.096886 -1.854319
31 24.43078 2.04631 -0.521661 7.134922 12.60177 -1.545399
32 25.0789 1.872673 -0.5532829 8.583783 1.921537 -1.846893
33 26.17301 1.89784 -0.5350154 6.630399 1.576959 -1.771082
34 26.25083 2.024027 -0.5340948 4.421195 1.046051 -2.151097
35 26.40158 1.708622 -0.4906472 6.685985 5.038399 -2.361172
36 26.23009 2.184042 -0.5516262 4.467684 2.546585 -1.905645
37 26.17019 2.125514 -0.552803 6.386781 1.327907 -1.620068
38 24.92675 2.098271 -0.5249407 6.094167 3.842754 -1.585441
39 25.30327 2.157369 -0.559727 5.703841 2.931678 -1.83113
40 25.84364 2.512621 -0.5687828 7.181081 5.342487 -2.033919
41 25.26744 2.070084 -0.5618198 5.350274 5.670042 -1.882729
42 26.48879 2.351733 -0.5607077 4.966582 3.942722 -1.739851
43 26.0728 2.165594 -0.561889 5.052723 3.500899 -2.238371
44 25.26759 1.788274 -0.559239 6.636037 4.616449 -1.939284
45 25.07412 1.859853 -0.5304851 4.528624 6.263805 -1.846485
46 25.19449 2.15286 -0.5563402 6.484237 5.13251 -1.945339
47 25.41634 1.758808 -0.5099755 5.854892 4.786989 -1.617018
48 25.84968 2.164719 -0.5268413 7.153343 1.223659 -1.99496
49 25.40158 1.843636 -0.5230388 7.529351 1.146592 -2.175869
50 24.43474 2.117347 -0.5198133 4.731365 1.445788 -1.444086
51 23.9502 1.616282 -0.5158635 6.553642 9.370138 -1.930738
52 27.66742 2.281311 -0.5403194 5.822577 0.9581762 -1.567287
53 25.83667 1.886925 -0.5709346 4.886749 2.265642 -1.66112
54 26.14082 1.976132 -0.5284426 5.597392 2.217204 -1.490377
55 24.87167 1.779476 -0.5365373 6.002195 2.409911 -1.952262
56 25.97604 1.862099 -0.5319098 4.485829 1.700783 -1.60448
57 25.57988 1.908943 -0.5488743 6.00777 6.16333 -1.796812
58 25.63757 1.973073 -0.5157054 8.103247 4.140501 -2.072209
59 25.78171 1.745066 -0.5118972 5.370738 2.625355 -2.497644
60 26.05639 2.044727 -0.5725033 5.445711 2.612308 -2.14939
61 26.15074 2.164128 -0.5626297 7.155367 2.6064 -2.090706
62 25.91461 2.257073 -0.5412375 6.422039 4.975327 -2.019152
63 26.11594 2.053048 -0.5278119 4.854071 3.004816 -1.800531
64 25.2176 1.624902 -0.5387255 7.242435 2.397518 -1.885218
65 26.4708 1.981523 -0.4760802 6.578115 9.727475 -1.864738
66 25.81385 2.218366 -0.5392073 5.656921 3.894846 -1.663381
67 25.22935 1.843088 -0.5376258 6.416826 5.179643 -1.905743
68 23.24739 1.857302 -0.5492764 7.171279 6.329297 -1.422719
69 25.73811 2.17987 -0.5115972 5.585961 6.956511 -1.788396
70 24.32896 1.871615 -0.5659612 5.870477 6.102805 -1.963254
71 25.60168 2.143943 -0.5240119 5.979117 3.237803 -1.915707
72 25.55218 2.404405 -0.5695569 4.977205 2.825493 -2.084433
73 25.42698 2.363099 -0.605896 3.918813 7.431084 -2.103233
74 25.22968 1.939552 -0.5640643 6.183214 2.068926 -2.305959
75 22.51249 1.461119 -0.5252797 6.21683 32.96788 -1.730946
76 26.67526 1.853895 -0.4874301 6.528869 1.426701 -1.452996
77 26.24795 1.766346 -0.4894657 6.549083 6.83357 -2.290487
78 25.89828 1.910032 -0.5760505 9.720015 10.5575 -1.782467
79 25.65576 2.345525 -0.5494725 7.626763 3.647359 -1.836416
80 24.83727 1.88722 -0.5940271 6.039056 12.99957 -1.793333
81 24.65184 2.21673 -0.5936414 5.110112 1.778312 -1.716308
82 25.22233 1.917466 -0.5180119 7.71545 7.066892 -1.606474
83 26.23927 1.860622 -0.5105176 6.169406 0.5683415 -2.228446
84 25.27933 1.87317 -0.558004 12.02772 2.150655 -1.648319
85 24.99185 2.41146 -0.5598821 5.447854 1.370365 -1.57532
86 26.53725 1.991774 -0.5003974 9.91112 1.180608 -1.612513
87 26.10388 2.144937 -0.5323728 7.676316 1.067313 -1.830334
88 25.64573 2.214621 -0.5314879 5.67328 1.74117 -2.155435
89 25.91912 1.851115 -0.5259446 5.687017 2.486508 -1.930738
90 25.10938 1.752287 -0.4763908 4.397461 8.162301 -1.836439
91 25.84115 1.893665 -0.5041676 4.582866 33.15843 -1.885084
92 25.93468 2.116705 -0.5138335 7.738933 2.405779 -1.634352
93 25.5868 2.486102 -0.5479408 6.552638 1.199473 -1.625441
94 24.26953 1.761537 -0.5260041 5.06201 5.696651 -1.652255
95 26.44038 1.925717 -0.5138344 4.794452 2.055611 -2.121428
96 25.60069 1.73139 -0.4587949 4.859459 10.04517 -1.664361
97 25.66369 1.891799 -0.5553081 7.035818 1.469119 -1.867932
98 25.90219 1.991276 -0.5278726 4.464236 3.330377 -2.293332
99 22.56809 1.89751 -0.5309372 4.616313 14.99064 -1.28507
100 24.36878 1.8028 -0.5309856 7.059444 9.005884 -1.576432
