1 0.8116213 0.1632038 0.05185305 1.926768 1.10481 14.03758 0.2528241
2 0.8930569 0.1473925 0.05055109 2.65052 1.019965 16.76785 0.2587708
3 0.7676046 0.1398476 0.05157817 1.676435 1.327521 1.968599 0.2462948
4 1.046015 0.1559643 0.0576275 1.749663 1.325521 5.126468 0.2449847
5 0.7385597 0.1270509 0.04462432 0.8968544 1.015783 7.727169 0.2653993
6 0.7003579 0.1127577 0.04466411 1.164109 1.312824 1.405307 0.2538358
7 0.7758806 0.1087281 0.04415734 2.324663 1.071406 1.528484 0.2652571
8 1.716257 0.2342858 0.06011647 2.060916 1.001051 1.107148 0.2383562
9 0.6105672 0.1201069 0.0442022 NaN 1.318311 0.8462035 0.2462656
10 0.9309692 0.1452237 0.04993042 3.263444 1.199772 3.730839 0.2471826
11 0.7245754 0.1670597 0.04993719 1.750806 1.114107 5.998271 0.251877
12 0.8713788 0.1293926 0.04508247 0.937163 1.062314 1.69185 0.2495388
13 0.9820161 0.1489531 0.05550745 1.635114 1.367875 2.626961 0.2507334
14 1.029569 0.1362092 0.04335655 2.876841 0.7158324 39.88698 0.2436622
15 NaN NaN 0.04189338 NaN 1.123867 1.754359 0.2418568
16 0.9377175 0.166178 0.05785279 NaN 0.9085557 4.312376 0.2602396
17 0.7657227 0.1172111 0.03877836 1.968937 0.8168491 1.11931 0.245393
18 0.6676514 0.1218337 0.04070347 0.9555484 0.6673216 110.6289 0.2641933
19 0.7684808 0.1581823 0.0431222 1.762864 1.016105 4.051813 0.2639459
20 0.879019 0.1274379 0.04215461 2.570331 1.16634 3.59321 0.2996418
21 0.8755695 0.1625386 0.04062516 1.343688 1.060539 2.288108 0.252969
22 0.9905469 0.1690935 0.0469051 1.739095 1.26795 1.420885 0.2407849
23 0.9832906 0.1599566 0.05594928 1.650743 1.395691 7.113413 0.2486066
24 0.6350736 0.1467097 0.04580012 1.035656 1.055837 3.406006 0.2718725
25 0.8333936 0.1880896 0.04500799 1.347959 1.306095 1.33575 0.2456536
26 0.7292038 0.1426891 0.04629292 1.268109 1.043728 11.022 0.2542248
27 0.8582057 0.1306156 0.04518957 1.677112 0.8747274 14.28236 0.2458571
28 0.9228375 0.1530298 0.04426295 1.761739 1.274096 5.156429 0.2473956
29 0.8641977 0.1565677 0.05057393 1.682602 1.26419 8.195252 0.2530092
30 0.80003 0.1546831 0.05398576 NaN 1.353264 2.747063 0.2535815
31 1.319718 0.1602238 0.04987071 3.183055 0.9948471 1.269648 0.2404844
32 0.8358426 0.146375 0.05375002 1.102056 1.524692 2.901883 0.2469628
33 0.8777428 0.1310212 0.04426484 1.143479 1.341616 1.869154 0.2481873
34 0.5954641 0.1046218 0.0368768 0.7386751 0.6825444 5.173199 0.2643495
35 0.7685922 0.1243795 0.04440671 1.527273 1.000893 8.600901 0.2795967
36 0.6379097 0.1296814 0.03751463 1.394398 0.7110661 3.29456 0.2528362
37 0.872115 0.1655793 0.05029094 1.904917 1.156032 4.100915 0.2447752
38 0.8293471 0.1182858 0.04568332 1.163862 0.9954338 1.339562 0.2454083
39 0.8901356 0.1565727 0.04675736 2.526713 0.782163 94.61373 0.2471228
40 0.8435796 0.1596238 0.03974084 2.594173 1.023864 1.536861 0.2578691
41 0.9245219 0.1481036 0.04584713 2.800532 0.8854247 13.14117 0.2530521
42 0.7809427 0.1562766 0.04235004 1.799916 0.9014226 3.56503 0.2555349
43 0.7084542 0.1386188 0.04065636 1.638833 0.6588082 166.2891 0.271629
44 0.7618162 0.1058636 0.04093528 2.340613 0.895311 1.126643 0.2521866
45 0.9423576 0.1280578 0.04355564 2.705622 0.7896595 11.24014 0.2537757
46 0.8946881 0.1570271 0.04112371 2.165054 1.187536 2.210265 0.2593879
47 0.741012 0.09649843 0.0391322 0.9762241 0.7342012 1.032152 0.2389153
48 0.7486028 0.13875 0.04508676 1.633766 1.111585 3.271687 0.251621
49 0.6924909 0.1379937 0.04495382 1.021305 1.006018 3.078687 0.2639226
50 0.9126875 0.1633643 0.04232987 1.919732 0.7878988 2.299238 0.2426542
51 0.9389199 0.1353311 0.04769112 2.467183 1.020323 2.497426 0.2594961
52 0.8686398 0.1601183 0.04877018 2.261949 0.969847 35.04368 0.2523175
53 0.7192125 0.1087247 0.0422155 1.052806 0.697058 1.969619 0.2381962
54 0.8835049 0.1292261 0.04556833 1.269233 0.8662463 1.865928 0.2416264
55 0.6526129 0.09725769 0.03986546 1.184004 0.8826663 1.125263 0.2593913
56 0.7835518 0.1308073 0.04477411 1.457509 0.800467 6.332801 0.2452042
57 0.7995871 0.1083217 0.04046407 2.32302 0.8525458 1.041989 0.2479042
58 0.8976422 0.1516997 0.04984449 1.520295 1.410152 4.259895 0.2655181
59 0.6598196 0.1084222 0.04130477 1.109678 0.7746297 27.33917 0.2885351
60 0.6922821 0.137176 0.04276197 1.38564 0.886659 8.374978 0.264339
61 0.7408161 0.1512531 0.04569695 1.297438 1.098418 3.630055 0.2651393
62 0.940792 0.1740266 0.04716777 2.741957 1.074437 8.829128 0.2583719
63 0.8461466 0.133978 0.03960379 1.467662 0.8374421 2.317701 0.2479035
64 0.8478492 0.1106993 0.0518185 1.948264 1.219025 2.101099 0.2461686
65 0.9825506 0.1199824 0.03725545 2.96828 0.8621859 1.252808 0.2533819
66 1.12128 0.1617721 0.05076318 1.924527 1.086271 6.226205 0.2440212
67 1.003862 0.1468372 0.0503933 2.45192 1.099032 4.33135 0.2528329
68 0.7869531 0.134165 0.04611144 1.820551 1.022517 0.8302652 0.2431486
69 1.099079 0.1711358 0.04696365 3.104941 0.8982054 69.80167 0.2481065
70 0.9444992 0.1359118 0.04985395 2.717234 1.011917 9.088521 0.2589778
71 0.6814172 0.1058666 0.03398275 0.9237928 0.7980285 1.067146 0.2524424
72 0.7273021 0.1346763 0.03858238 1.337021 0.8518483 2.592827 0.2649128
73 0.8296593 0.142749 0.03908016 3.295257 0.7269135 9.463381 0.2649126
74 0.5826788 0.1065033 0.03753103 0.7833448 0.7908788 1.386847 0.2708085
75 1.036681 0.1288879 0.05047346 3.815735 1.293042 1.53606 0.2490221
76 1.240146 0.1653425 0.05226559 2.640241 1.208837 24.9875 0.2368466
77 0.8544035 0.1100944 0.04006112 2.486803 0.9456147 3.267539 0.2710188
78 1.066739 0.1470884 0.04870765 4.373163 1.21785 1.18981 0.2480239
79 0.8565206 0.1591273 0.04815666 1.99895 1.253529 2.022814 0.2538436
80 0.7075527 0.1283991 0.04181834 1.358278 0.8809166 1.253483 0.2544721
81 0.7332407 0.1588577 0.05088303 1.198653 0.7939316 76.83187 0.2492369
82 0.8566142 0.1106741 0.03906214 2.492916 0.7513923 0.6723031 0.2513644
83 0.5616977 0.1170381 0.03800714 1.068545 1.13426 2.628535 0.2719479
84 0.6681372 0.1225464 0.03864495 0.8716548 0.9574424 0.770285 0.244228
85 0.7978216 0.1591789 0.04424973 1.118138 1.061621 3.394962 0.2398842
86 0.8220886 0.1379126 0.03882496 1.119836 1.127279 0.8665608 0.2449965
87 0.8775411 0.166962 0.05232578 1.58685 1.171026 16.65811 0.2470064
88 0.6823661 0.1397017 0.04104461 1.000577 0.9772475 4.531728 0.2643011
89 0.6895115 0.1057696 0.03620196 1.256965 0.7894239 1.507739 0.2595253
90 0.7036233 0.1165329 0.03534784 1.449524 0.6507019 1.43406 0.2471043
91 1.283322 0.1248415 0.03976208 8.661817 0.8033069 4.985601 0.2529595
92 0.9347032 0.1463929 0.04211732 1.191023 0.9611231 1.047746 0.244411
93 0.8416942 0.1567642 0.04850615 1.805917 1.178516 1.461303 0.2509543
94 1.004745 0.1288751 0.04627047 2.836714 0.9094014 3.808146 0.2442285
95 0.7272641 0.1172277 0.04000041 1.408511 0.6691055 113.9799 0.2568597
96 1.093126 0.1330472 0.04181782 3.881454 0.8993736 3.28617 0.2440385
97 0.7070908 0.1203451 0.04545317 0.8871457 1.049425 1.707965 0.2464321
98 0.6361685 0.112686 0.03367223 1.166008 0.6164297 5.140177 0.2709923
99 1.300156 0.1877342 0.05407263 3.330575 1.037022 4.443131 0.2356514
100 1.075132 0.1484617 0.05319748 2.013902 1.300822 3.788356 0.2396739
