1 0.8684441 0.1636395 0.05241146 2.372144 0.8623182 0.2528241
2 0.9371986 0.1473288 0.05075658 3.147324 0.8997101 0.2587254
3 0.8912837 0.1667481 0.06303541 3.202687 1.319856 0.2463186
4 1.178529 0.1686223 0.05963123 2.254565 1.162398 0.2450018
5 0.7817655 0.1294502 0.04623625 1.069606 0.8027333 0.2653555
6 NaN NaN 0.06318236 NaN 1.340609 0.2537812
7 0.9388389 0.1272074 0.0541812 3.322357 0.9295321 0.2653065
8 1.67602 0.2613768 0.0810416 3.162856 1.427442 0.2383549
9 1.048042 0.1690036 0.06265472 NaN 1.215822 0.2462783
10 1.126154 0.1513999 0.05304766 4.804847 1.11656 0.2471043
11 0.7294305 0.1690327 0.05322721 1.945346 0.904863 0.2518751
12 0.9920748 0.1636462 0.04897277 1.457064 0.9478817 0.2495909
13 1.047686 0.1729006 0.06013237 2.342135 1.148849 0.2507328
14 0.9648755 0.1383464 0.04312861 2.296367 0.6907321 0.243657
15 0.9743684 0.1848325 0.05046616 NaN 1.024833 0.2418699
16 1.047228 0.1791035 0.06394506 NaN 1.577616 0.260319
17 1.12752 0.1637659 0.05097806 3.17511 0.8892302 0.245404
18 0.6709246 0.1174951 0.04067845 0.9243447 0.6462419 0.2641427
19 0.8755742 0.1547937 0.04620669 2.030953 0.9296609 0.2639377
20 0.8686906 0.1569675 0.0446419 2.751543 0.8686503 0.2996592
21 1.022066 0.1550783 0.04905613 1.773291 0.9716613 0.2531047
22 1.121106 0.2069688 0.06118213 2.146878 1.193416 0.2407322
23 0.911019 0.1729934 0.06006834 1.986228 1.214094 0.2485597
24 0.7775517 0.1434533 0.04834451 1.453849 0.8729748 0.2718994
25 1.18528 0.2226968 0.05882564 2.581258 1.260176 0.245622
26 0.8559163 0.1554902 0.04942978 3.646638 0.8663468 0.2542169
27 0.9619339 0.1405824 0.04691094 1.786838 0.8162411 0.2458391
28 1.086529 0.1470722 0.04611529 2.258128 0.877342 0.2473956
29 0.8195162 0.1709485 0.05344291 1.65268 1.039514 0.252963
30 0.2459473 0.1659976 0.05729673 NaN 1.14475 0.2535282
31 1.604308 0.2168409 0.06493696 6.538442 1.253083 0.2405102
32 0.9874388 0.1705867 0.06257338 1.877371 1.236005 0.2469772
33 0.9215043 0.1449142 0.05363942 1.439518 0.9875937 0.2482578
34 0.5949339 0.1156467 0.03843499 0.7513849 0.5748979 0.2643209
35 0.8740958 0.1181769 0.04580073 2.558994 0.8402866 0.2795557
36 0.751233 0.1376554 0.04159106 1.875344 0.6696127 0.2528801
37 0.973547 0.1698912 0.05440204 2.462384 1.036713 0.2448172
38 1.253291 0.1910375 0.0573923 6.575983 1.389925 0.2454105
39 0.8780706 0.1597714 0.04887829 2.361814 0.8576018 0.2471144
40 0.9684648 0.2038926 0.04974252 2.733461 0.9974195 0.2579757
41 0.9319941 0.1541942 0.04899436 3.064655 0.8055712 0.2529712
42 0.8727966 0.1656594 0.04508875 2.261534 0.7772082 0.2555522
43 0.7245636 0.1407098 0.04101066 1.788438 0.662032 0.2717022
44 0.9267788 0.1424865 0.05381349 2.633339 0.9702771 0.2522272
45 0.9540433 0.1340182 0.04560298 2.588821 0.6702388 0.2536779
46 0.9302244 0.1728635 0.05136341 2.49873 0.9270547 0.2592657
47 1.16631 0.1455992 0.05275942 3.023198 0.9392952 0.23889
48 0.885362 0.1640534 0.04947987 1.955334 0.9941494 0.2513215
49 0.8155161 0.1416772 0.05221107 1.250195 0.9664847 0.2638391
50 1.176719 0.1876815 0.05135853 1.819452 0.8337143 0.242631
51 1.359625 0.1476972 0.05622333 5.711597 0.9690974 0.2594961
52 0.8918171 0.1650734 0.04955899 2.939089 0.9572604 0.252346
53 0.9157742 0.1313818 0.0505231 1.351701 0.7514078 0.2381928
54 1.093332 0.1577877 0.05354067 1.997995 0.9669901 0.2416159
55 0.8306781 0.1339228 0.0521794 1.818296 0.8643491 0.2592049
56 0.8348548 0.1249373 0.04691452 2.357601 0.7565495 0.2452429
57 1.067612 0.1549272 0.05253216 4.411587 1.077428 0.2478537
58 1.066021 0.1723667 0.05464471 2.912155 1.132502 0.2655336
59 0.6731065 0.1081675 0.04167431 1.274644 0.6478075 0.2885299
60 0.728964 0.1387377 0.04422329 1.533129 0.7332496 0.2644334
61 0.8280633 0.1677108 0.0506389 1.599523 0.9704749 0.2651651
62 0.9601671 0.1737468 0.04771139 2.774695 0.9181648 0.258482
63 1.055136 0.1610255 0.04328325 2.278818 0.8189405 0.2479688
64 0.894989 0.1316969 0.0577572 1.891094 1.037558 0.2461859
65 1.235884 0.1580551 0.05045897 6.381729 1.121016 0.2534475
66 1.101228 0.1756729 0.04971413 2.31186 0.9071263 0.244023
67 0.9765267 0.1462715 0.0535716 2.422609 0.9145525 0.2528847
68 1.540938 0.2296611 0.07068556 4.366869 1.564425 0.2431406
69 1.10658 0.1669635 0.04713031 3.469393 0.8588141 0.2480121
70 0.9386565 0.1490839 0.05360518 2.803121 0.8340933 0.258981
71 0.945703 0.1608234 0.0469989 2.069042 0.8706926 0.2524326
72 0.7260559 0.1627005 0.04184219 1.649637 0.6794731 0.2651183
73 0.8558185 0.1519943 0.040642 3.874666 0.5505175 0.2650551
74 0.7079192 0.1379594 0.04701894 1.504999 0.7890168 0.2707262
75 1.469636 0.1408767 0.06485101 10.63466 1.090031 0.2489933
76 1.287144 0.1622475 0.05476016 3.025626 1.133702 0.2368469
77 0.948966 0.1250924 0.0451609 2.82422 0.8344299 0.2710682
78 1.303692 0.1959272 0.06579328 5.356947 1.571043 0.2481085
79 1.161093 0.2168848 0.05408012 4.569764 1.285382 0.2538937
80 1.173536 0.1650584 0.05764715 5.70779 0.9487033 0.254527
81 0.736063 0.1615269 0.05107213 1.273626 0.7753802 0.2491766
82 1.269114 0.1857321 0.06294857 4.746252 1.364733 0.2513644
83 0.7471446 0.1274166 0.04668768 3.04967 0.7842607 0.2717972
84 1.193284 0.2007577 0.07901243 2.221327 1.843665 0.244228
85 0.8968923 0.1840176 0.05007144 1.4997 0.8608408 0.2398725
86 1.622103 0.2310189 0.06404454 4.556111 1.575711 0.2449799
87 0.9593955 0.1777119 0.0542434 2.433197 1.104083 0.2470692
88 0.7428719 0.1533314 0.04340246 1.289695 0.7507056 0.264301
89 0.827563 0.1307545 0.04833862 1.523393 0.8151289 0.2594961
90 1.047223 0.1256991 0.04423628 3.440979 0.690224 0.2471899
91 1.462781 0.135269 0.04280457 12.34152 0.722187 0.2529595
92 1.271473 0.2038224 0.0601308 3.417108 1.272774 0.2443989
93 0.9140957 0.2003874 0.05459195 2.429682 1.038422 0.2509205
94 1.08232 0.1456739 0.0534934 3.621209 0.8692275 0.2442363
95 0.7260365 0.1159275 0.03938083 1.368558 0.6427333 0.2568086
96 1.299107 0.1396325 0.04963589 5.218411 0.8942602 0.2440459
97 0.8396755 0.1450168 0.05453776 1.424523 0.9806501 0.2464247
98 0.6925767 0.117888 0.03802717 1.585153 0.5679483 0.2708984
99 1.591237 0.2194952 0.06695958 5.598102 1.117866 0.2356441
100 1.30602 0.1700738 0.06262799 4.408573 1.159463 0.2396737
