1 0.90608 0.1538947 0.05609185 2.311802 1.095894 3.61893 1.36679 0.2127265 0.3042438
2 1.019422 0.1323766 0.05378936 3.871437 1.005414 1.371743 0.6551638 0.1060259 0.1292741
3 0.9917656 0.1564529 0.06141024 2.139566 1.485181 3.613995 0.9790036 0.2656248 0.3144685
4 1.609814 0.2082327 0.06037619 2.229147 1.587934 6.756877 2.144895 0.6514148 0.7204667
5 0.8647835 0.1213123 0.04612954 0.9822611 0.8559241 1.051002 0.6412904 0.1169724 0.1237587
6 1.004573 0.1478463 0.05872407 1.026583 1.478221 1.37587 0.699464 0.1227585 0.1282868
7 1.091764 0.1240136 0.05002828 4.225795 1.011985 1.276166 0.6506397 0.1077455 0.1280111
8 1.935831 0.2592888 0.09448721 4.980931 2.357816 13.33168 5.065215 1.050535 1.323199
9 3.410596 0.2276021 0.06696452 76.62476 1.120252 4.040167 1.601111 0.6328242 0.6266156
10 1.208445 0.1402689 0.05410557 5.262607 1.087415 14.31876 1.885986 0.8860673 1.186324
11 0.7534139 0.1506068 0.05663127 0.8044806 1.051718 1.70992 0.6143117 0.1095208 0.1426143
12 1.058596 0.1546528 0.04808462 1.422881 1.190651 8.791295 1.955032 0.9103364 0.9496863
13 1.123798 0.1557907 0.06158826 1.483298 1.385641 9.433438 1.689425 0.8368579 0.9624891
14 1.36757 0.1241208 0.03875806 5.340287 0.7513527 3.905897 0.7789116 0.3204787 0.3849665
15 1.166988 0.2012436 0.05234893 2.33106 1.096497 12.74926 1.738615 0.9630468 1.167396
16 1.220043 0.1842978 0.0612409 1.66611 1.995395 5.104384 2.006784 0.564912 0.5292436
17 1.338829 0.181344 0.05033093 7.381496 1.315205 3.559004 0.7692515 0.2442356 0.3189223
18 0.6743396 0.1205787 0.03996131 0.7338701 0.7513898 2.293669 0.6512954 0.1492156 0.1921951
19 0.9419082 0.1406572 0.04593561 2.679518 1.044907 2.162564 0.6900859 0.1451991 0.1832627
20 0.8832954 0.1438605 0.04870414 3.090064 0.9967383 1.596127 0.8996994 0.1779992 0.1812185
21 1.235826 0.1665125 0.04665478 2.132826 1.065198 1.461427 0.7850197 0.1304912 0.1493682
22 1.22409 0.1954275 0.06432604 2.481157 1.577025 4.894526 1.895204 0.2850432 0.4218297
23 1.060235 0.1711975 0.06129085 2.117808 1.572454 6.252013 1.689283 0.389508 0.5313873
24 0.8391926 0.142195 0.04970108 1.387109 1.028967 11.20853 1.964257 0.7725723 0.8829505
25 0.9588654 0.1786249 0.06359367 1.362146 1.477979 10.89318 2.51525 0.9800915 1.099467
26 0.7713577 0.1336633 0.04905953 0.5380274 1.105374 15.09702 1.38422 1.588124 1.583925
27 0.9626385 0.1358049 0.04612107 1.225777 0.8954042 9.302504 2.047603 0.794745 0.9364452
28 1.128251 0.144493 0.04739379 1.972752 1.375088 5.563827 1.11357 0.4663721 0.5199894
29 0.8013244 0.1614082 0.06233769 1.483556 1.467577 8.79375 1.871935 0.6687161 0.7982168
30 1.262975 0.1802236 0.05105789 1.829359 1.470974 5.05382 1.433164 0.5683588 0.5627956
31 1.926779 0.2238216 0.06523452 10.85169 1.413191 10.57966 1.090222 0.6285577 0.8528967
32 1.034846 0.1536349 0.05916066 1.371635 1.375937 1.420014 0.8055052 0.1151015 0.129378
33 1.00115 0.1561487 0.05868376 1.390591 1.549218 10.15264 1.22455 0.6966084 0.8574709
34 0.6265713 0.1108316 0.03806617 0.7313211 0.6038477 0.9145616 0.6048735 0.08905472 0.1001417
35 1.028225 0.125911 0.04244239 2.575591 0.9785317 7.264871 2.63864 0.5569753 0.6749126
36 0.7895512 0.1261199 0.04171462 2.187986 0.6861028 1.093206 0.5757135 0.09074129 0.1042701
37 0.9479404 0.1666865 0.05881327 1.206855 1.143647 1.568707 0.6273406 0.09989476 0.1331475
38 2.087668 0.1930202 0.06011584 22.42709 1.406517 9.849343 1.177069 0.7666334 0.9021088
39 1.101994 0.1711361 0.04532547 3.367779 1.004225 7.416772 1.114825 0.6204183 0.7176935
40 0.886428 0.1807527 0.05306828 2.221753 1.099183 26.98984 5.104069 1.823796 2.340872
41 1.034868 0.1458801 0.04708152 3.178864 0.9530583 9.113694 0.9526315 0.6919126 0.8127835
42 0.8480274 0.1471139 0.04306132 2.065968 0.799159 1.602429 0.6942053 0.173411 0.1817379
43 0.773354 0.1332244 0.04136441 1.758945 0.7979972 6.705701 1.891834 0.5770392 0.6745488
44 0.9967855 0.1331451 0.05244658 2.754728 1.220802 6.239705 2.119934 0.4634591 0.6076904
45 1.030043 0.13163 0.0445858 2.802446 0.7262722 2.337752 1.006972 0.2219964 0.2546007
46 1.072524 0.1520656 0.05628736 3.240705 1.443053 5.346532 1.233857 0.4335253 0.5230767
47 1.859915 0.2184638 0.05383172 3.97281 1.305618 17.19529 1.137067 1.242249 1.509943
48 0.8504876 0.1518987 0.05246876 1.379491 1.10909 1.889283 0.6565623 0.1181657 0.1566629
49 0.8338549 0.1346061 0.05648282 1.218904 1.159299 9.688527 1.561258 0.6215966 0.8175107
50 1.207919 0.166365 0.05433485 1.839771 1.033009 10.58524 1.628177 1.134918 1.204786
51 1.171664 0.1421269 0.05093638 2.830541 1.100295 NaN NaN NaN NaN
52 0.8168338 0.1532589 0.05284671 0.8065057 1.056504 2.905923 0.9763469 0.2904753 0.3138214
53 1.001323 0.1335046 0.05019736 1.569199 0.8797258 3.447911 0.7700186 0.2165981 0.296165
54 1.274947 0.1720719 0.05346526 2.069608 1.104945 6.767079 1.504467 0.5484927 0.6600916
55 1.002092 0.1333066 0.05001805 2.123381 1.049846 7.703353 1.506313 0.6516584 0.7230126
56 1.064064 0.150219 0.05019174 2.122938 1.230097 13.42653 1.065706 1.074915 1.297464
57 2.704008 0.1221362 0.04620841 48.01188 0.7608789 0.9544941 0.5652588 0.1098036 0.1237353
58 1.124715 0.1703677 0.05304 2.219451 1.464329 5.933818 0.9263619 0.5037049 0.5281152
59 0.7363246 0.1078502 0.03770788 1.108096 0.6460533 1.039951 0.6094462 0.1065525 0.1155307
60 0.7183586 0.1326025 0.04352793 1.308375 0.8162397 2.133878 0.7269542 0.1739047 0.1918966
61 0.8322971 0.1674373 0.05384964 1.664718 1.142073 52.79291 6.669756 3.854012 4.302006
62 0.9604441 0.1703336 0.04969638 2.830123 1.027641 7.480714 0.9982819 0.5297254 0.6203675
63 1.281759 0.1538151 0.04519897 7.121826 1.149893 9.711672 1.466108 0.7177166 0.8701334
64 1.080359 0.1345283 0.05582614 1.796863 1.243527 NaN NaN NaN NaN
65 2.99735 0.1846844 0.04326213 59.9582 1.102719 4.838481 1.557403 0.520384 0.5457121
66 1.163544 0.1597251 0.04905653 3.071267 0.986568 1.822588 0.7570515 0.1495709 0.1765752
67 1.169787 0.1618514 0.05118271 2.6493 1.060812 NaN NaN NaN NaN
68 1.743054 0.1821946 0.08004917 8.721603 1.513999 10.33693 1.382687 0.9082518 1.037571
69 1.262746 0.1707111 0.05094423 4.376365 1.209713 5.290873 1.023861 0.4437505 0.5017856
70 1.085962 0.1472631 0.0555918 3.450769 1.101424 5.444074 2.661109 0.5625127 0.6345572
71 1.000661 0.1435777 0.04958881 2.316276 1.190373 8.075449 1.369268 0.4878752 0.6342602
72 0.6962326 0.1323139 0.04823103 1.548943 0.8169124 4.111551 0.9777069 0.3822287 0.4301134
73 0.8528607 0.1298412 0.04404173 3.6903 0.5952747 1.58791 0.7175734 0.1359936 0.1619449
74 0.7488858 0.1293397 0.04536934 1.262391 0.8853317 1.973972 0.7028734 0.1564688 0.1746929
75 2.000674 0.1572392 0.06287786 18.31169 1.456453 7.834255 1.565286 0.6315946 0.709701
76 1.539022 0.1760376 0.05097618 1.570127 1.40804 4.56001 0.8692319 0.3934821 0.4397474
77 1.042842 0.1297898 0.04553455 2.664292 1.013126 6.314921 1.076515 0.3985411 0.5021091
78 1.310528 0.1920152 0.07260033 6.34499 1.974781 7.976941 1.094711 0.4437145 0.562611
79 1.189794 0.1847183 0.05605563 5.358296 1.552495 11.24632 1.32565 0.8057481 0.9906074
80 1.281128 0.1689518 0.0637717 7.820445 1.197816 5.911734 2.683356 0.3348214 0.5181372
81 0.8082591 0.1378944 0.04957104 1.183392 0.8309713 1.482724 0.6491093 0.1442167 0.1646729
82 1.788178 0.2122222 0.06416537 16.25792 1.748965 10.80635 2.296362 0.8643555 0.9770147
83 0.7713896 0.1269614 0.04142308 0.6035663 0.8614866 1.037978 0.6251395 0.1124458 0.1192981
84 1.361701 0.1980197 0.07814405 2.382796 2.159942 3.020334 0.8332223 0.1641327 0.2295933
85 0.95595 0.1541257 0.04830563 1.121604 0.9332477 1.117865 0.5707591 0.1132301 0.12556
86 1.13954 0.1691486 0.06128162 1.429169 1.541833 NaN 1.279769 NaN NaN
87 0.9175832 0.1606952 0.05524321 1.228534 1.350685 6.592478 1.067185 0.4567875 0.5466273
88 0.7658816 0.1324103 0.04304137 1.040056 0.8420606 1.887539 0.8829817 0.1649295 0.1962569
89 0.9894304 0.1399952 0.04813913 1.966384 0.9723171 2.138345 0.7462241 0.1803813 0.2127338
90 1.194337 0.1302794 0.04362974 4.204549 0.7821526 NaN 1.214463 NaN NaN
91 1.643264 0.1420353 0.04397428 13.82186 0.9211776 5.395216 0.93075 0.4636822 0.507489
92 1.403612 0.2007461 0.05921139 1.999272 1.580283 6.176886 2.005986 0.5400846 0.6159135
93 0.8909351 0.1894487 0.06179469 1.261652 1.280466 11.45627 1.497761 0.8860451 0.9999655
94 1.317333 0.1540504 0.05242219 3.328778 1.166759 10.95122 1.493544 0.8678511 1.005783
95 0.8419287 0.1132659 0.04015929 1.407394 0.9255877 5.687641 0.8602531 0.3300065 0.4652526
96 1.701989 0.1755636 0.04695153 8.975936 0.9938343 7.330327 1.304706 0.6481419 0.7472189
97 0.9650041 0.1473324 0.05323241 1.284445 1.131757 1.907714 0.6702533 0.122186 0.1587987
98 0.6951678 0.1067496 0.03902943 1.37053 0.663669 6.348605 1.263446 0.5123945 0.609777
99 1.742363 0.193652 0.06471686 8.454979 1.033765 10.44344 1.274767 0.8593954 1.045795
100 1.545959 0.1629849 0.06242941 5.539128 1.836099 5.387394 1.337731 0.3990892 0.5063147
