1 0.8505913 0.1470552 0.05399467 2.044823 1.12795 30.5833 2.349706 1.018985 0.1471951 0.2044411
2 0.921182 0.1316711 0.05145101 3.198113 1.119465 8.727094 1.211702 0.6146808 0.092493 0.1120673
3 0.8742461 0.1405089 0.05211866 1.824872 1.612875 3.09503 2.001066 0.8066472 0.147516 0.1768788
4 1.179323 0.1553137 0.05353656 1.662969 1.554543 4.654707 2.299363 1.276523 0.2254249 0.2593024
5 0.8171908 0.1171352 0.04269049 0.8430217 1.004373 11.00019 0.8441599 0.6075397 0.09800284 0.1035252
6 0.7900818 0.1168932 0.04284634 0.4142543 1.592405 1.634209 0.9192526 0.6203319 0.1011938 0.09691008
7 0.933839 0.1086488 0.04286025 3.1113 1.208831 2.070011 1.05529 0.6099777 0.0920273 0.1091344
8 1.838612 0.211484 0.06429036 2.627623 1.081855 1.430002 1.204112 0.7918895 0.1227659 0.140962
9 NaN 0.1640677 0.06169972 NaN 2.70153 0.9795951 7.380997 1.268428 0.5707553 0.6925563
10 1.061381 0.1489252 0.05843027 6.101644 1.638014 3.674558 22.00864 3.354629 1.270755 1.776955
11 0.7146328 0.1450602 0.05342289 0.7458913 1.255491 11.69991 1.338563 0.5742295 0.08844581 0.1138267
12 0.9609833 0.1426404 0.04509601 1.097654 1.260215 5.802269 5.551839 1.368421 0.6070791 0.6282935
13 0.9785499 0.1265172 0.05431392 1.02261 1.390381 2.348526 2.150575 0.8431574 0.2373582 0.2559304
14 1.603758 0.1302547 0.04093853 6.345023 1.010527 123.1286 6.07983 1.204624 0.4381619 0.5400158
15 0.8827278 0.1696316 0.04841943 1.745301 1.214126 5.516785 7.668354 1.224982 0.6093216 0.7269995
16 1.145445 0.1754822 0.05329386 0.9756526 1.969143 7.728116 1.063685 0.713772 0.125565 0.1179646
17 1.12613 0.1212157 0.03917282 6.938485 1.254686 1.496734 6.264216 0.9487424 0.4118023 0.5550201
18 0.6696221 0.1188219 0.03937515 0.7677943 0.7369136 136.1869 1.951906 0.6307019 0.1306088 0.1663614
19 0.8727941 0.1615879 0.04823385 2.232795 1.408235 41.49441 2.85684 0.718003 0.190555 0.239823
20 0.8542267 0.1306922 0.04629957 2.46876 1.251382 4.615487 1.231918 0.7741834 0.1440903 0.1436
21 0.9956024 0.1644189 0.0386368 1.659169 1.105084 2.452498 0.9608289 0.6372399 0.09357027 0.1032878
22 1.111692 0.1862793 0.05237614 2.261631 1.541175 2.825022 1.342416 0.7755417 0.09805828 0.1279532
23 1.188819 0.1743423 0.05814763 1.848621 1.71424 16.54654 3.329171 1.044806 0.2215082 0.2969767
24 0.7155801 0.1537764 0.04636204 1.26421 1.244217 3.438558 8.147078 1.512953 0.5649294 0.6496934
25 0.7609759 0.1649391 0.05284056 0.5288312 1.988577 2.655032 6.445005 1.724753 0.6420038 0.6938582
26 0.7548734 0.1351746 0.04910231 0.5077097 1.201598 66.57574 9.491404 1.219417 0.9875512 0.9892879
27 0.923007 0.1327716 0.04597798 1.27964 0.9206667 54.62477 7.755227 1.832281 0.6848981 0.8020106
28 1.016265 0.14607 0.0447771 1.876144 1.472732 15.9273 2.664214 0.7785241 0.2213533 0.2558004
29 0.8315545 0.1633692 0.06216965 1.607869 1.350002 47.11762 3.477234 0.9246334 0.2615041 0.3161979
30 1.061602 0.1630183 0.04665985 2.277001 1.49216 2.928619 1.988675 0.8653972 0.2176527 0.2227417
31 1.588835 0.1863222 0.05295058 4.322967 1.376183 2.170162 1.453188 0.6684396 0.1117564 0.1390939
32 0.9572755 0.1492494 0.0534345 1.134382 1.642137 5.041497 0.9917978 0.7261507 0.08581051 0.09520685
33 0.9310242 0.1331508 0.04635187 1.122331 1.182658 3.608039 1.171857 0.5707362 0.1006434 0.1165669
34 0.6231665 0.1024816 0.0381575 0.663445 0.7199571 5.779116 0.8560957 0.5984478 0.08381907 0.09390935
35 0.9496602 0.1262303 0.04076847 1.911515 1.107934 18.92695 3.616484 1.460668 0.2955835 0.3531166
36 0.6500779 0.1229327 0.03777524 1.406796 0.8254623 2.594039 1.04753 0.5719805 0.08840876 0.1003982
37 0.8411345 0.1572675 0.05481275 1.017552 1.29316 6.561955 1.435293 0.6198217 0.09367464 0.1241695
38 1.025723 0.1257374 0.04629537 3.257942 1.156709 1.629844 1.37363 0.6312046 0.1258773 0.1457257
39 1.048591 0.1579456 0.0456954 2.485143 0.9891331 135.7944 7.884641 1.0212 0.6463933 0.7562782
40 0.8263846 0.1668992 0.04996709 2.078878 1.300066 2.803205 5.744718 1.429906 0.3810512 0.496029
41 1.079793 0.1429978 0.04895775 3.400846 1.090758 55.11259 7.915756 1.02094 0.6299457 0.7258065
42 0.8035178 0.1255273 0.04034891 2.15929 0.8800212 1.763592 1.116348 0.6496133 0.1321093 0.1351529
43 0.7739622 0.144628 0.04212343 1.726827 0.8385056 211.3832 2.698237 0.9420291 0.2427995 0.2756844
44 0.8202307 0.1103 0.03936649 2.499761 0.9760979 1.533549 1.413872 0.6297507 0.1155572 0.1480952
45 1.019416 0.1272878 0.04303976 2.903385 0.8477565 13.61781 2.093749 0.9407082 0.1896863 0.2220711
46 0.9813328 0.1390601 0.04297763 2.298682 1.324609 3.061085 1.16004 0.6399558 0.1145141 0.1287792
47 0.9312723 0.09715401 0.03478528 1.29565 0.861281 1.153381 1.719693 0.616274 0.1464103 0.17275
48 0.7212951 0.1294738 0.0474004 1.228167 1.232788 2.525306 1.440277 0.6266154 0.08632462 0.1152765
49 0.7482426 0.1366774 0.04856745 1.086429 1.290489 3.476369 8.801218 1.252005 0.5650866 0.7476992
50 1.012833 0.1478919 0.04608599 1.428057 0.9970097 3.572485 2.211964 0.7693599 0.2653895 0.2792624
51 1.055216 0.1342136 0.04336376 3.027847 1.191413 3.170591 9.378076 2.934223 1.123077 1.138807
52 0.7871281 0.1505263 0.05244131 0.6859198 1.065558 80.60005 3.103668 1.003228 0.3136376 0.3398052
53 0.7961824 0.1150259 0.04261716 1.133786 0.7926558 2.905893 1.406463 0.6137883 0.1003329 0.1295973
54 1.057531 0.1426116 0.04635763 1.897838 0.9714966 3.831541 2.260866 0.7995741 0.2011395 0.2398474
55 0.7642807 0.102092 0.03687307 1.422699 1.036141 1.42792 1.631015 0.6901369 0.1640216 0.1758979
56 0.9926838 0.1432727 0.04718938 2.322815 1.077118 19.97826 5.757026 0.9004698 0.4993328 0.5876943
57 1.231522 0.1061533 0.04251793 7.771516 1.148607 1.254699 2.682768 0.7551766 0.2080575 0.2577722
58 1.035776 0.1605165 0.04871082 1.853906 1.520767 7.193639 1.517893 0.645028 0.1469327 0.1506898
59 0.7671244 0.1080458 0.03888771 1.213678 0.7992844 43.77484 1.017958 0.6068915 0.1024935 0.1119902
60 0.7172029 0.1288044 0.04271189 1.499626 0.9325269 18.20203 1.551219 0.6777809 0.129942 0.1413765
61 0.7799145 0.1608106 0.05018034 1.466052 1.298382 7.106609 7.217305 1.335273 0.5397373 0.601567
62 0.8923745 0.1584025 0.04727575 2.232513 1.130447 8.396662 2.220623 0.7194582 0.1714034 0.1987196
63 1.12154 0.1414097 0.04067117 5.705759 1.086366 3.93269 4.697494 1.102846 0.3670697 0.448483
64 1.111195 0.1306997 0.05277775 1.882598 1.446417 6.530553 10.31726 1.879045 0.5939292 0.7729106
65 1.197311 0.128047 0.03428171 4.858215 1.030392 1.255411 1.072236 0.6848856 0.1274612 0.1394082
66 1.165506 0.1478465 0.04992482 2.295097 1.060383 10.02916 1.599457 0.7268327 0.1309941 0.1553856
67 1.123236 0.1572889 0.04670847 2.958709 1.161447 8.130562 12.84424 4.828529 1.027104 1.325413
68 NaN 0.1225799 0.06528017 NaN 1.50814 1.520087 11.5711 1.336676 1.141488 1.280897
69 1.282594 0.1646948 0.04992714 5.001409 1.21214 168.8749 7.138097 1.239496 0.6199236 0.6917915
70 1.243781 0.1708859 0.05664744 3.329804 1.799708 132.2255 3.952376 2.087382 0.3862529 0.4502672
71 0.7204431 0.1003969 0.0365282 1.21257 0.9731943 1.225617 1.842466 0.7368955 0.1324022 0.1630143
72 0.6899363 0.1267933 0.04569556 1.311724 0.9483822 3.337459 1.753803 0.7149925 0.1576966 0.1815573
73 0.8883368 0.1300599 0.04485068 4.220546 0.6458392 65.74592 1.644232 0.759122 0.1405515 0.1688093
74 0.6579902 0.09733029 0.03727347 0.8598326 0.8773564 1.590099 1.221696 0.6210878 0.09756341 0.1091383
75 2.032056 0.1466569 0.06033994 15.47709 1.916051 1.908246 3.6192 0.8834188 0.3196049 0.3581822
76 1.488522 0.1726475 0.04977528 1.482479 1.355837 79.36579 3.465012 0.7853742 0.3037839 0.3400243
77 0.9109958 0.1129186 0.04133385 2.167257 1.158399 5.27293 3.058265 0.7718221 0.2110169 0.2553468
78 1.097058 0.1550698 0.05402773 5.373621 1.632838 1.369131 1.699759 0.6355634 0.115947 0.1409234
79 1.000785 0.1748647 0.04986527 3.468895 1.563485 3.1498 8.545443 1.053484 0.6188621 0.7537867
80 0.7971678 0.1137754 0.05072234 2.741147 1.131973 1.797197 6.967232 2.325677 0.4545318 0.6593437
81 0.7933472 0.1326166 0.04934003 1.060195 0.8326138 103.9469 1.432864 0.6432266 0.1381085 0.1578943
82 1.476297 0.1384866 0.04423701 13.82661 1.382629 0.9145814 4.568066 1.084729 0.3938624 0.4509022
83 0.6371554 0.1151069 0.03536571 0.3276766 1.159427 3.530463 0.8901498 0.6073256 0.1012178 0.1061028
84 0.74894 0.125702 0.03555713 1.209521 1.038998 0.7663788 0.9417848 0.5612923 0.06963057 0.08308606
85 0.9030725 0.1540941 0.04726034 1.116938 1.051426 11.55991 1.054676 0.5649611 0.1074404 0.1187205
86 0.9263528 0.1490378 0.04538496 0.5496835 1.40564 1.298294 2.940023 0.8192446 0.30257 0.3196882
87 0.9102792 0.1619848 0.05569407 1.193295 1.476363 38.64527 8.393454 1.155571 0.5577489 0.6848115
88 0.7187135 0.1300715 0.04074505 0.9051242 1.035182 6.065749 1.173187 0.7163344 0.112051 0.1277492
89 0.7988305 0.1175529 0.03786018 1.528106 0.9017969 2.247293 1.035114 0.5998188 0.09973223 0.1122879
90 0.8855984 0.1071001 0.03867607 2.988758 0.8348874 2.102887 6.022 0.9269011 0.5552728 0.6491772
91 1.793057 0.1483958 0.04905785 17.25507 1.375386 7.596042 7.034889 0.984429 0.5645726 0.6365191
92 1.090113 0.152351 0.0406051 1.286134 1.098881 1.230244 1.161808 0.6405956 0.1088108 0.1224144
93 0.7635568 0.1494297 0.05594384 0.9025286 1.290831 1.797618 3.538584 0.9458244 0.2992793 0.3348818
94 1.268691 0.1494281 0.04733657 4.442152 1.155122 8.135926 10.99961 1.518254 0.8720462 1.015088
95 0.8201512 0.1114741 0.03932564 1.323097 0.8353476 164.9388 4.233908 0.7040006 0.2538394 0.3554833
96 1.587753 0.1591159 0.04520512 11.45873 1.200365 4.614903 8.80942 1.256802 0.7607331 0.8847939
97 0.7643599 0.1124262 0.04263181 0.8134782 1.119582 1.689269 1.160067 0.5729629 0.07883835 0.09906477
98 0.6508794 0.1090768 0.03650192 1.25252 0.7558304 6.190408 5.749174 1.175531 0.4770631 0.5677651
99 1.675579 0.1880928 0.0638483 8.53483 1.169725 26.52201 11.69534 1.348583 0.9559723 1.168617
100 1.294894 0.1413786 0.05364089 4.666766 1.582538 5.179929 3.373842 0.9745336 0.2630731 0.334627
