1 25.52727 1.910572 -0.5677782 7.477003 3.218092 -9.444746 -3.282353 -0.6002431 0.8374317
2 25.50257 1.692049 -0.5612706 6.61812 5.913066 -4.691188 -1.022839 -0.3718075 0.4229892
3 27.05167 1.832409 -0.5393835 10.23837 2.048978 -9.067842 -0.9124045 -0.6311761 0.7558114
4 27.25221 1.946155 -0.4635142 9.191785 2.243943 -15.18608 -5.498133 -1.402864 1.638163
5 25.99311 1.737918 -0.4577179 6.188647 1.259175 -3.818715 -1.099152 -0.3840123 0.3914371
6 27.60627 1.770858 -0.4769561 10.31133 1.843976e-07 -4.479911 -0.9057567 -0.4325718 0.4406449
7 26.28087 1.635885 -0.4603082 6.934437 7.368774 -4.520756 -0.8214115 -0.3939361 0.4222109
8 24.46327 1.80013 -0.570471 10.52795 3.136536 -52.29043 -15.79014 -4.173227 5.147299
9 23.64407 1.712104 -0.4750108 11.42661 163.9425 -64.56467 -1.440098 -4.99381 5.728088
10 26.79254 1.768696 -0.4985005 7.86992 8.203045 -56.35999 -5.544004 -3.436383 4.583591
11 25.09047 1.917193 -0.5779958 7.405331 0.3370152 -6.310623 -0.6906994 -0.3506499 0.4776297
12 28.48986 2.095263 -0.4878412 7.684161 1.167113 -29.18182 -5.441527 -2.966203 3.131253
13 26.27671 1.770026 -0.4778563 9.308297 0.7240067 -25.55824 -3.698647 -2.215988 2.583758
14 26.87096 1.854445 -0.4446074 4.296782 7.54016 -13.28649 0.3458768 -1.154349 1.345643
15 27.97135 2.408883 -0.5788611 6.997688 6.670873e-08 -26.44867 -2.287898 -2.021577 2.412927
16 28.64267 2.00981 -0.4695535 12.91766 6.742528e-08 -10.67802 -3.206703 -1.176891 1.103294
17 27.67287 2.099566 -0.4821384 6.851607 5.120075 -10.93863 -0.2062704 -0.8233361 1.010812
18 27.36369 2.01786 -0.504702 5.627802 0.4644683 -7.041875 -0.4487304 -0.4717343 0.5788034
19 26.92098 1.968115 -0.4887907 7.352965 3.346031 -7.315794 -0.6134091 -0.4933015 0.602505
20 26.26067 1.902143 -0.5279004 7.8942 6.602459 -4.69594 -1.325911 -0.5420089 0.5147155
21 28.21445 2.154934 -0.4664334 7.408452 3.518725 -5.116298 -1.571534 -0.4305845 0.4923004
22 26.44339 2.05019 -0.5478554 9.080185 3.508213 -14.55218 -5.028182 -0.9164825 1.301007
23 27.23711 1.931349 -0.5508424 10.14868 1.965721 -24.86454 -5.806962 -1.578276 2.139683
24 26.92711 1.900573 -0.5276813 8.139273 2.15243 -32.32432 4.372142 -2.1691 2.492374
25 27.13398 2.080703 -0.5558059 10.18348 0.02018159 -41.96004 -7.525428 -3.640009 4.103786
26 27.3003 1.930914 -0.5120604 7.170655 3.590375e-06 -33.36152 1.940099 -3.333597 3.384364
27 27.90552 1.972702 -0.5108917 5.816845 0.9368091 -29.9193 -4.870447 -2.533311 2.98293
28 28.12708 1.956017 -0.4702849 7.96691 2.488052 -25.98507 1.147014 -2.036811 2.362931
29 25.72575 1.895559 -0.6158087 8.723947 1.549449 -18.58007 -2.897948 -1.377034 1.651854
30 28.61828 2.242619 -0.439437 10.0541 1.815063e-07 -10.34136 -2.088621 -1.091878 1.115906
31 25.64166 1.860116 -0.4780611 8.570355 21.01217 -17.98128 -1.043496 -1.127866 1.499164
32 26.4262 1.814783 -0.4945629 9.572918 1.408864 -5.22151 0.2096574 -0.3770376 0.4257324
33 26.99659 1.914194 -0.5486039 8.664637 1.427063 -36.6939 -2.746219 -2.414931 3.040524
34 26.6403 1.958811 -0.5105486 4.570458 0.9735807 -2.945692 -1.332939 -0.2418073 0.2545706
35 28.33571 1.813415 -0.4392054 7.801865 5.019553 -24.96195 -7.081414 -1.886109 2.263295
36 26.65696 2.035624 -0.5402049 4.562351 3.031978 -3.941211 -0.2696084 -0.3023162 0.3303488
37 26.11205 1.99244 -0.590703 6.87844 0.5873917 -5.914206 -0.3156575 -0.3591643 0.467817
38 24.39731 1.748457 -0.4736727 7.534142 39.6071 -29.63705 0.5095946 -2.284655 2.688597
39 27.19478 2.181134 -0.5081048 6.682766 4.260974 -48.95905 -1.816444 -3.88523 4.55427
40 26.52673 2.258945 -0.5979554 8.118421 4.07596 -18.9549 -3.766825 -1.300278 1.641643
41 26.77454 1.96646 -0.5103134 6.378084 5.73686 -24.09994 0.9335322 -1.807317 2.111457
42 27.67779 2.216723 -0.5413371 5.141136 3.050905 -5.225433 -0.2957549 -0.6202567 0.5893933
43 27.1287 2.035287 -0.525058 6.10389 3.073023 -12.01196 -2.578483 -1.077013 1.211024
44 26.67921 1.71769 -0.5040766 8.238917 4.360369 -32.99981 -9.910394 -2.425204 3.19287
45 25.78071 1.852305 -0.4983007 4.928723 6.526783 -8.032115 -2.559245 -0.7483568 0.8676269
46 26.03901 1.781419 -0.5055665 8.772055 5.709303 -20.03465 -3.543102 -1.655949 1.97072
47 28.49696 1.818495 -0.4250073 8.019703 3.784226 -49.57183 -0.1428841 -3.585954 4.30903
48 26.12364 1.998836 -0.5305213 7.8867 0.8904973 -6.726311 -1.343006 -0.3685967 0.517636
49 25.57064 1.667094 -0.5050584 9.347167 0.7566094 -40.1579 -4.751117 -2.68482 3.430569
50 25.87669 1.977012 -0.4817637 6.523741 1.005224 -35.41668 -1.910549 -3.485479 3.830042
51 27.28197 1.750095 -0.4603574 8.027222 4.567026 -27.5634 -4.622296 -2.526818 2.725006
52 27.9133 2.089094 -0.573105 6.455439 0.2457796 -7.047289 -1.816727 -0.7976745 0.8271346
53 26.85185 1.890058 -0.5384193 5.757824 2.327586 -9.310647 -1.757199 -0.5603312 0.7996887
54 27.35145 1.982204 -0.5167103 6.650733 2.165665 -21.95588 -3.400858 -1.769656 2.130175
55 26.54923 1.754843 -0.4611463 7.456303 2.313675 -19.38556 2.481061 -1.646187 1.815824
56 26.85078 1.846518 -0.5287606 5.791349 1.732893 -27.54259 -1.069238 -2.228464 2.678241
57 23.89533 1.578988 -0.4638772 4.20021 166.7942 -2.308608 -1.200328 -0.1746867 0.1920543
58 27.79094 2.038942 -0.479485 10.34763 3.201667 -19.36843 -0.1128251 -1.61403 1.693302
59 26.63816 1.832053 -0.464842 5.2872 2.207858 -3.81849 -0.357296 -0.287294 0.2898894
60 26.99107 2.02026 -0.554001 5.996946 1.963104 -7.554723 0.07741731 -0.5934174 0.6509984
61 26.96323 2.112828 -0.5762113 8.673415 2.49784 -43.14995 4.766233 -3.051109 3.433379
62 26.66314 2.219645 -0.5551605 7.497833 4.557973 -14.016 0.04498489 -1.018257 1.185108
63 27.00957 2.045084 -0.4998664 6.340518 7.048138 -28.1732 -2.666878 -2.146419 2.56324
64 26.82768 1.634391 -0.4611205 9.570543 1.665132 -51.35818 2.21622 -3.066901 3.966303
65 27.56735 2.098748 -0.4202403 6.95289 161.794 -16.19882 -3.75862 -1.712852 1.790563
66 26.75906 2.089866 -0.5117459 6.169072 3.856501 -6.074175 -1.195477 -0.5374945 0.6160348
67 26.93758 1.975472 -0.4907984 8.036268 5.625267 -33.44516 -12.0465 -2.448311 3.238001
68 22.19553 1.473894 -0.4910154 8.917982 12.81702 -32.72707 0.4077267 -2.991273 3.294586
69 26.85956 2.026513 -0.5007044 7.506231 8.360921 -15.24126 -1.317526 -1.288996 1.460603
70 25.28887 1.728754 -0.5200143 7.378687 7.113356 -11.6467 -4.919454 -1.098288 1.290658
71 26.37229 1.879958 -0.4953199 7.4287 2.946445 -30.37005 3.021919 -1.967787 2.4792
72 25.41199 1.890019 -0.5701802 5.899841 2.126529 -8.44882 -1.124587 -0.7892529 0.8725675
73 24.76457 1.983685 -0.6053877 4.181717 7.788965 -4.897582 -1.504938 -0.4289533 0.4890487
74 26.23567 1.891098 -0.511937 6.882075 1.494962 -7.71706 -0.2507533 -0.5505848 0.6406635
75 23.88687 1.527677 -0.4424541 9.215991 35.31083 -41.65006 5.153546 -3.061164 3.517683
76 29.26993 2.033703 -0.4382472 8.386637 0.5173968 -14.10209 0.5602025 -1.187448 1.340411
77 27.32229 1.790336 -0.459546 8.103873 6.072953 -25.30345 -2.244607 -1.598895 2.016447
78 26.9509 1.857546 -0.588238 13.18689 8.443099 -18.8522 0.2623533 -1.128658 1.386493
79 26.90441 2.050202 -0.5125864 9.552121 4.53542 -39.8443 -2.007888 -2.856777 3.496547
80 25.02731 1.714604 -0.5957643 7.793362 15.29694 -39.72385 -16.45149 -1.914654 3.363628
81 25.47172 1.951565 -0.5353544 5.421676 1.805287 -4.468424 -0.8448883 -0.456327 0.4820099
82 25.63831 1.768341 -0.5073002 8.699712 33.43554 -41.53232 7.208783 -3.2335 3.604936
83 27.48554 1.964373 -0.4632998 6.556181 1.084708e-07 -3.435477 -0.7878837 -0.3219339 0.3185773
84 26.75424 1.819074 -0.5235109 14.45085 1.779974 -8.725729 -0.3283928 -0.5170404 0.6722989
85 26.2625 2.130702 -0.5105662 5.760835 1.10186 -3.904449 -0.4574 -0.3699366 0.401813
86 27.76641 1.92025 -0.4935977 11.15091 0.2648662 -33.72642 -2.613826 -2.484393 2.968081
87 26.98415 2.01305 -0.5204119 9.546909 0.1438666 -28.64494 -1.593608 -1.870615 2.323155
88 26.60357 2.011513 -0.4899914 6.301091 1.143028 -6.2916 -2.300778 -0.5745485 0.6540182
89 27.03454 1.841149 -0.4900974 6.506242 2.803903 -6.478159 -1.165877 -0.5800724 0.6487696
90 26.578 1.789259 -0.4427496 5.689559 7.553244 -26.0322 -0.9385983 -2.406253 2.721474
91 25.95669 1.892285 -0.5079102 5.616341 33.69654 -27.65892 0.7097447 -2.325426 2.565675
92 27.54872 2.080611 -0.4969638 9.985616 1.559197 -24.46378 -5.976741 -2.073319 2.394594
93 25.65908 2.148621 -0.6023237 7.928146 0.561746 -26.27544 0.6307275 -2.134682 2.391132
94 26.40221 1.743248 -0.4509484 7.176148 5.310958 -46.07933 1.66752 -3.586172 4.21891
95 27.43294 1.839691 -0.46991 5.997925 2.171672 -25.82209 -2.075506 -1.520249 2.115012
96 27.57918 1.934734 -0.4190624 6.343357 17.04193 -48.14951 -3.396823 -4.068346 4.717704
97 26.86814 1.906439 -0.5151618 8.029801 1.431184 -6.682712 -0.275212 -0.4047647 0.5167887
98 26.24621 1.811301 -0.5092969 5.082411 2.741892 -20.10299 -2.25382 -1.623168 1.908252
99 23.17138 1.770712 -0.5035334 5.993421 11.4139 -58.68158 0.73643 -4.612483 5.634412
100 26.79249 1.669923 -0.4543596 9.897645 7.984908 -28.58657 -5.185804 -2.089588 2.674761
