1 25.58593 1.865933 -0.5611023 6.666737 2.461756 25.37286 -8.148955 -2.933151 -0.5305269 0.7341253
2 25.77469 1.726127 -0.5567717 6.045055 4.703793 11.04863 -4.187381 -0.8882262 -0.3203805 0.3615145
3 27.07693 1.834657 -0.5338369 7.519735 1.76098 5.792076 -7.454991 -0.9660826 -0.512414 0.620994
4 27.35983 1.949755 -0.4697566 6.93971 1.730804 7.31607 -6.692893 -3.716146 -0.6358497 0.7803535
5 25.82167 1.823264 -0.4642802 4.83046 1.167708 13.8214 -2.840743 -1.022166 -0.2662559 0.2624868
6 27.67329 1.952822 -0.4792395 4.96443 1.742599e-07 3.607318 -3.372183 -0.9744874 -0.3703361 0.35288
7 25.9632 1.532785 -0.4471434 4.943028 4.501374 4.148576 -3.898669 -0.767937 -0.3320926 0.3539913
8 25.02451 1.875721 -0.5190552 3.093538 2.812005 3.119599 -4.723522 -1.417012 -0.3910076 0.5041472
9 24.37324 1.677056 -0.4709544 10.66371 36.19161 2.76914 -39.57144 -1.402015 -2.777857 3.474526
10 27.32056 1.807358 -0.5077067 9.282309 4.859605 6.858226 -60.03796 -8.577714 -3.439496 4.791274
11 24.99683 1.905863 -0.5732537 6.265932 0.3804617 12.89281 -5.212309 -0.5675427 -0.2692102 0.3709968
12 28.22165 2.047421 -0.4856516 6.296642 1.067032 9.722857 -16.30062 -2.925868 -1.729054 1.821269
13 26.32504 1.725218 -0.4595664 5.957543 0.6588852 5.223927 -6.875904 -1.96293 -0.7962522 0.8546967
14 27.41242 1.896743 -0.4490713 4.866215 5.865937 200 -30.13427 1.645687 -2.251592 2.757996
15 27.9248 2.341992 -0.5713278 5.879602 7.041696e-08 9.171699 -17.72128 -1.723483 -1.442434 1.695339
16 28.56932 2.143387 -0.4585238 9.253833 6.894958e-08 11.75544 -3.723804 -0.8881908 -0.4261929 0.385378
17 27.15194 1.852563 -0.4596832 5.574818 8.173202 3.442366 -23.59341 -0.5192796 -1.60751 2.116111
18 27.35498 2.012277 -0.5034359 5.400389 0.5246504 200 -6.252029 -0.4896594 -0.4223149 0.5119912
19 27.22228 2.066953 -0.4989602 7.122291 3.102983 15.61205 -8.341351 -0.5994187 -0.555923 0.681816
20 26.21303 1.922499 -0.5241471 5.711554 5.434032 7.972033 -4.02873 -1.297942 -0.4882602 0.4477086
21 27.63587 2.374583 -0.479852 4.649989 2.307496 5.191325 -3.697482 -1.323476 -0.2959383 0.3356515
22 26.95318 2.160026 -0.5456372 5.773633 3.37544 5.147221 -4.550238 -1.982156 -0.3416759 0.4427611
23 27.66127 1.985811 -0.5386854 8.332269 2.190655 16.52434 -11.09683 -2.801071 -0.7779642 1.014539
24 26.57205 2.123551 -0.5535139 6.864861 1.703003 6.856165 -23.59095 2.702915 -1.621809 1.866663
25 27.23389 2.169099 -0.561423 7.181014 0.02240955 5.20106 -25.51862 -4.988834 -2.490078 2.716781
26 27.28831 1.943034 -0.5128277 6.980202 3.744074e-06 126.0081 -30.50173 1.82635 -3.097459 3.135788
27 27.78272 1.970795 -0.5090247 5.675567 0.7702083 178.2156 -25.4097 -4.528416 -2.208705 2.597762
28 28.129 2.052731 -0.4819462 6.570181 2.759411 16.95445 -11.79045 0.2675457 -0.941974 1.093225
29 25.64324 1.935729 -0.61381 7.991539 1.897696 60.36911 -10.79265 -1.54468 -0.8036424 0.9640878
30 28.18096 2.188283 -0.450389 7.17931 1.836448e-07 5.741015 -6.677443 -1.565778 -0.7042672 0.7384475
31 26.4691 1.941893 -0.4595591 5.661261 6.909446 4.665051 -5.86908 -0.6230395 -0.4189999 0.5322801
32 26.14203 1.891457 -0.5042148 6.983611 1.341845 7.644614 -3.791041 -0.06679194 -0.2444027 0.2755226
33 26.78818 1.966716 -0.5212544 4.342697 1.269133 6.14903 -4.568421 -0.6060129 -0.3000308 0.372094
34 26.40004 1.857034 -0.5017611 3.692238 0.7009492 9.420058 -2.742832 -1.244455 -0.204445 0.2169435
35 28.19618 1.878457 -0.4425752 6.774421 3.041151 21.23855 -13.46435 -4.180795 -1.123522 1.306468
36 26.61777 2.082838 -0.5482049 3.676246 1.846633 5.313564 -3.919908 -0.2963823 -0.3041302 0.3327191
37 26.09276 1.976002 -0.5826285 5.903876 0.7537782 9.008568 -5.309604 -0.3116427 -0.330987 0.4238649
38 25.62027 1.753258 -0.4686903 4.225915 2.720702 3.664865 -5.260531 -0.1303167 -0.5042748 0.5581761
39 27.05374 2.082826 -0.5006473 6.58918 3.032631 200 -43.59047 -1.295314 -3.403149 4.025027
40 26.39945 2.186911 -0.5832083 6.955094 3.9939 5.959312 -14.88726 -2.554259 -0.9885379 1.271976
41 26.45042 1.879606 -0.4998603 6.750232 5.629715 34.93813 -27.71013 0.311161 -2.118827 2.459793
42 27.0805 2.149162 -0.5371997 3.35245 3.869005 4.030258 -3.570117 -0.284882 -0.4528742 0.4042778
43 27.27773 2.151401 -0.5350856 6.317705 2.939863 200 -7.500437 -1.355672 -0.6661299 0.7367873
44 26.00188 1.756227 -0.4897848 4.199315 4.189817 3.764181 -4.390118 -1.485643 -0.365272 0.4391414
45 26.03292 1.854857 -0.4990134 4.580687 6.457176 15.8919 -7.641515 -2.522718 -0.6790238 0.8028347
46 26.62547 1.99051 -0.5169499 4.897773 3.822468 5.122389 -3.530086 -1.362122 -0.3658484 0.382839
47 28.43091 1.780834 -0.4188291 3.436375 1.321907 3.108989 -6.473424 -0.3542519 -0.5475187 0.6379395
48 26.43718 1.890231 -0.5255307 5.884087 0.601805 5.118422 -5.424404 -1.380246 -0.2715574 0.3943581
49 25.82675 1.806872 -0.5166561 6.968575 1.197706 6.973983 -26.61853 -2.683766 -1.756444 2.285331
50 25.53402 2.048701 -0.4752563 4.050566 0.7578599 6.472315 -7.692005 -0.9353662 -0.8698616 0.9451008
51 27.32989 1.889805 -0.4710202 5.717991 5.88023 6.584079 -13.26211 -4.121419 -1.530781 1.57699
52 27.84704 2.08755 -0.5724161 6.226161 0.2913203 118.1019 -7.135133 -1.851929 -0.8189345 0.8484577
53 26.41758 1.892548 -0.5389918 3.655972 1.770417 5.873663 -5.043122 -1.574475 -0.2679838 0.4115805
54 26.86673 1.994026 -0.5159168 4.298414 1.967942 7.124191 -7.785342 -1.218377 -0.6880817 0.8112693
55 26.75096 1.800317 -0.448489 3.98282 1.597316 3.454923 -5.84153 0.5777851 -0.5572853 0.576744
56 26.90269 1.835273 -0.5205635 5.159169 2.469949 17.2584 -21.85822 -1.352212 -1.883756 2.22932
57 25.48629 1.573662 -0.4556667 4.803018 9.739954 3.175007 -9.153793 -1.194519 -0.7018356 0.8813911
58 27.39968 2.111487 -0.4772295 7.624485 2.090014 11.03146 -5.364599 -0.1822101 -0.49929 0.4949164
59 26.44099 1.790531 -0.4625708 5.229406 2.311213 34.38433 -3.565045 -0.313545 -0.2597135 0.2570048
60 26.82672 1.974882 -0.5509219 5.397891 2.297116 18.43527 -5.788994 0.1065113 -0.454728 0.4887558
61 26.5678 2.129526 -0.57376 6.984368 2.31519 12.79995 -23.31187 2.882577 -1.689403 1.907164
62 26.49369 2.201127 -0.5514105 6.023719 3.529818 11.98293 -7.916002 -0.6195608 -0.6247609 0.7156446
63 27.41764 2.030977 -0.4974781 4.94755 2.310472 5.631094 -13.12045 -2.114122 -1.042746 1.261305
64 27.05601 1.656378 -0.449299 8.162081 2.222562 11.15682 -32.15018 2.530929 -1.878887 2.451974
65 27.90891 1.878422 -0.401608 3.191894 6.488932 2.953838 -3.662817 -1.361971 -0.3773225 0.3926947
66 26.97899 1.97854 -0.4947568 5.697578 2.708636 13.44581 -5.933375 -1.242969 -0.5152455 0.5993365
67 26.6363 2.050709 -0.5009064 5.923477 6.15878 12.21037 -30.34513 -11.2176 -2.401539 3.090563
68 23.51915 1.292324 -0.4481758 7.326756 6.956004 3.854943 -31.75687 0.5258076 -3.111624 3.471875
69 27.04355 1.960409 -0.4917279 7.314633 9.166756 200 -22.50421 -2.145709 -1.917892 2.160608
70 25.45171 1.926206 -0.538818 7.333454 6.863183 38.88991 -11.57353 -5.236388 -1.059224 1.273517
71 26.68804 1.801657 -0.477252 3.740612 1.305106 3.090237 -7.108136 1.014394 -0.4825539 0.587016
72 25.33463 1.883402 -0.5689139 4.645227 1.901667 6.253131 -6.248701 -0.7859675 -0.5739718 0.6293467
73 24.74463 1.951276 -0.6009111 4.323006 8.630451 137.4065 -5.518144 -1.710334 -0.4736106 0.5500474
74 26.25363 1.765435 -0.5052289 3.680765 1.244036 3.886227 -5.258786 -0.3100245 -0.3465423 0.4022715
75 23.95337 1.478672 -0.4297743 8.27772 19.01873 4.503106 -13.62625 0.5451754 -1.234249 1.370222
76 29.20092 2.048118 -0.4383465 7.884337 0.559155 148.2485 -11.61902 0.6415369 -0.9797044 1.109567
77 27.23584 1.759528 -0.4558949 6.225796 4.722796 8.910177 -9.266315 -0.8228608 -0.6734425 0.7935573
78 26.60093 1.930403 -0.5814451 6.57439 9.520041 3.513718 -5.451384 -0.1576101 -0.3647586 0.4286344
79 27.07107 2.111646 -0.5126576 8.275434 4.115549 6.248447 -26.4073 -1.149051 -1.979151 2.371688
80 25.45616 1.515581 -0.5488657 5.182077 2.791259 4.305178 -27.82576 -8.668947 -1.780456 2.652237
81 25.44863 1.907202 -0.5320498 5.251066 1.670666 193.2853 -4.533959 -0.8663156 -0.4647697 0.4974733
82 25.96739 1.766762 -0.5037438 4.754404 25.58431 2.51753 -14.79395 1.193936 -1.310681 1.473278
83 27.40523 2.019097 -0.4698238 4.296708 1.071799e-07 5.876034 -2.684805 -0.7220911 -0.2419292 0.2270272
84 26.80018 2.114477 -0.5293021 2.921784 1.234656 2 -3.770884 -0.1428138 -0.2438131 0.2837483
85 26.17379 2.127051 -0.5139433 5.26683 1.16359 13.476 -3.570944 -0.4557086 -0.3366759 0.3626416
86 27.49148 2.051788 -0.495129 4.83819 0.4055183 3.295266 -8.495369 0.3269649 -0.8721788 0.9008922
87 27.05295 2.014297 -0.5217585 9.580096 0.1524499 27.9191 -29.56829 -1.969901 -1.937418 2.405875
88 26.34619 2.071789 -0.4967906 4.930868 1.170809 9.015032 -4.256987 -1.653452 -0.396581 0.4349145
89 26.80543 1.960494 -0.4858597 3.824803 2.417461 4.945101 -3.501163 -0.8231419 -0.3228778 0.3364398
90 25.77936 1.755564 -0.4511372 4.045985 4.476971 4.803845 -12.77075 -1.119623 -1.206558 1.403003
91 26.11738 1.930262 -0.5099317 6.74409 27.33315 8.465021 -40.16388 1.540571 -3.069476 3.491101
92 27.91378 2.251119 -0.4873902 3.955332 1.265359 3.182324 -4.573286 -1.007118 -0.4057532 0.4561127
93 25.61618 1.995262 -0.5735168 5.36974 0.6825755 4.122528 -9.419867 0.1134002 -0.8587112 0.9408747
94 26.28148 1.80613 -0.4511694 6.241364 7.390277 12.09628 -32.37977 2.746552 -2.497319 2.949469
95 27.45145 1.851959 -0.4715424 5.612345 1.989206 200 -14.73052 -1.216436 -0.8994768 1.221814
96 27.15003 1.915657 -0.4138989 6.534342 14.65394 7.576299 -48.46693 -2.045036 -3.952719 4.6545
97 26.61944 1.829036 -0.5159348 4.56127 0.9482697 3.845399 -4.816189 -0.09526322 -0.268976 0.3447365
98 26.33371 1.909983 -0.5143268 4.437324 1.94966 10.50093 -13.39369 -1.68697 -1.135551 1.312926
99 23.69641 1.735013 -0.5024462 6.397351 13.4056 24.38516 -59.651 2.797639 -4.580928 5.634475
100 27.38715 1.709873 -0.453397 7.867884 3.514721 8.045779 -12.72446 -2.700753 -1.012068 1.273505
