1 103.6433 114.5715 115.4438 107.1814 114.7473 109.5248
2 110.9144 129.6567 124.484 108.5088 123.2514 125.9951
3 113.107 119.067 112.0091 117.7741 117.778 112.5604
4 99.88018 93.45389 89.12033 105.4944 91.849 88.40936
5 135.406 144.6346 148.3183 129.3521 139.8622 146.4373
6 123.4111 115.4894 110.2958 121.3737 114.1178 108.6204
7 136.8718 151.7449 151.9023 150.8922 159.9783 153.3595
8 64.05959 82.41622 80.0859 61.64497 82.93598 75.20336
9 94.94756 94.01688 94.35496 115.0515 96.02728 92.79012
10 113.093 121.8573 115.7188 106.6448 114.9476 115.2418
11 107.0504 129.9734 127.8116 110.819 130.508 131.3314
12 122.0672 101.2756 102.9013 123.7883 106.5851 105.1768
13 95.06368 108.6334 98.86599 98.43977 104.7458 102.4008
14 106.6653 102.27 92.987 102.3895 106.9494 95.4017
15 110.6686 98.55911 101.0785 112.9916 102.2491 100.545
16 148.8085 118.3573 121.0476 155.9362 119.9705 116.9941
17 97.7363 107.5024 107.9186 116.0937 111.3723 113.9897
18 161.6298 153.086 150.2975 162.0635 155.6893 148.3655
19 180.8783 171.4751 179.4542 165.7314 177.7485 178.0178
20 204.195 205.7765 218.9995 201.1754 205.312 230.1804
21 138.4612 119.4388 121.4938 136.399 120.8685 117.3281
22 108.1277 115.6917 113.0121 100.1707 114.4371 111.8933
23 119.1898 96.22303 98.03119 121.3087 104.9382 98.52328
24 195.5963 195.516 184.2673 188.5725 191.5908 181.0592
25 96.83405 101.5457 102.3466 99.25924 104.3326 105.4024
26 123.8666 123.8537 123.0667 124.0057 111.6896 122.8485
27 108.0416 97.56587 103.6853 109.1631 100.4553 102.7369
28 139.0951 115.3216 125.5191 139.0616 115.5447 119.7293
29 110.4712 132.4519 134.904 111.036 128.1665 136.1219
30 152.703 117.1715 114.402 155.8359 116.775 122.94
31 98.11711 99.59517 104.2759 87.98648 98.7443 99.71421
32 111.4756 118.4457 113.1267 110.0298 116.4181 112.9873
33 101.9926 108.9621 104.3075 123.3433 103.4526 101.8566
34 144.1379 152.5652 153.3872 149.6727 145.8396 152.4414
35 205.0664 161.4989 173.6669 202.2086 164.8938 165.3949
36 115.3972 121.7328 120.1665 116.6532 127.8191 123.2467
37 97.00328 114.4121 115.2067 102.5332 112.4987 114.4289
38 91.16597 108.1212 101.4995 92.93446 107.6763 106.8786
39 128.4925 109.5374 111.105 136.7323 109.8938 108.3962
40 131.7326 131.0763 134.219 139.0936 128.6391 135.8725
41 107.919 123.176 119.0505 116.6679 120.852 118.8918
42 114.8616 126.2393 117.3719 123.9188 121.6972 113.4594
43 173.228 162.5155 155.3875 158.2758 165.1444 157.6748
44 112.9234 121.0593 118.2481 126.3248 120.1682 114.3813
45 105.8005 121.601 113.1725 104.2791 116.0662 111.0697
46 121.2629 129.8955 137.1179 114.4642 129.4032 135.5395
47 115.4123 114.5052 111.7086 119.3572 117.0071 112.9783
48 125.8881 121.43 131.3947 123.5481 123.6506 131.0328
49 128.3784 146.5431 151.4668 129.5099 145.0119 156.7062
50 75.67488 84.69541 86.66854 78.44938 82.67483 86.08764
51 135.6262 126.479 114.1053 133.7725 124.6514 119.3267
52 97.97361 98.80653 100.2667 99.73534 95.22353 101.8557
53 97.47502 96.66719 97.20392 103.4867 98.44323 97.42455
54 87.52463 90.73452 88.31322 89.13101 88.32343 86.96107
55 133.2398 113.2977 116.3932 128.3088 118.4257 116.4327
56 95.42059 92.54883 102.9776 97.98591 93.99665 95.2039
57 91.40623 117.0362 113.9277 149.8135 113.2556 118.6256
58 159.8485 148.609 137.3702 168.805 149.8401 137.3832
59 195.2927 211.31 192.6029 206.8249 203.9747 189.4811
60 154.0971 161.0769 151.0512 159.666 153.0349 144.6789
61 156.6888 145.5499 143.0451 159.7031 143.62 145.7817
62 143.0361 137.2395 139.2135 147.0629 141.6176 133.542
63 103.545 108.2178 105.2763 109.8096 105.6295 102.4413
64 128.4594 123.1245 123.0517 125.5839 122.6034 122.7469
65 170.2293 147.0939 147.3401 209.6817 144.9307 150.9245
66 99.37673 98.17066 101.1592 106.9442 100.7915 102.337
67 126.3666 123.0841 120.2335 126.0705 121.7269 118.4635
68 49.5097 85.94251 79.18056 66.87223 89.3896 87.94878
69 111.7799 117.8166 117.3788 112.913 111.9994 114.0415
70 140.5057 139.8124 127.3849 122.0688 138.9884 130.8929
71 107.4834 112.2037 120.8322 109.181 114.9646 124.0216
72 123.2912 138.5526 154.4953 119.9717 151.9476 163.3716
73 115.8615 153.8856 142.0059 117.0109 146.0123 141.676
74 146.9679 161.4625 155.49 164.57 156.133 157.6268
75 127.6914 132.3745 122.048 117.6984 138.5502 141.4819
76 105.8076 88.18751 84.86035 107.8849 87.0605 83.34204
77 160.2783 162.817 155.4043 169.8171 161.392 156.321
78 108.1795 104.2637 105.0203 141.0634 108.3876 105.5732
79 121.3877 111.4587 105.0916 112.1734 112.8177 111.0279
80 80.87651 120.3286 116.7305 103.6914 117.3263 118.4697
81 91.75703 114.0361 103.627 95.68691 111.4528 104.4716
82 99.10157 108.8003 117.7881 108.3236 110.466 112.9949
83 168.8723 153.8158 145.4719 167.4735 149.8926 138.6688
84 93.99031 110.7884 97.97767 104.6682 107.9872 99.31794
85 110.2839 123.7735 119.3098 106.9846 117.641 117.9315
86 105.7119 106.5002 98.28719 111.9047 99.9751 99.53008
87 134.4888 119.1532 127.1712 132.1748 123.0016 123.3412
88 149.1659 149.9344 148.1139 147.209 150.7717 150.5163
89 131.7622 137.2547 127.6597 132.0866 129.8692 126.0983
90 115.4391 126.1343 132.6617 128.9934 131.8338 134.6171
91 135.115 131.476 133.5455 129.1961 131.4524 136.2578
92 119.6026 115.4642 118.257 116.1283 118.9554 122.1403
93 88.91934 104.483 108.778 95.91145 104.0796 109.788
94 102.9236 110.8586 103.3405 100.1963 112.3984 105.9189
95 153.9786 147.1701 151.5593 154.2879 143.8477 153.315
96 116.697 101.9797 112.1409 120.0168 103.2229 106.5253
97 113.603 117.2105 115.7158 121.1923 111.5645 112.7948
98 153.3905 184.6261 172.4171 150.3704 170.9055 171.2565
99 63.02281 79.03698 84.11926 65.13107 84.82118 90.42193
100 95.52236 105.9281 97.97671 90.8852 102.455 101.0291
