1 4214.926 4228.291 4230.732 4276.572 4289.329 4288.059
2 4013.882 4043.71 4041.338 4127.707 4149.6 4168.656
3 4351.559 4379.243 4370.4 4421.052 4458.49 4450.46
4 4388.636 4399.44 4402.824 4425.388 4438.134 4432.154
5 4207.474 4248.657 4239.013 4330.323 4348.722 4341.251
6 4219.102 4254.804 4233.799 4267.647 4315.419 4294.767
7 4069.804 4105.969 4127.41 4182.431 4211.263 4222.491
8 4220.647 4249.584 4248.167 4286.929 4320.129 4313.171
9 4197.978 4242.129 4229.868 4280.503 4311.483 4309.097
10 4443.549 4489.569 4465.501 4517.823 4544.864 4532.369
11 4087.814 4145.777 4128.969 4162.104 4199.047 4180.763
12 3937.156 3971.419 3985.362 4010.23 4029.83 4040.802
13 3876.562 3958.22 3936.869 4008.921 4059.808 4045.546
14 4385.505 4408.788 4406.121 4459.098 4479.771 4478.663
15 4215.958 4251.179 4256.609 4295.667 4320.908 4328.23
16 4151.785 4194.597 4190.367 4224.354 4260.666 4266.879
17 4366.272 4389.09 4390.273 4488.38 4510.107 4511.186
18 4318.19 4331.864 4325.167 4459.351 4493.463 4470.526
19 3915.317 3968.114 3959.307 3989.637 4027.224 4023.778
20 4298.758 4348.734 4341.543 4368.993 4418.78 4409.89
21 4223.816 4249.008 4250.262 4251.082 4276.878 4279.172
22 4234.306 4255.617 4239.572 4299.7 4323.163 4313.925
23 4409.382 4412.054 4419.824 4487.149 4497.461 4497.932
24 4365.6 4392.039 4380.042 4458.339 4469.29 4472.638
25 3861.175 3906.304 3915.902 3977.721 4013.799 4016.809
26 4164.008 4191.185 4176.695 4216.989 4241.399 4236.59
27 4281.561 4305.727 4288.468 4377.051 4406.584 4375.37
28 4041.389 4078.556 4075.089 4145.206 4167.573 4171.002
29 4379.435 4385.939 4376.203 4449.61 4457.933 4445.951
30 4049.342 4082.573 4105.467 4256.948 4293.727 4304.199
31 4270.052 4296.566 4298.493 4361.743 4401.338 4401.646
32 4307.356 4346.086 4359.308 4391.857 4390.816 4388.641
33 4082.08 4136.786 4119.694 4188.239 4225.513 4215.884
34 4319.177 4340.124 4344.197 4375.735 4404.862 4395.991
35 4237.49 4261.379 4257.616 4327.956 4348.587 4337.795
36 4220.322 4246.475 4252.253 4269.033 4304.84 4293.576
37 4189.811 4222.24 4214.865 4258.707 4285.468 4274.652
38 4175.784 4207.637 4203.58 4203.219 4242.793 4230.515
39 4291.566 4310.572 4287.625 4391.73 4430.809 4398.431
40 4084.453 4127.364 4126.916 4152.805 4188.343 4179.13
41 4449.143 4486.912 4483.615 4570.505 4592.891 4593.878
42 4329.8 4378.288 4353.56 4387.419 4418.078 4387.735
43 4096.492 4145.467 4128.325 4261.59 4309.235 4289.248
44 4102.588 4131.702 4133.685 4130.054 4165.607 4161.405
45 4490.416 4530.853 4516.321 4635.949 4674.698 4659.352
46 4202.074 4216.889 4212.39 4233.972 4257.922 4243.508
47 4240.412 4276.332 4247.411 4300.747 4341.679 4316.563
48 4219.11 4245.244 4251.17 4284.681 4281.305 4292.348
49 4225.768 4227.028 4215.958 4255.916 4265.579 4265.685
50 4063.149 4090.606 4090.148 4113.031 4142.255 4141.484
51 4158.721 4194.496 4177.586 4244.766 4255.492 4251.376
52 4086.21 4122.352 4117.141 4188.064 4189.801 4192.476
53 4225.748 4253.221 4251.936 4280.333 4309.654 4301.442
54 4400.146 4422.295 4424.85 4535.173 4558.114 4571.927
55 4335.758 4348.975 4346.078 4378.1 4409.471 4400.065
56 4435.57 4444.41 4414.002 4470.661 4521.583 4472.883
57 4289.537 4315.276 4301.423 4368.193 4375.246 4376.24
58 4177.771 4199.836 4188.885 4223.041 4243.665 4248.416
59 4284.488 4341.465 4321.815 4383.257 4413.646 4397.226
60 4172.987 4205.553 4185.559 4245.413 4280.983 4266.037
61 3850.044 3888.96 3884.841 3912.98 3965.549 3964.867
62 4537.372 4561.485 4552.965 4768.606 4784.113 4766.982
63 4301.093 4345.252 4341.586 4377.169 4417.126 4419.087
64 4240.093 4255.133 4258.744 4454.254 4464.049 4467.521
65 4271.353 4305.38 4308.946 4370.329 4390.163 4390.851
66 4225.655 4288.024 4251.29 4311.938 4350.971 4317.296
67 4395.785 4439.879 4428.005 4581.385 4602.278 4585.433
68 3990.463 4032.083 4037.595 4035.7 4053.888 4060.459
69 4274.557 4300.566 4302 4372.578 4387.957 4388.677
70 4119.575 4154.788 4166.344 4231.83 4265.592 4269.631
71 4014.557 4063 4047.275 4142.046 4189.779 4182.383
72 4039.877 4065.866 4076.854 4058.508 4085.766 4096.223
73 4286.493 4307.338 4287.983 4331.931 4362.434 4346.695
74 4247.946 4259.543 4258.548 4292.907 4313.438 4312.861
75 4063.49 4126.33 4130.587 4169.153 4196.942 4197.856
76 4264.586 4282.051 4276.926 4320.185 4341.226 4339.508
77 3886.881 3927.323 3922.542 3967.995 3994.651 4003.149
78 4285.195 4304.671 4323.437 4436.571 4463.998 4461.396
79 4440.691 4476.164 4469.768 4490.449 4524.422 4520.325
80 4281.833 4319.194 4309.114 4369.241 4416.781 4403.403
81 4248.374 4246.517 4261.022 4345.048 4359.895 4358.316
82 4360.523 4377.085 4373.756 4482.521 4512.526 4507.718
83 4209.508 4267.487 4249.359 4298.792 4344.539 4328.631
84 4191.422 4214.602 4199.194 4306.801 4341.335 4329.324
85 4066.509 4098.432 4082.057 4106.418 4155.672 4129.02
86 4156.301 4183.863 4167.579 4221.694 4249.967 4234.836
87 4093.082 4147.601 4143.825 4135.98 4173.209 4169.745
88 4145.229 4183.801 4178.856 4189.65 4234.472 4219.805
89 4227.29 4271.755 4267.004 4302.526 4330.817 4340.542
90 4182.928 4219.354 4196.997 4267.499 4300.553 4275.094
91 3857.243 3916.304 3888.281 3932.156 3986.156 3967.286
92 4435.259 4495.543 4461.688 4573.558 4615.181 4596.794
93 4212.259 4268.575 4278.703 4351.868 4398.169 4409.88
94 4231.989 4249.204 4257.663 4312.041 4333.227 4326.375
95 4102.754 4162.35 4141.839 4222.375 4270.579 4250.737
96 4404.722 4445.422 4431.198 4521.373 4550.276 4546.013
97 4202.059 4239.228 4246.623 4310.806 4346.077 4348.793
98 4088.422 4124.347 4110.423 4159.724 4196.608 4174.422
99 3930.23 3980.856 3980.224 3982.566 4022.718 4016.069
100 4074.424 4118.686 4101.334 4158.543 4183.733 4174.442
