1 4240.978 4251.738 4248.968 4302.624 4312.775 4306.296
2 4039.934 4067.157 4059.574 4153.758 4173.046 4186.893
3 4377.611 4402.69 4388.636 4447.104 4481.937 4468.696
4 4414.688 4422.886 4421.06 4451.44 4461.58 4450.39
5 4233.526 4272.104 4257.249 4356.375 4372.169 4359.487
6 4245.153 4278.25 4252.035 4293.699 4338.866 4313.003
7 4095.856 4129.415 4145.646 4208.483 4234.709 4240.727
8 4246.699 4273.03 4266.403 4312.981 4343.576 4331.407
9 4224.03 4265.575 4248.104 4306.554 4334.93 4327.333
10 4469.601 4513.015 4483.737 4543.875 4568.311 4550.605
11 4113.866 4169.224 4147.205 4188.155 4222.493 4198.999
12 3963.208 3994.866 4003.598 4036.282 4053.277 4059.038
13 3902.614 3981.667 3955.105 4034.972 4083.255 4063.782
14 4411.557 4432.234 4424.357 4485.149 4503.218 4496.899
15 4242.01 4274.626 4274.845 4321.718 4344.354 4346.466
16 4177.837 4218.043 4208.604 4250.406 4284.113 4285.116
17 4392.324 4412.536 4408.509 4514.432 4533.554 4529.422
18 4344.241 4355.311 4343.403 4485.403 4516.91 4488.763
19 3941.369 3991.561 3977.544 4015.689 4050.67 4042.014
20 4324.809 4372.18 4359.779 4395.045 4442.227 4428.126
21 4249.868 4272.455 4268.498 4277.134 4300.324 4297.409
22 4260.358 4279.063 4257.808 4325.752 4346.609 4332.162
23 4435.434 4435.501 4438.06 4513.201 4520.907 4516.168
24 4391.652 4415.485 4398.278 4484.391 4492.737 4490.874
25 3887.227 3929.75 3934.138 4003.773 4037.246 4035.045
26 4190.059 4214.632 4194.931 4243.041 4264.846 4254.826
27 4307.612 4329.173 4306.704 4403.103 4430.031 4393.606
28 4067.441 4102.003 4093.325 4171.258 4191.019 4189.238
29 4405.487 4409.385 4394.44 4475.661 4481.38 4464.187
30 4075.394 4106.019 4123.703 4283 4317.173 4322.436
31 4296.104 4320.012 4316.729 4387.794 4424.784 4419.882
32 4333.408 4369.532 4377.544 4417.908 4414.263 4406.877
33 4108.132 4160.233 4137.93 4214.29 4248.96 4234.12
34 4345.229 4363.571 4362.433 4401.787 4428.309 4414.227
35 4263.542 4284.826 4275.852 4354.008 4372.034 4356.031
36 4246.374 4269.921 4270.489 4295.084 4328.287 4311.812
37 4215.862 4245.686 4233.101 4284.759 4308.914 4292.888
38 4201.836 4231.083 4221.816 4229.271 4266.24 4248.751
39 4317.617 4334.019 4305.861 4417.782 4454.256 4416.667
40 4110.504 4150.811 4145.152 4178.857 4211.79 4197.367
41 4475.195 4510.358 4501.851 4596.556 4616.338 4612.114
42 4355.852 4401.734 4371.796 4413.471 4441.524 4405.971
43 4122.544 4168.913 4146.561 4287.641 4332.682 4307.484
44 4128.64 4155.149 4151.921 4156.105 4189.054 4179.641
45 4516.468 4554.3 4534.557 4662.001 4698.144 4677.588
46 4228.126 4240.336 4230.626 4260.023 4281.368 4261.745
47 4266.463 4299.779 4265.647 4326.799 4365.126 4334.799
48 4245.162 4268.69 4269.406 4310.733 4304.751 4310.584
49 4251.82 4250.475 4234.194 4281.967 4289.025 4283.921
50 4089.201 4114.052 4108.385 4139.083 4165.701 4159.72
51 4184.773 4217.942 4195.822 4270.818 4278.939 4269.612
52 4112.262 4145.798 4135.377 4214.115 4213.248 4210.713
53 4251.8 4276.667 4270.172 4306.385 4333.1 4319.678
54 4426.198 4445.741 4443.086 4561.225 4581.561 4590.164
55 4361.81 4372.422 4364.314 4404.151 4432.918 4418.301
56 4461.622 4467.857 4432.238 4496.712 4545.029 4491.119
57 4315.588 4338.722 4319.659 4394.244 4398.692 4394.476
58 4203.822 4223.282 4207.121 4249.093 4267.111 4266.652
59 4310.54 4364.911 4340.051 4409.309 4437.092 4415.462
60 4199.039 4229 4203.795 4271.464 4304.429 4284.273
61 3876.096 3912.407 3903.077 3939.032 3988.995 3983.103
62 4563.424 4584.932 4571.201 4794.658 4807.559 4785.219
63 4327.144 4368.699 4359.822 4403.221 4440.573 4437.323
64 4266.145 4278.58 4276.98 4480.306 4487.495 4485.757
65 4297.404 4328.826 4327.182 4396.38 4413.61 4409.088
66 4251.707 4311.471 4269.526 4337.99 4374.417 4335.533
67 4421.836 4463.326 4446.241 4607.437 4625.725 4603.669
68 4016.515 4055.529 4055.831 4061.752 4077.334 4078.695
69 4300.609 4324.012 4320.237 4398.629 4411.404 4406.913
70 4145.627 4178.235 4184.58 4257.882 4289.038 4287.867
71 4040.609 4086.447 4065.511 4168.098 4213.226 4200.619
72 4065.929 4089.312 4095.09 4084.56 4109.213 4114.459
73 4312.545 4330.784 4306.219 4357.983 4385.88 4364.931
74 4273.998 4282.989 4276.784 4318.959 4336.885 4331.097
75 4089.542 4149.776 4148.823 4195.205 4220.389 4216.092
76 4290.638 4305.498 4295.162 4346.236 4364.673 4357.745
77 3912.933 3950.77 3940.778 3994.047 4018.098 4021.385
78 4311.247 4328.118 4341.673 4462.623 4487.445 4479.632
79 4466.743 4499.61 4488.004 4516.501 4547.868 4538.561
80 4307.885 4342.641 4327.35 4395.293 4440.227 4421.639
81 4274.425 4269.963 4279.258 4371.1 4383.342 4376.552
82 4386.574 4400.531 4391.992 4508.573 4535.972 4525.954
83 4235.56 4290.933 4267.595 4324.843 4367.985 4346.867
84 4217.474 4238.049 4217.43 4332.853 4364.782 4347.561
85 4092.561 4121.879 4100.294 4132.47 4179.119 4147.256
86 4182.353 4207.31 4185.815 4247.746 4273.414 4253.072
87 4119.133 4171.048 4162.061 4162.032 4196.655 4187.981
88 4171.281 4207.248 4197.092 4215.702 4257.919 4238.042
89 4253.342 4295.201 4285.24 4328.578 4354.264 4358.778
90 4208.98 4242.801 4215.233 4293.551 4324 4293.331
91 3883.295 3939.751 3906.517 3958.208 4009.603 3985.522
92 4461.311 4518.989 4479.924 4599.61 4638.627 4615.03
93 4238.311 4292.021 4296.939 4377.92 4421.615 4428.116
94 4258.041 4272.651 4275.9 4338.093 4356.673 4344.611
95 4128.806 4185.797 4160.076 4248.427 4294.026 4268.974
96 4430.773 4468.869 4449.435 4547.425 4573.723 4564.25
97 4228.111 4262.675 4264.86 4336.858 4369.524 4367.029
98 4114.474 4147.793 4128.659 4185.775 4220.054 4192.658
99 3956.281 4004.302 3998.46 4008.618 4046.165 4034.305
100 4100.476 4142.133 4119.57 4184.595 4207.18 4192.678
