1 0.26
2 0.3
3 0.22
4 0.17
5 0.25
6 0.27
7 0.35
8 0.24
9 0.27
10 0.19
11 0.31
12 0.32
13 0.37
14 0.21
15 0.29
16 0.27
17 0.21
18 0.25
19 0.32
20 0.2
21 0.23
22 0.23
23 0.2
24 0.21
25 0.36
26 0.26
27 0.24
28 0.26
29 0.23
30 0.32
31 0.24
32 0.21
33 0.29
34 0.21
35 0.28
36 0.24
37 0.27
38 0.27
39 0.24
40 0.29
41 0.21
42 0.23
43 0.25
44 0.26
45 0.21
46 0.24
47 0.25
48 0.22
49 0.28
50 0.28
51 0.23
52 0.31
53 0.29
54 0.25
55 0.21
56 0.24
57 0.26
58 0.28
59 0.25
60 0.29
61 0.35
62 0.19
63 0.26
64 0.29
65 0.24
66 0.3
67 0.19
68 0.26
69 0.21
70 0.26
71 0.34
72 0.26
73 0.22
74 0.21
75 0.28
76 0.22
77 0.33
78 0.23
79 0.22
80 0.26
81 0.21
82 0.22
83 0.28
84 0.27
85 0.3
86 0.27
87 0.31
88 0.23
89 0.24
90 0.27
91 0.36
92 0.25
93 0.23
94 0.3
95 0.28
96 0.21
97 0.24
98 0.24
99 0.36
100 0.32
