1 1000 1000 1000 1000 1000 387
2 1000 1000 116 1000 1000 1000
3 1000 1000 970 1000 1000 1000
4 1000 1000 1000 1000 1000 1000
5 1000 1000 1000 1000 1000 511
6 1000 1000 1000 1000 1000 209
7 1000 1000 769 1000 1000 543
8 1000 1000 1000 1000 1000 1000
9 1000 1000 1000 1000 1000 453
10 1000 1000 1000 1000 1000 672
11 1000 1000 304 1000 1000 876
12 1000 1000 293 1000 1000 293
13 1000 1000 394 1000 1000 1000
14 1000 1000 1000 1000 1000 1000
15 1000 1000 588 1000 1000 587
16 1000 1000 984 1000 1000 1000
17 1000 1000 1000 1000 1000 1000
18 1000 1000 1000 1000 1000 355
19 1000 1000 1000 1000 1000 1000
20 1000 1000 1000 1000 1000 1000
21 1000 1000 649 1000 1000 1000
22 1000 1000 1000 1000 1000 1000
23 1000 1000 1000 1000 1000 1000
24 1000 1000 1000 1000 1000 1000
25 1000 1000 571 1000 1000 1000
26 1000 1000 1000 1000 1000 1000
27 1000 1000 1000 1000 1000 895
28 1000 1000 679 1000 1000 569
29 1000 1000 1000 1000 1000 651
30 1000 1000 744 1000 1000 386
31 1000 1000 619 1000 1000 1000
32 1000 1000 1000 1000 1000 1000
33 1000 1000 1000 1000 1000 333
34 1000 1000 1000 1000 1000 1000
35 1000 1000 428 1000 1000 1000
36 1000 1000 1000 1000 1000 1000
37 1000 1000 1000 1000 1000 1000
38 1000 1000 911 1000 1000 99
39 1000 1000 875 1000 1000 1000
40 1000 1000 1000 1000 1000 587
41 1000 1000 1000 1000 1000 1000
42 1000 1000 1000 1000 1000 1000
43 1000 1000 1000 1000 1000 1000
44 1000 1000 828 1000 1000 585
45 1000 1000 1000 1000 1000 278
46 1000 1000 513 1000 1000 623
47 1000 1000 1000 1000 1000 1000
48 1000 1000 1000 1000 1000 1000
49 1000 1000 532 1000 1000 202
50 1000 1000 408 1000 1000 404
51 1000 1000 932 1000 1000 771
52 1000 1000 1000 1000 1000 1000
53 1000 1000 1000 1000 1000 758
54 1000 1000 600 1000 1000 1000
55 1000 1000 1000 1000 1000 1000
56 1000 1000 1000 1000 271 885
57 1000 1000 825 1000 1000 303
58 1000 1000 1000 1000 1000 1000
59 1000 1000 174 1000 1000 855
60 1000 1000 1000 1000 1000 277
61 1000 1000 710 1000 1000 128
62 1000 1000 976 1000 1000 1000
63 1000 1000 34 1000 1000 936
64 1000 1000 1000 1000 1000 1000
65 1000 1000 1000 1000 1000 1000
66 1000 1000 1000 1000 1000 1000
67 1000 1000 1000 1000 1000 1000
68 1000 1000 1000 1000 1000 1000
69 1000 1000 1000 1000 1000 1000
70 1000 1000 562 1000 1000 1000
71 1000 1000 1000 1000 1000 295
72 1000 1000 442 1000 1000 1000
73 1000 1000 81 1000 1000 1000
74 1000 1000 1000 1000 1000 1000
75 1000 1000 981 1000 1000 1000
76 1000 1000 1000 1000 1000 1000
77 1000 1000 537 1000 1000 1000
78 1000 1000 1000 1000 1000 1000
79 1000 1000 1000 1000 1000 1000
80 1000 1000 1000 1000 1000 799
81 1000 1000 1000 1000 1000 1000
82 1000 1000 693 1000 1000 1000
83 1000 1000 844 1000 1000 106
84 1000 1000 674 1000 1000 1000
85 1000 1000 798 1000 1000 1000
86 1000 1000 1000 1000 1000 276
87 1000 1000 1000 1000 1000 652
88 1000 1000 1000 1000 1000 1000
89 1000 1000 1000 1000 1000 1000
90 1000 1000 1000 1000 1000 976
91 1000 1000 946 1000 1000 1000
92 1000 1000 1000 1000 1000 883
93 1000 1000 1000 1000 1000 1000
94 1000 1000 491 1000 1000 343
95 1000 1000 701 1000 1000 1000
96 1000 1000 281 1000 1000 701
97 1000 1000 1000 1000 1000 1000
98 1000 1000 1000 1000 1000 1000
99 1000 1000 651 1000 1000 1000
100 1000 1000 886 1000 1000 548
