1 -2097.463 -2105.146 -2108.366 -2128.286 -2135.664 -2137.03
2 -1996.941 -2012.855 -2013.669 -2053.853 -2065.8 -2077.328
3 -2165.78 -2180.622 -2178.2 -2200.526 -2220.245 -2218.23
4 -2184.318 -2190.72 -2194.412 -2202.694 -2210.067 -2209.077
5 -2093.737 -2115.329 -2112.506 -2155.162 -2165.361 -2163.626
6 -2099.551 -2118.402 -2109.899 -2123.824 -2148.71 -2140.384
7 -2024.902 -2043.984 -2056.705 -2081.216 -2096.631 -2104.246
8 -2100.323 -2115.792 -2117.083 -2133.465 -2151.065 -2149.586
9 -2088.989 -2112.064 -2107.934 -2130.251 -2146.741 -2147.548
10 -2211.775 -2235.784 -2225.75 -2248.912 -2263.432 -2259.185
11 -2033.907 -2063.889 -2057.485 -2071.052 -2090.523 -2083.382
12 -1958.578 -1976.71 -1985.681 -1995.115 -2005.915 -2013.401
13 -1928.281 -1970.11 -1961.434 -1994.46 -2020.904 -2015.773
14 -2182.753 -2195.394 -2196.06 -2219.549 -2230.886 -2232.331
15 -2097.979 -2116.59 -2121.304 -2137.833 -2151.454 -2157.115
16 -2065.893 -2088.298 -2088.184 -2102.177 -2121.333 -2126.44
17 -2173.136 -2185.545 -2188.137 -2234.19 -2246.054 -2248.593
18 -2149.095 -2156.932 -2155.583 -2219.676 -2237.732 -2228.263
19 -1947.659 -1975.057 -1972.654 -1984.819 -2004.612 -2004.889
20 -2139.379 -2165.367 -2163.772 -2174.496 -2200.39 -2197.945
21 -2101.908 -2115.504 -2118.131 -2115.541 -2129.439 -2132.586
22 -2107.153 -2118.808 -2112.786 -2139.85 -2152.581 -2149.963
23 -2194.691 -2197.027 -2202.912 -2233.575 -2239.73 -2241.966
24 -2172.8 -2187.019 -2183.021 -2219.169 -2225.645 -2229.319
25 -1920.587 -1944.152 -1950.951 -1978.861 -1997.9 -2001.404
26 -2072.004 -2086.593 -2081.348 -2098.494 -2111.7 -2111.295
27 -2130.78 -2143.863 -2137.234 -2178.526 -2194.292 -2180.685
28 -2010.694 -2030.278 -2030.545 -2062.603 -2074.786 -2078.501
29 -2179.718 -2183.969 -2181.102 -2214.805 -2219.967 -2215.975
30 -2014.671 -2032.286 -2045.733 -2118.474 -2137.863 -2145.1
31 -2125.026 -2139.283 -2142.246 -2170.871 -2191.669 -2193.823
32 -2143.678 -2164.043 -2172.654 -2185.928 -2186.408 -2187.32
33 -2031.04 -2059.393 -2052.847 -2084.119 -2103.757 -2100.942
34 -2149.589 -2161.062 -2165.098 -2177.868 -2193.431 -2190.995
35 -2108.745 -2121.689 -2121.808 -2153.978 -2165.294 -2161.898
36 -2100.161 -2114.237 -2119.127 -2124.516 -2143.42 -2139.788
37 -2084.905 -2102.12 -2100.432 -2119.354 -2133.734 -2130.326
38 -2077.892 -2094.818 -2094.79 -2091.61 -2112.397 -2108.257
39 -2135.783 -2146.286 -2136.813 -2185.865 -2206.405 -2192.215
40 -2032.226 -2054.682 -2056.458 -2066.402 -2085.172 -2082.565
41 -2214.571 -2234.456 -2234.807 -2275.252 -2287.446 -2289.939
42 -2154.9 -2180.144 -2169.78 -2183.709 -2200.039 -2186.868
43 -2038.246 -2063.733 -2057.162 -2120.795 -2145.618 -2137.624
44 -2041.294 -2056.851 -2059.842 -2055.027 -2073.804 -2073.702
45 -2235.208 -2256.427 -2251.16 -2307.975 -2328.349 -2322.676
46 -2091.037 -2099.445 -2099.195 -2106.986 -2119.961 -2114.754
47 -2110.206 -2129.166 -2116.705 -2140.373 -2161.84 -2151.281
48 -2099.555 -2113.622 -2118.585 -2132.341 -2131.652 -2139.174
49 -2102.884 -2104.514 -2100.979 -2117.958 -2123.789 -2125.842
50 -2021.575 -2036.303 -2038.074 -2046.516 -2062.127 -2063.742
51 -2069.361 -2088.248 -2081.793 -2112.383 -2118.746 -2118.688
52 -2033.105 -2052.176 -2051.57 -2084.032 -2085.901 -2089.238
53 -2102.874 -2117.61 -2118.968 -2130.166 -2145.827 -2143.721
54 -2190.073 -2202.147 -2205.425 -2257.587 -2270.057 -2278.964
55 -2157.879 -2165.488 -2166.039 -2179.05 -2195.736 -2193.033
56 -2207.785 -2213.205 -2200.001 -2225.33 -2251.791 -2229.442
57 -2134.768 -2148.638 -2143.712 -2174.096 -2178.623 -2181.12
58 -2078.885 -2090.918 -2087.442 -2101.521 -2112.832 -2117.208
59 -2132.244 -2161.732 -2153.908 -2181.629 -2197.823 -2191.613
60 -2076.494 -2093.776 -2085.78 -2112.706 -2131.491 -2126.019
61 -1915.022 -1935.48 -1935.421 -1946.49 -1973.774 -1975.433
62 -2258.686 -2271.743 -2269.483 -2374.303 -2383.056 -2376.491
63 -2140.546 -2163.626 -2163.793 -2178.585 -2199.563 -2202.544
64 -2110.047 -2118.567 -2122.372 -2217.127 -2223.024 -2226.76
65 -2125.676 -2143.69 -2147.473 -2175.164 -2186.082 -2188.426
66 -2102.828 -2135.012 -2118.645 -2145.969 -2166.485 -2151.648
67 -2187.892 -2210.94 -2207.003 -2280.693 -2292.139 -2285.717
68 -1985.232 -2007.041 -2011.797 -2007.85 -2017.944 -2023.229
69 -2127.279 -2141.283 -2144 -2176.289 -2184.979 -2187.339
70 -2049.788 -2068.394 -2076.172 -2105.915 -2123.796 -2127.815
71 -1997.279 -2022.5 -2016.637 -2061.023 -2085.89 -2084.192
72 -2009.939 -2023.933 -2031.427 -2019.254 -2033.883 -2041.111
73 -2133.247 -2144.669 -2136.991 -2155.966 -2172.217 -2166.348
74 -2113.973 -2120.771 -2122.274 -2136.453 -2147.719 -2149.43
75 -2021.745 -2054.165 -2058.293 -2074.576 -2089.471 -2091.928
76 -2122.293 -2132.026 -2131.463 -2150.092 -2161.613 -2162.754
77 -1933.441 -1954.662 -1954.271 -1973.997 -1988.326 -1994.575
78 -2132.597 -2143.336 -2154.719 -2208.286 -2222.999 -2223.698
79 -2210.346 -2229.082 -2227.884 -2235.225 -2253.211 -2253.162
80 -2130.917 -2150.597 -2147.557 -2174.621 -2199.39 -2194.701
81 -2114.187 -2114.258 -2123.511 -2162.524 -2170.948 -2172.158
82 -2170.261 -2179.542 -2179.878 -2231.261 -2247.263 -2246.859
83 -2094.754 -2124.743 -2117.68 -2139.396 -2163.269 -2157.316
84 -2085.711 -2098.301 -2092.597 -2143.401 -2161.668 -2157.662
85 -2023.255 -2040.216 -2034.029 -2043.209 -2068.836 -2057.51
86 -2068.151 -2082.932 -2076.79 -2100.847 -2115.984 -2110.418
87 -2036.541 -2064.801 -2064.913 -2057.99 -2077.604 -2077.872
88 -2062.615 -2082.901 -2082.428 -2084.825 -2108.236 -2102.903
89 -2103.645 -2126.877 -2126.502 -2141.263 -2156.409 -2163.271
90 -2081.464 -2100.677 -2091.499 -2123.749 -2141.277 -2130.547
91 -1918.622 -1949.152 -1937.14 -1956.078 -1984.078 -1976.643
92 -2207.63 -2238.771 -2223.844 -2276.779 -2298.59 -2291.397
93 -2096.129 -2125.287 -2132.351 -2165.934 -2190.084 -2197.94
94 -2105.994 -2115.602 -2121.832 -2146.02 -2157.613 -2156.187
95 -2041.377 -2072.175 -2063.92 -2101.188 -2126.29 -2118.369
96 -2192.361 -2213.711 -2208.599 -2250.687 -2266.138 -2266.007
97 -2091.03 -2110.614 -2116.312 -2145.403 -2164.039 -2167.396
98 -2034.211 -2053.173 -2048.211 -2069.862 -2089.304 -2080.211
99 -1955.115 -1981.428 -1983.112 -1981.283 -2002.359 -2001.034
100 -2027.212 -2050.343 -2043.667 -2069.272 -2082.867 -2080.221
