1 112.8389 108.2045 111.5287 113.4189 108.4594 113.0553
2 95.32859 94.93586 95.7604 96.10165 95.83331 96.33603
3 138.2882 132.5694 133.262 136.2886 132.506 134.7783
4 181.0613 179.7233 177.0675 181.1927 180.9882 177.7606
5 119.2099 110.4094 115.2885 118.278 109.1649 113.5996
6 109.5523 98.88742 105.3852 109.8855 99.68957 104.7565
7 77.17475 80.47823 80.32595 76.96025 80.14306 80.14681
8 124.5603 114.0301 125.5381 125.1134 113.4479 122.8553
9 101.7001 105.4757 101.3318 101.4462 106.315 101.2343
10 160.7977 154.6876 161.2081 162.816 155.4116 162.2203
11 89.93452 88.54678 92.15357 93.1043 88.86934 91.9368
12 85.86852 85.87545 82.787 85.05226 84.80648 82.61215
13 72.65664 70.67737 74.19652 73.13527 69.70965 73.6455
14 143.9569 138.6549 141.9159 143.8601 139.986 145.3275
15 95.39407 95.93424 97.87358 97.0934 95.88823 98.24877
16 104.7446 100.5601 101.9851 105.9771 101.1201 102.2852
17 142.2449 145.7362 144.502 143.2992 145.407 144.9359
18 120.0917 117.7431 118.1921 120.7243 117.3727 118.9725
19 82.42585 80.3678 81.1041 83.49952 79.86402 81.53473
20 149.6111 151.5546 138.1751 152.5701 149.5934 139.5535
21 130.775 124.057 122.1302 130.427 123.9016 122.2583
22 134.8961 125.5512 126.887 135.1273 125.2501 126.3498
23 149.6683 152.3174 148.9794 150.2807 153.9258 150.836
24 145.2407 137.8109 141.1541 145.6593 137.7984 140.4091
25 77.42307 74.05156 73.78138 77.27209 74.02584 74.78439
26 118.1105 109.8907 108.3487 116.9757 108.866 106.5938
27 126.6386 124.717 120.0325 124.9446 126.7441 118.9897
28 116.2455 109.2792 112.2548 118.5401 111.5411 111.4377
29 130.2952 131.1898 133.0016 129.5966 130.0671 133.4434
30 83.86953 86.69397 87.1869 85.07761 86.38173 87.41209
31 125.5298 124.8613 115.9688 126.0801 123.5132 116.7206
32 140.2325 133.6321 133.9058 138.7786 131.7521 134.9922
33 101.1448 95.126 92.83636 102.0634 95.99955 92.98792
34 149.1931 147.3955 145.2784 147.453 146.2963 144.6141
35 102.594 98.68459 102.6817 103.1609 97.9188 103.1426
36 124.842 126.4295 122.3045 124.5173 125.574 121.4425
37 109.4533 106.7452 98.26315 110.0624 106.138 99.34626
38 104.3478 109.0702 101.9928 106.6325 107.9626 101.9652
39 126.2297 125.1689 120.6154 125.6071 123.7747 119.4458
40 97.51921 99.69568 98.7483 99.89327 98.9298 99.04459
41 146.9413 141.1704 141.0236 146.7711 141.8129 142.347
42 134.1882 125.4991 129.9024 133.6561 125.7705 129.7449
43 115.5671 114.2839 108.4045 116.7365 116.3487 109.1819
44 113.9355 114.233 112.2957 113.2227 113.212 113.0973
45 150.8769 139.1376 146.2031 153.139 141.1433 146.7048
46 122.6699 118.9523 123.7411 123.6456 118.2153 124.7696
47 119.292 117.6328 114.3389 119.0586 117.0712 113.3475
48 135.7522 137.452 132.9242 135.0923 135.5352 131.9113
49 107.5113 103.7861 103.3946 108.9768 103.4223 104.055
50 101.9241 95.946 102.5448 100.4416 96.51243 102.3947
51 130.0002 121.6697 126.3044 129.6178 122.7196 126.3902
52 92.38128 86.14263 86.17161 92.1997 86.47556 85.34287
53 98.3488 99.82164 100.5702 98.86218 99.47427 100.1428
54 120.3555 117.0939 110.0846 121.4085 117.3257 110.1544
55 148.3866 146.7725 137.2033 149.7644 146.2905 137.34
56 123.3351 116.7964 117.2405 124.0886 117.297 116.9618
57 112.8515 111.6387 111.5384 113.804 112.6133 112.0589
58 106.1074 102.5337 103.4845 104.3865 102.5629 105.5369
59 121.9234 111.8828 120.2199 123.151 111.6922 119.1621
60 101.779 100.2183 99.52801 103.4685 99.04852 99.53244
61 75.32356 78.03362 76.09048 75.0903 77.13682 76.41907
62 170.3317 153.7166 153.8356 169.5753 153.6843 152.695
63 116.9998 105.7994 113.2591 115.6797 106.4431 112.0814
64 100.4164 98.22167 100.8031 99.16018 99.17941 102.3672
65 119.5597 114.8091 118.6025 119.6906 114.5654 117.8581
66 98.10093 98.64321 96.8507 99.10626 99.45723 95.96868
67 163.4546 162.0415 158.5358 163.1588 162.3061 158.6859
68 108.5021 100.4193 102.6156 107.1232 100.8732 102.9079
69 138.9543 140.7267 133.8752 137.7959 140.4467 133.0059
70 113.6941 110.1845 104.6794 112.8907 110.4019 104.8291
71 85.33701 81.03072 79.22454 85.05869 81.18694 78.65916
72 105.5087 108.4786 109.4351 105.9623 107.1707 110.1847
73 129.7508 126.3058 129.3825 131.5834 127.728 129.8984
74 144.6738 131.289 138.2107 147.5051 131.4964 136.5982
75 106.6953 102.2159 99.97052 107.6341 103.149 100.1442
76 139.0718 134.2241 129.0391 138.1872 134.7756 127.487
77 81.51696 83.90536 79.92179 81.90276 83.62653 79.78863
78 132.6573 124.5576 120.0684 133.375 123.6645 120.729
79 140.4954 134.4927 134.3119 141.3362 135.4655 133.6782
80 107.9059 104.9207 106.7774 110.306 105.929 106.8811
81 148.1797 145.5454 140.2346 148.3205 146.3245 141.8365
82 138.9825 127.9732 131.347 140.3437 129.7024 130.387
83 105.2948 97.66107 96.05851 105.9359 96.79748 97.01575
84 115.2779 108.4542 101.6869 113.9621 107.413 100.5412
85 93.92575 88.40863 96.9265 94.4066 87.85434 96.27154
86 108.3831 102.584 100.7884 109.8284 101.1609 101.8052
87 91.14071 85.01008 88.41748 90.77147 84.89011 89.45069
88 134.2896 117.4788 124.6146 130.5391 118.7568 125.0289
89 126.5323 126.0836 125.6487 126.2844 126.0519 124.8551
90 110.6564 104.1437 105.6172 108.8393 103.6189 106.1561
91 72.70723 75.72425 73.18453 73.35394 76.31574 74.15751
92 119.6155 117.7541 121.6913 116.9956 118.0034 123.3287
93 128.97 124.0245 125.0411 128.6028 123.9647 125.0967
94 99.15286 89.94354 93.92151 98.53557 89.67758 93.76085
95 101.1331 96.71793 99.18536 100.0092 96.85255 98.08456
96 138.8686 142.2558 144.8298 140.1746 143.1605 144.4704
97 129.2196 122.9772 124.9371 129.8011 122.0057 124.882
98 121.6299 113.347 119.6723 123.6383 113.9216 119.6792
99 78.64666 78.35971 73.01786 77.7518 77.86786 73.678
100 90.44611 86.48742 83.56541 91.17125 87.40421 83.95293
