1 7.955502 7.966061 7.959214 8.059573 7.992441 8.124523
2 6.396935 6.417133 6.440091 6.439325 6.472036 6.475508
3 9.270638 9.067311 9.122402 9.122809 9.076613 9.221256
4 11.44779 11.46671 11.39991 11.42629 11.53213 11.44581
5 8.541465 8.248626 8.470999 8.621513 8.150822 8.419002
6 7.813166 7.535018 7.777078 7.802142 7.657004 7.771702
7 6.752713 7.009472 7.00644 6.665775 6.990933 7.024829
8 8.191381 7.801444 8.239162 8.223826 7.823133 8.063083
9 8.11448 8.470562 8.316398 8.106191 8.422573 8.346069
10 11.00743 10.93495 11.18175 11.18744 10.9379 11.22204
11 5.898988 5.968324 6.09784 6.102557 5.98766 6.079466
12 5.77835 5.802691 5.692508 5.699025 5.7493 5.700605
13 5.374108 5.421089 5.531941 5.515055 5.348405 5.471794
14 11.66468 11.70254 11.64726 11.53583 11.79458 11.85855
15 6.837706 6.941164 7.014927 6.927896 6.960674 7.049004
16 9.491282 9.747257 9.648205 9.707727 9.84553 9.694695
17 9.622838 9.894973 9.810193 9.644598 9.889972 9.829623
18 8.071074 7.928747 7.958838 8.111777 7.913449 8.008997
19 6.974919 7.013693 7.218894 7.055492 7.068162 7.032269
20 9.800459 9.950036 9.726089 9.962533 9.830213 9.858295
21 8.482946 8.247058 8.165024 8.448353 8.260827 8.177757
22 8.726929 8.361115 8.434299 8.759546 8.354297 8.419801
23 11.7664 11.99458 11.83044 11.84608 12.02861 11.99966
24 9.848752 9.597711 9.809223 9.824316 9.645005 9.786264
25 5.358964 5.214385 5.206273 5.289424 5.221562 5.242687
26 7.720728 7.359934 7.293302 7.5768 7.278486 7.14856
27 8.211265 8.119525 8.20928 8.09468 8.26154 8.137503
28 7.361853 7.053401 7.200242 7.484071 7.204175 7.181847
29 8.594312 8.779675 8.810837 8.572787 8.693658 8.8258
30 5.782636 6.030497 6.054573 5.850722 6.030364 6.040924
31 9.976917 10.0389 9.287381 9.950752 9.900978 9.442685
32 9.453704 9.311765 9.285796 9.399038 9.198343 9.363008
33 7.38411 7.254239 7.126717 7.406487 7.303463 7.152697
34 11.70844 11.69116 11.67238 11.5247 11.61542 11.65231
35 6.954261 7.013286 7.16001 7.011309 6.957827 7.155173
36 8.176321 8.257431 8.135594 8.133252 8.237978 8.066021
37 8.866648 8.732366 8.283953 8.674776 8.70719 8.401982
38 7.141492 7.429282 7.171129 7.277166 7.363516 7.154322
39 8.27142 8.221586 8.07072 8.212427 8.154368 7.995522
40 7.726834 7.881806 7.902822 7.997343 7.896653 7.837965
41 12.65406 12.70749 12.60231 12.87896 12.91575 12.67516
42 8.799907 8.489566 8.650704 8.782255 8.48027 8.599711
43 7.642427 7.657769 7.48068 7.720542 7.794098 7.524242
44 7.940144 8.190113 7.86818 7.87358 8.016611 7.984504
45 9.946759 9.560073 9.835916 10.07492 9.693055 9.865747
46 8.403279 8.374144 8.522443 8.46244 8.37429 8.581686
47 7.908702 7.874802 7.745772 7.881486 7.863346 7.685534
48 8.76315 8.883883 8.657181 8.744404 8.738388 8.615917
49 6.986637 6.848285 6.857077 7.07794 6.839947 6.874444
50 7.299112 7.251908 7.513003 7.215546 7.297666 7.485944
51 8.695542 8.46595 8.599178 8.644993 8.490525 8.607521
52 6.279924 6.120775 6.117898 6.270999 6.123297 6.077766
53 6.329122 6.404533 6.467033 6.341674 6.386547 6.412082
54 9.873253 10.00131 9.515818 9.977093 9.881383 9.568298
55 9.592074 9.505818 9.176134 9.69478 9.463322 9.18935
56 8.209767 7.992431 8.045835 8.26874 8.058391 8.017002
57 7.667035 7.68062 7.732008 7.706757 7.722758 7.776112
58 6.86114 6.74657 6.697765 6.745192 6.738592 6.834027
59 7.976949 7.59874 7.868876 8.061125 7.583387 7.805949
60 7.115061 7.169377 7.157252 7.193372 7.107741 7.122338
61 5.134598 5.304554 5.193299 5.106572 5.271221 5.222457
62 11.30666 10.6435 10.67238 11.22381 10.65076 10.58218
63 7.447028 6.998953 7.257709 7.364712 7.019369 7.186838
64 6.54631 6.436707 6.50299 6.460782 6.491069 6.577442
65 7.996794 8.005452 8.093106 8.036601 7.967082 8.038331
66 6.326049 6.362735 6.317628 6.362811 6.410944 6.242918
67 11.88145 11.81698 11.7963 11.89387 11.84987 11.76884
68 7.491261 7.178318 7.294279 7.392669 7.232785 7.301806
69 9.622861 9.937797 9.676409 9.560286 9.902662 9.633595
70 7.593672 7.535173 7.380674 7.566988 7.554499 7.386879
71 5.903787 5.784314 5.730872 5.875658 5.792735 5.694477
72 6.952209 7.265394 7.195946 6.982869 7.185544 7.242125
73 8.965578 9.039959 9.156828 9.027456 9.17053 9.197714
74 9.355771 8.916008 9.161262 9.538902 8.931003 9.10122
75 7.272028 7.135677 7.090496 7.343558 7.190855 7.110966
76 8.970417 8.779486 8.625445 8.895962 8.797671 8.525117
77 5.770102 5.986321 5.868639 5.816691 5.986671 5.878013
78 8.881719 8.577053 8.381666 8.892344 8.550438 8.438198
79 9.552406 9.440888 9.431547 9.595138 9.454733 9.368255
80 8.856509 9.072307 9.182876 9.115399 8.884309 9.104391
81 9.627504 9.508072 9.386991 9.632979 9.574274 9.461295
82 8.863418 8.480539 8.6442 8.948396 8.608816 8.57653
83 6.91576 6.659888 6.536889 6.951599 6.597964 6.615701
84 8.281998 7.853591 7.646134 7.989518 7.743923 7.472442
85 6.132554 5.920557 6.238037 6.124977 5.908412 6.199298
86 6.887812 6.728571 6.620281 6.973824 6.634537 6.692854
87 6.107416 5.93295 6.038622 6.074065 5.928865 6.102676
88 8.459349 7.729067 7.992649 8.233531 7.808577 8.045529
89 8.82607 8.939099 8.861616 8.806696 8.835426 8.796677
90 23.05722 22.88991 21.63462 22.81548 22.06058 22.0346
91 5.093915 5.295282 5.204132 5.140941 5.329066 5.262887
92 8.008706 8.028451 8.087495 7.820019 8.02818 8.202031
93 9.334021 9.151192 9.218148 9.290064 9.248146 9.293324
94 6.416136 6.064066 6.188401 6.387878 6.04177 6.165344
95 6.809145 6.712918 6.878834 6.718333 6.718684 6.775691
96 9.292458 9.517532 9.621338 9.388535 9.571382 9.589699
97 8.415514 8.18707 8.223741 8.472663 8.113163 8.226526
98 7.814895 7.563793 7.811147 7.918586 7.605328 7.798247
99 5.291176 5.299878 5.104802 5.239029 5.273386 5.151559
100 5.903997 5.682633 5.591812 5.937629 5.739621 5.623997
