1 26.43775 1.932033 -0.5445169 4.493619 2.89873 6.13234 -2.001519 -1.663059 -0.04587856
2 26.75606 1.999192 -0.5118261 4.336531 2.373859 4.586756 -2.556124 -1.093698 -0.03612593
3 26.4084 1.974744 -0.5293737 5.185392 3.03013 5.724382 -2.708373 0.1927887 -0.02637194
4 26.41292 1.943605 -0.5164649 4.771519 1.792076 9.426669 -2.2896 -0.6547111 -0.07308225
5 26.29749 1.774668 -0.5340816 4.902373 1.973499 5.678353 -1.625552 -2.000127 -0.1048953
6 25.86975 1.979191 -0.5493391 5.42158 2.554467 6.823806 -1.774474 -2.889419 -0.06533541
7 26.51103 1.953721 -0.5105532 5.277656 2.676906 4.298429 -1.987538 -0.5787866 -0.07035575
8 26.36528 1.823064 -0.5426693 4.473932 1.553374 4.296255 -2.616992 -1.982472 -0.03440185
9 25.84515 1.901578 -0.529978 4.802085 2.092429 5.980553 -1.849545 -2.512886 -0.06666236
10 26.17732 1.859068 -0.5268861 4.988946 1.504473 5.979168 -3.148162 -1.004959 -0.06799142
11 26.33673 2.050396 -0.5415725 5.39544 1.585637 6.455911 -2.30157 -1.399965 -0.08178143
12 26.39643 2.057855 -0.545748 4.820387 1.590265 6.296903 -2.679381 -0.600684 -0.04879975
13 26.19187 1.933148 -0.5413002 5.001048 1.695008 3.837259 -1.905483 -0.1706283 -0.02006283
14 26.37894 1.962875 -0.5197988 5.287216 1.814039 6.300328 -3.400192 -0.6188734 -0.01472394
15 26.2678 1.997219 -0.5470377 5.865865 2.553319 6.02906 -2.489006 -1.251481 -0.00583854
16 25.99352 2.071968 -0.5593296 5.676474 3.797744 5.878633 -2.286079 -0.6772689 -0.02646976
17 26.52204 2.010584 -0.521319 5.093965 1.35698 5.247317 -3.330973 0.08024558 -0.03471103
18 26.53624 1.956378 -0.5029925 4.672486 2.666983 4.245713 -2.465519 -1.705613 -0.09299937
19 25.79718 2.035768 -0.5744062 4.84208 3.075138 5.983711 -1.937984 -0.2669669 -0.156197
20 26.97661 1.941142 -0.502893 5.02004 2.209033 6.274155 -3.545894 0.5384281 -0.002246781
21 26.50073 1.958081 -0.5340134 5.161633 2.331774 10.02351 -3.119706 -0.4324589 -0.02567161
22 26.37515 2.041988 -0.5269352 4.566794 2.161812 5.569789 -2.792513 -0.9402667 -0.07974975
23 26.62532 2.04141 -0.5129632 4.583766 3.121648 5.151394 -2.786863 -0.6741238 -0.07045459
24 26.14162 1.976523 -0.5474406 5.007339 2.805698 6.290295 -3.539227 -0.1360514 -0.01720754
25 26.75395 2.011145 -0.5247407 4.595518 1.981144 4.496385 -1.946249 -0.2407149 -0.05702833
26 26.52423 1.95258 -0.5247366 4.535979 2.849295 5.939324 -2.454572 -2.673326 -0.02404113
27 26.76133 1.953478 -0.5009316 4.652435 1.315702 6.01922 -2.858922 0.1399775 -0.1055578
28 27.11434 1.807954 -0.4998624 4.155146 2.523004 5.907172 -1.69534 -1.316595 -0.1067761
29 26.54492 2.248088 -0.5491192 4.789272 2.264451 6.154838 -4.472923 -0.9912857 0.04491739
30 26.46076 2.110955 -0.548669 4.78311 2.318006 4.263021 -1.720555 -0.9128944 -0.07926442
31 26.63093 1.953548 -0.5128264 4.868543 2.224724 5.393483 -2.575199 -0.4199985 -0.00744296
32 25.74872 1.896707 -0.5512776 5.362512 2.858575 8.037883 -1.986439 -2.042249 -0.1081376
33 26.36681 1.899507 -0.5315451 4.621146 1.32811 4.688237 -1.679745 -2.328687 -0.08540866
34 27.07949 2.128973 -0.5114153 4.725905 3.084948 6.096536 -3.519658 0.5907129 -0.02481311
35 25.60647 2.152399 -0.5770073 4.905565 2.446338 5.935112 -2.633595 -0.491596 -0.06950467
36 26.74615 2.014213 -0.5087904 4.721788 2.366582 7.109665 -2.791237 -0.2783484 -0.003207918
37 26.54175 2.064761 -0.5211495 4.496235 2.992163 6.133425 -2.549586 -2.887857 -0.03217627
38 26.60632 1.950853 -0.5119043 5.1019 2.794481 8.060585 -2.3014 -1.725335 -0.07472463
39 26.8937 2.032372 -0.5036838 4.642997 2.514729 5.120611 -2.456634 -1.482868 -0.1024499
40 26.73223 2.085847 -0.5109615 4.77254 2.713582 6.345432 -1.822132 -2.260245 -0.08196467
41 26.21549 2.008435 -0.5371955 5.31114 1.976904 5.549218 -3.209174 -0.357414 -0.05049424
42 26.16155 1.983796 -0.5306999 5.223999 2.07289 7.569983 -4.346731 1.8911 -0.08721612
43 26.81176 2.025443 -0.5083637 4.018601 1.990675 4.378369 -2.270692 -0.8816109 -0.1252534
44 26.59877 2.043454 -0.5264102 4.413647 1.70432 6.890911 -2.556502 -0.07917979 -0.05462982
45 26.43213 1.995282 -0.5289982 5.180034 1.580946 4.359687 -2.564094 -0.9949207 -0.1038301
46 26.10283 1.973279 -0.5430572 4.845078 2.694008 7.873787 -2.546982 -0.5453372 -0.1092509
47 26.39158 2.059227 -0.5274814 4.650561 1.977062 6.074053 -2.833371 -0.3005087 -0.0984756
48 26.657 1.961618 -0.5106646 4.853736 2.530896 6.98802 -3.28217 -0.08323975 -0.02848661
49 26.69063 1.940038 -0.5046743 5.083886 2.022554 8.365716 -3.566368 -1.087662 0.008736514
50 25.97209 2.043992 -0.5555429 4.548167 2.684014 6.216499 -1.897309 -2.754706 -0.06522603
51 25.85682 1.863632 -0.5382436 4.402937 2.160104 5.459799 -3.338424 -0.5106708 -0.01149443
52 26.06208 1.991142 -0.552815 4.986893 1.649839 5.202478 -2.583272 -0.9407511 -0.05769006
53 26.81565 2.03781 -0.5206722 5.324793 2.451324 5.583591 -2.162844 -0.1869095 -0.08354559
54 26.41827 1.966008 -0.517978 5.551758 1.526187 4.424406 -3.054257 -1.414274 0.004779789
55 26.74803 1.977196 -0.4982134 4.918002 2.610734 7.071374 -3.330949 0.483234 -0.009373398
56 26.04256 1.995393 -0.5625796 5.253617 2.333734 6.149238 -3.883778 -2.583942 0.0284855
57 26.7479 1.976593 -0.5111759 5.370008 2.538736 7.512736 -2.082916 -1.640188 -0.03233431
58 26.82746 1.997127 -0.5257775 4.91073 1.757846 6.56915 -2.698463 -0.8385844 -0.0443219
59 26.32242 1.752554 -0.5205923 5.631483 2.701065 8.088407 -1.835581 -1.289306 -0.117981
60 26.62174 2.054982 -0.5275372 4.643764 1.795815 6.183345 -2.136853 -1.900519 -0.06663632
61 26.54713 1.917717 -0.523357 4.601775 1.786169 5.617401 -2.159396 -0.06312053 -0.03597413
62 26.48667 1.955405 -0.5339003 4.938069 2.584889 4.080853 -3.188444 0.4731758 -0.02592512
63 26.25432 1.785916 -0.5371936 5.735153 3.143834 5.84419 -2.689754 -1.173548 0.0008526752
64 26.33347 1.849901 -0.5188678 4.41061 1.835782 3.866615 -2.750551 -0.3546308 -0.02584898
65 25.97472 1.900999 -0.5509668 5.207366 2.628674 5.152731 -2.848312 -1.075972 -0.00684154
66 26.79632 1.9941 -0.5044666 5.140359 2.333288 7.562327 -3.328796 -0.1724867 0.04163051
67 26.6806 2.160783 -0.5289795 4.569812 2.033598 4.51295 -2.619932 0.2047249 -0.04281676
68 26.0356 1.842157 -0.5391707 5.011969 2.518414 11.215 -1.808818 -1.12724 -0.1024695
69 25.94058 2.21808 -0.5566411 4.648247 1.26006 5.218055 -3.314242 0.1499824 -0.04621179
70 26.52741 2.136492 -0.5264541 4.542305 2.73204 5.036228 -1.860755 -2.303972 -0.05193163
71 26.37558 1.920931 -0.5167522 4.504992 2.910039 4.977534 -2.266247 -0.8879055 -0.09853209
72 25.94094 1.939096 -0.5401246 4.563052 2.770097 9.738511 -2.787074 -0.3727853 -0.02257064
73 25.84822 1.98981 -0.5704328 4.69675 1.930748 7.188706 -2.794398 -2.503077 -0.03292482
74 25.82345 1.905827 -0.5345974 4.661745 2.527776 7.089949 -3.438068 0.02690965 -0.02241405
75 26.89621 2.001625 -0.5074272 4.98554 1.7778 5.557683 -1.828282 -2.30008 -0.08267543
76 26.60453 1.99464 -0.5097765 5.127572 2.132258 7.723041 -3.293883 -0.01763913 -0.01155579
77 26.4924 2.091141 -0.5159468 4.82298 2.494603 5.095948 -2.188814 -0.8803399 -0.09663075
78 26.32207 2.061591 -0.5436186 4.516543 2.168397 4.159745 -2.642046 -0.281604 -0.03624173
79 26.46351 2.199182 -0.542221 6.357754 1.589311 7.80355 -3.312526 0.03936943 -0.001495932
80 25.78357 1.903296 -0.5506831 5.689267 2.321288 5.05029 -3.045656 1.589859 -0.1285101
81 26.92206 1.945534 -0.5046236 4.240354 2.021465 5.961901 -3.380604 -0.08059149 -0.03788292
82 26.16232 1.884344 -0.5356811 4.859804 1.374661 4.583646 -3.284616 -0.03170689 -0.02037088
83 25.84471 1.808385 -0.5298559 5.396689 3.403365 6.181858 -1.802385 -1.656443 -0.1119286
84 26.88834 1.870261 -0.4843066 4.819711 1.936549 6.153598 -2.105002 -2.913079 -0.05661591
85 25.97665 1.798205 -0.5494158 4.478817 3.306902 7.718803 -1.731452 -1.909228 -0.0872539
86 26.375 1.912895 -0.5432854 4.643511 1.998403 6.221928 -2.652729 -2.82911 -0.02679656
87 25.82379 2.021365 -0.5623362 5.753062 2.180359 8.317672 -2.405272 -0.3136337 -0.06856723
88 26.11747 1.805072 -0.5352765 4.82046 1.987106 7.320009 -2.699703 -0.1245689 -0.0189548
89 26.9001 2.093537 -0.519132 5.053346 2.508559 6.148368 -2.389967 -0.6617569 -0.05805471
90 26.24398 1.894638 -0.5249828 5.115989 2.246575 6.844696 -1.664857 -3.155158 -0.06613202
91 26.25013 2.094524 -0.5320979 4.947498 1.150705 6.178172 -2.338207 0.4407281 -0.02351087
92 26.27972 1.978812 -0.5479956 4.823353 2.636009 3.96943 -2.825062 -2.815961 -0.02115127
93 26.40334 1.871896 -0.5348646 4.837426 2.316553 4.303527 -2.35643 -0.2340455 -0.04897256
94 26.04411 1.885886 -0.5275892 5.855489 1.890023 6.552437 -2.435547 -0.4236757 -0.03168085
95 25.74299 2.098041 -0.5610114 4.812739 2.394063 4.994531 -2.136116 -0.247071 -0.1362909
96 26.83361 1.85583 -0.5040327 5.125589 1.754554 4.625993 -2.989348 -0.3615176 -0.06869974
97 26.74206 2.033783 -0.5109212 4.83043 1.660843 5.276493 -2.495604 -0.9611882 -0.07607476
98 26.09286 1.848553 -0.5442108 4.29182 1.242792 5.86237 -2.349456 -2.343758 -0.07121534
99 26.50094 1.967828 -0.5013679 5.164042 1.978313 7.419387 -2.779628 0.3291605 -0.01440356
100 26.78599 1.793248 -0.4969906 4.624837 1.664938 6.011778 -2.969125 0.1141657 0.0003741006
