1 0.3218686 0.06161231 0.01939694 0.9118188 0.3184526 NaN NaN NaN
2 0.3266481 0.06682532 0.02011014 0.6490364 0.3934924 NaN NaN NaN
3 0.3327657 0.06822646 0.0209773 0.8112367 0.4042327 1.086575 NaN NaN
4 0.2773057 0.05817421 0.01809659 0.5053045 0.3009812 NaN NaN NaN
5 0.2983778 0.05916308 0.02201207 0.5719829 0.3929285 1.288028 0.9493489 0.08569369
6 0.3134462 0.07370063 0.02185319 0.6988179 0.3975975 NaN NaN NaN
7 0.3620534 0.07188793 0.022957 0.7162543 0.4876074 NaN NaN NaN
8 0.2881062 0.06109502 0.02140095 0.5275601 0.3766952 NaN NaN NaN
9 0.29829 0.06368734 0.02106672 0.5788608 0.3652634 NaN NaN NaN
10 0.2780923 0.06013345 0.0202544 0.4457308 0.3552884 0.4967089 NaN 0.01464092
11 0.3081517 0.07043791 0.02157885 0.581591 0.4096558 NaN NaN NaN
12 0.2962314 0.06622091 0.02040281 0.5492254 0.3645563 0.3636487 1.01062 0.05098134
13 0.3202881 0.0726553 0.02374669 0.6409504 0.4698252 NaN 0.3479589 0.004503151
14 0.3013231 0.07080397 0.02063317 0.6073849 0.380419 NaN NaN NaN
15 0.3425872 0.07636015 0.02293958 0.8613881 0.4498017 0.7893533 0.3926042 0.01234794
16 0.3481324 0.07819122 0.02247102 1.025926 0.4245266 0.4002256 1.048939 0.02203432
17 0.3008325 0.06997349 0.02084354 0.4863753 0.4101887 0.7117936 0.4700691 0.02772899
18 0.3830111 0.06431824 0.0211004 1.152183 0.4156618 0.5126254 2.049664 0.04662916
19 0.3183518 0.07045355 0.02218154 0.8031136 0.3847329 0.9404554 0.6189029 0.02731073
20 0.3198318 0.06076702 0.01916635 0.713708 0.3642557 NaN 0.4274631 0.0229255
21 0.2899487 0.06247365 0.01927881 0.590573 0.3345564 NaN NaN NaN
22 0.3126368 0.06108328 0.01973119 0.5945425 0.3568367 NaN NaN NaN
23 0.3204619 0.07086634 0.0194597 0.714526 0.3648756 0.5335089 NaN 0.01005685
24 0.2950376 0.07004899 0.02051232 0.6599748 0.3624103 NaN NaN NaN
25 0.3565032 0.06961985 0.02108023 0.8881036 0.4325762 NaN 0.4432685 0.01118121
26 0.3242937 0.06024725 0.01954458 0.7503175 0.3450987 NaN NaN NaN
27 0.2953373 0.06459994 0.01957385 0.3822771 0.3754311 0.6695848 0.5103105 0.02122009
28 0.3167112 0.05793425 0.01856352 0.7127485 0.3346403 NaN 0.4661735 0.01419799
29 0.3064261 0.07252926 0.01923641 0.730238 0.353595 NaN NaN NaN
30 0.3513642 0.08182589 0.02353699 1.130781 0.5093534 NaN NaN NaN
31 0.3301506 0.06398372 0.02029243 0.7645762 0.3829133 NaN NaN NaN
32 0.3071631 0.06181577 0.02136301 0.7846566 0.3604166 NaN NaN NaN
33 0.2963702 0.06402389 0.0209557 0.5320658 0.3828374 NaN NaN NaN
34 0.3291856 0.06328766 0.01834021 0.7679727 0.3482252 NaN NaN NaN
35 0.3068757 0.07722803 0.02185417 0.6832328 0.3929257 0.5321711 0.4355947 0.01816391
36 0.3246423 0.05895664 0.01843269 0.7188752 0.3337787 NaN NaN NaN
37 0.3366155 0.06368173 0.01932354 0.8249448 0.3489846 0.5558239 0.2519287 0.01287408
38 0.323538 0.05973244 0.01925128 0.7080876 0.3464792 0.4848993 NaN NaN
39 0.3532585 0.06694079 0.01986424 0.8045418 0.3973589 0.5030232 0.7848072 0.02288568
40 0.3264613 0.06715505 0.01916994 0.7109764 0.3612629 NaN NaN NaN
41 0.3026171 0.06976494 0.02123076 0.631736 0.406418 0.5616293 NaN 0.02397917
42 0.3034376 0.06422854 0.01998555 0.5738304 0.3624539 0.2477302 NaN 0.01352709
43 0.32051 0.06577583 0.02017614 0.6036832 0.3877537 0.6310467 0.4995592 0.02362557
44 0.276885 0.06148117 0.01783313 0.512805 0.2996866 NaN NaN NaN
45 0.3135619 0.07447348 0.02197357 0.5659915 0.4506683 0.5090746 0.7509657 0.01655
46 0.2961515 0.06490464 0.02003912 0.6422511 0.338214 0.9937684 0.5353306 0.03807536
47 0.2994619 0.06394163 0.01973783 0.5083979 0.362383 0.5413746 0.4670339 0.01674527
48 0.3261487 0.05653404 0.01865555 0.80592 0.3258703 NaN 0.4565075 0.0234447
49 0.3293004 0.06041262 0.01902455 0.7707497 0.3446883 0.6717994 0.2057185 0.01856585
50 0.3077268 0.07307828 0.01989187 0.7677564 0.3365143 NaN NaN NaN
51 0.2938171 0.0588559 0.01968696 0.738733 0.3196164 NaN NaN NaN
52 0.3008703 0.06991512 0.02169234 0.5942395 0.3917202 NaN NaN NaN
53 0.3311161 0.0655483 0.02085319 0.6903844 0.4099421 NaN NaN NaN
54 0.3351504 0.07318222 0.02312332 0.5860881 0.4975293 NaN NaN NaN
55 0.3355298 0.05948487 0.01855001 0.7906296 0.3422641 NaN 0.5353545 0.03142248
56 0.3148516 0.06610296 0.02140001 0.7910655 0.3766631 0.5635605 NaN 0.01687951
57 0.3278703 0.06644371 0.02021367 0.6870598 0.3857273 NaN NaN NaN
58 0.2995595 0.06325342 0.01962408 0.5311557 0.3592486 0.5270613 0.6272173 0.01792494
59 0.3280202 0.0581303 0.02163285 0.7924219 0.3920763 NaN 0.3644002 0.009615429
60 0.3006395 0.06745514 0.01957645 0.5648581 0.3584742 NaN NaN NaN
61 0.3107978 0.06272058 0.02079108 0.5958723 0.3848902 NaN NaN NaN
62 0.347052 0.07323833 0.02313718 0.8082811 0.4844181 0.9688856 NaN 0.03485474
63 0.3454828 0.06294794 0.02245446 1.063935 0.420142 NaN NaN NaN
64 0.3369179 0.06585272 0.02329391 0.6447193 0.4758318 0.4811331 0.4582978 0.01593382
65 0.3172732 0.06714719 0.02281372 0.7645928 0.414015 NaN NaN NaN
66 0.340476 0.06202848 0.01930257 0.727859 0.3652255 0.8670969 0.5000799 0.0281135
67 0.3210301 0.07064297 0.01996328 0.7006366 0.3915582 NaN NaN NaN
68 0.2949599 0.05964967 0.02014323 0.6687986 0.3208947 NaN 0.3485328 NaN
69 0.272575 0.0752826 0.02048051 0.439974 0.3717347 0.5622296 0.5085251 0.02157656
70 0.3440171 0.06935293 0.01992446 0.9304752 0.3823071 NaN NaN NaN
71 0.3500351 0.06547662 0.02147757 0.7928135 0.4087659 NaN NaN NaN
72 0.302412 0.05849229 0.01859716 0.7700179 0.2895666 NaN NaN NaN
73 0.2635435 0.0671296 0.02014108 0.5285834 0.3249611 0.6099854 0.2265628 0.01632713
74 0.3013524 0.05996409 0.01998168 0.6551706 0.3342264 NaN 0.370786 NaN
75 0.3040764 0.06747376 0.01938822 0.5535164 0.3812094 0.4659995 NaN 0.02778066
76 0.3118751 0.06253842 0.01945142 0.5466431 0.3633604 NaN 0.4714527 NaN
77 0.3387575 0.0705389 0.0201829 0.7621682 0.3895008 NaN 0.469616 0.01522748
78 0.3211573 0.06879512 0.02173737 0.6744981 0.421805 NaN 0.1994775 0.02901767
79 0.3060367 0.07966781 0.02108486 0.5639835 0.4231981 NaN 0.4637755 NaN
80 0.325749 0.07818174 0.02362977 0.8029212 0.4561409 NaN NaN NaN
81 0.3033865 0.05854037 0.01841837 0.5362513 0.3350835 0.5152242 NaN 0.0387365
82 0.2841677 0.0680294 0.0222146 0.4512884 0.4184211 NaN 0.4279976 NaN
83 0.3657199 0.0619564 0.02283007 1.016099 0.4208621 NaN 0.4867016 0.02074901
84 0.3483066 0.06213963 0.02000056 0.7582956 0.3932463 0.6166882 0.2498232 0.01645581
85 0.3097021 0.05491251 0.0202633 0.7842159 0.3247107 NaN NaN NaN
86 0.3008156 0.05876745 0.02045603 0.6086193 0.3566188 0.6583316 0.3240217 0.01588365
87 0.3028883 0.0710833 0.02194209 0.6867798 0.3886885 0.6004895 0.4665845 0.02156771
88 0.2857244 0.0583839 0.02042105 0.544368 0.3430593 1.842142 0.5485804 0.05811144
89 0.3144605 0.06753663 0.01892542 0.6869839 0.3588785 NaN 0.3998941 0.007644524
90 0.3252332 0.06278334 0.02105286 0.6867323 0.3832312 NaN NaN NaN
91 0.3058746 0.07054496 0.02090545 0.5000294 0.3970507 0.8614262 0.3986951 0.0251027
92 0.3137828 0.07238537 0.02196622 0.7025265 0.4182406 0.4273913 NaN 0.01205462
93 0.3067124 0.06707746 0.02144613 0.6722194 0.4041815 1.079773 3.160254 0.1259923
94 0.3308969 0.07005685 0.02350815 0.6277818 0.4674486 0.4470365 0.675722 0.01963091
95 0.314035 0.07499175 0.02245391 0.6816079 0.4147919 0.6226847 0.4631023 0.02514823
96 0.3202332 0.06559386 0.02115485 0.6296473 0.4207521 0.5682042 0.5260421 0.02054484
97 0.3141898 0.06435739 0.01985122 0.592537 0.3843455 NaN 0.4351664 0.01277066
98 0.2591554 0.05679274 0.01974574 0.4023709 0.3203822 1.745144 0.8550526 0.05337014
99 0.329253 0.06447733 0.02042181 0.5108716 0.3948888 NaN NaN NaN
100 0.3182262 0.05740712 0.02034031 0.5471892 0.3713434 0.9377276 0.4380664 0.03030633
