1 0.2789184 0.05401679 0.01729849 0.6690637 0.3914682 1.34975 NaN NaN NaN
2 0.2930707 0.05534815 0.01682169 0.5756631 0.4380636 0.9041039 NaN NaN NaN
3 0.3036896 0.06011673 0.0185662 0.6966066 0.4821041 1.240102 0.9556924 NaN NaN
4 0.2618505 0.05384908 0.01698574 0.4334666 0.3742935 2.4969 NaN NaN NaN
5 0.2672151 0.05204562 0.01885242 0.51732 0.4444072 1.181235 0.4897444 0.4714353 0.03858046
6 0.2924607 0.06286659 0.01987022 0.6062158 0.4756985 1.582292 NaN NaN NaN
7 0.3213654 0.05958507 0.01914496 0.6603044 0.5263398 0.8192898 NaN NaN NaN
8 0.247472 0.05083806 0.01815413 0.4277997 0.4813661 0.9352039 NaN NaN NaN
9 0.2768543 0.05663542 0.01846819 0.5145478 0.4238413 1.261866 NaN NaN NaN
10 0.2525956 0.0538916 0.01819527 0.3897927 0.4423111 1.343829 0.4939803 NaN 0.014658
11 0.2804833 0.06465583 0.01934621 0.4659533 0.4999183 1.49821 NaN NaN NaN
12 0.2645547 0.06228473 0.01834988 0.439782 0.4343849 1.45111 0.3681066 1.016567 0.05045453
13 0.2767232 0.06048382 0.01991284 0.4939765 0.5241675 0.7323112 NaN 0.3396608 0.004472406
14 0.2786656 0.05857604 0.01859621 0.4795623 0.4551718 1.361759 NaN NaN NaN
15 0.2988604 0.06610944 0.0206945 0.6507341 0.5336413 1.331835 0.7414082 0.3754109 0.01033225
16 0.3141717 0.06896478 0.01990583 0.8937828 0.5003176 1.307062 0.3954634 0.9641694 0.02031782
17 0.2610014 0.0600826 0.01769203 0.383765 0.4610119 1.043866 0.7081002 0.4705527 0.02755502
18 0.2971482 0.05468461 0.01688072 0.6794897 0.4636423 0.8369868 0.5109419 1.959423 0.04522396
19 0.3033064 0.06446711 0.01999517 0.7466461 0.4572206 1.344577 0.9852847 0.6428078 0.02816497
20 0.2853983 0.05458491 0.01704427 0.5447949 0.4316727 1.36185 NaN 0.4250307 0.02405869
21 0.2788202 0.05768196 0.01822925 0.5484263 0.4157534 2.811385 NaN NaN NaN
22 0.2771943 0.05936475 0.0175382 0.5170554 0.4422346 1.243296 NaN NaN NaN
23 0.3003432 0.05767062 0.01678604 0.6756547 0.4302023 1.053507 0.5306801 NaN 0.009460549
24 0.2817922 0.05805285 0.01856788 0.6262795 0.4261006 1.348204 NaN NaN NaN
25 0.3033289 0.05834298 0.01817663 0.5218068 0.4747623 0.8954834 NaN 0.4471508 0.0112358
26 0.3037943 0.05518894 0.01741107 0.6287132 0.4307951 1.360647 NaN NaN NaN
27 0.2679528 0.05416046 0.01683526 0.3555913 0.4249403 1.27347 0.67804 0.5111245 0.02154701
28 0.2859717 0.04695814 0.01602629 0.5864881 0.3869725 1.301964 NaN 0.4741504 0.01409865
29 0.2680798 0.06527314 0.01702104 0.5541875 0.4206539 1.339314 NaN NaN NaN
30 0.2845476 0.06330437 0.01824022 0.5848586 0.4787538 0.8123286 NaN NaN NaN
31 0.2889984 0.0556271 0.01770147 0.5351076 0.4352389 1.068854 NaN NaN NaN
32 0.2834087 0.06063711 0.0197517 0.6553236 0.454949 2.163095 NaN NaN NaN
33 0.2544068 0.05481859 0.01795776 0.3831038 0.448037 0.9601101 NaN NaN NaN
34 0.3023885 0.05865572 0.01621017 0.6759583 0.4260171 1.372655 NaN NaN NaN
35 0.2741148 0.06811123 0.01889969 0.5900134 0.4471506 1.252873 0.5300616 0.435854 0.01801954
36 0.2867741 0.05600266 0.01669638 0.5667979 0.4078876 1.707619 NaN NaN NaN
37 0.3033013 0.05867404 0.016964 0.6622413 0.434562 1.449617 0.5589405 0.2555739 0.01294054
38 0.3047715 0.05702249 0.0178802 0.6468455 0.4306542 2.119002 0.4876185 NaN NaN
39 0.3029192 0.0565932 0.01675019 0.5993048 0.4473923 1.044841 0.5069965 0.7122058 0.02162751
40 0.3104789 0.05896862 0.01710462 0.6357582 0.4250673 1.429053 NaN NaN NaN
41 0.2703756 0.06125392 0.01878346 0.4966851 0.462144 1.10366 0.6040763 NaN 0.02081041
42 0.2791942 0.05968959 0.01863232 0.517237 0.4575853 1.910403 0.2436761 NaN 0.01347236
43 0.2723331 0.0540645 0.01613546 0.4893603 0.4011401 0.8394725 0.6126897 0.4908207 0.0230481
44 0.2561978 0.05592028 0.01647541 0.4304593 0.3815944 1.701742 NaN NaN NaN
45 0.258778 0.0593633 0.01816556 0.4361267 0.4900812 0.8135821 0.4944166 0.661185 0.0162458
46 0.2917201 0.05880043 0.01881553 0.6112546 0.4212267 2.034034 0.9158027 0.5171747 0.03527467
47 0.2762309 0.0594042 0.01725342 0.4862455 0.4302954 1.349995 0.5521702 0.4709844 0.01697612
48 0.2879892 0.05486367 0.01729146 0.6211487 0.4144653 1.684594 NaN 0.4507982 0.02302164
49 0.2925411 0.05570908 0.01758504 0.5106693 0.4194729 2.053885 0.6310405 0.1850821 0.01731422
50 0.2839074 0.06190554 0.01850176 0.6606021 0.4199666 1.487863 NaN NaN NaN
51 0.2583875 0.05313155 0.01773907 0.5332887 0.394273 1.171203 NaN NaN NaN
52 0.2630367 0.06170126 0.01942133 0.4628872 0.4690989 1.103788 NaN NaN NaN
53 0.3037086 0.06172575 0.01827836 0.6014687 0.5170181 1.305416 NaN NaN NaN
54 0.2858114 0.06083367 0.01919637 0.4304098 0.535624 0.8263741 NaN NaN NaN
55 0.3018725 0.05503454 0.01704246 0.6155179 0.4144671 1.619368 NaN 0.5203218 0.03268275
56 0.2732932 0.06225289 0.01968648 0.5868146 0.4652917 1.370517 0.8317335 0.2375772 0.02260653
57 0.3036966 0.05922775 0.01806246 0.6178092 0.4531583 1.717618 NaN NaN NaN
58 0.2723499 0.05822729 0.01780921 0.442463 0.4539355 1.611665 0.5278838 0.6408421 0.01822655
59 0.2944314 0.05481549 0.01954533 0.6557563 0.4519138 1.938376 NaN 0.3812947 0.009609947
60 0.26647 0.05798666 0.01708752 0.4584021 0.4127528 1.333194 NaN NaN NaN
61 0.2795225 0.05514019 0.01816531 0.4801349 0.4369069 1.216791 NaN NaN NaN
62 0.2811386 0.05729554 0.01805827 0.6146935 0.4852568 0.7324608 1.088029 NaN 0.04044679
63 0.3055611 0.05661589 0.02051414 0.7455986 0.4975882 1.2308 NaN NaN NaN
64 0.2696975 0.05110334 0.01765927 0.4835427 0.4732972 0.7238151 0.4797323 0.4594829 0.01593874
65 0.2855288 0.05960824 0.01953596 0.6249808 0.4872089 1.069434 NaN NaN NaN
66 0.3010156 0.05747776 0.01763016 0.551624 0.4230339 1.730211 0.9191227 0.4772738 0.03036854
67 0.2648573 0.06097643 0.01620269 0.4891853 0.4267728 0.841633 NaN NaN NaN
68 0.2840466 0.05505291 0.01934353 0.6136915 0.3911367 3.311195 NaN 0.3596769 NaN
69 0.2487044 0.06567594 0.01793266 0.3502138 0.4390214 1.077007 0.54203 0.5135764 0.02064409
70 0.2962023 0.0607077 0.0167779 0.6388611 0.4337221 1.040384 NaN NaN NaN
71 0.3012502 0.05558397 0.01774321 0.670954 0.4264121 0.9624467 NaN NaN NaN
72 0.2769105 0.05631435 0.01783698 0.6384912 0.3662968 2.895113 NaN NaN NaN
73 0.2472557 0.0581308 0.01842032 0.4642764 0.393581 1.689179 0.6089636 0.2263391 0.01630971
74 0.2807297 0.05507391 0.01808542 0.5722189 0.4122097 1.694703 NaN 0.3775087 NaN
75 0.2812088 0.05818211 0.01728992 0.5077075 0.4437517 1.186512 0.4644451 0.07562505 0.02783546
76 0.2892819 0.05753407 0.01778659 0.5046024 0.4282903 1.806631 NaN 0.4740326 NaN
77 0.3081885 0.06155098 0.01784549 0.6273222 0.4572773 1.059051 NaN 0.4769078 0.01601689
78 0.2616115 0.05941371 0.01695095 0.5194092 0.4509701 0.7762119 NaN 0.2727685 0.0291101
79 0.2814607 0.07326506 0.01963677 0.4487171 0.5172493 1.849911 NaN 0.457752 NaN
80 0.2923725 0.0632557 0.02089754 0.6129216 0.531606 1.044063 NaN NaN NaN
81 0.2692772 0.05076728 0.01573234 0.4673313 0.3760934 1.255368 0.5082564 NaN 0.03875809
82 0.2562289 0.0554014 0.01862352 0.3740072 0.4599548 0.8675132 NaN 0.4291824 NaN
83 0.3272435 0.05739251 0.02032843 0.7964223 0.4966144 1.374386 NaN 0.4956323 0.02186228
84 0.3033781 0.05240318 0.0173015 0.4856118 0.423452 1.251241 0.5751639 0.2358823 0.01484978
85 0.2954249 0.05192583 0.01853145 0.7167564 0.3789139 1.861101 NaN NaN NaN
86 0.2687754 0.05511997 0.01822204 0.4922805 0.4301339 1.426604 0.6602326 0.3262537 0.01591614
87 0.2840727 0.06687071 0.02107203 0.5715848 0.4789396 2.169477 0.5505841 0.4562648 0.01987223
88 0.2652887 0.05235987 0.01870696 0.4735447 0.4228197 1.794084 2.42311 0.5770421 0.07645822
89 0.2892811 0.06132851 0.01720791 0.5932647 0.4275276 1.323085 NaN 0.3848577 0.005389806
90 0.2855538 0.05800152 0.0186691 0.5350533 0.4352973 1.472569 NaN NaN NaN
91 0.275305 0.06319242 0.01862529 0.3798559 0.4577989 1.348075 0.846295 0.3921976 0.02460933
92 0.2744192 0.05845009 0.01800503 0.6193752 0.473149 0.7392285 0.4280294 NaN 0.01201784
93 0.2679132 0.05465285 0.01784771 0.5635666 0.4656046 0.8613193 NaN NaN NaN
94 0.2966648 0.0609822 0.02071027 0.5008082 0.52968 1.4314 0.4499171 0.6604555 0.01939913
95 0.2869118 0.0650061 0.01932983 0.5849942 0.4605005 0.9872611 0.5976884 0.4668114 0.02392219
96 0.2783794 0.05356258 0.01754398 0.4619146 0.4938216 0.9180478 0.5865237 0.5279772 0.02120978
97 0.2723729 0.05774826 0.01708753 0.4445039 0.4333175 1.056373 NaN 0.4320298 0.01234076
98 0.2307637 0.05091785 0.01766283 0.3449856 0.379089 1.268212 1.579251 0.7677349 0.04802065
99 0.313541 0.05845288 0.01834549 0.5124164 0.4633397 1.821674 NaN NaN NaN
100 0.2904165 0.05013072 0.01798549 0.4450312 0.4387322 1.328493 0.924827 0.4338494 0.03001026
