1 26.09761 1.974324 -0.5469193 6.073361 4.767607 -1.998891 -1.675219 -0.04593161
2 26.76997 2.041116 -0.5127814 7.210161 2.530561 -2.554688 -1.114503 -0.0362861
3 26.49335 1.988346 -0.5292945 7.753856 3.802197 -2.721528 0.2055446 -0.0260181
4 26.35219 1.957758 -0.5210351 5.998254 2.357344 -2.299629 -0.6665906 -0.07262712
5 26.14548 1.741598 -0.5321045 7.448559 2.276954 -1.631307 -2.106782 -0.1039124
6 25.82896 2.079479 -0.5576204 7.474949 3.129446 -1.79056 -2.886972 -0.06498528
7 26.33936 1.959062 -0.5082859 8.746582 2.732523 -1.972296 -0.6036531 -0.07339286
8 26.28646 1.832238 -0.5427509 7.184885 2.128637 -2.662497 -1.990798 -0.0315692
9 25.65971 1.904707 -0.5351389 6.903439 2.413111 -1.836746 -2.51741 -0.06790998
10 26.13834 1.853886 -0.5251132 7.035379 1.706083 -3.154045 -1.024185 -0.06667933
11 26.23126 2.03077 -0.5430857 7.508263 2.163352 -2.347093 -1.421699 -0.07941419
12 26.20219 2.028858 -0.5402686 6.611764 2.07674 -2.672981 -0.5647932 -0.04922756
13 26.06264 1.968961 -0.5487472 8.20953 1.986058 -1.889908 -0.1780514 -0.0213559
14 26.18739 2.082776 -0.5410079 7.410682 2.650077 -3.425181 -0.4864709 -0.01699652
15 26.07362 2.063612 -0.5512623 8.331072 3.845057 -2.49247 -1.251044 -0.006201563
16 25.76945 2.122995 -0.5579046 7.830359 4.707151 -2.25404 -0.705116 -0.02934838
17 26.49957 2.036051 -0.5227638 7.987075 1.712076 -3.331032 0.08111919 -0.03454701
18 26.27018 1.882772 -0.494435 7.843156 5.437308 -2.471194 -1.706259 -0.09244376
19 25.60916 2.007523 -0.5669075 6.903907 3.516769 -1.913438 -0.272048 -0.1567118
20 26.85165 1.938452 -0.5016626 6.983147 2.929539 -3.540118 0.5225402 -0.001785891
21 26.41647 1.99202 -0.5361543 6.404655 2.592979 -3.161089 -0.4461949 -0.02334767
22 26.45632 1.912231 -0.5115739 6.853156 2.730047 -2.795505 -0.9230449 -0.07926559
23 26.47027 2.159451 -0.5262701 7.14259 3.42766 -2.782315 -0.6885201 -0.06997432
24 26.00485 2.077389 -0.5564566 7.050828 3.003713 -3.535046 -0.2195228 -0.01595541
25 26.81779 2.032086 -0.5185182 7.524669 3.294179 -1.948073 -0.2348067 -0.05507078
26 26.36225 1.910391 -0.5155459 6.498114 3.517066 -2.444407 -2.698314 -0.02362348
27 26.74202 2.002931 -0.5062992 7.26861 1.211585 -2.864932 0.1396626 -0.1048006
28 27.00994 1.924308 -0.5100238 6.255484 3.127396 -1.740129 -1.271395 -0.1023377
29 26.53852 2.230792 -0.5478659 6.825728 3.283145 -4.486623 -0.9870554 0.04534748
30 26.23776 2.138665 -0.5535786 8.854615 3.573443 -1.708526 -0.9169971 -0.08009703
31 26.40429 1.943493 -0.5126081 7.288746 3.414636 -2.538798 -0.3734542 -0.01276802
32 25.63616 1.839163 -0.5449812 6.926623 3.646369 -1.983015 -2.038351 -0.1077875
33 26.30523 1.922666 -0.5340363 7.114762 1.910402 -1.680962 -2.339056 -0.0849025
34 27.04875 2.060734 -0.502833 6.719114 3.564316 -3.515923 0.6004981 -0.02438205
35 25.68551 2.160969 -0.5706135 7.411705 3.062307 -2.617906 -0.4980147 -0.07108425
36 26.79078 1.952375 -0.5000903 6.384333 3.431133 -2.77558 -0.2828555 -0.003886278
37 26.35539 2.008942 -0.5136661 6.571723 3.984404 -2.582914 -2.879491 -0.03020052
38 26.62844 1.920349 -0.5118193 6.520496 3.324752 -2.311298 -1.737838 -0.07320863
39 26.94712 2.037442 -0.5016995 7.593369 3.797311 -2.454782 -1.543553 -0.1008714
40 26.51772 2.104748 -0.5150392 6.663776 2.90843 -1.820958 -2.240739 -0.08231982
41 26.24271 2.011787 -0.5361322 7.894616 2.443348 -3.249719 -0.2894636 -0.04778609
42 26.27612 1.971129 -0.5213544 6.996616 2.473078 -4.350311 1.900202 -0.08710908
43 26.64657 2.00536 -0.5117642 7.328683 2.443261 -2.270139 -0.8665278 -0.1246592
44 26.52723 2.085877 -0.5305769 5.692895 2.173878 -2.546437 -0.08442601 -0.05460101
45 26.46218 2.048682 -0.5316431 8.793899 1.983513 -2.548126 -1.057181 -0.1034825
46 25.9276 2.007315 -0.5453684 6.445805 2.98313 -2.538722 -0.5390064 -0.1086723
47 26.4661 1.991192 -0.5189174 6.938808 2.053208 -2.833806 -0.3030977 -0.09942941
48 26.58906 1.877394 -0.5035128 6.23868 3.932799 -3.278667 -0.08962786 -0.02970342
49 26.51757 1.951344 -0.5061637 6.456027 3.449169 -3.597766 -0.9617893 0.007088539
50 25.9521 2.217167 -0.5699671 6.265843 3.648774 -1.900005 -2.744701 -0.06591463
51 25.80675 1.880699 -0.5402552 6.05915 3.234196 -3.315069 -0.5041362 -0.01330015
52 25.92747 2.01841 -0.5532696 7.223135 2.391087 -2.570648 -0.9453069 -0.05851222
53 26.86396 1.955852 -0.5176593 7.654941 2.986595 -2.139736 -0.1988802 -0.08459027
54 26.48935 1.96017 -0.5155904 9.484736 1.860811 -3.053175 -1.413306 0.004848142
55 26.70348 1.943652 -0.492724 6.623948 3.812622 -3.308941 0.4545303 -0.009703868
56 26.08665 1.936218 -0.5570005 7.24281 3.791674 -2.494115 -1.298946 -0.1169449
57 26.54779 2.009765 -0.5162109 7.351213 3.126016 -2.069175 -1.653308 -0.03446678
58 26.75612 1.996497 -0.5262039 6.780117 2.231322 -2.717731 -0.8261905 -0.0421803
59 26.14824 1.723777 -0.5170807 7.422535 3.397394 -1.832562 -1.313983 -0.1192407
60 26.51004 2.096869 -0.5339726 6.742937 2.340654 -2.132461 -1.879158 -0.06707345
61 26.35322 1.912889 -0.5243271 6.78908 2.071636 -2.161734 -0.04655732 -0.03528427
62 26.4418 1.949336 -0.5278867 9.53787 3.655564 -3.190832 0.469826 -0.0271376
63 26.07632 1.79157 -0.5368412 7.806641 4.609839 -2.701524 -1.127827 0.0006688263
64 26.3593 1.80468 -0.5157992 8.916563 2.351427 -2.755564 -0.3572388 -0.02548686
65 25.8416 1.874815 -0.5529158 7.848187 3.401077 -2.891779 -1.12321 -0.004227759
66 26.76146 1.971987 -0.5000003 6.871095 3.374281 -3.292287 -0.2104932 0.04033863
67 26.66019 2.107668 -0.5240885 7.680167 3.117885 -2.626789 0.1977858 -0.04228089
68 25.83993 1.890238 -0.5497156 5.979826 3.165571 -1.823351 -1.106287 -0.1014449
69 26.0351 2.203279 -0.5549618 7.218699 1.526093 -3.327183 0.1448947 -0.04346914
70 26.49782 2.101353 -0.5191029 7.098804 3.978102 -1.854392 -2.336171 -0.05162158
71 26.13392 1.916102 -0.5149557 7.416267 3.559056 -2.295091 -0.8834088 -0.09665204
72 25.82129 1.950428 -0.540203 5.435936 3.813038 -2.777125 -0.3085293 -0.02679172
73 25.79074 2.06245 -0.5782875 6.302996 2.286322 -2.797799 -2.52193 -0.03169022
74 25.8822 1.87304 -0.5294248 6.458702 3.158565 -3.433637 0.01958352 -0.0232175
75 26.912 2.104611 -0.5148636 7.00968 1.64755 -1.84369 -2.273824 -0.08239255
76 26.69337 1.966366 -0.5049072 7.006344 2.352524 -3.311878 -0.01852545 -0.01224787
77 26.35233 2.113585 -0.5193797 6.909519 3.025773 -2.151421 -0.9032006 -0.1008505
78 26.2907 1.954549 -0.5295209 8.089096 2.850582 -2.634989 -0.2737078 -0.03510693
79 26.40042 2.235916 -0.5395128 8.180546 2.082727 -3.318513 0.05003739 -0.0002716083
80 25.74685 2.05926 -0.5633519 8.535642 3.285456 -3.036913 1.582274 -0.128001
81 26.94448 1.939063 -0.5002676 6.522896 2.323923 -3.383731 -0.07829963 -0.03753272
82 26.17093 1.91928 -0.5413786 8.142964 1.493044 -3.27766 -0.03576262 -0.02231803
83 25.80181 1.746042 -0.5210562 7.845992 5.041418 -1.799679 -1.638899 -0.1129865
84 26.67765 1.916405 -0.4876785 7.340488 3.111598 -2.065997 -2.894749 -0.05943273
85 25.96811 1.757247 -0.5417772 6.017889 3.824248 -1.783788 -1.928228 -0.08550994
86 26.30999 1.824907 -0.5312364 6.688759 2.607654 -2.657666 -2.815595 -0.02685858
87 25.69841 2.03472 -0.563472 7.103936 2.755461 -2.413142 -0.3186083 -0.07351763
88 26.09602 1.826614 -0.5345013 6.538373 2.375383 -2.701105 -0.1102894 -0.01749186
89 26.87424 2.133913 -0.5203676 6.830925 2.946583 -2.407664 -0.6631986 -0.05832867
90 26.073 1.87136 -0.5180391 7.206841 3.109578 -1.6486 -3.139333 -0.06743211
91 26.29922 2.099883 -0.533824 7.044171 1.603003 -2.335496 0.4425287 -0.02361466
92 26.08059 2.027881 -0.5492856 8.072242 3.034232 -2.829976 -2.812536 -0.02051444
93 26.27179 1.946518 -0.5383599 7.669144 2.650798 -2.357453 -0.2323529 -0.04882238
94 25.91645 1.884473 -0.5267165 8.647207 2.182778 -2.443459 -0.40761 -0.03101063
95 25.64638 2.068679 -0.5571283 7.692433 2.806772 -2.127096 -0.2445543 -0.1373094
96 26.61664 1.911118 -0.5155064 8.135878 2.45675 -2.94844 -0.3862276 -0.07290631
97 26.60847 1.980897 -0.5032331 7.267772 2.051662 -2.493575 -0.9712711 -0.07692202
98 26.17251 1.843155 -0.5403949 6.121187 1.498984 -2.352198 -2.336779 -0.07117634
99 26.41018 1.964251 -0.5007884 7.054457 1.695365 -2.803896 0.3224683 -0.01267888
100 26.52799 1.803251 -0.5032145 6.869508 2.220058 -2.982102 0.1112913 -0.000935442
