1 26.47397 2.021783 -0.5261252 6.01989 4.98494 -3.38221
2 26.83535 2.046694 -0.5086557 7.248981 2.53929 -3.297116
3 26.54992 2.023109 -0.5309393 7.775679 3.698113 -3.555906
4 26.1682 1.935907 -0.5319305 6.015474 2.262142 -4.074111
5 26.4096 1.796113 -0.5206355 7.480481 2.343966 -3.533069
6 26.2976 2.13526 -0.5321149 7.430327 3.185103 -3.500782
7 26.26929 1.96723 -0.5161056 8.81197 2.561857 -3.053735
8 27.11383 1.909921 -0.4962733 7.151509 2.192887 -3.525548
9 25.311 1.846977 -0.5541718 6.992412 2.328406 -3.422849
10 26.53382 1.909811 -0.5054536 7.06285 1.803525 -3.853894
11 26.57924 2.073815 -0.5234335 7.411284 2.22681 -3.282928
12 25.91048 2.014705 -0.5618131 6.67391 2.144546 -3.129882
13 26.58935 2.037509 -0.5195764 8.216241 2.051685 -2.982052
14 26.57645 2.119844 -0.5187884 7.415887 2.618337 -3.611681
15 26.25236 2.101701 -0.5436258 8.337006 3.728403 -3.328485
16 25.92266 2.120255 -0.5457986 7.793191 4.941581 -3.442663
17 26.53561 2.01883 -0.5184464 8.029645 1.557637 -3.610396
18 26.34634 1.907076 -0.4926035 7.865585 5.494631 -3.430752
19 25.72732 2.04205 -0.5623094 6.895579 3.611368 -3.146958
20 26.14737 1.872978 -0.541934 7.024774 2.813586 -3.667784
21 26.31085 1.973357 -0.5414072 6.368626 2.69781 -3.537677
22 26.50942 1.925943 -0.5106216 6.856064 2.628445 -3.536349
23 26.25305 2.140734 -0.539866 7.20661 3.291037 -3.689475
24 26.08647 2.116178 -0.5559972 7.081911 3.02484 -3.616933
25 26.98062 2.044627 -0.5084569 7.485972 3.226922 -3.005673
26 26.26957 1.869507 -0.5176193 6.528478 3.433638 -3.49591
27 26.08666 1.926237 -0.5421167 7.179957 1.263134 -3.477734
28 27.07928 1.917761 -0.5046953 6.30593 2.966966 -3.524594
29 26.76522 2.274305 -0.5349035 6.805308 3.384089 -3.725996
30 26.32408 2.159295 -0.5511096 8.764731 3.509435 -3.21374
31 25.86378 1.888886 -0.5425018 7.358241 3.28694 -3.527428
32 25.7345 1.875913 -0.5449637 6.854833 3.525254 -3.599319
33 26.1289 1.870433 -0.5377715 7.117421 1.909004 -3.251264
34 26.94758 2.041891 -0.5063473 6.686977 3.58188 -3.606604
35 26.10164 2.227328 -0.5472365 7.41591 3.012488 -3.438466
36 26.46453 1.906619 -0.5156128 6.368972 3.305722 -3.527662
37 25.74161 1.940132 -0.5472924 6.711805 3.653581 -3.472234
38 26.0795 1.853733 -0.5452361 6.587062 3.099133 -3.295918
39 26.59148 1.98672 -0.5204993 7.53183 3.633572 -3.526257
40 26.40746 2.121603 -0.5254348 6.632903 2.949602 -3.341823
41 26.33301 2.005953 -0.5293131 7.916828 2.40682 -3.629373
42 26.65699 2.011934 -0.4993212 6.964358 2.588095 -3.540969
43 26.10062 1.921201 -0.5382003 7.313742 2.392585 -3.512119
44 26.5603 2.081578 -0.5263776 5.651607 2.218877 -3.550064
45 26.9788 2.088514 -0.501648 8.827036 2.15295 -3.876331
46 26.39579 2.077752 -0.5207326 6.400993 3.107769 -3.635506
47 26.23635 1.937739 -0.5281534 6.898142 2.106473 -3.517825
48 26.34375 1.839937 -0.5139364 6.287707 4.03195 -3.555906
49 26.49407 1.967941 -0.5107353 6.510129 3.606691 -3.474184
50 26.52715 2.283571 -0.5338879 6.328258 3.731429 -3.326864
51 26.08988 1.902564 -0.5242917 5.999422 3.368329 -3.614046
52 25.87425 1.992727 -0.5537047 7.283931 2.33658 -3.25303
53 26.91535 1.968591 -0.5170296 7.59341 2.945367 -3.276014
54 25.9505 1.881156 -0.5433438 9.600914 1.939599 -3.517825
55 26.06243 1.867152 -0.524944 6.669545 3.47422 -3.607857
56 26.04663 1.936367 -0.559506 7.211934 3.860132 -3.484807
57 26.41927 2.013564 -0.5258396 7.33852 3.004195 -3.453516
58 27.09956 2.02862 -0.5061376 6.870704 2.283595 -3.434662
59 26.89916 1.794992 -0.4792488 7.3709 3.519831 -3.429192
60 26.51329 2.109918 -0.535682 6.768755 2.329356 -3.323191
61 26.28661 1.892864 -0.5255499 6.743887 2.168112 -3.096995
62 26.3647 1.941844 -0.5324617 9.453059 3.546796 -3.804636
63 26.61248 1.84317 -0.5081151 7.805847 4.478823 -3.451791
64 26.73997 1.837303 -0.4950599 8.941613 2.487461 -3.395512
65 26.14133 1.892248 -0.5325726 7.817626 3.496466 -3.524587
66 26.50042 1.90643 -0.509349 6.879163 3.367092 -3.358642
67 26.39988 2.08334 -0.5395784 7.655513 3.08589 -3.804636
68 25.96125 1.920584 -0.5434933 5.974414 3.267619 -3.479116
69 25.62637 2.129668 -0.5784355 7.219762 1.468651 -3.601703
70 25.99472 2.046826 -0.548258 7.133314 3.804638 -3.490402
71 25.7989 1.883182 -0.5331612 7.45503 3.559792 -3.084304
72 26.20628 1.963136 -0.5138168 5.474442 3.871033 -3.493921
73 25.96699 2.067494 -0.5637881 6.301608 2.309423 -3.568884
74 26.25581 1.912822 -0.5089168 6.460859 3.149082 -3.594685
75 26.58742 2.065111 -0.5313267 6.985665 1.721061 -3.42124
76 26.21263 1.893666 -0.5275888 6.965407 2.408614 -3.555906
77 25.88646 2.055259 -0.5460135 7.002858 2.929782 -3.100209
78 26.025 1.936202 -0.546168 8.022573 2.783643 -3.537677
79 26.30172 2.216112 -0.544116 8.193533 2.140442 -3.564214
80 25.76891 2.081759 -0.5659302 8.513058 3.213821 -3.371396
81 26.57177 1.905318 -0.5216302 6.48668 2.374053 -3.609121
82 26.26574 1.915501 -0.533406 8.048017 1.5868 -3.566505
83 25.77493 1.754947 -0.523425 7.861027 5.00635 -3.257406
84 25.97535 1.828638 -0.5194294 7.399345 3.200951 -3.470336
85 26.80856 1.857763 -0.4993928 5.94452 3.891028 -3.327016
86 26.30396 1.843052 -0.5337661 6.747552 2.674449 -3.419473
87 26.10616 2.112021 -0.544178 7.106982 2.676865 -3.187446
88 26.5047 1.883022 -0.5150747 6.491115 2.291993 -3.533613
89 26.8423 2.111648 -0.5189505 6.855719 2.875041 -3.527662
90 26.29803 1.903237 -0.5084636 7.127405 3.199418 -3.456325
91 25.9854 2.073035 -0.5528578 7.041399 1.625148 -3.01073
92 26.6082 2.069705 -0.5158311 8.153264 3.174353 -3.455813
93 26.32052 1.960861 -0.5380891 7.704387 2.586531 -3.536674
94 26.42069 1.939923 -0.4997286 8.584763 2.141787 -3.221361
95 25.70317 2.09463 -0.5563531 7.663508 2.930003 -3.408193
96 26.76396 1.917545 -0.505758 8.143094 2.464476 -3.825623
97 26.84625 2.015963 -0.4931582 7.269393 2.151721 -3.526726
98 26.59271 1.891936 -0.5189026 6.056599 1.623247 -3.525785
99 25.75482 1.892604 -0.5343902 7.07408 1.628267 -3.020039
100 26.09637 1.762306 -0.5248532 6.83404 2.227449 -3.218021
