1 0.3346554 0.061354 0.0184961 0.9464661 0.315684 0.2237901
2 0.3304532 0.06689982 0.02001718 0.6495574 0.3954265 0.1932707
3 0.3314656 0.06948572 0.02087754 0.7963222 0.404998 0.2404484
4 0.2700919 0.058403 0.01852668 0.4898077 0.3017972 0.310587
5 0.3088182 0.06041214 0.02137061 0.585777 0.3947571 0.2233939
6 0.3310798 0.07374817 0.02074603 0.7155032 0.3959927 0.2225568
7 0.3542731 0.07284663 0.02324348 0.6886686 0.4903028 0.1770304
8 0.3182045 0.05990964 0.01945892 0.5426094 0.3745678 0.2241775
9 0.2872218 0.06357994 0.02216219 0.5637314 0.3697727 0.2126916
10 0.2935408 0.06037289 0.01940116 0.4675629 0.3565608 0.2846873
11 0.3208249 0.06986796 0.02061332 0.5896044 0.4043142 0.1893847
12 0.2890552 0.06774699 0.02128957 0.5722233 0.3682506 0.1894121
13 0.3429673 0.07271966 0.02236474 0.659356 0.470202 0.1702512
14 0.31452 0.07011693 0.01977293 0.6038046 0.3805016 0.251004
15 0.3453072 0.07703683 0.02247783 0.8391498 0.4503252 0.2004272
16 0.357205 0.07685723 0.02200033 1.074814 0.422193 0.2058263
17 0.301029 0.06921101 0.02083308 0.464956 0.4121846 0.2508886
18 0.388647 0.06546791 0.02098309 1.166463 0.4167692 0.2314071
19 0.3226651 0.07124013 0.02183919 0.8156751 0.3847369 0.1850009
20 0.2947046 0.06183575 0.0207965 0.6886175 0.3658351 0.2599792
21 0.28867 0.06214832 0.0194691 0.6050764 0.3325484 0.2324239
22 0.3132452 0.06166579 0.01966012 0.5800848 0.3566686 0.232019
23 0.3112797 0.07165055 0.02003035 0.693447 0.368016 0.2616715
24 0.2969431 0.07137521 0.02037229 0.6667084 0.3638004 0.2514687
25 0.3622929 0.06917365 0.02068044 0.8810132 0.4317144 0.1728526
26 0.3201945 0.05911625 0.01982309 0.7296661 0.3462063 0.2115896
27 0.2700031 0.06457929 0.02095621 0.3833559 0.3709886 0.2276085
28 0.3170379 0.0576388 0.01851871 0.6826485 0.3377365 0.21699
29 0.315816 0.07293349 0.01869868 0.7437514 0.3521293 0.240768
30 0.3507154 0.08193516 0.02319211 1.084232 0.5021168 0.1877004
31 0.3115058 0.06484554 0.02166108 0.742007 0.3861923 0.2248919
32 0.3048534 0.06251079 0.02101267 0.7606235 0.3565583 0.2498729
33 0.2946573 0.06311546 0.02139173 0.5365662 0.3830261 0.2041431
34 0.3262488 0.06290072 0.01847582 0.7689654 0.3467945 0.2505496
35 0.3180937 0.07755278 0.02079219 0.678641 0.3929025 0.2024007
36 0.312574 0.05872936 0.01907054 0.6958988 0.3328492 0.224983
37 0.3141944 0.06465921 0.0209162 0.7650996 0.3562644 0.2068139
38 0.3103059 0.06195822 0.02082566 0.6652061 0.35036 0.2385525
39 0.3363451 0.06659397 0.02058489 0.770546 0.3942281 0.2244422
40 0.3208779 0.06826742 0.01935876 0.7113665 0.3590445 0.2008648
41 0.3058269 0.06909222 0.0210484 0.6318688 0.4070542 0.2525358
42 0.3197948 0.06355997 0.01911046 0.597069 0.3612364 0.2333415
43 0.3017765 0.06521819 0.0214288 0.5866551 0.3870226 0.2169877
44 0.2793374 0.06091164 0.01768433 0.5215366 0.2974677 0.2184693
45 0.341539 0.0734392 0.02084689 0.601615 0.4523677 0.2951981
46 0.3119618 0.06502238 0.01892806 0.6626671 0.3357882 0.2306914
47 0.2935225 0.06295694 0.0202224 0.5107558 0.3604184 0.218097
48 0.3227857 0.05656185 0.01923191 0.8302653 0.329089 0.2404488
49 0.3334502 0.06202464 0.01920979 0.7984068 0.3475487 0.2172343
50 0.3265239 0.07273245 0.0186666 0.7860975 0.3395305 0.2067541
51 0.3031772 0.05807824 0.01898301 0.7709253 0.3168519 0.2374944
52 0.2993877 0.06934037 0.02193515 0.5840688 0.3950026 0.1895579
53 0.3305819 0.06554655 0.02067418 0.6814233 0.4063397 0.1988401
54 0.3166427 0.07322227 0.02477235 0.6039673 0.5037379 0.2180984
55 0.3114296 0.05998745 0.01995046 0.7302596 0.3444965 0.2506619
56 0.3129371 0.06589348 0.02141424 0.7958556 0.3741793 0.2282258
57 0.3219939 0.06757963 0.02050898 0.6670485 0.3856677 0.2272358
58 0.3157509 0.06321244 0.01903137 0.5474 0.3644403 0.2022995
59 0.3545986 0.0573595 0.01993731 0.8150956 0.3896611 0.2206066
60 0.3007478 0.06825172 0.01961166 0.5622135 0.3593631 0.2075048
61 0.3139735 0.06239528 0.02086473 0.6114559 0.3811918 0.1793431
62 0.3410423 0.07297842 0.02323241 0.7861489 0.4795474 0.2755141
63 0.3601009 0.0624699 0.02116397 1.039607 0.418839 0.2125625
64 0.3567455 0.06546901 0.02240705 0.6700289 0.4771628 0.1982289
65 0.3294254 0.06630209 0.02196659 0.7825216 0.4127108 0.2238314
66 0.3323645 0.06083948 0.01990146 0.7145022 0.3660632 0.1944518
67 0.3114803 0.07112917 0.02051418 0.6954514 0.3898738 0.2755102
68 0.2997204 0.06011607 0.0198062 0.6852907 0.3204442 0.2105853
69 0.2588784 0.07465315 0.02156111 0.4325684 0.3715202 0.2500965
70 0.3249253 0.07003002 0.02115923 0.885864 0.3840857 0.2112037
71 0.3415445 0.06650049 0.02239996 0.7910087 0.410711 0.1821869
72 0.3156163 0.05730246 0.01786521 0.7875856 0.2916506 0.211442
73 0.2692639 0.06622977 0.01965016 0.534831 0.3248967 0.2423506
74 0.3124346 0.05953466 0.01915871 0.6611428 0.3345269 0.2494238
75 0.2933964 0.06744555 0.02001537 0.5625716 0.3799453 0.2019651
76 0.2965962 0.06190005 0.02045947 0.5502564 0.3613295 0.24045
77 0.3224274 0.07109401 0.02142 0.7513657 0.3945445 0.1816227
78 0.3102581 0.06921347 0.02233327 0.6621178 0.4183593 0.2324286
79 0.3042154 0.07943826 0.02134907 0.5711778 0.424066 0.2417136
80 0.3238247 0.07906166 0.02358161 0.7906301 0.455114 0.213801
81 0.289628 0.05882551 0.01913103 0.5370709 0.3335044 0.2507745
82 0.2891095 0.06690342 0.02183681 0.4623522 0.4137077 0.2420321
83 0.3777418 0.06525481 0.02315881 1.020566 0.4239659 0.2259332
84 0.3285063 0.06244549 0.02159884 0.7905756 0.396787 0.2067366
85 0.3327664 0.05474128 0.01834069 0.8076165 0.3209274 0.1938324
86 0.3052941 0.06025607 0.02057224 0.6228207 0.3588602 0.2200836
87 0.3120418 0.07207218 0.02095798 0.6745564 0.3885042 0.1906146
88 0.2950171 0.05843869 0.01943594 0.5345217 0.34033 0.2311196
89 0.3137579 0.06689759 0.01899863 0.6719553 0.3596608 0.224982
90 0.331995 0.06258396 0.02044708 0.6991075 0.378741 0.2064562
91 0.2945361 0.07114094 0.02165766 0.5049639 0.3959217 0.1729228
92 0.3379334 0.0713608 0.02076651 0.7354356 0.422434 0.2222716
93 0.3062566 0.06757919 0.02140958 0.6606425 0.4056352 0.2321209
94 0.3517899 0.06950756 0.02218606 0.6224292 0.4643219 0.1983901
95 0.3168681 0.07571074 0.02226173 0.7032253 0.4133938 0.2016669
96 0.3272282 0.06514435 0.02082835 0.6328721 0.421097 0.257274
97 0.3240757 0.06449608 0.01939574 0.6090175 0.3842097 0.224622
98 0.2733246 0.05647623 0.0187424 0.418557 0.3171838 0.2242665
99 0.3029569 0.0648139 0.02191003 0.4952812 0.3956109 0.1730547
100 0.3056791 0.05791955 0.0212424 0.5460104 0.369718 0.1882469
