1 0.2944826 0.05331789 0.01648182 0.7437393 0.3877573 1.376149 0.2125624
2 0.2937419 0.05377444 0.01646274 0.5729724 0.4286029 0.8845667 0.2063134
3 0.3052362 0.05898565 0.01829997 0.7079631 0.4826933 1.137666 0.2408846
4 0.2591602 0.05456216 0.01749384 0.4572655 0.3749618 2.524083 0.3105962
5 0.2717674 0.0531503 0.01826473 0.5099855 0.4453522 1.16704 0.2174568
6 0.3038074 0.06323734 0.01874256 0.6088418 0.4730788 1.562759 0.2064684
7 0.3198091 0.06115851 0.01964504 0.6712796 0.5354047 0.8457829 0.1762823
8 0.2736208 0.05053961 0.0163723 0.448463 0.4807245 0.9038938 0.2241782
9 0.2658573 0.0562393 0.01919206 0.4944396 0.4250139 1.247013 0.2070556
10 0.2635701 0.05242463 0.01721885 0.397064 0.4403744 1.225413 0.2773375
11 0.2938514 0.06404002 0.01846321 0.4873879 0.496591 1.527617 0.1941341
12 0.2581277 0.06281869 0.01924184 0.4460336 0.4411793 1.408961 0.1894071
13 0.2913916 0.06001996 0.01867411 0.4832072 0.5218095 0.7132658 0.1716289
14 0.2943946 0.05776746 0.01787336 0.4917109 0.4530997 1.382796 0.2510046
15 0.3026428 0.06518143 0.02022096 0.6449354 0.5335317 1.286928 0.2004081
16 0.3161383 0.06787732 0.01939362 0.8748571 0.4945423 1.361381 0.2057328
17 0.2636498 0.05910883 0.01763307 0.3878717 0.4590612 1.03788 0.2508912
18 0.3011111 0.05543112 0.01701711 0.6785227 0.4733234 0.8064639 0.218024
19 0.3050684 0.06385298 0.01956453 0.7358974 0.4561613 1.279845 0.1850013
20 0.2646782 0.0538053 0.01854359 0.5178229 0.4352794 1.341709 0.2599785
21 0.274891 0.05751783 0.01839058 0.5415836 0.4153773 2.844898 0.2388096
22 0.2799537 0.05883131 0.01714326 0.5397633 0.4375584 1.194491 0.2320184
23 0.2949817 0.05911938 0.01738301 0.6754492 0.4368133 1.063596 0.2616733
24 0.2823622 0.05906673 0.01800497 0.6398819 0.4198654 1.297407 0.2514707
25 0.3124725 0.05611623 0.01779511 0.5498503 0.4770202 0.8499122 0.1735891
26 0.302023 0.05511903 0.01761576 0.6462133 0.4226409 1.419378 0.2115902
27 0.2479905 0.05608831 0.01794322 0.3620544 0.4270078 1.227422 0.2257246
28 0.2877441 0.0478929 0.0156362 0.6105328 0.3868591 1.255168 0.2158664
29 0.2784001 0.06364117 0.01648684 0.5886847 0.4200879 1.340098 0.2345786
30 0.2892634 0.06278028 0.01818538 0.607263 0.4814798 0.8153119 0.1858074
31 0.2735366 0.05472756 0.01903033 0.5190458 0.4421592 1.078951 0.2313491
32 0.2909514 0.0595151 0.01970514 0.7028181 0.4566164 2.216613 0.2498719
33 0.251249 0.05349032 0.01823819 0.38521 0.4458633 0.9629829 0.1977961
34 0.299417 0.05867276 0.01665314 0.6578808 0.4331024 1.412668 0.2505465
35 0.2802524 0.06817279 0.01810429 0.5735881 0.45054 1.23076 0.2072682
36 0.2816681 0.05629442 0.01742119 0.5865481 0.4127379 1.629633 0.2249824
37 0.2944258 0.05790555 0.01855535 0.6754897 0.4426079 1.556308 0.2068135
38 0.2886137 0.05737764 0.01940931 0.627373 0.4386327 2.198352 0.2069371
39 0.2893053 0.05618393 0.01737949 0.5861208 0.4507071 1.000607 0.2266416
40 0.3035824 0.06068311 0.01771105 0.6025486 0.4295393 1.518622 0.1977613
41 0.2734442 0.05997287 0.01856796 0.5010822 0.4601817 1.115962 0.2525369
42 0.2930603 0.05888218 0.01790993 0.5216759 0.457719 1.877361 0.2333417
43 0.2577859 0.05437726 0.0170959 0.4765687 0.4011314 0.8095919 0.2169899
44 0.2637879 0.05528508 0.01646107 0.4643892 0.3775489 1.938471 0.2148149
45 0.2779087 0.05972496 0.01721146 0.4571344 0.4951084 0.8154354 0.2521768
46 0.3110273 0.05833476 0.01798088 0.6728305 0.420753 2.15791 0.2308872
47 0.2722508 0.05761212 0.01741467 0.5030333 0.4253949 1.291633 0.2180974
48 0.2896493 0.05454966 0.01782023 0.6788415 0.4091448 1.820081 0.2404489
49 0.2903834 0.0554983 0.01779199 0.4959828 0.4216032 2.106356 0.2069085
50 0.2957175 0.06337804 0.01731987 0.6361864 0.4216692 1.461224 0.2065727
51 0.2612728 0.05376907 0.01698963 0.5146526 0.3826836 1.267063 0.2336941
52 0.2620787 0.06171835 0.01935323 0.4744461 0.4658258 1.079135 0.1895589
53 0.2984134 0.06128323 0.01803551 0.5669976 0.5234294 1.169451 0.1978953
54 0.268944 0.06055117 0.02056756 0.418717 0.5371158 0.8449431 0.2245918
55 0.2851935 0.05580501 0.01845377 0.6104867 0.4175201 1.720539 0.250661
56 0.2694013 0.06317622 0.01965671 0.5745602 0.4633574 1.340722 0.2262914
57 0.2946324 0.05849043 0.01803835 0.5816817 0.4439636 1.735319 0.2147745
58 0.2851648 0.05574264 0.01706566 0.4415561 0.4489271 1.517431 0.2022991
59 0.3169171 0.05414046 0.01795763 0.6524197 0.4495869 1.854347 0.2409031
60 0.2676539 0.0576813 0.01715735 0.4623102 0.4099295 1.381476 0.1983278
61 0.279132 0.05283289 0.01829849 0.4821794 0.4321866 1.211052 0.1759501
62 0.2828438 0.0582537 0.01827334 0.6433267 0.4820115 0.7490862 0.2769085
63 0.3166287 0.05685852 0.01948437 0.720746 0.4895231 1.303102 0.3332479
64 0.2826644 0.05120613 0.01707743 0.4926973 0.4728598 0.7259583 0.1982283
65 0.2967066 0.05942197 0.01889953 0.6582897 0.4849779 1.096052 0.223832
66 0.2928762 0.05769349 0.018044 0.5522624 0.4220379 1.779221 0.1944518
67 0.2573735 0.06171679 0.01676587 0.4786838 0.4282175 0.8592474 0.2755152
68 0.2907714 0.05535174 0.01906656 0.638286 0.3891696 3.345497 0.2105863
69 0.2401362 0.06572583 0.01875476 0.3682772 0.4394706 1.08431 0.2500982
70 0.2850852 0.06226128 0.01819013 0.6185904 0.4384341 1.135261 0.2167612
71 0.291798 0.05571137 0.01816459 0.6692347 0.4241554 0.9492888 0.1790464
72 0.2921322 0.05418121 0.01729933 0.6574327 0.3665818 3.242647 0.2186547
73 0.254686 0.05883088 0.01789569 0.4731288 0.3905884 1.712684 0.3579035
74 0.2925734 0.05616888 0.01742288 0.5958856 0.4058148 1.814453 0.2494242
75 0.2669552 0.05972257 0.01801335 0.4606216 0.4488182 1.205992 0.2018519
76 0.2736082 0.05808533 0.01861946 0.5014897 0.4250156 1.818537 0.2404498
77 0.2954889 0.06049947 0.01882284 0.6292648 0.4541622 1.057864 0.1831193
78 0.2549231 0.05991768 0.01801648 0.4886094 0.4615523 0.8201738 0.2324241
79 0.2781091 0.07438156 0.0198135 0.4553665 0.5157406 1.873043 0.2417181
80 0.2930214 0.06560041 0.02076731 0.6205617 0.52967 1.050663 0.2112982
81 0.258702 0.0517974 0.01674397 0.4514137 0.3844054 1.308086 0.2507747
82 0.2579297 0.05629934 0.01804005 0.3801609 0.4566831 0.8352799 0.2486226
83 0.326546 0.05604994 0.02027142 0.7899055 0.4990773 1.321678 0.2020656
84 0.2821182 0.0530484 0.01871952 0.4804973 0.425964 1.276789 0.2104684
85 0.314901 0.05341841 0.01680874 0.7524181 0.3789721 1.862111 0.1938257
86 0.2717132 0.05414946 0.01831937 0.4985947 0.4346464 1.399155 0.2066194
87 0.2919157 0.06587301 0.01994823 0.5632444 0.4832109 2.023045 0.1894894
88 0.2796151 0.05330194 0.01782922 0.5188545 0.4198658 1.901513 0.2311199
89 0.2877289 0.05951048 0.01696741 0.5903198 0.4213694 1.248166 0.224983
90 0.2904779 0.0573682 0.01818956 0.5299479 0.4344012 1.452393 0.2065434
91 0.2621768 0.06245796 0.01933818 0.3626902 0.4560468 1.377862 0.1730522
92 0.2882505 0.05662264 0.01692577 0.5985883 0.4695639 0.7426033 0.2200828
93 0.2675881 0.05487361 0.01775279 0.5639895 0.4705571 0.8415185 0.23212
94 0.3178482 0.06076902 0.01972837 0.5197945 0.5343354 1.429554 0.1964482
95 0.2834806 0.06694626 0.01918457 0.5599026 0.4631034 0.9817759 0.2034224
96 0.2869301 0.05309664 0.01708484 0.498203 0.4837355 0.9344697 0.2920844
97 0.2810667 0.05724498 0.0168236 0.4426108 0.4390018 1.057195 0.2246205
98 0.2394053 0.05181722 0.01685664 0.3427387 0.3820378 1.203751 0.2242654
99 0.2911729 0.05773895 0.01994194 0.4879855 0.4676713 1.8838 0.1734167
100 0.2756834 0.05021448 0.01864152 0.4340461 0.4331786 1.357372 0.1862826
