1 26.76681 1.963677 -0.5223243 4.457924 3.269111 6.207433 -3.506094
2 26.78979 1.986839 -0.5054745 4.230693 2.327756 4.527988 -3.219703
3 26.41505 1.961828 -0.5264772 5.055384 3.091322 5.348091 -3.548637
4 26.2331 1.9353 -0.5288319 4.819161 1.927918 9.496152 -4.074111
5 26.58262 1.84439 -0.524421 4.895526 1.918704 5.642397 -3.514801
6 26.32267 2.057082 -0.5264206 5.353255 2.580364 6.765765 -3.463333
7 26.42819 1.957383 -0.517294 5.414542 2.714465 4.397382 -3.119139
8 27.21014 1.924205 -0.4982013 4.461335 1.628673 4.20683 -3.525548
9 25.49567 1.849106 -0.5489142 4.779299 1.998021 5.887036 -3.477658
10 26.55963 1.889778 -0.5044239 4.856965 1.537653 5.585219 -3.825442
11 26.69824 2.095482 -0.5223721 5.341304 1.72061 6.508243 -3.173882
12 26.11443 2.014247 -0.5646337 4.884388 1.598714 6.195042 -3.129882
13 26.68821 1.992757 -0.5115322 4.956853 1.6097 3.774038 -3.026035
14 26.73865 1.99301 -0.4978482 5.264954 1.874711 6.372068 -3.611681
15 26.43479 2.008247 -0.536751 5.793275 2.535982 5.842656 -3.327558
16 26.11601 2.082275 -0.5477807 5.605209 3.70035 6.052475 -3.43988
17 26.54587 1.986411 -0.5163029 5.073522 1.383543 5.240976 -3.610396
18 26.60245 1.958928 -0.4986311 4.744304 2.654928 4.163861 -3.51751
19 25.89535 2.041048 -0.5663945 4.78272 3.072706 5.783557 -3.146958
20 26.24913 1.822776 -0.5372539 5.0302 2.106337 6.211131 -3.667784
21 26.39201 1.944391 -0.5400031 5.136791 2.306707 10.02825 -3.699123
22 26.42196 2.056982 -0.5255143 4.4317 2.296729 5.384594 -3.536349
23 26.41283 2.028265 -0.5270858 4.682508 3.11114 5.190899 -3.689475
24 26.20821 2.038393 -0.5496708 4.894585 2.897583 6.115789 -3.616933
25 26.8768 1.979271 -0.510107 4.521476 2.093903 4.307019 -2.998857
26 26.39818 1.941475 -0.5307634 4.529585 2.927481 6.170364 -3.49591
27 26.17146 1.93241 -0.542428 4.604607 1.384245 5.846375 -3.52955
28 27.23842 1.874358 -0.5026476 4.081979 2.660027 5.700579 -3.444388
29 26.76441 2.241055 -0.5313305 4.759092 2.437247 6.140937 -3.546116
30 26.50292 2.109254 -0.544052 4.756017 2.451339 4.252042 -3.196339
31 26.07678 1.846456 -0.536473 4.951218 2.102793 5.399996 -3.648036
32 25.8148 1.871792 -0.5437052 5.386371 3.108545 8.096071 -3.599319
33 26.2157 1.864599 -0.5370524 4.579133 1.337102 4.691649 -3.374723
34 26.97575 2.095493 -0.513848 4.821614 2.948338 6.222919 -3.606604
35 25.97878 2.194181 -0.5506926 4.979526 2.354705 5.846033 -3.368697
36 26.42224 1.968587 -0.5246622 4.770122 2.482816 6.931192 -3.527662
37 25.9752 1.944778 -0.549372 4.637638 3.071889 6.448538 -3.472234
38 26.0493 1.863998 -0.5431502 5.207301 2.678534 8.262515 -3.416031
39 26.50414 1.983661 -0.5236313 4.588069 2.445344 4.906653 -3.462995
40 26.5855 2.083778 -0.5194904 4.924353 2.492033 6.661716 -3.373057
41 26.28408 1.991649 -0.5289705 5.29747 1.975394 5.60478 -3.629373
42 26.53681 2.006976 -0.5063378 5.258504 2.077601 7.516044 -3.540969
43 26.30744 1.970192 -0.5358523 4.019481 1.906003 4.289139 -3.512119
44 26.63548 2.026159 -0.5206665 4.480078 1.914223 7.495226 -3.392768
45 26.95912 2.070396 -0.5031169 5.199235 1.658804 4.350408 -3.625131
46 26.49613 2.001648 -0.5144852 4.929662 3.011096 8.21265 -3.554322
47 26.18447 1.999144 -0.5364652 4.553829 2.079897 5.871775 -3.517825
48 26.38717 1.912905 -0.5204809 4.876693 2.870747 7.389642 -3.555906
49 26.65203 1.92652 -0.505727 5.106628 1.934213 8.48603 -3.454
50 26.52651 2.157656 -0.5239981 4.613641 2.618638 6.236801 -3.331922
51 26.11434 1.922982 -0.5261602 4.357433 2.052933 5.821497 -3.509556
52 26.03294 1.998267 -0.5569906 4.92581 1.705774 5.132181 -3.25303
53 26.84967 2.049386 -0.5195146 5.233641 2.233421 5.10596 -3.379665
54 25.87208 1.887431 -0.5454632 5.585653 1.445023 4.496258 -3.597803
55 26.1324 1.895831 -0.5303528 5.009842 2.630127 7.384915 -3.607857
56 26.02617 2.01928 -0.5675456 5.224169 2.261984 6.043603 -3.531014
57 26.62197 1.965057 -0.5194942 5.240011 2.394596 7.571821 -3.391439
58 27.16154 1.978955 -0.500573 4.846022 1.737348 6.352439 -3.434662
59 27.05893 1.830718 -0.4836038 5.52361 2.714045 7.825486 -3.537417
60 26.60279 2.054641 -0.5281148 4.632956 1.824095 6.389485 -3.400072
61 26.45914 1.851633 -0.520411 4.547212 1.812726 5.618309 -3.091481
62 26.45881 1.966699 -0.5411625 4.960117 2.759062 4.173471 -3.832039
63 26.75092 1.857513 -0.5111951 5.735726 2.961264 6.13534 -3.632596
64 26.68173 1.883585 -0.4985726 4.449662 1.876004 3.899495 -3.395512
65 26.28838 1.938713 -0.5333498 5.191174 2.786185 5.243772 -3.524587
66 26.58538 1.965637 -0.5177618 5.159741 2.349185 7.679889 -3.358642
67 26.45595 2.137166 -0.5450093 4.629994 1.979519 4.604025 -3.804636
68 26.16929 1.865576 -0.5324898 5.020834 2.655906 11.28953 -3.479116
69 25.55067 2.163884 -0.5818952 4.633793 1.335994 5.197268 -3.601703
70 26.10845 2.09871 -0.5571585 4.680384 2.64611 5.382919 -3.522124
71 26.0981 1.905042 -0.5374542 4.446394 2.909151 4.934923 -3.10039
72 26.25942 1.911488 -0.5092709 4.634666 2.871606 10.48943 -3.418823
73 26.09111 2.026867 -0.5594597 4.719406 1.893791 7.315499 -3.661602
74 26.22605 1.975443 -0.5169777 4.715075 2.653467 7.533 -3.594685
75 26.60693 1.987474 -0.5258812 5.055984 1.546066 5.626219 -3.420434
76 26.18807 1.963312 -0.5372552 5.101256 2.118182 7.764423 -3.555906
77 25.99992 2.007183 -0.539857 4.780603 2.506653 5.073073 -3.111296
78 26.06599 2.006459 -0.5562096 4.687544 1.986833 4.329514 -3.537677
79 26.36503 2.209243 -0.5497759 6.36634 1.618582 7.859389 -3.564214
80 25.79382 1.956144 -0.5562315 5.700278 2.377985 5.118116 -3.49184
81 26.55185 1.898735 -0.5239641 4.362957 1.913369 6.133784 -3.609121
82 26.30513 1.946078 -0.5348241 4.772084 1.427332 4.458064 -3.771
83 25.81007 1.777637 -0.5273376 5.335823 3.348062 5.956194 -3.344151
84 26.18297 1.797598 -0.5176126 4.882766 1.911028 6.258408 -3.398529
85 26.68217 1.925318 -0.5085111 4.47592 3.45231 7.729605 -3.281504
86 26.30101 1.874832 -0.5388522 4.650158 2.049124 6.093541 -3.467404
87 26.17257 2.058618 -0.5389263 5.675147 2.109411 7.799766 -3.249181
88 26.52094 1.879951 -0.5180121 4.82304 2.247561 7.624144 -3.533613
89 26.88723 2.076452 -0.5180846 4.918313 2.506784 5.889397 -3.527662
90 26.43516 1.913344 -0.5138817 5.067403 2.226649 6.785467 -3.465392
91 25.93713 2.041256 -0.5484222 4.94998 1.012188 6.266041 -3.007138
92 26.75193 1.990203 -0.5112801 4.79772 2.527625 3.993083 -3.52449
93 26.42681 1.89005 -0.5351991 4.787637 2.308288 4.174312 -3.536674
94 26.55084 1.91384 -0.4982722 5.93983 1.94573 6.558243 -3.340765
95 25.81139 2.152746 -0.5627922 4.808664 2.222591 4.951604 -3.293357
96 26.96791 1.882647 -0.4972892 5.061731 1.986721 4.709426 -3.860191
97 26.96337 2.037636 -0.4969437 4.882985 1.628244 5.247675 -3.526726
98 26.49662 1.919507 -0.5250848 4.280687 1.211445 5.659871 -3.525785
99 25.85348 1.857601 -0.530303 5.302151 1.778321 7.638315 -3.047286
100 26.413 1.764164 -0.5190143 4.564159 1.59242 6.111627 -3.260461
