1 26.75333 1.976065 -0.5112952 6.357787 4.945246 -10.23386 -1.199501 -0.5501371 0.7024263
2 26.96595 2.012202 -0.5109601 7.348453 2.546509 -5.231358 -1.688554 -0.3504747 0.3703486
3 26.94246 1.988329 -0.5126941 7.990841 3.510005 -5.503256 -1.050325 -0.3463359 0.3495412
4 26.65217 1.947354 -0.500452 6.08407 2.316336 -5.917305 -1.040671 -0.2767512 0.3210171
5 27.09293 1.840956 -0.477946 7.67453 2.295151 -5.264283 -0.6673287 -0.3402782 0.3394215
6 26.80846 2.131251 -0.5223254 7.542167 3.270258 -5.910247 -1.014266 -0.3292634 0.3734468
7 26.45436 1.877474 -0.5008293 9.042407 2.510798 -5.265317 -0.857679 -0.3188371 0.3421103
8 27.28482 1.957844 -0.4998003 7.419588 2.201155 -6.31293 -0.9787475 -0.3824814 0.417122
9 26.0015 1.828235 -0.4955042 7.176397 2.386018 -6.416829 -1.223438 -0.3422607 0.4080341
10 26.78607 1.908351 -0.4863581 7.172086 1.890302 -7.541008 -0.5672032 -0.3177159 0.4115126
11 26.80608 2.030967 -0.5260206 7.837397 2.302582 -7.696268 -0.6816573 -0.4609241 0.5341259
12 26.54113 1.969789 -0.5279871 6.991102 2.121391 -7.036499 -0.7758082 -0.4354953 0.4988791
13 26.73831 1.988183 -0.5280826 8.573686 1.986415 -6.631153 -0.524318 -0.4274376 0.4712603
14 26.68856 2.051522 -0.5188666 7.624681 2.61049 -6.354999 -0.9598562 -0.3514991 0.3918409
15 26.45618 2.005201 -0.5399387 8.891226 3.723471 -10.50375 -1.262032 -0.6908916 0.7667323
16 26.48307 2.061597 -0.520108 8.102642 4.997258 -5.777298 -0.4048478 -0.4256423 0.4074617
17 26.61526 1.969369 -0.5133537 8.099074 1.607842 -5.465464 -0.2222213 -0.3133501 0.3126437
18 26.68856 1.937001 -0.4736376 8.048646 5.542074 -5.505957 -0.3260826 -0.2694431 0.2985328
19 26.35284 1.978962 -0.5232335 7.193642 4.008923 -5.409539 -0.4032328 -0.4284858 0.4096286
20 27.10536 1.982004 -0.4984456 7.140936 2.88353 -6.13373 -0.7151744 -0.375503 0.3895984
21 27.0143 2.01744 -0.5119151 6.52851 2.583363 -5.610152 -1.115708 -0.3603659 0.3727547
22 27.21274 1.998663 -0.4791562 6.893238 2.781217 -4.794477 -0.5802983 -0.2756304 0.2720922
23 26.40579 2.059071 -0.5342662 7.329935 3.459518 -6.189571 -0.7751617 -0.3178984 0.36003
24 26.63071 2.078921 -0.529026 7.197337 3.119088 -5.803756 -1.015939 -0.3029347 0.3353991
25 27.53096 2.061742 -0.5031509 7.957219 2.782039 -6.114275 -0.5803355 -0.4372079 0.4528773
26 27.19505 1.989385 -0.4816378 6.645747 3.511581 -5.471939 -0.9934866 -0.3449366 0.3626472
27 26.84058 1.95699 -0.496775 7.270653 1.242061 -4.547462 -0.06245415 -0.162353 0.1754629
28 27.73761 1.973908 -0.4829278 6.479119 3.072037 -5.747865 -0.5141922 -0.4107981 0.4101296
29 26.58993 2.120467 -0.55773 7.116146 3.042188 -6.007921 -1.065259 -0.2501622 0.314646
30 26.42616 1.99739 -0.5492068 9.266019 3.452629 -7.505771 -1.670323 -0.5064293 0.5651841
31 26.82139 1.953052 -0.4898328 7.475583 3.257696 -5.615617 -1.430139 -0.3246641 0.3555591
32 26.39534 1.894215 -0.4995185 7.364249 3.70432 -14.88462 -2.661241 -1.051273 1.175713
33 27.22184 1.982103 -0.4921883 7.367609 1.980946 -6.01788 -1.009469 -0.3674409 0.4030612
34 27.25584 2.030941 -0.5016882 6.863157 3.499158 -6.094283 -0.7982384 -0.3568843 0.3816385
35 26.39078 2.097226 -0.5355659 7.679437 2.861843 -5.732615 -0.2287186 -0.3306918 0.3503683
36 26.96888 1.931399 -0.4891398 6.523722 3.438901 -5.514888 -1.334941 -0.3354688 0.3608547
37 26.85264 2.029341 -0.49672 6.932865 3.767555 -6.193016 -0.8366309 -0.3470216 0.3988591
38 26.784 1.926289 -0.5085857 6.766205 3.14863 -7.28819 -0.810243 -0.4189374 0.4894774
39 27.18584 2.028906 -0.5017639 7.791575 3.60049 -5.905588 -0.5023727 -0.3198766 0.3488742
40 26.68117 2.100142 -0.5284428 7.130709 2.602146 -13.80228 -3.060022 -0.8174278 1.024743
41 26.76574 2.004666 -0.5113106 8.315371 2.480319 -10.84394 -0.8204984 -0.5876419 0.7100933
42 27.02938 2.014859 -0.4888683 7.278635 2.519956 -6.971474 0.4274557 -0.3895571 0.4225539
43 26.97035 1.969461 -0.4947294 7.462038 2.581643 -6.234913 -0.3134041 -0.357547 0.3864283
44 26.73731 2.031648 -0.5245036 5.789045 2.307616 -6.46629 -1.519902 -0.3782144 0.4394428
45 27.35934 2.11559 -0.5007089 9.103033 2.058053 -9.184104 0.3102524 -0.442639 0.5273077
46 26.52044 2.019185 -0.5137731 6.56641 3.10519 -5.414824 -0.2960394 -0.335737 0.3373972
47 26.8797 1.990739 -0.4999433 7.107458 1.938552 -6.154114 -0.06974598 -0.3178914 0.3534546
48 26.9084 1.88145 -0.481768 6.601321 4.086182 -6.745294 -0.834831 -0.449543 0.4744338
49 27.12842 2.019506 -0.4857373 6.763941 3.537729 -6.243652 -0.6409539 -0.3187825 0.3784014
50 26.55339 2.12155 -0.541715 6.517387 3.605762 -5.410815 -1.012083 -0.351747 0.3664706
51 26.65935 1.911004 -0.4884087 6.273116 3.309863 -5.788663 -0.8817523 -0.3448938 0.3723642
52 26.80214 2.027916 -0.5181288 7.898728 2.328991 -10.87929 -1.69597 -0.7507008 0.8511844
53 26.96997 1.935831 -0.5167628 7.699004 3.047269 -4.496682 -1.817078 -0.2562523 0.2763144
54 26.98249 1.965997 -0.496098 9.982538 1.923133 -8.187546 -2.101504 -0.5471334 0.5993879
55 27.00064 1.968177 -0.4807283 6.959635 3.286688 -7.924644 -1.081493 -0.5708768 0.5865006
56 26.71257 1.99547 -0.5250604 7.366232 4.000307 -5.542029 -0.5896287 -0.2098415 0.2635986
57 26.89918 1.991693 -0.5014495 7.557121 3.31047 -5.215722 -1.347066 -0.3155967 0.3347205
58 27.16363 1.977204 -0.5082783 6.963426 2.24137 -6.348932 -0.5039447 -0.352313 0.400233
59 27.44169 1.824735 -0.4527695 7.88381 3.279004 -13.27241 -1.16789 -0.922691 1.032184
60 26.94359 2.110618 -0.5254792 6.777555 2.4188 -4.706528 -0.8299025 -0.2146953 0.2445682
61 26.60283 1.848991 -0.5061757 7.059419 1.892324 -7.073286 -0.4757519 -0.4346777 0.5002911
62 27.34235 2.059394 -0.4956758 9.626678 3.919288 -4.904176 -0.8265426 -0.2117291 0.2207755
63 27.1386 1.887041 -0.487468 8.241455 4.210142 -10.59807 -2.222314 -0.7083924 0.7959072
64 26.85305 1.807397 -0.4770412 9.253264 2.157285 -5.493228 -0.3165001 -0.2624277 0.2994006
65 26.69979 1.891401 -0.4971616 7.971108 3.66624 -5.08288 -1.408702 -0.3050353 0.3184734
66 27.01012 1.935619 -0.4901067 7.268859 3.65859 -8.18349 -0.1456087 -0.4603809 0.5429095
67 26.8656 2.063019 -0.5217922 7.966293 2.989 -6.794526 -0.7479633 -0.3020307 0.3643633
68 26.66935 1.927236 -0.5044581 6.321002 3.456664 -9.356222 -0.9533048 -0.7517972 0.7755038
69 26.1757 2.041688 -0.5457233 7.486623 1.451392 -8.187727 0.1124264 -0.4265436 0.4950728
70 26.88655 2.058274 -0.5076003 7.295749 3.926366 -5.791774 -1.12266 -0.3733986 0.3956425
71 27.04437 1.915471 -0.4700697 7.844807 3.69088 -6.117513 -1.406699 -0.4181891 0.4596918
72 26.26542 1.889089 -0.5018697 5.744106 3.59441 -8.678924 -1.975682 -0.5882123 0.6793207
73 26.28348 2.013908 -0.5453693 6.375177 2.286998 -5.900347 -0.6455164 -0.2883932 0.3297132
74 26.96408 1.993388 -0.4781212 6.480598 3.216947 -5.074044 -0.5173813 -0.3246083 0.312315
75 27.33692 2.089308 -0.5113454 7.465116 1.53207 -13.92379 -2.508846 -0.8667869 1.036466
76 27.1572 1.960237 -0.4845371 7.249202 2.378019 -6.486363 -0.6476265 -0.442903 0.4537388
77 26.56315 2.02782 -0.5155126 7.272344 2.725288 -5.594427 -0.4730949 -0.381906 0.3916563
78 27.10203 2.029042 -0.5002627 8.217027 2.601781 -5.598832 -0.5020388 -0.3247046 0.3291327
79 26.80066 2.184644 -0.5362856 8.469163 2.020833 -6.243799 -0.5407501 -0.3470512 0.3711254
80 26.36468 2.017975 -0.5344133 8.790347 3.649162 -7.492098 0.9683044 -0.4086721 0.4422532
81 27.2256 1.943611 -0.4861573 6.609823 2.201249 -5.172015 -0.8861676 -0.2925757 0.3029383
82 27.05704 1.981836 -0.4979289 8.242881 1.516083 -5.920927 -0.1145895 -0.3261434 0.3381045
83 27.09139 1.85232 -0.4609504 8.27447 5.309254 -7.389147 -1.241493 -0.5447423 0.5681222
84 27.30223 1.970679 -0.4617798 7.472179 3.118268 -4.373636 -0.6036645 -0.2072114 0.2156721
85 26.99998 1.859067 -0.4886984 6.233977 3.868388 -6.718813 -0.9650317 -0.4224797 0.4800103
86 27.22441 1.940978 -0.4904963 6.918464 2.824955 -5.726304 -0.8704697 -0.3430945 0.3734902
87 26.53066 2.042589 -0.5286486 7.5041 2.580284 -8.382061 -0.5411406 -0.5070838 0.5862127
88 27.1681 1.907442 -0.4783131 6.620012 2.311747 -5.276038 -0.2287842 -0.3699592 0.3447802
89 27.07678 2.078651 -0.5211175 7.112848 2.79065 -6.965762 -0.3448496 -0.4362759 0.4640585
90 26.87563 1.896594 -0.4760088 7.569899 3.327941 -9.362974 -2.156533 -0.7130825 0.7746242
91 26.27344 1.982656 -0.5378114 7.266496 1.63259 -5.887865 -1.031087 -0.3532075 0.4039338
92 26.55181 1.955058 -0.5181967 8.393656 2.866873 -7.190188 -0.7159226 -0.3327622 0.4187426
93 26.87755 1.955232 -0.5128974 8.001702 2.533521 -18.01897 -2.353684 -1.120083 1.314169
94 27.0196 1.978877 -0.4768623 8.870845 1.987913 -4.674964 -0.6775501 -0.2546692 0.2672995
95 26.21321 2.038261 -0.5298771 7.932494 2.766275 -6.215726 0.1851817 -0.3665821 0.3866213
96 26.71661 1.894087 -0.5085171 8.425833 2.221474 -6.857759 -0.4064508 -0.3507663 0.3972445
97 27.26069 2.038812 -0.484436 7.575489 1.911554 -7.005798 -0.3653337 -0.4811557 0.4947514
98 27.14174 1.91204 -0.4859917 6.175872 1.618728 -5.04501 -0.7770727 -0.2994427 0.3073501
99 26.76999 1.920485 -0.4774558 7.399629 1.59003 -6.15032 -1.317804 -0.3820864 0.4406769
100 27.11974 1.87301 -0.4725875 7.126627 2.140922 -6.807275 -0.2733829 -0.390457 0.4470997
