1 0.3071451 0.05511209 0.0171692 0.7801927 0.435869 1.772879 2.207361 0.5461552 0.1180602 0.1631355
2 0.2914229 0.05595274 0.01700942 0.5542448 0.4493289 0.9632615 0.6717034 0.4898833 0.05376503 0.05992422
3 0.3130525 0.05989345 0.01803145 0.7105117 0.4979819 1.233207 0.7529973 0.4996579 0.06034595 0.06615998
4 0.2749838 0.05379362 0.01673245 0.4368661 0.3824368 2.727973 1.098329 0.5585197 0.07805416 0.09522718
5 0.2985152 0.0515741 0.01700592 0.5146443 0.45292 1.233035 0.7311266 0.4428627 0.06211597 0.06699355
6 0.3117048 0.06376642 0.01877799 0.6238486 0.4940503 1.72119 0.8740621 0.4458914 0.05769508 0.0708351
7 0.3264617 0.05826209 0.01944398 0.6653073 0.5543208 0.9115011 0.703176 0.4086941 0.04808913 0.05601892
8 0.278057 0.05203289 0.01655972 0.450545 0.5045358 0.980302 0.9141609 0.4797196 0.06540899 0.07550619
9 0.2976788 0.05417517 0.01817025 0.5094349 0.4550558 1.414939 0.9773829 0.4896726 0.05964578 0.07422089
10 0.2777204 0.05212607 0.01690631 0.3990591 0.4571111 1.348975 1.337701 0.5031984 0.06704918 0.09310665
11 0.2944105 0.0609931 0.01881678 0.4895515 0.50772 1.577922 0.9314806 0.4198822 0.06400694 0.07597457
12 0.2700011 0.06008981 0.01865144 0.4227019 0.4667701 1.546174 1.065257 0.4292281 0.07083905 0.08798251
13 0.293777 0.05944923 0.0193345 0.5581707 0.575751 0.8092639 1.010288 0.4128094 0.07413075 0.08404609
14 0.2905228 0.05828998 0.01823502 0.4884858 0.4799075 1.427197 0.9992914 0.5193494 0.06961426 0.08038094
15 0.3120048 0.06418199 0.02112226 0.6816862 0.5765416 1.453519 1.668919 0.5303803 0.1170198 0.133923
16 0.3300305 0.06552391 0.01916568 0.9073213 0.5213406 1.478514 1.035446 0.4505159 0.08131581 0.08736787
17 0.2664134 0.05712898 0.01769122 0.3911351 0.4682573 1.058518 0.7016831 0.4674685 0.06029289 0.0602056
18 0.322418 0.05722283 0.01711718 0.7352084 0.4961513 0.931541 0.8382203 0.4370856 0.05281993 0.06421152
19 0.3225551 0.058967 0.01851781 0.7839808 0.4678712 1.293706 0.6970071 0.4095635 0.06759399 0.06809705
20 0.2904934 0.05357877 0.01699365 0.5160054 0.4483262 1.431921 1.010368 0.5378419 0.07887856 0.08574472
21 0.2935255 0.05680664 0.01746049 0.5536638 0.4259643 2.899986 0.8615519 0.5083596 0.07170357 0.0785744
22 0.3021555 0.05823934 0.01648266 0.5255731 0.4486846 1.381322 0.7026991 0.4440941 0.06137352 0.06719543
23 0.2940156 0.05943984 0.01794024 0.6492073 0.4684731 1.253922 0.971831 0.5162153 0.06943028 0.07983346
24 0.2923227 0.0561869 0.0176912 0.6228197 0.4399418 1.389951 0.8566143 0.517657 0.05442556 0.06586295
25 0.3119498 0.05712175 0.01750976 0.504619 0.5013567 0.8873603 0.7400662 0.3995108 0.06252328 0.06574626
26 0.3259388 0.05676607 0.01660396 0.6378162 0.446064 1.47143 0.7628213 0.4639694 0.06400444 0.06885548
27 0.2722436 0.05500077 0.01679636 0.3490294 0.4256963 1.393372 0.6635278 0.4176917 0.05119234 0.06022306
28 0.3004002 0.04749082 0.01519371 0.5667209 0.3939208 1.304169 0.7558873 0.440277 0.0688134 0.07100323
29 0.274242 0.06228287 0.01796321 0.6239769 0.438083 1.47362 0.9097951 0.47494 0.05235744 0.06688864
30 0.2848933 0.06047542 0.01909793 0.5741319 0.5030252 0.9061993 0.7690571 0.5078561 0.05911129 0.06635081
31 0.3096173 0.05508826 0.01752798 0.5644566 0.4592648 1.135309 0.8150055 0.5201294 0.05511726 0.06515537
32 0.3149601 0.0589492 0.0185513 0.7191319 0.4662605 2.54711 NaN 0.5351202 NaN NaN
33 0.2864463 0.05458516 0.01689703 0.4248841 0.4693089 1.064283 0.799623 0.4493068 0.05784392 0.06457117
34 0.2997221 0.05918712 0.01635257 0.6476855 0.446887 1.364533 0.8995887 0.5003507 0.06609677 0.07457508
35 0.283205 0.06346368 0.01795244 0.5941073 0.4629365 1.22214 0.7017656 0.4048768 0.05578309 0.05980348
36 0.2969657 0.05510038 0.01684165 0.5745641 0.4234551 1.807278 0.8933334 0.5121911 0.06850128 0.07897493
37 0.3212122 0.05978907 0.01690717 0.7275662 0.448731 1.593338 0.814329 0.4311194 0.05731698 0.06856285
38 0.3183726 0.05737295 0.01852142 0.6888652 0.4570079 2.90697 1.119213 0.456694 0.07267946 0.09080655
39 0.302574 0.0579265 0.01714872 0.5715085 0.4707414 1.081546 0.7581235 0.4328724 0.05595421 0.06419725
40 0.3078994 0.05994574 0.01831287 0.6161051 0.4798273 1.613161 2.806308 0.994372 0.176443 0.2276465
41 0.2869832 0.05999003 0.01803273 0.5288544 0.4824912 1.193098 1.227403 0.520924 0.07532501 0.09136621
42 0.302694 0.05943215 0.01769141 0.5146096 0.4643235 2.299532 0.9260636 0.4439613 0.07369091 0.08011784
43 0.2825607 0.05449709 0.01584453 0.5114687 0.4130431 0.844619 0.7743437 0.4422132 0.05507373 0.06286357
44 0.268891 0.05570181 0.01692057 0.4995205 0.4017933 2.356992 1.302816 0.5593776 0.08615127 0.1060925
45 0.2871704 0.06031866 0.01737215 0.4774276 0.5352644 0.9437564 1.309395 0.5077171 0.07488819 0.08873166
46 0.3126502 0.05760393 0.0182201 0.6485172 0.4345153 2.368708 0.8232772 0.4346943 0.06925034 0.07567847
47 0.2849313 0.0588816 0.0170784 0.4533444 0.445781 1.496568 0.7839476 0.4205045 0.05544982 0.06416211
48 0.3118186 0.05415281 0.01707073 0.7071984 0.4348888 2.042809 1.345567 0.5216818 0.1092655 0.1203512
49 0.3188212 0.05639384 0.01735742 0.5449912 0.4471796 2.165926 0.8600013 0.4165492 0.05763722 0.07042691
50 0.2954849 0.06093758 0.01804361 0.6934498 0.4312871 1.737936 0.7281866 0.4413593 0.05742184 0.06306546
51 0.2880254 0.05294466 0.01620662 0.591925 0.4107224 1.329137 1.222356 0.5046791 0.08722978 0.1044652
52 0.2946535 0.06198597 0.01889482 0.5374422 0.6202424 1.40218 4.956529 1.173754 0.4007148 0.4539532
53 0.3049792 0.0617301 0.01850624 0.6128842 0.5279803 1.379874 0.6816182 0.51311 0.05379428 0.0623705
54 0.308897 0.06159389 0.01888141 0.4821583 0.579002 0.9159067 0.8859201 0.558306 0.0719695 0.07818286
55 0.3198201 0.05679429 0.01766854 0.6235426 0.4483103 2.14167 1.269671 0.5596128 0.1099395 0.115244
56 0.2975177 0.06331008 0.01886743 0.6545786 0.4868924 1.486614 0.8813392 0.4355588 0.05497787 0.06979003
57 0.3165236 0.05801332 0.01766681 0.6532446 0.454993 1.887457 0.6944363 0.4750878 0.05915622 0.06378448
58 0.2857522 0.05864744 0.01761307 0.4601716 0.4647629 1.813771 0.8509933 0.4114725 0.05963433 0.07111967
59 0.3464502 0.0541108 0.01774479 0.6586114 0.4795073 2.218605 1.863094 0.554188 0.1529529 0.1698623
60 0.2737409 0.05602846 0.01684779 0.4631341 0.419311 1.41215 0.6634568 0.4078183 0.05092307 0.05789469
61 0.2910395 0.05327428 0.01853483 0.4748559 0.4634253 1.363738 0.9950432 0.3968513 0.0639806 0.08009101
62 0.3038214 0.05745491 0.01663084 0.642505 0.4908178 0.7305897 0.6748433 0.5223392 0.04145122 0.04827282
63 0.3335697 0.05839684 0.01887266 0.7113199 0.5463289 1.145637 1.528351 0.6747179 0.1120544 0.1276855
64 0.2958441 0.05203338 0.01710179 0.5120685 0.4858639 0.7969149 0.6609697 0.3996654 0.04532842 0.05231256
65 0.3194882 0.05652046 0.01791546 0.7126599 0.4954783 1.111999 0.7713005 0.5253603 0.05996556 0.06757383
66 0.3187571 0.0584072 0.01782949 0.6488025 0.4564764 2.030425 1.255218 0.4234477 0.08387992 0.09970758
67 0.2638687 0.06047867 0.01649314 0.4844001 0.4649168 0.8805953 1.444078 0.6186871 0.07712103 0.09673914
68 0.3164887 0.05581624 0.01805714 0.678318 0.3974131 3.844436 NaN 0.4345458 NaN NaN
69 0.2511531 0.06140584 0.01818249 0.3625332 0.4486796 1.135722 1.018403 0.4743359 0.06200235 0.07556051
70 0.303327 0.06072008 0.01690334 0.6535454 0.4551926 1.160261 0.9537933 0.4918702 0.07492141 0.08311702
71 0.3267577 0.05444576 0.01673226 0.6984315 0.459348 0.9617183 0.734964 0.4422897 0.05940391 0.06706614
72 0.2957647 0.05279736 0.0176382 0.6178691 0.3928168 3.416687 1.443581 0.61585 0.1007464 0.1243642
73 0.2607966 0.05648296 0.01792605 0.4704882 0.4075834 1.879133 0.8869913 0.4666659 0.0574911 0.06925813
74 0.3194744 0.05361286 0.01635149 0.6292366 0.4107399 1.784294 0.7072202 0.4611421 0.06611525 0.07014957
75 0.2840048 0.05918205 0.0177091 0.4760195 0.4682385 1.362329 NaN NaN NaN NaN
76 0.3029325 0.05822104 0.01737752 0.5066682 0.4458554 1.888581 0.9332673 0.4676443 0.08004572 0.08704442
77 0.3163737 0.05877866 0.01838475 0.6775717 0.4879421 1.207531 0.8707643 0.4085868 0.06573768 0.07388245
78 0.2786038 0.05910751 0.01639959 0.5139726 0.4708402 0.8423887 0.771345 0.4768115 0.05630654 0.06046297
79 0.2844504 0.07129387 0.01959347 0.4563995 0.5395681 1.852195 0.9662056 0.4946329 0.06091386 0.07190209
80 0.3151788 0.06333366 0.02041222 0.6960768 0.5662203 1.264108 1.188306 0.5031496 0.07681044 0.08681269
81 0.2791564 0.051839 0.01567153 0.4672455 0.3866453 1.313829 0.7445254 0.4794519 0.05985154 0.06882924
82 0.285538 0.05596606 0.01721573 0.4002739 0.4747416 0.9183383 0.8271642 0.4627353 0.05708631 0.06420789
83 0.3797338 0.05632003 0.01828843 0.9013673 0.5197036 1.489959 0.8523012 0.4747569 0.07914425 0.08153046
84 0.3319954 0.05405329 0.0167953 0.5019685 0.4388897 1.331096 0.6253337 0.4212898 0.04561274 0.0527988
85 0.326059 0.05364444 0.01696588 0.7752398 0.4113194 1.870636 1.000153 0.441776 0.07503698 0.08824228
86 0.3066859 0.05593828 0.0172259 0.5584726 0.444728 1.734906 0.7335784 0.4260145 0.05979699 0.06602578
87 0.3030498 0.06456815 0.02004981 0.5661903 0.5221742 2.437174 1.52272 0.461792 0.09811454 0.1194937
88 0.2942468 0.05427957 0.01672091 0.4693458 0.4343377 1.75574 0.7524202 0.4555938 0.07784861 0.07240588
89 0.2891856 0.06048159 0.01752161 0.5934609 0.4636757 1.470136 1.899522 0.5318904 0.1261059 0.1443077
90 0.3147462 0.05871977 0.01762042 0.5682199 0.4676332 1.449356 0.9194353 0.51889 0.08370229 0.09097944
91 0.2705493 0.0608069 0.01923939 0.3675186 0.4716627 1.460932 0.6869043 0.3913375 0.04913769 0.05833484
92 0.2817158 0.05758531 0.0175855 0.5971107 0.5111997 0.8113705 1.004516 0.4719511 0.05048298 0.06727293
93 0.2850951 0.05574524 0.01766324 0.5868618 0.5177291 0.9876777 NaN 0.6140192 NaN NaN
94 0.3393769 0.06147588 0.01870177 0.5645006 0.5493308 1.412541 0.6129179 0.4158679 0.04764193 0.05274038
95 0.2885914 0.06286728 0.01821538 0.5233674 0.4788973 0.9536798 0.7413214 0.4193584 0.05352519 0.05799142
96 0.2840836 0.05378381 0.01772257 0.4538462 0.5100429 1.021886 0.9387811 0.4918207 0.05767052 0.06645661
97 0.2904436 0.05760352 0.01655685 0.4492739 0.4633885 1.113574 1.130903 0.4799403 0.09884547 0.1016096
98 0.2612974 0.04991515 0.01616653 0.3424472 0.395225 1.2961 0.7740346 0.4537919 0.06282392 0.07022425
99 0.3298969 0.05723997 0.01820826 0.4824328 0.4861674 2.027212 0.7888541 0.4224071 0.05805628 0.06844868
100 0.3136759 0.05150555 0.01693804 0.460216 0.4526472 1.338224 0.7741059 0.387755 0.05699651 0.06477375
