1 0.344585 0.05981664 0.01851276 0.9505667 0.3482751 2.836856 0.5511681 0.1490882 0.2074464
2 0.3300578 0.06582604 0.0201885 0.6554707 0.4053706 0.809228 0.4980921 0.06182228 0.06991718
3 0.3411291 0.0671169 0.02056417 0.7583848 0.4221452 1.100008 0.5467097 0.08246035 0.09293129
4 0.2898228 0.05676909 0.01768411 0.5014138 0.3090566 1.175158 0.5625514 0.08154421 0.100726
5 0.3418759 0.05936776 0.0200402 0.5887352 0.4124594 0.8804779 0.449342 0.0740316 0.08018223
6 0.3381329 0.07166277 0.02024166 0.7358 0.4082152 1.005371 0.4497953 0.06436979 0.08012396
7 0.3668641 0.06914652 0.02335801 0.687863 0.5115627 0.8091216 0.4045423 0.05350191 0.06369284
8 0.322328 0.06227152 0.01960145 0.5503802 0.3963523 1.453306 0.5197323 0.09997506 0.1182864
9 0.3233716 0.05970163 0.02062835 0.5725995 0.3855483 1.087771 0.4886589 0.06461557 0.08184323
10 0.3106831 0.05933247 0.01900531 0.4763188 0.3686899 1.567368 0.5118506 0.07610576 0.1079675
11 0.3260291 0.06943505 0.02111373 0.616964 0.4428641 1.868814 0.4517151 0.1138398 0.1424644
12 0.3090538 0.06453423 0.02059651 0.5731794 0.3951806 1.646384 0.4602642 0.105498 0.1335269
13 0.3409985 0.07222781 0.02304185 0.6559187 0.4980461 1.10924 0.4173663 0.07598158 0.09008529
14 0.3160715 0.06822599 0.0201328 0.6058525 0.3969755 1.225986 0.5407054 0.08384855 0.09789685
15 0.3509296 0.07423483 0.02306345 0.8452583 0.480795 NaN 0.5353397 NaN NaN
16 0.3740071 0.07281734 0.02145807 1.074453 0.4479726 1.514763 0.4744734 0.1204554 0.1290628
17 0.3053224 0.06721175 0.02090691 0.4661855 0.4203145 0.8116353 0.4722338 0.07147814 0.07156785
18 0.4070674 0.06522704 0.0204855 1.190834 0.4317962 0.937553 0.4334355 0.06055454 0.07486791
19 0.3515167 0.06700862 0.02105909 0.8957291 0.4070522 0.9492623 0.4307747 0.08846443 0.0915444
20 0.3250212 0.06202912 0.01902762 0.7094161 0.3770762 1.17206 0.5441091 0.08852196 0.09795122
21 0.3053633 0.06139731 0.01848562 0.589886 0.3469256 1.067936 0.5564465 0.08893307 0.09761648
22 0.3398231 0.06103236 0.018411 0.6113922 0.3633327 0.778643 0.4459171 0.06579311 0.07330026
23 0.3173838 0.06856819 0.0201888 0.7232617 0.379951 1.075103 0.5218999 0.0746233 0.08711264
24 0.3124627 0.06786046 0.01964087 0.6763819 0.3730475 0.9382244 0.5106561 0.06209578 0.07491681
25 0.3651691 0.06951019 0.02069708 0.7979525 0.464071 1.040269 0.4209143 0.08433861 0.09095443
26 0.351648 0.06017946 0.01835253 0.7416289 0.3567979 0.8800565 0.4581293 0.07381689 0.08058696
27 0.3016064 0.06236107 0.01946079 0.3839193 0.3787849 0.7270086 0.4212399 0.0538256 0.0640817
28 0.3383279 0.0577916 0.01777619 0.6995072 0.3524203 1.011244 0.4511276 0.0891003 0.0935731
29 0.2991234 0.07016422 0.02011585 0.6790143 0.3736493 1.004879 0.4782868 0.05531754 0.07225268
30 0.35208 0.07617396 0.02410502 1.1004 0.5356367 2.206332 0.6594166 0.1508832 0.1815194
31 0.3472714 0.06316125 0.01975887 0.7497012 0.396864 0.9381107 0.5294267 0.06112647 0.07422085
32 0.3379181 0.0615643 0.02002692 0.7951605 0.3849173 NaN 0.6785023 NaN NaN
33 0.3332514 0.06332526 0.01958344 0.556557 0.4007391 0.8912471 0.4491156 0.06204613 0.0713484
34 0.3307503 0.06233269 0.01842914 0.7490618 0.3596535 1.134835 0.5201323 0.08164902 0.09399402
35 0.32246 0.07232524 0.02100034 0.6555527 0.413927 0.8244804 0.4118335 0.0639722 0.06938948
36 0.3344837 0.05809249 0.01839104 0.7167561 0.3454761 1.012052 0.5232859 0.07635531 0.0889733
37 0.3501725 0.06395468 0.01910439 0.8144726 0.3762341 1.123226 0.4470471 0.07274787 0.09110317
38 0.3265892 0.06025472 0.01937967 0.6784921 0.3701135 1.56099 0.492381 0.09824031 0.1245361
39 0.3537641 0.06680034 0.01997608 0.7767848 0.414036 0.9613663 0.4442747 0.06722437 0.07788441
40 0.318765 0.0685214 0.01985036 0.6455629 0.3879519 NaN NaN NaN NaN
41 0.3234585 0.06839926 0.02072162 0.6409109 0.4543558 4.312028 0.6267978 0.2502354 0.3155988
42 0.332193 0.06357807 0.019044 0.5908045 0.3859384 1.292862 0.4629538 0.1022859 0.1105682
43 0.3376724 0.06364234 0.01995967 0.629623 0.4003108 0.9735088 0.4527835 0.06465032 0.07662169
44 0.2836747 0.05939326 0.0178318 0.5332168 0.3088068 1.28289 0.5450035 0.08523434 0.1059244
45 0.3433326 0.07384072 0.02071414 0.5782821 0.475716 2.011269 0.5584701 0.103956 0.1293708
46 0.3168283 0.06313031 0.01909689 0.6685898 0.3490476 0.9014211 0.4371091 0.07384815 0.0814942
47 0.312903 0.06285461 0.01932219 0.4938322 0.3774975 0.9435773 0.4286462 0.06349489 0.07450346
48 0.3487696 0.05673707 0.01857793 0.8582758 0.3529959 1.724146 0.5502543 0.1406403 0.1545386
49 0.3530019 0.06178855 0.01850525 0.7919267 0.3685932 1.025031 0.418173 0.06663787 0.08286312
50 0.3196995 0.06798683 0.01943392 0.7575339 0.3542413 0.8290699 0.4472462 0.06436359 0.07218744
51 0.3262068 0.05687 0.01827649 0.7631282 0.3357958 1.181263 0.4922372 0.08447238 0.1022192
52 0.3290578 0.06906828 0.02093833 0.5984967 0.4291833 NaN 0.2359643 NaN NaN
53 0.3341689 0.06472354 0.02087048 0.7009265 0.4164857 0.7732868 0.5161849 0.05977456 0.07007373
54 0.3602566 0.07324305 0.02285291 0.6137544 0.6035345 4.187597 1.423192 0.3392436 0.3719658
55 0.3418325 0.06026803 0.01846171 0.7081853 0.3827698 3.628968 0.7522523 0.314402 0.3303838
56 0.3361862 0.06566963 0.02015331 0.8270071 0.3864851 0.9803716 0.4360738 0.05931242 0.07709742
57 0.3444066 0.06515178 0.01996103 0.7173643 0.4012898 0.7973538 0.484425 0.06563269 0.07170225
58 0.3142184 0.06175564 0.01928242 0.5412249 0.3773021 1.062034 0.4223256 0.07108534 0.08670785
59 0.3822752 0.05759858 0.01949266 0.7559539 0.4186408 NaN 0.533121 NaN NaN
60 0.3083521 0.06661585 0.01911666 0.5802504 0.364356 0.6994988 0.4094781 0.05279397 0.06047063
61 0.3202719 0.06015132 0.02077378 0.5623452 0.4088121 1.406823 0.4121825 0.08491774 0.1094344
62 0.3791055 0.07373251 0.0214143 0.856015 0.4917737 0.7896693 0.5191825 0.0482181 0.05828421
63 0.3754866 0.06302276 0.02061727 0.9818169 0.4363094 NaN 0.3116079 NaN NaN
64 0.3716177 0.06439546 0.02243053 0.6287934 0.5029852 0.8243958 0.4117412 0.05171367 0.06219192
65 0.3573108 0.06406498 0.02095099 0.8295054 0.4266538 0.9054884 0.5334898 0.06714237 0.07809579
66 0.3587655 0.06152519 0.01954608 0.7823669 0.3966653 1.756511 0.4520466 0.1117471 0.1356283
67 0.3231609 0.06943593 0.02025641 0.6812196 0.4109754 1.299379 0.5420836 0.06725419 0.08728981
68 0.3275375 0.05875067 0.01883902 0.7289995 0.3408084 NaN 0.4911408 NaN NaN
69 0.2760436 0.06949745 0.02095613 0.4235148 0.3928639 1.804062 0.5154015 0.09996686 0.1273732
70 0.3526751 0.06712584 0.01977774 0.9248881 0.3980424 1.110381 0.4940512 0.0807275 0.09322481
71 0.3952566 0.06343 0.02043347 0.8455672 0.4427566 1.29627 0.5208394 0.1019255 0.1177527
72 0.3193032 0.05527877 0.01820182 0.7410684 0.3199778 2.685822 0.7236779 0.182558 0.2283628
73 0.2766588 0.06317054 0.01929406 0.5250827 0.3324321 0.9486027 0.4671946 0.06150032 0.07437412
74 0.3371311 0.0594158 0.01792507 0.6753345 0.3389508 0.8151011 0.4685094 0.07334891 0.07785417
75 0.3090294 0.06722702 0.01948901 0.5217522 0.4061256 NaN 0.3440148 NaN NaN
76 0.330845 0.06133114 0.01905428 0.5639563 0.3867792 1.529002 0.5215944 0.1280932 0.1390567
77 0.3393237 0.06805948 0.02070303 0.7296653 0.4161315 0.9307486 0.4095184 0.06937913 0.0785807
78 0.3406857 0.06855199 0.02040502 0.6365049 0.4343173 0.9637439 0.4764877 0.06500939 0.07461236
79 0.3096633 0.07754306 0.02117461 0.5523357 0.4436146 1.211419 0.5051314 0.07443547 0.09011011
80 0.3503003 0.07436015 0.02279906 0.8837276 0.4785661 1.676305 0.5502812 0.1068929 0.1214392
81 0.3121029 0.05777203 0.01808718 0.516082 0.3432848 0.8545117 0.4902261 0.06563729 0.07715718
82 0.3179626 0.06657285 0.02045361 0.4605421 0.4298139 1.035197 0.471516 0.0676205 0.07829321
83 0.4230903 0.06205994 0.02120545 1.070976 0.5105437 5.448469 1.356857 0.4804165 0.5069334
84 0.3767486 0.06203653 0.01914093 0.766763 0.4027148 0.6853963 0.420948 0.05129997 0.05929622
85 0.3449301 0.05512343 0.0184071 0.80524 0.3455979 1.359938 0.4635996 0.09955477 0.1181402
86 0.3373434 0.06003055 0.01895766 0.6687645 0.3748039 0.8538755 0.4371564 0.06720555 0.0749512
87 0.3218263 0.0689938 0.0209364 0.6536729 0.4215135 2.328979 0.5022939 0.1444229 0.1803187
88 0.32342 0.0569857 0.01839798 0.5463124 0.3504322 0.9476664 0.4706887 0.1048528 0.09471239
89 0.3142526 0.06620977 0.01927681 0.6430862 0.3765299 1.639088 0.5151757 0.1117465 0.1262505
90 0.3645465 0.06131248 0.01984437 0.7352459 0.3955272 NaN NaN NaN NaN
91 0.3050975 0.06749439 0.02173854 0.5084796 0.4196753 0.9317691 0.4085356 0.06243371 0.07676237
92 0.3318928 0.06815682 0.02149512 0.6842618 0.4437902 1.252828 0.4751256 0.06458442 0.08636873
93 0.3232365 0.06571752 0.0207012 0.6628021 0.4221456 NaN 0.6518325 NaN NaN
94 0.3753291 0.06927749 0.02146362 0.5927693 0.4860501 0.66569 0.4207145 0.04950676 0.05581061
95 0.3300809 0.07182267 0.02176774 0.678094 0.4347617 0.9149339 0.434086 0.06455176 0.07109047
96 0.3238339 0.06534556 0.021359 0.5867524 0.4414767 1.217741 0.509961 0.07299547 0.08689803
97 0.332744 0.06504466 0.01920484 0.5613193 0.4081692 1.782423 0.5000418 0.1484992 0.1567521
98 0.2981552 0.05534445 0.01790239 0.4249105 0.326259 0.7854057 0.4486686 0.06450225 0.07201703
99 0.3523897 0.06263097 0.02031057 0.5017143 0.4218137 0.9058939 0.4373015 0.06462975 0.07714295
100 0.3484329 0.05831726 0.01945382 0.5488032 0.3954966 1.004225 0.3990755 0.07209169 0.08295818
