1 26.96179 1.95635 -0.5109672 5.181202 3.378801 7.204163 -8.803363 -1.225614 -0.4800058 0.5997047
2 26.88254 1.992619 -0.5107027 4.598518 2.200689 4.821594 -4.495634 -1.655384 -0.2998588 0.3050775
3 26.79423 2.005401 -0.5148465 5.326952 3.118858 5.64084 -4.831185 -1.105073 -0.3049516 0.2932217
4 26.69891 1.952943 -0.4975613 4.97229 1.77725 9.948195 -5.794462 -1.046726 -0.2714577 0.311422
5 27.21192 1.873632 -0.4790481 5.050491 1.866765 5.829506 -4.650761 -0.6730822 -0.2958816 0.2806072
6 26.75097 2.063474 -0.5167748 5.764311 2.589967 7.199492 -5.514312 -1.020307 -0.3058101 0.3398234
7 26.53801 1.886603 -0.5033737 5.693381 2.683195 4.589667 -4.610652 -0.7851361 -0.268158 0.2810974
8 27.32756 1.942868 -0.4969794 4.781437 1.611413 4.427729 -5.683008 -1.012406 -0.3403365 0.3618238
9 26.12274 1.840001 -0.492049 5.214432 2.061847 6.322273 -6.24609 -1.296381 -0.3298099 0.3928417
10 26.77555 1.892737 -0.485538 5.1296 1.524728 5.902203 -6.857307 -0.5190691 -0.2811154 0.3579769
11 26.81396 1.990151 -0.5175422 5.6875 1.66279 6.665455 -5.952307 -0.7304369 -0.3580525 0.3980504
12 26.65087 1.980402 -0.5298515 5.271074 1.39759 6.47397 -6.421344 -0.8132473 -0.3944303 0.4458206
13 26.73621 1.935808 -0.5172239 5.649561 1.865158 4.048043 -6.536692 -0.4549388 -0.4303607 0.4653507
14 26.86074 1.985843 -0.5029176 5.579421 1.785073 6.342979 -5.895893 -0.9507907 -0.3224366 0.3532757
15 26.59367 1.932241 -0.5339341 6.563537 2.742495 6.390118 -6.781316 -1.10734 -0.4366552 0.4745485
16 26.56731 2.042599 -0.5229352 6.023302 3.816019 6.318426 -5.452065 -0.3519609 -0.3868504 0.3678137
17 26.60137 1.934391 -0.5102463 5.218901 1.397866 5.293098 -5.205897 -0.2551415 -0.2976849 0.2880038
18 26.86707 1.994708 -0.4796192 5.180834 2.831831 4.607167 -5.128975 -0.2986001 -0.2321246 0.2556676
19 26.35841 1.966352 -0.5250626 4.941265 3.320465 5.773914 -4.829454 -0.3861612 -0.3879273 0.3555193
20 27.15592 1.907355 -0.4910523 5.254318 2.037431 6.446062 -5.83341 -0.70763 -0.3492284 0.3602863
21 27.0817 1.983383 -0.5096348 5.320756 2.372382 10.14153 -5.298245 -1.099433 -0.331209 0.339021
22 27.06479 2.077759 -0.4875579 4.743845 2.168233 5.981937 -4.317214 -0.5746996 -0.2425475 0.2291809
23 26.50314 1.982692 -0.5240865 5.150808 2.936854 5.706216 -6.030743 -0.7827021 -0.3143724 0.3513963
24 26.6602 1.972639 -0.5193205 5.186051 2.790151 6.346954 -5.647778 -1.110391 -0.2857132 0.3183279
25 27.40253 2.024387 -0.504624 4.947101 1.844189 4.488176 -5.273324 -0.5159379 -0.3702733 0.372264
26 27.20906 2.04218 -0.4903013 4.833145 2.856867 6.266576 -5.097349 -1.08394 -0.3233623 0.331774
27 26.91066 1.970671 -0.4971978 4.781014 1.273938 6.485533 -4.245874 -0.03932896 -0.1358071 0.1422462
28 27.75755 1.881538 -0.4750615 4.302553 2.409709 5.924867 -4.979015 -0.4857756 -0.3682887 0.3453732
29 26.50336 2.109968 -0.5569982 5.040033 2.722984 6.514169 -5.5661 -1.047195 -0.2273672 0.2798247
30 26.4843 1.977133 -0.5441496 5.20253 2.251677 4.611357 -5.179444 -1.737205 -0.3549992 0.3723468
31 26.96694 1.927095 -0.4859531 5.220798 2.297034 5.578182 -5.31548 -1.495199 -0.3065444 0.329441
32 26.45678 1.929533 -0.5017416 5.81154 3.278787 8.907461 -10.29815 -2.361763 -0.7400124 0.8080261
33 27.22955 1.966246 -0.4896678 4.948228 1.471002 5.023757 -5.703872 -1.013665 -0.3461006 0.3742862
34 27.27177 2.117599 -0.5115424 4.973347 2.871933 6.014529 -5.693552 -0.7809262 -0.3356197 0.3484362
35 26.19262 2.092557 -0.5409417 5.10379 2.49456 5.797012 -5.009319 -0.2026877 -0.2736205 0.2830142
36 26.91201 1.969228 -0.4949965 5.034456 2.371216 7.436456 -5.298859 -1.375124 -0.3232982 0.3426723
37 26.90337 2.079553 -0.5029619 4.830289 3.285278 6.592355 -5.399135 -0.7784567 -0.2935267 0.3258218
38 26.67841 1.905573 -0.5035306 5.633295 3.033923 9.729858 -6.525549 -0.750923 -0.368227 0.4243528
39 27.07882 2.03312 -0.5036856 4.930285 2.310198 5.234555 -4.881182 -0.4873969 -0.2463673 0.2571795
40 26.77458 2.020531 -0.5180375 5.543628 2.588944 6.808574 -9.764297 -2.474431 -0.5776271 0.7151785
41 26.70392 2.025937 -0.5144176 5.592116 2.14358 5.804005 -6.899157 -0.6311406 -0.355821 0.411053
42 26.89957 2.031004 -0.4960723 5.538872 2.031134 8.580518 -6.138166 0.4314858 -0.3173539 0.3405059
43 27.10303 2.058832 -0.4960533 4.18058 2.06455 4.380319 -5.25454 -0.2705726 -0.2912299 0.2993714
44 26.76906 1.987321 -0.5203208 4.867834 2.046041 8.266227 -6.746599 -1.49842 -0.394077 0.4593985
45 27.27432 2.061483 -0.4979928 5.731037 1.732636 4.746369 -7.158525 0.05244369 -0.3416879 0.3932128
46 26.59766 1.965797 -0.5089369 5.184264 2.886583 8.680227 -5.24144 -0.3037253 -0.324922 0.3205849
47 26.75154 2.050121 -0.5059848 4.917727 1.741069 6.50246 -5.145029 -0.0924784 -0.2443667 0.2625229
48 26.88796 1.933444 -0.4853727 5.228329 2.87484 7.749928 -6.255512 -0.7712598 -0.4059689 0.4263683
49 27.24766 1.970036 -0.4805193 5.439498 2.175439 8.581709 -5.674286 -0.6714058 -0.2780291 0.3275427
50 26.54766 2.034041 -0.5346413 4.92587 2.94387 6.929076 -4.992224 -1.006209 -0.3209613 0.3263583
51 26.63573 1.943519 -0.4911098 4.643522 2.438876 5.840698 -5.953467 -0.8567561 -0.3564688 0.3849245
52 26.88784 2.013769 -0.5182778 5.908407 1.927627 6.017031 -8.410267 -1.316705 -0.5839331 0.6475915
53 26.88208 2.012436 -0.5189919 5.52159 2.439597 5.736819 -3.959663 -1.936749 -0.2142156 0.2240425
54 26.85035 1.983797 -0.4964997 6.093099 1.713302 4.700211 -5.4353 -1.471122 -0.3233096 0.3455159
55 26.9735 1.962775 -0.4825848 5.603215 2.627281 8.475906 -6.115895 -0.9278115 -0.4105309 0.4145863
56 26.62914 2.050313 -0.5300932 5.58523 2.666451 6.42902 -5.234813 -0.5837117 -0.1848004 0.2309272
57 27.03855 1.96266 -0.4967111 5.521513 2.703332 8.016862 -4.785378 -1.357191 -0.2815866 0.2935345
58 27.26629 2.013723 -0.5103252 5.235349 1.77469 7.125483 -5.581681 -0.4479593 -0.2944982 0.3286871
59 27.51187 1.835216 -0.45449 6.08436 2.715963 8.728715 -6.806142 -0.6819872 -0.4563328 0.4845901
60 26.95527 2.020632 -0.5144099 4.749482 1.817028 6.443543 -4.476937 -0.7414413 -0.190661 0.2172196
61 26.716 1.841946 -0.5028088 5.095207 1.725942 6.054602 -6.118766 -0.5009661 -0.3763311 0.4207252
62 27.35314 2.059418 -0.4990586 4.995249 2.745523 4.064436 -4.3677 -0.8577987 -0.1721745 0.1723884
63 27.1856 1.917438 -0.4909014 6.213172 2.859327 5.516863 -6.854792 -1.69066 -0.4451128 0.4879073
64 26.76766 1.894471 -0.4837086 4.731695 1.903377 4.205519 -4.575967 -0.3041569 -0.1938117 0.2121103
65 26.75084 1.926335 -0.4967408 5.292968 3.042944 5.251212 -4.870737 -1.491798 -0.3041383 0.3087829
66 26.98563 1.977945 -0.4962077 5.669992 2.765861 8.192112 -7.365213 -0.09868122 -0.4118996 0.4811447
67 26.87895 2.129125 -0.5281574 5.021779 1.954328 4.62385 -7.424025 -0.8965305 -0.3402602 0.4129679
68 26.88214 1.921421 -0.4982286 5.40845 2.7968 12.03435 -7.392312 -0.8487296 -0.5869909 0.5946638
69 26.04855 2.088407 -0.5486126 4.874014 1.333816 5.439343 -6.337981 0.01428124 -0.3250703 0.3547949
70 26.89704 2.131008 -0.5166774 4.91929 2.792049 5.418313 -5.60373 -1.211026 -0.3765651 0.3889532
71 27.10997 1.963002 -0.4758049 4.812746 2.916672 4.880213 -5.022731 -1.375411 -0.3375571 0.3566138
72 26.32702 1.845638 -0.4974645 4.965973 2.67339 10.5794 -6.484497 -1.650558 -0.4317106 0.4830898
73 26.31172 1.952867 -0.5387807 4.97672 1.968073 7.654183 -5.723738 -0.672904 -0.2749762 0.313012
74 26.80685 1.964982 -0.4764024 4.768857 2.825923 7.460421 -4.407463 -0.5329729 -0.2744033 0.2465629
75 27.29217 1.990762 -0.5029561 5.786936 1.503789 5.947732 -11.12751 -2.01561 -0.7018284 0.8262384
76 27.05065 2.030471 -0.4925299 5.386106 2.069082 7.894313 -5.341458 -0.5646841 -0.3431865 0.3402341
77 26.59276 1.992244 -0.5095261 5.253831 2.73719 5.434015 -5.439495 -0.4696063 -0.3746359 0.3811904
78 27.02021 2.100583 -0.5091518 4.851767 2.097939 4.428466 -5.157021 -0.5606853 -0.3060182 0.2965456
79 26.82387 2.148458 -0.5388025 6.605905 1.627198 7.679937 -5.883196 -0.6083241 -0.3230763 0.3403586
80 26.26898 1.902309 -0.5240664 6.331238 2.711329 5.736761 -6.639776 0.8962561 -0.3520087 0.3727431
81 27.15876 1.969406 -0.4913181 4.448651 1.968312 6.189461 -4.634418 -0.7917761 -0.2448651 0.2437286
82 27.04716 1.980551 -0.4954921 5.08775 1.482565 4.765313 -5.408318 -0.1765644 -0.2977726 0.2962041
83 26.87054 1.882133 -0.4639332 5.734352 3.868972 6.439241 -5.547863 -0.9520724 -0.3967367 0.4006856
84 27.50341 1.940406 -0.4585607 5.122094 1.940958 6.473944 -4.134859 -0.6352037 -0.1863079 0.1897884
85 26.85811 1.909122 -0.4959534 4.850251 3.538565 7.537049 -6.176746 -1.026302 -0.3872743 0.4339435
86 27.15531 1.972756 -0.4946359 5.031869 2.296174 7.114307 -5.050777 -0.8128214 -0.2858781 0.3057994
87 26.58882 2.018595 -0.5261545 6.282913 2.150398 8.580155 -7.302203 -0.4836849 -0.4442984 0.5037523
88 27.20934 1.966636 -0.4859874 4.981177 1.89213 7.180972 -4.867572 -0.2331828 -0.3440318 0.3071289
89 27.07648 2.052638 -0.521154 5.487924 2.526743 6.376373 -7.335158 -0.3772783 -0.4517538 0.4855059
90 26.95449 1.966449 -0.4863992 5.427956 2.328639 6.640212 -5.424611 -1.257438 -0.3695244 0.3853555
91 26.19342 1.995469 -0.5354047 5.187506 1.06168 6.478215 -4.703591 -0.8886344 -0.2703552 0.2977612
92 26.66812 1.979094 -0.5241182 5.228811 2.488938 4.179099 -6.665066 -0.8436473 -0.286088 0.3632509
93 26.89067 1.884543 -0.5083961 5.57169 2.380541 4.645294 -15.56114 -2.472695 -0.9716365 1.137579
94 27.10056 2.006567 -0.4802403 6.031351 2.182889 6.347237 -4.400007 -0.6098159 -0.2306484 0.2383546
95 26.21348 2.092213 -0.5343826 4.912759 2.096333 4.795579 -5.263114 0.1250449 -0.3014457 0.3052046
96 26.893 1.845938 -0.4974167 5.472174 1.720448 5.011372 -6.342808 -0.3865077 -0.3220567 0.3551972
97 27.33047 2.0669 -0.4878226 5.155744 1.644881 5.386676 -5.962847 -0.4420866 -0.3850932 0.3951248
98 27.00862 1.895648 -0.4867299 4.472996 1.145757 5.825198 -4.986102 -0.8070909 -0.2897001 0.2981751
99 26.89683 1.932893 -0.4771593 5.596071 1.709885 7.843709 -5.64405 -1.295144 -0.3501475 0.3971778
100 27.34852 1.893535 -0.4696687 4.821777 1.619955 5.983907 -5.637152 -0.2468435 -0.3055338 0.3444273
