1 477.2514 443.3056 465.4268 478.546 444.6079 477.0603
2 428.133 427.2746 437.561 436.1098 434.7549 439.6975
3 607.0046 562.2872 565.9901 589.8747 559.6044 577.9396
4 758.4939 742.8712 725.433 758.0176 753.2542 728.8998
5 511.1629 456.5836 490.1712 505.9891 445.8215 474.9122
6 475.1397 401.0572 445.9245 478.3706 407.0492 440.4577
7 327.812 352.8892 351.9676 323.3143 349.8089 349.5443
8 543.9525 468.755 554.2747 545.4075 464.1546 530.8324
9 409.1042 436.8165 410.0707 405.9669 443.159 408.8342
10 663.4114 624.5085 674.4335 678.3039 629.6007 681.7111
11 382.3509 378.914 406.3188 408.3182 380.9448 404.3019
12 364.1087 369.3391 346.9171 358.3638 360.2111 346.171
13 311.9574 302.3261 331.6956 316.6069 295.2712 327.0713
14 607.6004 571.5169 597.1496 605.4091 582.512 624.4576
15 403.2872 411.169 425.0015 418.3532 410.2214 428.1127
16 445.0452 419.0477 427.7774 455.6306 423.7092 428.6421
17 597.7215 628.5903 619.3246 606.8157 625.3022 621.0387
18 507.6704 498.4629 502.6917 514.0656 494.6253 508.5508
19 346.6804 337.9031 341.0631 354.2478 333.1392 344.0723
20 632.3395 650.8572 554.3737 655.4733 633.303 564.3953
21 561.5029 511.4884 498.4978 559.771 509.0674 498.0951
22 593.0444 525.4333 535.6204 592.7566 521.4384 529.7514
23 623.2803 649.9089 621.3712 628.3947 661.5123 635.588
24 616.1229 571.5204 596.3041 620.9024 570.8097 589.915
25 347.3702 320.495 319.1628 344.7656 320.5141 326.6937
26 521.3089 462.7299 452.089 509.7168 454.0917 436.6622
27 546.8942 532.3412 503.5542 531.6434 549.1696 490.8911
28 518.82 466.1618 490.7688 538.1015 485.0139 484.293
29 544.4118 550.6068 569.0743 533.879 540.1031 570.0308
30 345.1898 370.9082 374.2475 353.4262 367.3149 375.1827
31 537.2894 532.6489 470.079 541.7704 519.9054 474.9296
32 590.286 544.3674 543.6691 579.6365 528.788 551.2167
33 443.3113 400.3273 386.1664 451.4421 407.0197 385.8369
34 656.7829 645.1754 626.0024 639.7814 634.8188 620.0349
35 425.8991 407.4086 432.5237 427.5356 399.8788 435.6578
36 535.9709 549.1008 515.4894 530.6346 541.4403 507.3975
37 471.481 449.3698 392.1393 475.7325 442.9894 398.6311
38 440.2123 476.7264 422.182 457.7282 466.4109 421.4755
39 557.8222 547.5648 508.6645 552.4481 535.435 498.6271
40 416.8724 435.9394 427.2749 437.7172 429.1852 428.8024
41 627.9873 578.7455 575.8929 624.6892 583.2155 586.1361
42 580.0254 518.1674 555.7983 573.9295 519.6583 553.2415
43 486.5768 479.9309 438.0427 494.1862 495.9629 442.3051
44 486.2689 490.4191 476.5468 475.731 480.9621 480.9203
45 658.5037 566.1045 620.9035 679.2625 580.9234 623.8015
46 523.4513 499.1181 535.5704 530.3854 493.4948 544.069
47 512.2321 496.1198 471.5619 508.0731 491.0572 462.2404
48 577.6853 595.8547 558.7192 571.2787 578.6808 550.5421
49 469.2766 439.3124 436.7412 478.9409 436.4914 441.3984
50 430.6934 388.0223 436.2142 416.9827 392.0737 434.0045
51 555.0802 505.0553 536.0404 551.6285 512.6855 535.2894
52 396.4544 353.1018 354.6564 396.4417 355.7023 347.5434
53 421.1753 433.29 439.2295 426.2549 429.3482 435.1251
54 517.6878 494.9712 448.6485 529.3809 496.4933 448.2822
55 641.6026 637.2349 565.3742 653.0106 633.4889 564.5392
56 516.4813 468.6549 473.9107 520.3731 472.7639 471.2201
57 479.1624 467.0288 464.8045 485.1107 473.3882 469.6692
58 461.5607 434.5948 441.697 446.6195 433.4885 459.1032
59 517.9685 457.9373 519.5765 527.0293 455.0774 510.1704
60 436.8219 427.1771 422.0374 448.9262 416.9661 420.9925
61 316.8666 337.2303 320.6264 316.7495 330.0121 323.865
62 752.8351 625.287 627.3978 743.1056 623.744 618.2922
63 520.9797 439.189 492.7252 512.656 443.5261 481.2509
64 421.1118 407.3092 429.3228 412.7735 415.5622 442.4899
65 501.0601 471.6313 494.517 502.5213 468.9087 487.6038
66 418.3878 425.7564 408.3814 426.8428 431.6977 401.2971
67 699.1547 699.9842 674.4035 702.5212 700.8282 674.703
68 465.6111 403.0566 417.4764 455.155 406.6835 419.4773
69 567.1672 589.8344 544.6358 561.1001 586.6524 536.6594
70 494.9873 466.7263 428.6756 486.1318 467.6063 429.7259
71 371.0938 344.1599 332.1989 368.1906 343.6049 327.2373
72 430.5158 450.2528 456.337 433.1164 439.1987 461.6023
73 519.8946 502.6787 520.3868 530.8167 512.7912 524.0084
74 610.3598 523.6173 570.4624 630.6229 524.6819 556.9503
75 474.4731 435.2121 416.8711 482.9151 442.1161 418.284
76 597.641 563.8125 529.9287 589.9093 568.6598 515.3408
77 348.3673 373.9992 343.0683 354.5182 371.666 342.0739
78 577.11 521.9703 494.0947 582.4637 514.8764 498.6941
79 607.8193 571.5463 570.8453 615.0542 578.5626 565.2373
80 448.8938 427.9779 443.6184 467.7892 436.0168 443.2134
81 643.9421 628.8032 587.155 644.724 635.1336 599.9652
82 592.6915 513.9444 536.1143 605.077 526.6513 528.5737
83 451.1212 404.9273 392.7623 457.0762 396.9293 398.8371
84 507.4572 468.8022 419.5124 497.0677 459.3456 409.6115
85 397.2056 355.3624 418.972 398.9966 352.0645 413.1056
86 463.2251 424.8747 411.3867 474.4953 413.2468 418.5985
87 390.0228 346.4824 367.6576 385.1306 345.481 376.1715
88 593.2668 478.0849 527.0771 560.0189 488.0365 528.4613
89 544.3825 546.3394 541.6431 540.8578 544.9584 534.6508
90 483.0539 435.3885 444.8669 463.2411 430.2217 449.2276
91 303.4178 330.2125 310.2444 309.1095 334.7405 317.7032
92 498.5406 487.1943 517.8684 477.8229 487.9483 531.6925
93 557.8714 513.7289 522.3182 550.2381 513.8584 522.1542
94 435.4032 369.6173 398.7009 426.2394 367.1494 396.3667
95 440.0333 412.083 432.7111 430.2737 413.2425 422.3528
96 574.9057 599.2802 621.3465 587.7799 605.2994 617.2975
97 566.1121 524.495 542.4832 570.6341 515.4714 540.5143
98 505.949 456.3384 498.5392 522.163 460.5351 497.4443
99 349.7606 355.0052 312.0811 341.4826 350.0918 317.0421
100 384.1928 358.9223 338.7678 391.4781 365.9588 341.0099
