2 1078.443 1076.338
7 1065.603 1062.181
8 1083.621 1085.015
10 1049.216 1050.411
16 1084.005 1086.482
17 1103.647 1105.616
21 1069.9 1072.296
22 1011.7 1005.138
26 1105.783 1105.869
28 1084.625 1083.871
30 1087.916 1086.205
31 1012.931 1013.004
32 1055.656 1051.114
34 1091.142 1091.239
35 1093.416 1095.042
36 1076.218 1079.28
37 1062.747 1061.677
42 1117.651 1119.555
46 1103.646 1101.302
48 1116.4 1122.911
49 1107.453 1110.291
51 1105.784 1104.77
52 1034.888 1032.095
54 1071.457 1070.125
56 1108.609 1108.226
59 1073.66 1077.713
62 1069.543 1069.508
63 1020.899 1017.454
65 1144.49 1145.572
69 1132.804 1138.882
70 1032.287 1031.904
72 1111.896 1110.053
73 1084.843 1082.655
74 1090.589 1093.67
75 1023.971 1026.887
77 1058.958 1062.733
78 1077.413 1065.934
83 1086.186 1080.113
90 1079.301 1077.357
91 1098.809 1096.024
93 1097.083 1103.271
96 1089.411 1084.678
97 1084.447 1083.905
98 1033.779 1034.028
99 946.9525 942.7561
102 1030.208 1027.252
103 1085.072 1085.014
104 1114.552 1117.267
105 1019.756 1001.024
106 1062.165 1061.477
107 1042.997 1038.316
109 1094.384 1090.848
112 1105.451 1105.268
113 1075.701 1070.367
116 1010.225 1012.09
117 1083.331 1084.744
120 1039.68 1038.277
121 1093.98 1094.817
125 1060.962 1058.349
128 1121.563 1118.553
129 1088.95 1080.93
130 1053.957 1056.567
135 1072.769 1071.997
136 1076.941 1080.676
137 1122.639 1122.7
138 1027.829 1024.111
139 1061.143 1063.214
142 1106.901 1105.352
150 1120.734 1116.735
152 1025.59 1025.519
154 996.8424 988.5897
156 1107.048 1108.217
157 1008.723 1005.575
159 1090.459 1086.906
160 1099.154 1101.578
161 1168.953 1171.483
162 1047.76 1044.83
163 1079.622 1077.456
164 1075.833 1084.673
165 1078.173 1075.751
168 1121.825 1125.895
171 993.1268 990.2971
177 1124.217 1121.722
178 1009.81 1005.452
181 1033.675 1040.018
182 1016.567 1020.865
183 1115.646 1120.9
184 1065.399 1072.44
185 1030.144 1026.418
186 1049.361 1045.035
190 1049.069 1050.122
191 1107.438 1111.244
192 1071.631 1069.853
193 1071.073 1064.395
194 1061.647 1056.937
195 1149.581 1146.617
196 1122.854 1125.459
197 1047.055 1046.166
198 1066.236 1069.62
199 1051.3 1055.135
