2 1090.632 1088.527
7 1077.791 1074.37
8 1095.81 1097.204
10 1061.405 1062.6
16 1096.194 1098.67
17 1115.836 1117.805
21 1082.088 1084.484
22 1023.888 1017.326
26 1117.972 1118.058
28 1096.814 1096.06
30 1100.105 1098.394
31 1025.12 1025.193
32 1067.844 1063.303
34 1103.331 1103.428
35 1105.605 1107.23
36 1088.406 1091.469
37 1074.936 1073.866
42 1129.84 1131.744
46 1115.835 1113.49
48 1128.589 1135.1
49 1119.642 1122.479
51 1117.973 1116.959
52 1047.077 1044.283
54 1083.646 1082.314
56 1120.797 1120.415
59 1085.849 1089.902
62 1081.732 1081.697
63 1033.088 1029.643
65 1156.679 1157.76
69 1144.993 1151.071
70 1044.475 1044.093
72 1124.084 1122.242
73 1097.031 1094.844
74 1102.778 1105.859
75 1036.16 1039.076
77 1071.147 1074.922
78 1089.602 1078.123
83 1098.375 1092.302
90 1091.49 1089.545
91 1110.997 1108.213
93 1109.271 1115.46
96 1101.6 1096.867
97 1096.636 1096.094
98 1045.968 1046.217
99 959.1412 954.9448
102 1042.397 1039.441
103 1097.26 1097.203
104 1126.741 1129.456
105 1031.945 1013.213
106 1074.354 1073.666
107 1055.186 1050.505
109 1106.572 1103.037
112 1117.64 1117.457
113 1087.89 1082.556
116 1022.414 1024.278
117 1095.519 1096.933
120 1051.868 1050.466
121 1106.168 1107.006
125 1073.151 1070.538
128 1133.752 1130.742
129 1101.138 1093.119
130 1066.146 1068.756
135 1084.957 1084.185
136 1089.129 1092.864
137 1134.827 1134.889
138 1040.017 1036.299
139 1073.332 1075.402
142 1119.09 1117.54
150 1132.923 1128.924
152 1037.779 1037.708
154 1009.031 1000.778
156 1119.237 1120.406
157 1020.912 1017.764
159 1102.648 1099.095
160 1111.343 1113.767
161 1181.141 1183.671
162 1059.948 1057.018
163 1091.811 1089.644
164 1088.021 1096.862
165 1090.362 1087.94
168 1134.014 1138.083
171 1005.316 1002.486
177 1136.406 1133.91
178 1021.998 1017.641
181 1045.863 1052.207
182 1028.756 1033.053
183 1127.835 1133.089
184 1077.587 1084.628
185 1042.333 1038.607
186 1061.549 1057.224
190 1061.258 1062.311
191 1119.626 1123.433
192 1083.82 1082.042
193 1083.262 1076.584
194 1073.836 1069.126
195 1161.77 1158.806
196 1135.043 1137.648
197 1059.244 1058.355
198 1078.425 1081.809
199 1063.489 1067.324
