2 0.28
7 0.24
8 0.16
10 0.24
16 0.28
17 0.16
21 0.28
22 0.4
26 0.2
28 0.24
30 0.2
31 0.32
32 0.28
34 0.16
35 0.2
36 0.28
37 0.36
42 0.12
46 0.16
48 0.08
49 0.12
51 0.12
52 0.4
54 0.24
56 0.2
59 0.2
62 0.2
63 0.32
65 0.12
69 0.16
70 0.32
72 0.2
73 0.24
74 0.28
75 0.2
77 0.24
78 0.28
83 0.2
90 0.2
91 0.12
93 0.24
96 0.2
97 0.24
98 0.28
99 0.44
102 0.28
103 0.2
104 0.12
105 0.36
106 0.24
107 0.28
109 0.28
112 0.2
113 0.28
116 0.2
117 0.24
120 0.28
121 0.2
125 0.28
128 0.16
129 0.16
130 0.24
135 0.32
136 0.2
137 0.24
138 0.28
139 0.24
142 0.12
150 0.16
152 0.28
154 0.32
156 0.16
157 0.36
159 0.24
160 0.2
161 0.12
162 0.24
163 0.2
164 0.2
165 0.2
168 0.16
171 0.32
177 0.16
178 0.36
181 0.24
182 0.28
183 0.16
184 0.16
185 0.28
186 0.28
190 0.24
191 0.2
192 0.2
193 0.36
194 0.2
195 0.12
196 0.16
197 0.28
198 0.24
199 0.32
