2 1000 1000
7 1000 1000
8 1000 1000
10 1000 1000
16 1000 1000
17 1000 1000
21 1000 1000
22 1000 1000
26 1000 1000
28 1000 1000
30 1000 1000
31 1000 1000
32 1000 1000
34 1000 1000
35 1000 1000
36 1000 1000
37 1000 1000
42 1000 1000
46 1000 1000
48 1000 1000
49 1000 1000
51 1000 1000
52 1000 1000
54 1000 1000
56 1000 1000
59 1000 1000
62 1000 1000
63 1000 1000
65 1000 1000
69 1000 1000
70 1000 1000
72 1000 1000
73 1000 1000
74 1000 1000
75 1000 1000
77 1000 1000
78 1000 1000
83 1000 1000
90 1000 1000
91 1000 1000
93 1000 1000
96 1000 1000
97 1000 1000
98 1000 1000
99 1000 1000
102 1000 1000
103 1000 1000
104 1000 1000
105 1000 1000
106 1000 1000
107 1000 1000
109 1000 1000
112 1000 1000
113 1000 1000
116 1000 1000
117 1000 1000
120 1000 1000
121 1000 1000
125 1000 1000
128 1000 1000
129 1000 1000
130 1000 1000
135 1000 1000
136 1000 1000
137 1000 1000
138 1000 1000
139 1000 1000
142 1000 1000
150 1000 1000
152 1000 1000
154 1000 1000
156 1000 1000
157 1000 1000
159 1000 1000
160 1000 1000
161 1000 1000
162 1000 1000
163 1000 1000
164 1000 1000
165 1000 1000
168 1000 1000
171 1000 1000
177 1000 1000
178 1000 1000
181 1000 1000
182 1000 1000
183 1000 1000
184 1000 1000
185 1000 1000
186 1000 1000
190 1000 1000
191 1000 1000
192 1000 1000
193 1000 1000
194 1000 1000
195 1000 1000
196 1000 1000
197 1000 1000
198 1000 1000
199 1000 1000
