2 -529.2216 -528.1692
7 -522.8013 -521.0907
8 -531.8104 -532.5074
10 -514.6082 -515.2057
16 -532.0025 -533.2408
17 -541.8235 -542.808
21 -524.9499 -526.1478
22 -495.8498 -492.5688
26 -542.8917 -542.9347
28 -532.3124 -531.9355
30 -533.9582 -533.1025
31 -496.4655 -496.502
32 -517.8278 -515.557
34 -535.5709 -535.6195
35 -536.7079 -537.5208
36 -528.1088 -529.6401
37 -521.3737 -520.8386
42 -548.8255 -549.7777
46 -541.8232 -540.6508
48 -548.2001 -551.4557
49 -543.7267 -545.1453
51 -542.8922 -542.385
52 -507.444 -506.0473
54 -525.7284 -525.0625
56 -544.3043 -544.1129
59 -526.8299 -528.8565
62 -524.7717 -524.7541
63 -500.4495 -498.727
65 -562.2452 -562.7859
69 -556.4021 -559.4411
70 -506.1433 -505.9522
72 -545.9478 -545.0265
73 -532.4213 -531.3276
74 -535.2945 -536.835
75 -501.9856 -503.4436
77 -519.4792 -521.3664
78 -528.7067 -522.9671
83 -533.0932 -530.0567
90 -529.6504 -528.6783
91 -539.4044 -538.0121
93 -538.5413 -541.6355
96 -534.7055 -532.339
97 -532.2237 -531.9526
98 -506.8894 -507.0139
99 -463.4762 -461.378
102 -505.1042 -503.6261
103 -532.5358 -532.5069
104 -547.2759 -548.6335
105 -499.8779 -490.5121
106 -521.0826 -520.7385
107 -511.4986 -509.158
109 -537.1918 -535.4241
112 -542.7256 -542.6341
113 -527.8504 -525.1837
116 -495.1127 -496.0448
117 -531.6654 -532.3722
120 -509.8398 -509.1384
121 -536.9898 -537.4086
125 -520.4811 -519.1745
128 -550.7816 -549.2767
129 -534.4748 -530.4652
130 -516.9786 -518.2834
135 -526.3843 -525.9983
136 -528.4704 -530.3379
137 -551.3193 -551.3499
138 -503.9144 -502.0553
139 -520.5716 -521.6068
142 -543.4506 -542.6758
150 -550.3671 -548.3677
152 -502.7952 -502.7596
154 -488.4212 -484.2948
156 -543.5242 -544.1086
157 -494.3615 -492.7875
159 -535.2295 -533.4532
160 -539.5772 -540.789
161 -574.4763 -575.7413
162 -513.8798 -512.4148
163 -529.8109 -528.7278
164 -527.9163 -532.3365
165 -529.0866 -527.8755
168 -550.9125 -552.9473
171 -486.5634 -485.1485
177 -552.1086 -550.8608
178 -494.9048 -492.726
181 -506.8373 -510.0089
182 -498.2834 -500.4324
183 -547.8231 -550.45
184 -522.6993 -526.2199
185 -505.072 -503.2089
186 -514.6803 -512.5177
190 -514.5346 -515.061
191 -543.7189 -545.6222
192 -525.8154 -524.9266
193 -525.5366 -522.1976
194 -520.8234 -518.4684
195 -564.7907 -563.3086
196 -551.4269 -552.7297
197 -513.5275 -513.0831
198 -523.1182 -524.8101
199 -515.6502 -517.5675
