2 5.385214 5.222318
7 6.135569 6.23656
8 4.696265 4.920919
10 5.937922 6.450877
16 4.889323 5.820604
17 6.284436 6.26866
21 6.072974 5.919396
22 5.98855 5.662002
26 5.694309 5.802033
28 4.83783 4.441974
30 4.739545 4.670241
31 5.749301 5.62391
32 6.200925 5.756985
34 6.976185 7.190544
35 5.943048 6.326214
36 6.451079 6.533936
37 4.962469 5.061347
42 4.143352 3.706341
46 5.464674 4.826373
48 4.966495 4.992587
49 4.610541 4.930273
51 5.832739 5.630417
52 5.539782 5.85185
54 5.054382 5.118142
56 6.329096 6.317575
59 4.191144 4.5525
62 5.383725 5.561667
63 4.27812 4.05776
65 4.847175 4.47507
69 5.833821 5.575209
70 5.287816 5.338606
72 5.575903 4.959248
73 6.72641 6.145508
74 5.269167 5.819679
75 7.219526 7.501177
77 6.367436 6.184595
78 6.376396 5.914003
83 6.603548 6.543955
90 5.608537 5.13475
91 6.470337 6.475932
93 5.259645 6.104553
96 5.12493 4.25843
97 6.319298 6.89235
98 6.453245 5.557543
99 4.975351 4.90192
102 4.845547 5.068314
103 5.284845 5.728078
104 6.611319 6.973599
105 5.432378 5.875837
106 5.812039 5.603024
107 5.579291 5.820566
109 5.993342 5.780933
112 4.795601 5.090887
113 5.206323 5.176295
116 5.604881 5.354461
117 5.282116 5.05408
120 4.724832 4.898068
121 5.662625 5.505973
125 7.163756 7.036975
128 5.418402 5.487446
129 5.700678 4.947275
130 6.213273 6.441949
135 6.680429 5.920079
136 4.852415 4.864503
137 5.476466 6.100943
138 5.327498 4.597153
139 5.402687 5.29937
142 5.853115 5.224305
150 3.952684 4.493
152 4.57513 4.717007
154 4.887045 4.871466
156 4.91661 5.071338
157 5.480807 6.53643
159 5.683179 6.226504
160 6.395653 6.369692
161 4.795508 4.995299
162 5.29719 4.672936
163 6.898546 7.017544
164 7.354176 7.414533
165 3.834486 3.968713
168 5.664504 6.550353
171 4.886267 5.444365
177 6.668026 6.204711
178 6.481881 6.142797
181 5.767205 5.042274
182 4.678233 3.920879
183 4.307882 5.060381
184 5.825081 7.152623
185 5.040447 4.224628
186 6.633287 6.64218
190 5.425691 5.827898
191 5.375054 5.537858
192 5.433326 5.448183
193 5.661489 5.218877
194 6.448942 6.24704
195 5.322554 5.31182
196 6.418402 6.591439
197 5.474576 5.316516
198 5.708386 5.419377
199 6.725743 6.574358
