2 0.2637775 0.2562497
7 0.2811419 0.2863041
8 0.2205096 0.2362756
10 0.2776843 0.2971758
16 0.2266862 0.2697287
17 0.3028814 0.300753
21 0.2697699 0.2642083
22 0.2627317 0.2507572
26 0.2527645 0.2540773
28 0.2183032 0.1980535
30 0.2264391 0.2238053
31 0.2780897 0.2723523
32 0.2753537 0.2569394
34 0.3588469 0.3665948
35 0.2887879 0.3079537
36 0.304621 0.3084974
37 0.2188031 0.2228954
42 0.1957214 0.1784188
46 0.2559979 0.2306258
48 0.2145654 0.2129895
49 0.1962819 0.2101916
51 0.2737419 0.2640938
52 0.2494021 0.2615794
54 0.2389457 0.2428717
56 0.2797471 0.2785108
59 0.1918381 0.2078247
62 0.2469454 0.254024
63 0.2003219 0.187261
65 0.225571 0.2072989
69 0.2848699 0.2696962
70 0.2327061 0.2360122
72 0.2711252 0.2362781
73 0.3196647 0.2908153
74 0.2363262 0.2596925
75 0.3488062 0.3613112
77 0.298014 0.2890604
78 0.2874198 0.2679677
83 0.3063454 0.307944
90 0.2592357 0.2424619
91 0.3710564 0.3673442
93 0.2411244 0.2773836
96 0.2210471 0.1847485
97 0.2863502 0.3119489
98 0.3013633 0.2595419
99 0.2353533 0.2299248
102 0.21062 0.2200723
103 0.2503776 0.2714084
104 0.3148273 0.3307337
105 0.2534909 0.2717869
106 0.2569888 0.2514163
107 0.2690619 0.2776202
109 0.2863775 0.2722433
112 0.2217542 0.2330019
113 0.2407905 0.239073
116 0.2626859 0.2495943
117 0.2268965 0.2179758
120 0.2196119 0.232788
121 0.2539085 0.2452213
125 0.3267403 0.320425
128 0.2542298 0.2602374
129 0.2620245 0.2287338
130 0.3035839 0.3142611
135 0.2840725 0.2545207
136 0.2175861 0.2152073
137 0.250729 0.2765411
138 0.2488223 0.2183734
139 0.2422108 0.2362514
142 0.2761051 0.2493607
150 0.1799929 0.2012738
152 0.202523 0.2132329
154 0.2398306 0.2433497
156 0.2290721 0.236109
157 0.2499831 0.2934229
159 0.2563855 0.2787735
160 0.2905827 0.2906047
161 0.2286898 0.2402017
162 0.2402341 0.2126589
163 0.3143781 0.3205158
164 0.3535089 0.3546767
165 0.1703657 0.1750083
168 0.2555439 0.293924
171 0.2224154 0.2492788
177 0.3269993 0.3081627
178 0.314924 0.2973159
181 0.2682624 0.2416175
182 0.2065081 0.1766984
183 0.1993654 0.2308322
184 0.2528824 0.3104465
185 0.2196383 0.1890782
186 0.338866 0.3359876
190 0.2508176 0.2708915
191 0.242252 0.2509803
192 0.2390661 0.241604
193 0.2639111 0.2434253
194 0.2985342 0.2887235
195 0.2525505 0.2502113
196 0.3154844 0.3177441
197 0.2513147 0.243217
198 0.2850714 0.2693578
199 0.3010602 0.2939799
