2 0.4918142 0.1051722 0.02997187 0.942397 0.4429745 1.236919 0.3678115 0.04840921 0.07022171
7 0.5248149 0.1067117 0.02904269 1.202416 0.4487371 0.9025553 0.410623 0.04663168 0.06377298
8 0.5030666 0.09437098 0.02772718 0.7332431 0.4171055 1.066211 0.4961577 0.0652214 0.08546881
10 0.4724592 0.111913 0.027697 0.9327749 0.4114612 1.426164 0.3557303 0.04971001 0.07915817
16 0.5089842 0.1122006 0.03031882 0.9012435 0.4869302 1.319056 0.3636084 0.05003922 0.07344769
17 0.5427283 0.09494711 0.02919678 0.9683796 0.4630138 1.346868 0.4512996 0.05580913 0.08010189
21 0.5113209 0.09534191 0.02853427 0.9894964 0.4438135 1.420031 0.366628 0.04919517 0.0747356
22 0.5286813 0.09310909 0.02727299 1.032467 0.4351369 0.9415029 0.3148747 0.04115388 0.05913892
26 0.4663818 0.1176938 0.03012669 0.6851641 0.5004547 1.366451 0.3829751 0.05129585 0.07719922
28 0.4543182 0.1150026 0.03195977 0.7063182 0.4955867 0.9816153 0.3652157 0.04225831 0.05970018
30 0.4105249 0.1154852 0.0332136 0.6261703 0.4695112 1.133838 0.3773458 0.04949397 0.07170474
31 0.4902528 0.09253525 0.02531337 0.8642081 0.3663248 0.8459948 0.325903 0.04677553 0.06252633
32 0.4813683 0.1067845 0.02738157 0.8101306 0.4308227 1.081164 0.3461383 0.04581592 0.06621237
34 0.3933824 0.1141586 0.03113033 0.5291077 0.4549598 1.280769 0.3947427 0.04906535 0.07390539
35 0.4562785 0.1032254 0.03096265 0.8890664 0.4499884 1.259169 0.3858958 0.04883108 0.06999521
36 0.4966893 0.1156882 0.02872148 0.9458713 0.4576047 1.310697 0.3858982 0.0505736 0.07607494
37 0.4781847 0.1088857 0.02953 0.9184735 0.4563708 1.020051 0.3357287 0.04342366 0.06167663
42 0.504657 0.08603847 0.02869245 0.8574548 0.4165718 1.411562 0.7835899 0.07974093 0.102948
46 0.4361304 0.105902 0.03212878 0.7987006 0.4538317 1.263994 0.4638537 0.05224092 0.07651061
48 0.4687449 0.09916836 0.02740023 0.492031 0.4437365 2.636539 0.8541362 0.1106084 0.1580501
49 0.5131337 0.09432566 0.02728365 0.7866118 0.4225979 1.719996 0.5379081 0.07374722 0.1021203
51 0.4516571 0.090772 0.02971259 0.6099296 0.4350362 1.825723 0.4971652 0.06597551 0.09429187
52 0.5431173 0.1038885 0.02966771 1.156263 0.4824333 1.33426 0.3750632 0.04543372 0.07396084
54 0.4812521 0.095472 0.02820653 0.7491529 0.4330133 1.008862 0.3603671 0.04995544 0.07049369
56 0.5696346 0.105514 0.02941172 1.215279 0.4815968 1.277873 0.4467956 0.0515644 0.0732455
59 0.3753861 0.1077425 0.03045778 0.4101039 0.4453197 1.466454 0.3958504 0.05216011 0.07936132
62 0.5351281 0.08955275 0.02664322 0.6748417 0.4432283 0.7881659 0.371014 0.04780796 0.06083879
63 0.470796 0.117511 0.0304807 1.003205 0.4346076 0.9099927 0.4231975 0.05098428 0.07011384
65 0.5585833 0.09556285 0.02861409 1.183354 0.4542253 1.520722 0.5572982 0.07674551 0.1012817
69 0.4963786 0.1068169 0.03132799 0.7538097 0.5167123 1.129385 0.4457799 0.05447271 0.07331438
70 0.5297915 0.09474079 0.0256191 0.6014628 0.4183434 1.383998 0.4323959 0.05584636 0.08424998
72 0.5029599 0.1126427 0.0303172 0.8879192 0.4934605 0.8464605 0.4021981 0.04779352 0.06258253
73 0.4705989 0.1054784 0.0290776 0.6951997 0.4724064 1.109338 0.4335552 0.04809235 0.06796419
74 0.5026795 0.1092288 0.03064169 0.9109761 0.5032012 1.604696 0.3821137 0.05052219 0.0802485
75 0.4099946 0.1026664 0.02456334 0.5823322 0.3447399 1.564981 0.4030821 0.05710566 0.08781261
77 0.4453978 0.1134322 0.02994874 0.8529618 0.445277 1.223636 0.4361732 0.04547957 0.07120679
78 0.5680999 0.1030799 0.0275549 1.374888 0.4505165 0.9457592 0.3572722 0.04715618 0.0654644
83 0.5049806 0.108338 0.02787254 0.8476466 0.4692539 0.8439061 0.353087 0.04500486 0.05991079
90 0.5225879 0.09732984 0.02766692 1.00404 0.4225529 0.974758 0.4234277 0.05652797 0.07557081
91 0.4625991 0.1068047 0.0294209 0.9066867 0.4180484 0.9458179 0.4354725 0.05331126 0.06953433
93 0.4994459 0.09674989 0.02845903 0.703639 0.469381 1.17487 0.4055187 0.05475794 0.0760149
96 0.5359244 0.08383565 0.02829543 0.5740195 0.4809973 0.8566318 0.4322792 0.04983076 0.06401639
97 0.5187281 0.1088765 0.02821525 0.7995868 0.4854268 1.505708 0.3872924 0.05426286 0.0854144
98 0.5519936 0.09558792 0.02526073 0.8271018 0.4120731 0.7774657 0.4089608 0.04750032 0.06131489
99 0.477955 0.09286118 0.02546746 0.5765139 0.4029645 0.6603975 0.3018364 0.04173515 0.05451095
102 0.4845835 0.09386198 0.0261494 1.074578 0.3620404 1.136735 0.3618291 0.04821918 0.07052617
103 0.4497509 0.1086888 0.03188687 0.8436587 0.4659504 0.9316387 0.3714386 0.0471515 0.06469004
104 0.5129322 0.09329322 0.0292769 0.9860245 0.437955 1.729967 0.5197166 0.06974048 0.09753568
105 0.5526953 0.09439669 0.02647082 1.433776 0.3906022 1.080767 0.3242721 0.04676487 0.0698351
106 0.5309177 0.08354761 0.02578186 0.7536587 0.4024163 1.26979 0.3794866 0.05674778 0.08155067
107 0.529946 0.1098618 0.02772312 1.434411 0.3932789 0.9258672 0.3522165 0.04568161 0.06503793
109 0.5367161 0.09579317 0.02814523 0.8735369 0.4632785 1.172996 0.3785113 0.05087163 0.07275184
112 0.5737949 0.09412154 0.03013024 0.8978493 0.5145601 0.8725844 0.416976 0.05016249 0.06534329
113 0.5154552 0.09541796 0.02860543 1.058929 0.4308319 1.191664 0.3639962 0.04757149 0.06971141
116 0.4437789 0.07530884 0.02428267 0.4858365 0.3395655 0.8139766 0.411016 0.05414074 0.06942445
117 0.4851539 0.1162586 0.02864016 0.8993639 0.4559843 1.204034 0.3639383 0.04828018 0.07072876
120 0.4279051 0.1046803 0.02997703 0.5758868 0.4492818 0.9402594 0.3964324 0.04582725 0.06437578
121 0.5216647 0.1027569 0.02827823 1.019114 0.4381781 1.192106 0.3782588 0.052384 0.07537153
125 0.4690735 0.1044163 0.02738552 0.8543649 0.4246177 1.280818 0.3677621 0.04578719 0.07007739
128 0.4510596 0.1212133 0.03101923 0.7982351 0.469508 1.509563 0.4428388 0.05690687 0.08446617
129 0.4700721 0.1041431 0.02814695 0.8551144 0.4083083 0.9737517 0.3872674 0.05423895 0.07259851
130 0.5075677 0.1072481 0.02689915 1.101747 0.4023281 0.8622038 0.3582253 0.04764633 0.06359077
135 0.5766331 0.08803775 0.02704614 0.8220378 0.4822668 0.9919888 0.3425311 0.04742141 0.06459977
136 0.5351962 0.09677889 0.02765905 0.9555953 0.4349129 1.145456 0.4240228 0.05955081 0.08140291
137 0.5884154 0.1005191 0.03039983 1.198668 0.5123028 1.472595 0.404075 0.05819906 0.08434009
138 0.4011002 0.09634617 0.02946165 0.5735676 0.4089007 0.9875516 0.3411427 0.0449451 0.06546406
139 0.505153 0.1041247 0.02768565 0.933101 0.4265157 1.322097 0.4209026 0.05583205 0.08399536
142 0.4820254 0.1139183 0.02738679 0.5810893 0.4584857 0.9767715 0.50755 0.06224681 0.07942622
150 0.5006555 0.102734 0.02937206 0.7969224 0.4665437 1.295942 0.4496471 0.05823007 0.07778848
152 0.4181515 0.09127393 0.02726028 0.3833166 0.4235017 0.8091443 0.3640446 0.04557274 0.06059728
154 0.4374691 0.09375135 0.02642954 0.7622619 0.3593933 0.7883553 0.3182529 0.04341092 0.05849991
156 0.5060963 0.09241033 0.02944644 0.7621213 0.4476246 1.385778 0.4410185 0.05987749 0.08609103
157 0.5144774 0.08866087 0.02534661 1.062771 0.3843624 1.068503 0.3302609 0.05048854 0.07365362
159 0.5650514 0.09844649 0.02767586 1.138448 0.4519164 1.367955 0.3751008 0.05128784 0.07503678
160 0.4858481 0.108621 0.02973371 0.7762477 0.483451 1.330968 0.392047 0.05060441 0.07535859
161 0.4541101 0.1211831 0.03491505 0.7561529 0.5594092 1.499142 1.048523 0.0604539 0.08931953
162 0.4534446 0.09064067 0.02842596 0.8233858 0.3869034 1.299407 0.3897842 0.05139153 0.07673741
163 0.5063165 0.09672809 0.02711754 0.9454959 0.4237263 1.366061 0.3874664 0.05403017 0.08011583
164 0.492746 0.09962899 0.02844089 0.9464898 0.4338327 1.358333 0.4013441 0.04955679 0.07538177
165 0.4920709 0.09002403 0.02823999 1.083362 0.3821652 1.478361 0.4351968 0.05693836 0.08746993
168 0.5448456 0.09817415 0.02910472 1.109316 0.4632652 1.602007 0.4924964 0.06916014 0.1004117
171 0.4326243 0.100533 0.02497466 0.7772593 0.3292974 1.359525 0.3576303 0.05174179 0.08161768
177 0.4379569 0.136059 0.03256807 0.7350823 0.5066261 1.278592 0.3963783 0.05019918 0.07397838
178 0.4547275 0.09394445 0.02661378 0.6808624 0.4103621 1.073034 0.3471383 0.0444933 0.06551224
181 0.4534084 0.1028666 0.02822388 0.9221247 0.3995656 1.102005 0.3972686 0.05009002 0.07214167
182 0.4323947 0.09953121 0.02650217 0.7636776 0.3505953 1.160712 0.3752827 0.05174147 0.07538672
183 0.6186504 0.09408127 0.03063152 1.187428 0.5058288 0.8579942 0.3821729 0.05360434 0.06726309
184 0.5373376 0.09908826 0.02437994 1.107769 0.3870206 1.30183 0.4059732 0.05532867 0.07949686
185 0.4775455 0.1028747 0.02782348 0.688777 0.4345588 0.8885847 0.4773816 0.04925491 0.06689167
186 0.4810331 0.09644546 0.02811331 1.098941 0.3825181 0.9754885 0.345325 0.04630622 0.06419534
190 0.4534155 0.1042039 0.02814762 0.807648 0.4147404 0.9661296 0.3510278 0.04820746 0.06749655
191 0.4664975 0.1097381 0.03102858 0.7907711 0.5004048 1.459465 0.3956954 0.04988772 0.07553776
192 0.4672226 0.1030949 0.02809113 0.8952723 0.4090914 1.333779 0.3833329 0.05311561 0.07790372
193 0.5411952 0.1163303 0.03248995 1.073977 0.5661196 0.7752048 0.3157269 0.03887285 0.05240335
194 0.4453261 0.09845177 0.02805432 0.6854554 0.4068683 1.592395 0.4578274 0.05791329 0.08954502
195 0.460659 0.1247604 0.03241436 0.7272559 0.5133628 1.606789 0.4970804 0.06205357 0.08911111
196 0.5007058 0.1077493 0.0310141 0.9959356 0.4869476 1.274786 0.4361897 0.05429867 0.07502465
197 0.4941246 0.09777745 0.02736457 0.7517884 0.4242271 0.9492823 0.3415293 0.04780102 0.06654471
198 0.4297536 0.1114189 0.03019774 0.7961473 0.4202356 1.060089 0.4335582 0.04729452 0.06674692
199 0.6076402 0.1035923 0.02589535 0.9409298 0.4590506 1.183082 0.3796758 0.05170473 0.0741297
