2 0.4810544 0.1060431 0.02960066 0.9042165 0.5667107 11.00816 1.222165 0.3694136 0.04893921 0.07057258
7 0.5049973 0.1042377 0.02886777 1.011597 0.5050296 89.53368 0.9284448 0.4104049 0.04697423 0.06483148
8 0.5305667 0.08404542 0.02653892 0.7708275 0.5367803 6.464761 1.166548 0.4973529 0.06745277 0.09021499
10 0.4489661 0.110401 0.02735051 0.7248957 0.5203625 36.18175 1.235629 0.348652 0.04767392 0.07239304
16 0.4587768 0.1050823 0.03072603 0.5887201 0.7239904 13.90363 1.152616 0.3572468 0.04870686 0.06897748
17 0.5355738 0.09509588 0.02864078 0.9345504 0.4818393 463.5982 1.266296 0.4496265 0.05550811 0.07788489
21 0.5341582 0.09209768 0.02814797 1.023654 0.5027252 80.80091 1.459967 0.3675124 0.05092119 0.07763517
22 0.491299 0.08915583 0.02421971 0.7151999 0.5098941 3.03706 0.9858119 0.3198142 0.042538 0.06160596
26 0.4448795 0.1228089 0.03095566 0.5386191 0.6073553 6.488172 1.303693 0.3810254 0.05013777 0.07473622
28 0.4599704 0.1222655 0.03090765 0.7381452 0.5694441 8.076999 0.9965814 0.3666876 0.042949 0.06091637
30 0.4285324 0.1157737 0.0328377 0.7327932 0.49914 590.116 1.208125 0.3799412 0.04971288 0.07357066
31 0.4793871 0.09157571 0.02505186 0.7823007 0.4508309 11.79552 0.8644719 0.3273306 0.04668368 0.062681
32 0.5044845 0.109527 0.02759348 0.9352706 0.4494919 253.9998 1.193411 0.3514587 0.04682799 0.06972941
34 0.384549 0.1141945 0.03097778 0.4855644 0.5042885 38.61004 1.245979 0.3935088 0.0481729 0.0721856
35 0.4424465 0.1050436 0.02993554 0.7614049 0.5399125 27.53103 1.159874 0.3835742 0.0483669 0.0678215
36 0.4814749 0.1162608 0.02873809 0.8617106 0.4753931 319.0621 1.311892 0.3855854 0.05014209 0.07551773
37 0.4592642 0.1052838 0.02932053 0.7110899 0.5471897 10.57663 1.048836 0.3371272 0.04394004 0.06276629
42 0.4779274 0.0868327 0.02888579 0.6654793 0.5254833 7.750792 1.49374 0.7798554 0.07991377 0.1041203
46 0.45803 0.1098222 0.03254361 0.9483039 0.5126819 741.0003 1.522429 0.4697143 0.05320919 0.08274398
48 0.4620671 0.09686664 0.0268642 0.4878991 0.5047489 31.09641 2.538631 0.841061 0.106857 0.1527207
49 0.5065532 0.09335898 0.02575971 0.7874502 0.5373395 13.09635 1.635921 0.5342848 0.07356073 0.1004853
51 0.4524115 0.09201081 0.03020866 0.5741336 0.5357362 67.29814 1.972743 0.4997864 0.0664382 0.09724498
52 0.5085599 0.09979025 0.02850806 0.8431759 0.5329723 10.66964 1.219584 0.36931 0.04500177 0.07060965
54 0.4665331 0.09854161 0.02816627 0.6941128 0.5037619 43.78242 0.9948097 0.3590885 0.04914611 0.06904061
56 0.569985 0.1063276 0.02950081 1.199424 0.4975842 292.8354 1.276336 0.4468182 0.05208461 0.0739819
59 0.3689761 0.1070675 0.03028523 0.3689044 0.4497485 299.7309 1.332216 0.3930389 0.05137527 0.07606954
62 0.5434948 0.08786754 0.02679061 0.7120751 0.5695064 519.0534 0.7701655 0.3701049 0.04785068 0.06032466
63 0.440958 0.1175785 0.02968106 0.7494716 0.4925486 5.363825 0.9591834 0.4299046 0.05135136 0.07216475
65 0.5497161 0.09564556 0.02857459 1.060597 0.5282266 22.31097 1.618175 0.5590532 0.07807151 0.1046357
69 0.4712073 0.1115236 0.02970769 0.6539701 0.6071668 5.702604 1.128527 0.4449363 0.05460377 0.07368531
70 0.5241957 0.09159969 0.02456242 0.6399969 0.4867152 14.36165 1.434434 0.4360178 0.05742616 0.08695795
72 0.5224668 0.1125247 0.03059403 1.002014 0.5056673 237.7719 0.9037704 0.4035527 0.04865399 0.06502897
73 0.4755637 0.1103511 0.02902687 0.7735154 0.525258 105.2908 1.163053 0.4350751 0.04794327 0.06894872
74 0.4888529 0.1057742 0.03045183 0.7742394 0.5115031 482.8145 1.405991 0.3745577 0.04972471 0.07517592
75 0.3943222 0.1009615 0.02394071 0.4650461 0.4585922 27.89136 1.521537 0.400101 0.05659415 0.08667224
77 0.4569983 0.1073761 0.02986874 0.8358267 0.5252953 8.208659 1.23521 0.4365994 0.04554111 0.07139079
78 0.5961489 0.1047851 0.02743416 1.309201 0.6426545 9.945427 1.016848 0.3596136 0.0475352 0.06716735
83 0.5287576 0.1002785 0.02774515 0.998626 0.4863814 437.7766 0.9135507 0.3564908 0.04601582 0.0626411
90 0.563344 0.1030594 0.02708448 1.172862 0.5524519 141.6838 1.050336 0.4272999 0.05748052 0.07818211
91 0.4579174 0.1132536 0.02993156 0.8459595 0.4981004 25.42001 0.9349542 0.4351921 0.05294245 0.06896185
93 0.4739884 0.09344926 0.02835538 0.5625043 0.4692634 360.9746 1.048128 0.4004913 0.05317023 0.07158222
96 0.5623375 0.08748006 0.02839218 0.7757239 0.5932716 20.49294 0.9682774 0.4334992 0.05139772 0.0677956
97 0.4972497 0.1072257 0.02867125 0.6666863 0.5014654 334.9241 1.452972 0.3850774 0.05330976 0.08321161
98 0.5382934 0.1064356 0.02548629 0.8090051 0.4875881 7.260634 0.8666872 0.4121955 0.04845805 0.06452599
99 0.4440477 0.09196632 0.02399733 0.4621513 0.5008216 3.094544 0.6374883 0.3015844 0.04013542 0.05227171
102 0.4612249 0.09731386 0.02678624 0.9037303 0.3833984 301.5016 1.116048 0.3612686 0.04785429 0.0700032
103 0.4345668 0.1092859 0.03223726 0.7582131 0.4776256 376.8681 0.905476 0.3710109 0.04658729 0.06367199
104 0.4746272 0.09776284 0.02796069 0.7463122 0.5752629 10.54494 1.587459 0.5155522 0.06858809 0.09477548
105 0.4696107 0.0961848 0.02606568 0.7649548 0.5078088 1.974568 1.016197 0.3201269 0.04636028 0.06821674
106 0.5383877 0.08451951 0.02566581 0.8288822 0.4097624 277.9458 1.355005 0.3830245 0.05686397 0.08320549
107 0.5342977 0.1158206 0.02899364 1.378763 0.4885967 6.594595 0.8556226 0.3484372 0.04460915 0.06186695
109 0.54659 0.09126055 0.02732833 0.9854404 0.5343803 14.14631 1.223099 0.3815042 0.05236629 0.07557865
112 0.5447266 0.09695191 0.03042649 0.6993087 0.5759963 12.92196 0.8199071 0.4147114 0.04937172 0.0635199
113 0.525187 0.09406047 0.02904237 1.083437 0.4502449 326.8898 1.234301 0.3663527 0.04868011 0.07184582
116 0.4384922 0.07441107 0.02409025 0.4327314 0.4115001 11.95548 0.8479037 0.4119807 0.05453893 0.07076625
117 0.5146512 0.1058271 0.02685626 0.9860836 0.5156025 8.679135 1.276356 0.3697936 0.04982426 0.07411755
120 0.4096527 0.101054 0.02918704 0.4629075 0.5251056 22.28625 0.928085 0.3962264 0.04561328 0.06387383
121 0.5223428 0.1063466 0.02848709 1.024424 0.4708838 257.2804 1.204794 0.3786104 0.05177795 0.07495138
125 0.4817146 0.1010417 0.02740879 0.8940407 0.5028965 45.01804 1.355433 0.3729976 0.04613868 0.07192092
128 0.4608951 0.1156606 0.03046553 0.8064178 0.5443947 18.01622 1.47307 0.4432588 0.05708875 0.0836578
129 0.4964757 0.1031241 0.0272694 0.9873365 0.531304 6.780592 1.121341 0.3916189 0.05660242 0.07831141
130 0.5004355 0.1074928 0.02630331 0.9413424 0.4864672 21.43459 0.8188868 0.3566304 0.04749493 0.06242958
135 0.6207701 0.0872018 0.02657383 1.149029 0.4966243 397.1465 1.058886 0.3483815 0.04943679 0.06789423
136 0.5174988 0.1020514 0.02720734 0.8907698 0.4373643 305.6431 1.090267 0.4225367 0.05901513 0.07960117
137 0.5530521 0.1046086 0.02947075 1.009387 0.5676352 13.16464 1.203048 0.3933536 0.0558481 0.07643545
138 0.4234746 0.09641372 0.02880156 0.6674757 0.462206 9.998988 1.159771 0.350745 0.04662443 0.07176704
139 0.5022896 0.09462182 0.02733753 0.7578299 0.5095754 4.003821 1.376006 0.4223118 0.05656466 0.08599407
142 0.4984338 0.1140296 0.02734252 0.6747064 0.5115016 92.66137 1.054019 0.5079995 0.06274711 0.08179471
150 0.4869064 0.108575 0.0314018 0.7446193 0.6406326 115.166 1.167259 0.4457252 0.057029 0.07486235
152 0.4107079 0.09168757 0.0267477 0.3767509 0.456229 74.32487 0.813379 0.3641895 0.04510339 0.06023058
154 0.4113757 0.1017595 0.02609003 0.6254906 0.4236731 9.282512 0.7473095 0.3171149 0.04213803 0.0561392
156 0.4966606 0.09287169 0.02925754 0.7378537 0.460672 218.122 1.357469 0.4404116 0.05946789 0.08498836
157 0.4523715 0.08743895 0.0256583 0.6517973 0.4314912 19.72076 0.876051 0.3197507 0.04694293 0.06503291
159 0.5169131 0.1058922 0.02732329 0.8798341 0.5306982 19.31622 1.196709 0.3681822 0.04981939 0.07020042
160 0.4911662 0.1068004 0.02921416 0.7822694 0.5237692 63.59509 1.372387 0.3930262 0.05065174 0.07631431
161 0.4461465 0.1213671 0.03446103 0.7057749 0.5710144 331.8529 1.331759 1.048693 0.05961334 0.08419183
162 0.4682409 0.09590312 0.02843344 0.9339224 0.403113 315.8293 1.372303 0.3930065 0.05056408 0.07719638
163 0.5093143 0.09695305 0.0269247 0.9812256 0.5150061 14.94032 1.346043 0.3902944 0.05443309 0.08017381
164 0.4657507 0.09189931 0.02625252 0.7086733 0.5074317 3.125186 1.347406 0.3968081 0.04884135 0.0741641
165 0.4808148 0.08819327 0.02772751 0.9864615 0.4607651 23.57962 1.374513 0.4340093 0.05618303 0.08412876
168 0.5123527 0.09884297 0.0290318 0.884136 0.4654195 271.1656 1.341617 0.4852598 0.0636997 0.0886721
171 0.4164699 0.0890144 0.02395506 0.6180714 0.3827565 8.178503 1.25639 0.3558947 0.05196422 0.0797731
177 0.4637541 0.1297886 0.0319252 0.8496523 0.5406097 172.9857 1.489729 0.4031946 0.05331496 0.08221433
178 0.4604554 0.09738465 0.02645549 0.744392 0.417986 372.5024 1.078194 0.3462427 0.04472302 0.06602322
181 0.4553188 0.09644378 0.02615623 0.8651691 0.4573646 2.546639 1.229279 0.4031173 0.0513733 0.07636922
182 0.4747148 0.09727419 0.02583826 1.013132 0.360521 181.0899 1.432501 0.3901428 0.05319466 0.08275761
183 0.5723054 0.09877794 0.03035377 0.8895024 0.6852741 37.59126 0.7819746 0.3778262 0.05394251 0.06631687
184 0.5004456 0.09541438 0.02440026 0.7866245 0.3932265 249.9095 1.056069 0.3979581 0.05376347 0.07280317
185 0.5041001 0.1044631 0.02752817 0.8958069 0.4451318 335.9318 0.9947222 0.4789757 0.0500427 0.07013795
186 0.4685227 0.0938548 0.02779652 0.9529897 0.4759293 7.215435 0.9957737 0.3460594 0.04656248 0.06500245
190 0.4313671 0.1034533 0.02819369 0.6331938 0.4685104 12.47808 0.9187185 0.349564 0.04853718 0.06668972
191 0.4481177 0.1097558 0.03081605 0.6731293 0.5345492 110.2151 1.392387 0.3913072 0.04954276 0.07469673
192 0.4499611 0.1017704 0.0280147 0.7331909 0.4843457 11.82796 1.408728 0.3843725 0.05375368 0.08026302
193 0.5534391 0.1150347 0.03115168 1.060931 0.6409032 7.097782 0.8493376 0.3203016 0.03893872 0.0541458
194 0.4537165 0.1020301 0.02781811 0.6866267 0.5031164 32.97873 1.63933 0.4597596 0.05845837 0.09123014
195 0.4592007 0.127815 0.03261338 0.7231381 0.540599 361.6021 1.503063 0.4978748 0.06122252 0.08638601
196 0.4846184 0.1118006 0.03167911 0.8916118 0.5829369 247.2107 1.208908 0.4340181 0.05384383 0.07392282
197 0.5086843 0.09737519 0.0270426 0.9499087 0.4195357 327.8555 0.9880205 0.3459233 0.04817802 0.06809062
198 0.4193638 0.1136616 0.03008327 0.7280056 0.4300071 353.0713 1.112555 0.4337245 0.04740722 0.06810897
199 0.5821185 0.092648 0.02310212 0.9377034 0.5336555 4.034444 1.182669 0.3794662 0.05279156 0.07496275
