2 26.52855 2.065147 -0.5212307 4.600137 2.515618 -5.855237 -0.792301 -0.03411254 0.216209
7 27.30124 2.127179 -0.5241554 4.641637 3.371398 -4.252137 -1.577979 -0.06312158 0.1907463
8 26.78865 1.991227 -0.4702113 4.339654 1.777557 -3.789087 -1.968133 -0.01289624 0.115527
10 27.37587 2.289121 -0.5398548 4.285349 2.533029 -7.337299 0.08510648 -0.08991827 0.3007055
16 26.74688 2.134635 -0.5075401 5.013579 2.20914 -6.908304 0.3038796 -0.03758049 0.2381378
17 27.08206 1.925481 -0.4722505 4.83807 2.494103 -6.953746 1.325086 -0.06720623 0.2260821
21 27.60382 1.980291 -0.5023994 4.593555 2.687649 -6.99773 -0.6660953 -0.02877535 0.2443466
22 28.22245 2.00434 -0.4935671 4.434967 2.722226 -5.518818 0.4478075 -0.07214507 0.2323308
26 27.51987 2.226849 -0.5247298 5.209972 1.446764 -6.568372 0.1825954 -0.05658546 0.2304319
28 26.52429 2.106064 -0.5352036 5.163136 1.536107 -5.125713 0.1926842 -0.0530268 0.1914767
30 25.95185 2.078124 -0.56971 4.899625 1.380136 -5.191532 -0.8015637 -0.04782441 0.2007422
31 27.35662 2.099573 -0.486588 3.778161 2.315567 -4.321851 -0.06744627 -0.05078826 0.1723875
32 27.68519 2.215854 -0.5107154 4.454151 2.045428 -5.84103 0.09610919 -0.06223036 0.2259819
34 26.8589 2.153166 -0.5661509 4.772376 1.041765 -5.843719 0.005971099 -0.07317737 0.2200322
35 27.04242 2.005303 -0.5557442 4.685677 2.341038 -5.636374 -0.5664365 -0.02282002 0.1802465
36 27.47256 2.279235 -0.5277102 4.733203 2.50304 -6.30122 0.2104378 -0.03801575 0.2153695
37 27.42203 2.151232 -0.5399601 4.666062 2.361046 -5.31498 0.6792738 -0.007791945 0.1499033
42 26.80384 1.819853 -0.4783875 4.36119 2.271987 -5.109664 -1.854884 -0.001279769 0.1196543
46 26.57558 1.997055 -0.5670139 4.761623 2.045544 -5.311143 -1.376613 -0.05537403 0.2042233
48 27.87039 2.091928 -0.4807088 4.669461 0.8669034 -7.271952 -2.623408 -0.08330998 0.2684498
49 27.29041 2.017747 -0.4691716 4.418354 1.87376 -6.409885 0.06495287 -0.02425343 0.1707893
51 26.74091 1.849301 -0.4957518 4.579177 1.346664 -8.092118 0.837631 -0.04973494 0.2487138
52 27.46457 2.054981 -0.5068063 4.954186 3.133916 -7.136059 -1.475555 -0.08698645 0.330863
54 27.37634 1.99356 -0.4942442 4.484911 1.787463 -4.97172 0.1258822 -0.06004704 0.1853801
56 27.09325 2.075579 -0.4851296 5.036521 3.291226 -6.409059 -0.7285497 -0.06257462 0.2450661
59 27.03869 2.092246 -0.5557253 4.633689 0.6254597 -6.533572 0.8210102 -0.005705056 0.1701035
62 28.33918 1.9628 -0.4467603 4.61065 1.400802 -4.015719 -0.1644176 -0.04877295 0.1416443
63 26.47694 2.235266 -0.5650359 4.496623 2.690601 -3.999158 -2.852302 -0.08502247 0.2411042
65 27.50062 1.973251 -0.4836327 4.761719 3.326253 -5.14545 -1.147074 -0.03565019 0.1507734
69 27.08533 2.007564 -0.5025966 5.370968 1.63919 -4.638948 -0.7000323 -0.04182392 0.1479099
70 28.19167 2.108475 -0.450264 4.295613 1.212034 -6.566029 -1.770155 -0.07317414 0.2823878
72 27.15614 2.141025 -0.5140116 5.145101 2.185839 -4.514972 1.229559 -0.03289491 0.1132935
73 27.83932 2.107812 -0.5126381 4.9204 1.561647 -6.273418 1.467429 -0.07087372 0.2054576
74 27.37854 2.081867 -0.518204 5.186634 2.268907 -7.607496 -0.6044454 -0.01503662 0.249018
75 27.58348 2.339545 -0.5225853 3.586837 1.34546 -7.800751 0.4829667 -0.07981594 0.2878067
77 27.52653 2.208713 -0.5701684 4.667285 2.221629 -6.211074 -1.401795 -0.09307471 0.2806831
78 27.99171 2.148236 -0.5002053 4.667943 3.958316 -5.014485 -0.6674209 -0.07227845 0.2172087
83 28.32544 2.201754 -0.5013407 4.864984 2.030406 -4.154046 -0.2839181 -0.05890901 0.1576964
90 27.27375 2.044005 -0.4885048 4.403206 2.695092 -4.279644 -1.307083 -0.07024188 0.1835376
91 26.68091 2.11949 -0.5429263 4.38821 2.441736 -4.440667 0.4975586 -0.05553547 0.1334057
93 28.06785 2.001147 -0.4862873 4.868329 1.554088 -5.450999 0.09309398 -0.03655887 0.1677431
96 28.4495 1.787311 -0.4401008 5.032502 0.9915148 -3.334392 -1.687167 -0.02179245 0.1114092
97 28.16548 2.190619 -0.4907485 5.045992 1.830224 -6.934785 -1.280613 -0.1002208 0.3130473
98 28.16888 2.142373 -0.4503767 4.268548 2.022864 -4.020204 -0.9905115 -0.07218888 0.1833901
99 28.30252 2.087925 -0.4737331 4.102733 1.146984 -3.447228 -0.2406597 -0.06250036 0.1741726
102 27.37071 2.097433 -0.526894 3.756945 3.101857 -5.560303 -0.9492954 -0.04626004 0.2184057
103 26.79014 2.03876 -0.5608542 4.862213 2.152537 -3.739921 -1.367075 -0.05387145 0.1634812
104 26.79505 1.905147 -0.4920862 4.590507 2.635467 -6.483365 -1.390849 -0.0134956 0.1949282
105 27.40381 2.077804 -0.5059835 4.046027 4.149046 -6.150984 -0.04052318 -0.1095085 0.2999506
106 28.03679 1.914908 -0.4460127 4.187739 1.83914 -6.037901 -0.06986852 -0.07574956 0.2376576
107 27.12279 2.273488 -0.5563755 4.103862 4.317579 -3.857786 -1.524942 -0.07651593 0.2089818
109 27.82347 1.997358 -0.4711819 4.816763 2.137227 -5.782378 0.02710803 -0.07282531 0.2249022
112 27.54383 1.861364 -0.4540429 5.346115 2.110347 -4.148705 -1.050832 -0.08096363 0.1855363
113 27.14775 1.976274 -0.5020382 4.470981 2.950191 -6.38504 0.2770645 -0.05669618 0.2362662
116 27.88075 1.853077 -0.4561232 3.538011 0.9792168 -3.450481 -0.7510014 -0.04931778 0.1286321
117 27.5425 2.294585 -0.5323554 4.706448 2.351194 -5.92968 0.05617781 -0.04800523 0.207422
120 26.99762 2.055161 -0.5287634 4.662931 1.161718 -4.318973 -1.649191 -0.07380418 0.2096414
121 27.08103 2.100149 -0.496598 4.588187 2.783747 -5.641518 -0.3988778 -0.06461858 0.2193982
125 28.19565 2.194888 -0.5297423 4.41179 2.210043 -6.459824 -0.5915785 -0.06211781 0.2502968
128 26.82875 2.255094 -0.5595373 4.873776 1.964747 -6.03461 -0.4568481 -0.04328469 0.1991852
129 26.755 2.136522 -0.5185167 4.281551 2.225333 -4.533548 -0.0152636 -0.06039191 0.163178
130 27.33207 2.254261 -0.5195661 4.164303 3.111397 -4.181486 -0.344152 -0.04294871 0.1518668
135 29.09248 1.919388 -0.4434122 4.94298 1.910504 -5.26566 0.1240162 -0.0478282 0.1880827
136 27.24776 2.034011 -0.4739806 4.507015 2.482889 -4.440566 -2.05039 -0.06561967 0.2089417
137 27.06276 1.953636 -0.4722598 5.265028 3.236683 -7.451809 0.8294588 -0.06257941 0.2583673
138 26.95673 1.968877 -0.5438916 4.255149 1.270862 -4.436037 -1.247181 -0.06994729 0.2159706
139 27.21619 2.154431 -0.4999511 4.453732 2.47574 -6.458279 -1.092207 -0.09372558 0.2903736
142 27.79023 2.314649 -0.4900446 4.807985 1.125109 -3.276264 -2.228669 -0.04610196 0.1254264
150 27.10291 2.042902 -0.494346 4.872539 1.932084 -5.262779 -0.984992 -0.00415681 0.1443206
152 27.93023 1.976368 -0.4934443 4.321511 0.5198367 -3.630346 -1.038676 -0.04053046 0.141946
154 26.98464 2.076475 -0.5231431 3.673718 1.928269 -3.660043 -0.6214053 -0.04873283 0.1633586
156 26.71852 1.879149 -0.4755655 4.680152 1.867649 -5.802547 -0.6787325 -0.07257019 0.2242397
157 28.41541 2.042669 -0.4956784 3.951074 2.972839 -5.899029 -0.2089083 -0.1079388 0.2821316
159 27.61468 2.060469 -0.4738033 4.671128 3.104045 -7.016867 -0.003102307 -0.05699841 0.255319
160 27.421 2.112208 -0.5103524 5.049019 1.819088 -6.515954 0.3472584 -0.04504281 0.2160117
161 26.79227 2.072443 -0.5635026 5.867181 1.674227 -5.241687 -3.075867 -0.06857568 0.1954088
162 26.59007 1.919243 -0.5189195 4.039231 2.165437 -5.938196 -0.8518725 -0.04820885 0.2297481
163 27.93183 2.070803 -0.4968319 4.409905 2.548589 -6.580078 -0.2535706 -0.07246796 0.2547341
164 27.40134 2.052666 -0.5127213 4.52669 2.513986 -6.57872 -0.4165211 -0.06002155 0.2469947
165 26.6775 1.924282 -0.5212395 3.991154 3.150539 -6.749255 -0.5488636 -0.06797017 0.2585207
168 27.33056 1.988223 -0.4896084 4.84757 3.029975 -6.45732 -1.501083 -0.1057368 0.2814931
171 26.97385 2.284486 -0.5343381 3.375733 2.132153 -6.687495 -0.9565693 -0.0773067 0.2946118
177 26.71076 2.373882 -0.5771525 5.313657 1.682319 -5.899065 -0.1025619 -0.06067603 0.2127249
178 28.16423 2.058663 -0.5049869 4.192405 1.574337 -5.790013 0.9556656 -0.05725962 0.2095621
181 27.42287 2.137975 -0.5552816 4.141655 2.477916 -4.432519 -2.206307 -0.05810288 0.2115059
182 26.58323 2.171171 -0.5342531 3.612094 2.009222 -4.559051 -1.458529 -0.01974037 0.178113
183 26.70903 1.833979 -0.4438125 5.276862 3.169942 -4.510222 0.3231004 -0.06298749 0.1614846
184 28.59859 2.273602 -0.4833571 4.059721 3.08744 -6.749789 0.4734696 -0.09572237 0.2574749
185 27.32778 2.12888 -0.4940527 4.479474 1.543081 -3.934122 -2.586358 -0.04773672 0.1836295
186 27.03054 2.044487 -0.5472167 3.964771 3.172596 -5.181589 0.5663416 -0.05254818 0.184369
190 27.30673 2.144252 -0.5337042 4.295024 2.067777 -4.426588 -0.7220802 -0.07191346 0.1950684
191 27.63109 2.081054 -0.5384116 5.220376 1.893937 -7.047516 0.6984796 -0.03480894 0.215336
192 27.10228 2.130201 -0.5292073 4.251462 2.347758 -6.476095 -0.05406794 -0.04869466 0.2277926
193 27.22448 2.083474 -0.5145164 5.820615 2.639624 -4.196508 -0.3196613 -0.04318337 0.172981
194 27.00711 2.057629 -0.5158012 4.245392 1.680163 -6.557048 -2.273031 -0.05670253 0.2753286
195 26.47045 2.214855 -0.5428795 5.388028 1.618182 -6.291537 -0.7799348 -0.02784602 0.1920685
196 27.07411 2.047048 -0.5279757 5.098871 2.633608 -6.275558 0.5021764 -0.03950535 0.1898191
197 27.31989 2.067561 -0.482121 4.394753 1.750518 -5.010836 0.0530943 -0.07106643 0.2087251
198 26.68097 2.172049 -0.5739333 4.342524 2.036553 -4.92838 -0.9714867 -0.03292355 0.1712606
199 28.58719 2.22641 -0.4436407 4.695114 2.184951 -6.048506 -0.5306226 -0.06135189 0.2388373
