2 26.54796 2.116789 -0.5268551 3.963216 2.354721 14.32634 -5.853577 -0.859339 -0.03209871 0.215135
7 27.31097 2.083913 -0.5226397 4.419367 2.826298 55.05274 -4.397884 -1.576795 -0.06370569 0.1970053
8 27.01325 1.880935 -0.4571828 3.461807 1.912801 10.36305 -4.137652 -1.967377 -0.03918685 0.1533477
10 27.31436 2.306091 -0.5442363 3.835814 1.885366 27.43646 -6.172728 0.074229 -0.05894875 0.2326797
16 26.64121 2.078142 -0.5066786 3.95302 1.331094 12.26813 -5.838624 0.289548 -0.02087328 0.1861756
17 27.17122 1.96115 -0.4726025 4.676632 2.433828 187.7692 -6.566916 1.315591 -0.06634097 0.2115044
21 27.70932 1.949861 -0.4952111 4.347927 2.803221 52.3685 -7.382644 -0.6433921 -0.04890125 0.2755132
22 28.61228 2.09448 -0.4882508 2.913867 1.744983 6.084742 -5.723387 0.519771 -0.08593701 0.2496551
26 27.38155 2.309541 -0.5346702 4.47707 1.076111 12.28647 -6.048193 0.2065521 -0.05584963 0.211568
28 26.58071 2.224442 -0.5397764 4.296726 1.809685 14.53021 -5.336931 0.1958153 -0.05949251 0.2041689
30 26.05617 2.090035 -0.5684614 4.778956 1.775377 200 -5.693872 -0.7567024 -0.06433447 0.2333604
31 27.53108 2.07781 -0.4819328 3.197717 1.784237 13.37149 -4.49334 -0.06678799 -0.05372203 0.1811409
32 27.80361 2.244563 -0.5113787 4.536058 2.450059 200 -6.517006 0.0952012 -0.07878897 0.2639247
34 26.86632 2.156767 -0.5676975 4.528373 0.8860514 37.7896 -5.597796 0.03012477 -0.06971818 0.2073936
35 27.10377 2.052447 -0.5553596 4.168684 1.984559 25.82369 -5.184526 -0.5526351 -0.02469171 0.1654461
36 27.42765 2.285597 -0.5305204 4.644406 2.211108 170.421 -6.215441 0.2286079 -0.03289518 0.2078062
37 27.433 2.104245 -0.5329134 3.935383 1.755211 14.45537 -5.662074 0.7173444 -0.01412795 0.1680486
42 26.85707 1.83164 -0.4817387 3.812828 1.495603 12.86719 -5.511862 -1.818268 -0.02677687 0.1577018
46 26.67164 2.038998 -0.5747356 4.812455 2.497109 200 -6.509252 -1.390425 -0.07102761 0.2609517
48 27.86077 2.102229 -0.4803599 4.218128 0.8975494 31.7496 -6.783263 -2.583613 -0.0439128 0.2148361
49 27.24354 2.063017 -0.4716294 3.767595 2.003464 16.31232 -6.527545 0.02994343 -0.02873015 0.1793273
51 26.71085 1.865743 -0.4991617 4.3753 1.268929 43.53649 -8.784709 0.8439783 -0.05299733 0.2760127
52 27.44664 2.038151 -0.5001363 4.260063 2.103677 16.22896 -6.352257 -1.491129 -0.07668554 0.2952273
54 27.34542 2.041361 -0.5025814 4.255588 1.663642 37.39835 -4.783488 0.1488411 -0.05408023 0.1728458
56 27.1153 2.07689 -0.4849813 5.033746 3.262089 200 -6.433873 -0.7466745 -0.06328913 0.2467169
59 27.00871 2.09327 -0.5537251 4.53907 0.4865948 200 -5.399344 0.7984608 0.0002440645 0.1248897
62 28.27247 1.929503 -0.4438959 4.488661 1.498578 104.173 -3.817572 -0.1346997 -0.04356588 0.1297569
63 26.52982 2.257411 -0.5660633 3.549614 1.929292 10.41944 -4.211123 -2.934691 -0.08544797 0.2508749
65 27.58414 1.968883 -0.4815172 4.427752 2.896388 27.02074 -5.481307 -1.113284 -0.03913243 0.1649092
69 27.07268 2.139947 -0.5157537 4.272641 1.535881 11.03829 -4.633021 -0.6764706 -0.04168301 0.147144
70 28.23562 2.117148 -0.4510353 3.652042 1.468689 17.99812 -6.949786 -1.799775 -0.08362345 0.3053128
72 27.18577 2.119914 -0.5132596 5.141 2.617465 200 -4.832942 1.213953 -0.04721701 0.1386592
73 27.93815 2.182674 -0.5227452 4.781017 1.855753 62.55022 -6.610732 1.458446 -0.07616731 0.2217324
74 27.27282 2.016068 -0.5095587 4.989922 1.821418 200 -6.58165 -0.5582266 -0.008988548 0.2085782
75 27.55038 2.34453 -0.5209779 3.176775 0.9788417 22.8158 -7.359082 0.5024331 -0.07172614 0.2649791
77 27.4428 2.134053 -0.5652805 3.97968 2.285247 14.48482 -6.395531 -1.394691 -0.09798206 0.2914417
78 28.00106 2.140972 -0.5007973 3.792418 3.843836 11.56594 -5.487507 -0.6199517 -0.08030347 0.2405441
83 28.41222 2.089665 -0.4915455 4.80279 2.547732 200 -4.574676 -0.3185548 -0.0724074 0.1858929
90 27.45486 2.073718 -0.4891121 4.107673 3.34765 53.30032 -4.82148 -1.314563 -0.08606149 0.2175984
91 26.64114 2.152003 -0.5437695 4.148778 2.222965 28.22595 -4.299517 0.4853115 -0.05487089 0.1280983
93 27.85163 1.951366 -0.4835088 4.675036 1.116 200 -4.839401 0.1446397 -0.01335556 0.1246207
96 28.70632 1.842682 -0.4438514 4.603219 1.738154 23.15456 -4.275243 -1.609223 -0.05711447 0.1749215
97 28.03457 2.144429 -0.4915311 5.052313 1.409823 200 -6.533977 -1.295932 -0.08737534 0.2890364
98 28.23364 2.287018 -0.465716 3.578254 2.08126 12.90182 -4.57536 -0.9407135 -0.08926674 0.2174538
99 28.26377 2.177353 -0.4820072 2.774326 0.9377159 6.211269 -3.342849 -0.261956 -0.05166654 0.1604035
102 27.39078 2.117597 -0.5311415 3.845569 2.50205 200 -5.434181 -1.009009 -0.04744284 0.2159116
103 26.70785 2.033029 -0.5650233 4.80357 1.862712 200 -3.586802 -1.404412 -0.04606465 0.1519213
104 26.79823 2.004185 -0.5010064 3.884189 1.887066 13.8104 -5.731378 -1.466207 0.007243389 0.1504616
105 27.22866 2.121585 -0.5125455 2.244968 1.899855 4.0379 -5.770951 -0.1489287 -0.1029004 0.283084
106 28.09464 1.935824 -0.4492364 4.141103 2.108302 200 -6.684239 -0.05554802 -0.08628567 0.269048
107 27.09246 2.306297 -0.5591821 3.453461 3.815018 11.49634 -3.407133 -1.505119 -0.05823408 0.175692
109 27.88767 1.952269 -0.4684586 4.312919 2.523046 20.06785 -6.223212 -0.05055263 -0.09264713 0.2596502
112 27.36661 1.87706 -0.4575669 4.776295 1.514113 20.62537 -3.828213 -1.077408 -0.06487576 0.1597075
113 27.05377 1.929293 -0.4984264 4.526744 3.012809 200 -6.611914 0.3064995 -0.06665492 0.2533097
116 27.99944 1.850164 -0.4539063 3.131521 0.8615473 16.65149 -3.842084 -0.7876535 -0.07072018 0.1626738
117 27.70336 2.258851 -0.5255206 3.86955 2.844681 14.83032 -6.57099 -0.01280446 -0.07160459 0.2517577
120 26.93558 2.023643 -0.5264633 4.098171 0.9309349 23.79106 -4.23043 -1.658049 -0.07154404 0.2051429
121 27.08548 2.141762 -0.5011131 4.583451 2.782449 151.0278 -5.626743 -0.3919272 -0.05978345 0.2142677
125 28.24292 2.152824 -0.5269559 4.131474 2.379542 34.66213 -6.985097 -0.6494533 -0.06320166 0.2698285
128 26.85559 2.201555 -0.5506777 4.456325 1.986629 22.90155 -6.079053 -0.4355775 -0.04998888 0.2067147
129 26.89942 2.155916 -0.5169314 3.616862 2.813013 11.49243 -5.468309 0.0006688325 -0.0937568 0.227087
130 27.40735 2.264393 -0.518709 3.596991 2.427729 20.33426 -3.920599 -0.3366111 -0.03563009 0.1356439
135 29.24678 1.923611 -0.4399611 4.82163 3.023752 196.3364 -6.072869 0.08108501 -0.0665225 0.2324098
136 27.34921 2.143009 -0.4826615 4.393691 2.251674 200 -4.216014 -2.052514 -0.05858654 0.1941862
137 26.91844 2.030928 -0.4811269 4.53287 2.734135 19.40351 -5.839234 0.8173463 -0.0235216 0.1657753
138 27.16229 1.999052 -0.5441608 3.754375 1.686271 17.28761 -5.723429 -1.284323 -0.09466098 0.2847714
139 27.22088 2.075317 -0.4898987 3.412695 2.191983 8.704132 -6.75642 -1.087313 -0.1007705 0.3074057
142 27.83808 2.303508 -0.4886084 4.614202 1.415283 58.66295 -3.570971 -2.179771 -0.05580591 0.1452389
150 27.01536 2.099888 -0.5033387 4.750722 1.492739 44.18153 -4.58736 -0.958252 -0.005429731 0.1209169
152 27.94456 2.002781 -0.4968208 4.046893 0.4877171 49.86824 -3.599025 -1.043855 -0.03621405 0.1366368
154 26.97664 2.203324 -0.536752 3.117742 1.571113 14.06258 -3.399271 -0.6289072 -0.03628288 0.1425015
156 26.74628 1.900112 -0.4783492 4.541646 1.785246 137.4889 -5.542294 -0.672389 -0.06604423 0.2085312
157 28.10522 2.009983 -0.496678 3.456957 1.582068 21.86542 -4.642374 -0.1450728 -0.06314852 0.1977072
159 27.62872 2.183939 -0.4857528 4.099861 2.206022 21.30331 -5.848665 -0.01010158 -0.03867527 0.1976401
160 27.48828 2.109807 -0.5090285 4.751319 1.868576 53.41462 -6.780205 0.3683382 -0.0502697 0.2292735
161 26.80435 2.092267 -0.5633795 5.691507 1.54408 189.5913 -4.66901 -3.031459 -0.0531209 0.1604486
162 26.71534 2.006433 -0.5289137 4.048727 2.55398 200 -6.416888 -0.8302947 -0.05107992 0.2482115
163 27.83828 2.078244 -0.4963681 3.929619 2.700726 19.62098 -6.593981 -0.2964281 -0.07089748 0.255252
164 27.3989 2.088616 -0.518907 3.263812 1.86134 7.463942 -6.321163 -0.3423963 -0.05294283 0.229578
165 26.6973 1.910315 -0.5181295 3.650899 2.819526 24.95002 -6.03289 -0.5709514 -0.0574981 0.2239029
168 27.24692 2.003307 -0.4928575 4.739876 2.284099 200 -5.103211 -1.487328 -0.06783095 0.2004364
171 26.95838 2.146522 -0.5214503 2.755611 1.637044 12.97453 -5.919679 -0.9853921 -0.07220217 0.2645915
177 26.84486 2.319011 -0.568397 5.147286 2.135594 102.057 -7.119969 -0.1477137 -0.08736744 0.2804582
178 28.25386 2.127837 -0.5128157 4.130019 1.801602 200 -5.970048 0.9024186 -0.05730758 0.2161837
181 27.45719 2.198766 -0.5586907 2.937745 2.425528 6.628071 -5.213391 -2.145999 -0.07814049 0.2550341
182 26.83255 2.168665 -0.5307306 3.49136 2.928278 124.018 -6.559649 -1.55056 -0.06726131 0.293906
183 26.75497 1.84263 -0.4418747 4.542121 1.939603 24.10228 -3.955019 0.3698108 -0.04488257 0.1231131
184 28.51654 2.207911 -0.4750574 4.008168 1.924993 200 -5.295425 0.5086891 -0.06484592 0.1797668
185 27.52604 2.165775 -0.4984974 4.449389 2.318736 200 -4.687462 -2.554686 -0.07199174 0.2310693
186 26.99407 2.071389 -0.5541926 3.087071 2.862982 11.17175 -5.234085 0.5660159 -0.05488935 0.1884498
190 27.29869 2.145652 -0.5302217 3.750957 1.533783 18.86477 -4.252176 -0.7551656 -0.06489393 0.1829585
191 27.61273 2.082328 -0.5373519 5.018681 1.492249 71.60175 -6.567939 0.6237205 -0.03590747 0.2013031
192 27.06536 2.098658 -0.5291116 3.802319 1.910352 18.25929 -7.012583 -0.04875434 -0.0597413 0.2566332
193 27.29469 2.132387 -0.5283471 4.432059 2.988203 11.02906 -4.767119 -0.3034962 -0.04517453 0.1946348
194 27.07195 2.11748 -0.5209463 3.918965 1.713624 28.58527 -6.683197 -2.263758 -0.05428821 0.2765307
195 26.44545 2.245898 -0.5470149 5.363321 1.637389 200 -6.049275 -0.8042703 -0.01688461 0.1734888
196 27.03435 2.093202 -0.5345131 4.969144 2.284826 95.03654 -5.826671 0.4578621 -0.02937909 0.1654524
197 27.286 2.093769 -0.4900629 4.196091 2.501858 200 -5.280448 -0.02806514 -0.07297348 0.2213774
198 26.7336 2.205229 -0.5757634 4.27497 1.848477 200 -5.061759 -0.9477947 -0.03501701 0.1776456
199 28.72953 2.19331 -0.4384119 3.463728 2.127501 8.375812 -6.153118 -0.5119048 -0.06888414 0.2488539
