2 39.91639 37.34202
7 46.0406 48.72226
8 28.75528 29.62842
10 43.62617 50.71708
16 33.17041 43.17439
17 48.239 48.48765
21 45.92788 44.59194
22 44.04327 41.11903
26 40.01816 43.45424
28 30.50853 27.24202
30 31.11397 29.94879
31 42.09442 40.92726
32 46.72219 40.27443
34 57.56183 60.95377
35 47.88951 53.26642
36 53.10649 55.39487
37 31.5616 32.82329
42 26.23129 23.46323
46 39.54587 32.96319
48 33.65317 34.03754
49 25.77344 29.83004
51 42.52946 41.28552
52 41.34451 44.02768
54 34.07792 34.8937
56 49.5171 49.88475
59 26.85285 31.19258
62 35.80949 36.57567
63 26.86825 24.05123
65 34.63106 29.82165
69 45.00202 41.59403
70 38.22721 38.259
72 42.04107 34.90093
73 60.42287 50.37126
74 36.48132 42.56873
75 64.20905 67.33487
77 52.78099 50.81549
78 51.66389 45.64928
83 55.96925 54.42933
90 40.72512 36.38603
91 51.63318 51.96411
93 36.3903 45.30407
96 33.29566 24.91478
97 49.99957 59.02202
98 51.95887 39.60686
99 36.96565 34.92897
102 29.6801 33.06592
103 36.30164 42.24002
104 49.42627 55.52932
105 39.31825 44.82645
106 43.33799 41.48006
107 40.97626 41.97636
109 46.06569 40.63675
112 30.05156 32.27901
113 37.24637 36.93278
116 40.21666 36.75403
117 39.02356 34.70001
120 31.59986 33.53764
121 38.89771 36.72706
125 60.02108 58.80993
128 39.36613 41.34116
129 41.63598 30.67807
130 47.71467 51.00748
135 54.68485 43.26785
136 33.14462 32.08236
137 41.88086 48.28011
138 38.9816 30.37756
139 37.14786 37.34407
142 42.44216 34.87571
150 22.03257 29.06838
152 27.50523 28.25345
154 32.73563 31.8429
156 31.79935 33.08674
157 38.22471 52.83426
159 42.35041 48.31318
160 50.05226 49.59637
161 32.93359 34.41495
162 34.3581 28.56017
163 58.4186 59.85067
164 63.8205 62.22806
165 21.74205 22.85113
168 41.27155 54.30347
171 31.2024 39.04892
177 57.63484 52.48338
178 52.11639 48.7397
181 43.18773 36.00451
182 30.1988 21.54674
183 25.33676 32.43769
184 41.95543 60.57962
185 32.7418 25.17691
186 57.99087 57.53449
190 39.68727 43.99052
191 40.41722 41.04264
192 36.54937 37.15167
193 41.6163 36.93904
194 51.06463 46.86265
195 33.14955 32.76952
196 52.33066 53.69362
197 39.35965 36.53994
198 47.18288 45.4045
199 52.74264 53.43469
