2 100025002
7 100025007
8 100025008
10 100025010
16 100025016
17 100025017
21 100025021
22 100025022
26 100025026
28 100025028
30 100025030
31 100025031
32 100025032
34 100025034
35 100025035
36 100025036
37 100025037
42 100025042
46 100025046
48 100025048
49 100025049
51 100025051
52 100025052
54 100025054
56 100025056
59 100025059
62 100025062
63 100025063
65 100025065
69 100025069
70 100025070
72 100025072
73 100025073
74 100025074
75 100025075
77 100025077
78 100025078
83 100025083
90 100025090
91 100025091
93 100025093
96 100025096
97 100025097
98 100025098
99 100025099
102 100025102
103 100025103
104 100025104
105 100025105
106 100025106
107 100025107
109 100025109
112 100025112
113 100025113
116 100025116
117 100025117
120 100025120
121 100025121
125 100025125
128 100025128
129 100025129
130 100025130
135 100025135
136 100025136
137 100025137
138 100025138
139 100025139
142 100025142
150 100025150
152 100025152
154 100025154
156 100025156
157 100025157
159 100025159
160 100025160
161 100025161
162 100025162
163 100025163
164 100025164
165 100025165
168 100025168
171 100025171
177 100025177
178 100025178
181 100025181
182 100025182
183 100025183
184 100025184
185 100025185
186 100025186
190 100025190
191 100025191
192 100025192
193 100025193
194 100025194
195 100025195
196 100025196
197 100025197
198 100025198
199 100025199
