5 3034.677 2924.561
7 3147.751 3066.045
15 3066.429 2908.83
20 3048.984 2960.891
24 3265.953 3155.327
29 3036.383 2958.816
30 3500.858 3336.281
35 2652.531 2586.135
37 3213.873 3058.556
41 3028.048 2938.942
50 2993.423 2888.518
51 3023.551 2921.58
54 2734.884 2712.792
55 3443.98 3291.12
57 2838.506 2757.453
59 3021.852 2942.053
65 3149.62 3061.872
68 2823.006 2704.955
74 3094.486 3015.9
79 2721.882 2689.144
81 2940.454 2853.282
82 2928.095 2841.231
83 3217.82 3113.4
84 3045.443 2944.364
86 3247.409 3180.066
87 2620.573 2625.192
89 2923.671 2867.393
92 2646.75 2566.665
93 2898.461 2838.437
97 3273.102 3153.427
99 3185.566 3037.313
100 2953.356 2916.138
103 3216.12 3168.648
104 3130.261 3081.255
112 2849.931 2819.734
114 3174.226 3047.414
116 2736.402 2667.336
117 2910.025 2866.089
118 2701.582 2696.981
125 2885.792 2845.864
126 3271.206 3140.204
127 2928.278 2861.05
128 3288.156 3149.266
129 2892.187 2802.007
130 2839.331 2771.812
131 2901.395 2897.197
133 3351.74 3213.553
134 2923.312 2869.862
135 2921.391 2855.713
143 2956.419 2852.026
144 2717.356 2681.576
146 2943.039 2871.918
155 3068.49 2970.139
157 3062.651 2926.137
159 2758.153 2706.55
160 2744.779 2711.823
164 3032.43 3008.498
165 2998.808 2934.126
166 3211.691 3104.712
167 3210.766 3119.566
172 2658.239 2674.183
175 2937.866 2836.781
181 3434.701 3332.739
183 2960.238 2833.006
184 3208.035 3062.922
185 3505.604 3344.216
187 3061.973 2999.055
189 3171.929 3059.261
190 2924.019 2821.676
198 3064.513 2976.573
199 2896.787 2842.046
600 2844.034 2759.853
601 3216.067 3126.39
603 2949.056 2885.051
604 3057.976 2970.624
606 2929.858 2880.045
609 2846.342 2855.462
612 3533.712 3390.107
613 3053.607 2966.058
614 3268.421 3186.215
616 2832.232 2742.199
618 2839.672 2789.482
623 3023.444 2901.453
624 2975.287 2911.473
625 3272.854 3080.907
630 2948.33 2863.411
631 3016.506 2916.878
632 3153.85 3084.177
633 3095.977 2996.56
637 2705.119 2686.035
638 2947.707 2929.218
640 3261.418 3170.988
641 3039.63 2971.685
642 2908.916 2865.232
645 2971.577 2885.048
646 3183.948 3043.872
647 2948.838 2868.609
649 3250.472 3167.935
650 3035.435 2958.51
657 3350.549 3234.994
