5 3060.728 2950.613
7 3173.803 3092.097
15 3092.481 2934.882
20 3075.036 2986.943
24 3292.005 3181.379
29 3062.434 2984.868
30 3526.909 3362.332
35 2678.583 2612.187
37 3239.925 3084.608
41 3054.1 2964.994
50 3019.475 2914.569
51 3049.602 2947.632
54 2760.935 2738.844
55 3470.032 3317.171
57 2864.558 2783.505
59 3047.904 2968.104
65 3175.672 3087.924
68 2849.058 2731.007
74 3120.537 3041.951
79 2747.934 2715.196
81 2966.505 2879.334
82 2954.147 2867.283
83 3243.871 3139.451
84 3071.495 2970.416
86 3273.461 3206.117
87 2646.625 2651.244
89 2949.723 2893.445
92 2672.802 2592.717
93 2924.513 2864.489
97 3299.154 3179.478
99 3211.617 3063.365
100 2979.408 2942.19
103 3242.172 3194.699
104 3156.313 3107.307
112 2875.983 2845.786
114 3200.277 3073.466
116 2762.454 2693.388
117 2936.077 2892.141
118 2727.633 2723.033
125 2911.843 2871.916
126 3297.257 3166.255
127 2954.33 2887.102
128 3314.208 3175.318
129 2918.239 2828.059
130 2865.383 2797.864
131 2927.447 2923.249
133 3377.792 3239.605
134 2949.364 2895.914
135 2947.443 2881.764
143 2982.471 2878.078
144 2743.407 2707.628
146 2969.091 2897.969
155 3094.542 2996.191
157 3088.703 2952.189
159 2784.205 2732.602
160 2770.831 2737.874
164 3058.481 3034.549
165 3024.86 2960.178
166 3237.743 3130.763
167 3236.818 3145.617
172 2684.29 2700.234
175 2963.918 2862.832
181 3460.753 3358.791
183 2986.29 2859.058
184 3234.087 3088.974
185 3531.656 3370.267
187 3088.025 3025.107
189 3197.981 3085.312
190 2950.071 2847.728
198 3090.565 3002.624
199 2922.839 2868.097
600 2870.085 2785.905
601 3242.119 3152.441
603 2975.107 2911.103
604 3084.027 2996.676
606 2955.91 2906.097
609 2872.394 2881.514
612 3559.763 3416.159
613 3079.658 2992.11
614 3294.472 3212.267
616 2858.284 2768.25
618 2865.724 2815.533
623 3049.496 2927.504
624 3001.339 2937.525
625 3298.906 3106.958
630 2974.382 2889.463
631 3042.557 2942.93
632 3179.901 3110.229
633 3122.029 3022.612
637 2731.171 2712.086
638 2973.759 2955.27
640 3287.47 3197.039
641 3065.681 2997.737
642 2934.968 2891.284
645 2997.629 2911.1
646 3210 3069.923
647 2974.89 2894.661
649 3276.524 3193.986
650 3061.487 2984.562
657 3376.6 3261.045
