5 0.74
7 0.72
15 0.72
20 0.73
24 0.73
29 0.74
30 0.66
35 0.78
37 0.69
41 0.71
50 0.73
51 0.71
54 0.75
55 0.64
57 0.77
59 0.72
65 0.69
68 0.79
74 0.71
79 0.76
81 0.76
82 0.75
83 0.7
84 0.68
86 0.64
87 0.78
89 0.74
92 0.82
93 0.75
97 0.67
99 0.72
100 0.73
103 0.65
104 0.67
112 0.74
114 0.7
116 0.8
117 0.71
118 0.79
125 0.75
126 0.68
127 0.75
128 0.65
129 0.75
130 0.75
131 0.82
133 0.64
134 0.75
135 0.73
143 0.75
144 0.77
146 0.72
155 0.71
157 0.72
159 0.77
160 0.75
164 0.69
165 0.72
166 0.72
167 0.65
172 0.8
175 0.77
181 0.61
183 0.76
184 0.69
185 0.66
187 0.68
189 0.67
190 0.75
198 0.7
199 0.76
600 0.78
601 0.64
603 0.69
604 0.74
606 0.71
609 0.78
612 0.66
613 0.7
614 0.66
616 0.78
618 0.74
623 0.75
624 0.73
625 0.71
630 0.74
631 0.68
632 0.71
633 0.71
637 0.78
638 0.7
640 0.69
641 0.71
642 0.74
645 0.75
646 0.73
647 0.79
649 0.64
650 0.72
657 0.65
