5 1000 1000
7 1000 1000
15 1000 1000
20 1000 1000
24 1000 1000
29 1000 1000
30 1000 1000
35 1000 1000
37 1000 1000
41 1000 1000
50 1000 1000
51 1000 1000
54 1000 1000
55 1000 1000
57 1000 1000
59 1000 1000
65 1000 1000
68 1000 1000
74 1000 1000
79 1000 1000
81 1000 1000
82 1000 1000
83 1000 1000
84 1000 1000
86 1000 1000
87 1000 1000
89 1000 1000
92 1000 1000
93 1000 1000
97 1000 1000
99 1000 1000
100 1000 1000
103 1000 1000
104 1000 1000
112 1000 1000
114 1000 1000
116 1000 1000
117 1000 1000
118 1000 1000
125 1000 1000
126 1000 1000
127 1000 1000
128 1000 1000
129 1000 1000
130 1000 1000
131 1000 1000
133 1000 1000
134 1000 1000
135 1000 1000
143 1000 1000
144 1000 1000
146 1000 1000
155 1000 1000
157 1000 1000
159 1000 1000
160 1000 1000
164 1000 1000
165 1000 1000
166 1000 1000
167 1000 1000
172 1000 1000
175 1000 1000
181 1000 1000
183 1000 1000
184 1000 1000
185 1000 1000
187 1000 1000
189 1000 1000
190 1000 1000
198 1000 1000
199 1000 1000
600 1000 1000
601 1000 1000
603 1000 1000
604 1000 1000
606 1000 1000
609 1000 1000
612 1000 1000
613 1000 1000
614 1000 1000
616 1000 1000
618 1000 1000
623 1000 1000
624 1000 1000
625 1000 1000
630 1000 1000
631 1000 1000
632 1000 1000
633 1000 1000
637 1000 1000
638 1000 1000
640 1000 1000
641 1000 1000
642 1000 1000
645 1000 1000
646 1000 1000
647 1000 1000
649 1000 1000
650 1000 1000
657 1000 1000
