5 -1507.338 -1452.281
7 -1563.876 -1523.023
15 -1523.214 -1444.415
20 -1514.492 -1470.446
24 -1622.977 -1567.664
29 -1508.191 -1469.408
30 -1740.429 -1658.14
35 -1316.266 -1283.068
37 -1596.937 -1519.278
41 -1504.024 -1459.471
50 -1486.712 -1434.259
51 -1501.775 -1450.79
54 -1357.442 -1346.396
55 -1711.99 -1635.56
57 -1409.253 -1368.726
59 -1500.926 -1461.026
65 -1564.81 -1520.936
68 -1401.503 -1342.477
74 -1537.243 -1497.95
79 -1350.941 -1334.572
81 -1460.227 -1416.641
82 -1454.047 -1410.616
83 -1598.91 -1546.7
84 -1512.722 -1462.182
86 -1613.704 -1580.033
87 -1300.287 -1302.596
89 -1451.836 -1423.697
92 -1313.375 -1273.333
93 -1439.231 -1409.219
97 -1626.551 -1566.713
99 -1582.783 -1508.656
100 -1466.678 -1448.069
103 -1598.06 -1574.324
104 -1555.131 -1530.627
112 -1414.966 -1399.867
114 -1577.113 -1513.707
116 -1358.201 -1323.668
117 -1445.012 -1423.045
118 -1340.791 -1338.49
125 -1432.896 -1412.932
126 -1625.603 -1560.102
127 -1454.139 -1420.525
128 -1634.078 -1564.633
129 -1436.094 -1391.004
130 -1409.666 -1375.906
131 -1440.697 -1438.598
133 -1665.87 -1596.776
134 -1451.656 -1424.931
135 -1450.695 -1417.856
143 -1468.21 -1416.013
144 -1348.678 -1330.788
146 -1461.52 -1425.959
155 -1524.245 -1475.07
157 -1521.326 -1453.068
159 -1369.077 -1343.275
160 -1362.39 -1345.911
164 -1506.215 -1494.249
165 -1489.404 -1457.063
166 -1595.846 -1542.356
167 -1595.383 -1549.783
172 -1319.119 -1327.091
175 -1458.933 -1408.39
181 -1707.351 -1656.37
183 -1470.119 -1406.503
184 -1594.018 -1521.461
185 -1742.802 -1662.108
187 -1520.986 -1489.528
189 -1575.964 -1519.63
190 -1452.01 -1400.838
198 -1522.257 -1478.286
199 -1438.394 -1411.023
600 -1412.017 -1369.927
601 -1598.034 -1553.195
603 -1464.528 -1432.526
604 -1518.988 -1475.312
606 -1454.929 -1430.022
609 -1413.171 -1417.731
612 -1756.856 -1685.054
613 -1516.803 -1473.029
614 -1624.21 -1583.108
616 -1406.116 -1361.099
618 -1409.836 -1384.741
623 -1501.722 -1440.726
624 -1477.644 -1445.737
625 -1626.427 -1530.453
630 -1464.165 -1421.706
631 -1498.253 -1448.439
632 -1566.925 -1532.089
633 -1537.989 -1488.28
637 -1342.559 -1333.017
638 -1463.854 -1454.609
640 -1620.709 -1575.494
641 -1509.815 -1475.843
642 -1444.458 -1422.616
645 -1475.789 -1432.524
646 -1581.974 -1511.936
647 -1464.419 -1424.305
649 -1615.236 -1573.967
650 -1507.718 -1469.255
657 -1665.274 -1607.497
