5 5.516273 5.589065
7 5.87157 5.822204
15 5.036591 4.612783
20 5.362443 5.248624
24 4.848321 4.847183
29 4.881941 4.642391
30 5.260714 5.371869
35 4.978499 4.685793
37 4.972714 4.724042
41 5.374241 5.270536
50 4.985251 5.025496
51 5.111111 5.04805
54 4.482365 4.998439
55 5.574885 5.248335
57 4.443637 4.248188
59 5.156666 5.310728
65 4.409002 4.245797
68 5.713543 5.409283
74 7.924024 7.9769
79 7.997051 8.043556
81 8.410263 8.041487
82 7.857272 7.500349
83 8.896679 8.886385
84 8.152823 8.120225
86 9.411167 9.184058
87 8.319915 8.064474
89 8.063282 7.824153
92 7.01104 6.983993
93 8.105008 8.591858
97 8.988217 8.862894
99 8.161051 8.081948
100 8.433336 8.29612
103 9.163563 9.517193
104 9.224187 9.405879
112 7.438931 7.358466
114 8.141287 7.965798
116 8.269763 8.225889
117 8.253311 8.058483
118 8.267487 8.189933
125 8.424592 8.325742
126 9.360898 9.664736
127 8.078464 7.851195
128 9.616616 9.830786
129 7.481553 7.335039
130 7.528065 7.362595
131 7.941775 8.283377
133 8.882277 8.785087
134 8.092815 7.92864
135 7.42036 7.216777
143 8.855779 8.860609
144 7.669524 7.824197
146 7.680664 7.673058
155 8.083841 7.811006
157 9.396348 9.066941
159 7.297935 7.173224
160 7.624658 7.713796
164 9.092687 9.29922
165 8.962242 9.216154
166 8.854035 8.56293
167 9.154088 9.176954
172 7.280346 7.369017
175 8.130046 8.108863
181 9.605757 9.590272
183 7.586985 7.656455
184 8.98035 8.708074
185 9.996301 9.760075
187 9.05708 9.363129
189 9.09038 9.070245
190 8.3562 8.276112
198 8.660845 8.535536
199 7.633716 7.790869
600 7.329024 7.268024
601 9.902971 10.11196
603 8.218036 8.175448
604 7.955333 7.897178
606 8.399351 8.082819
609 8.509942 8.707096
612 10.4474 10.99394
613 9.055806 8.727844
614 8.74818 8.509509
616 8.018853 8.068492
618 7.61473 7.649464
623 7.849791 7.816142
624 8.247045 8.204377
625 8.532388 8.265868
630 7.486395 7.555162
631 8.220975 8.325249
632 8.88249 8.672885
633 8.25912 7.93831
637 7.435331 7.69102
638 8.574589 8.689062
640 9.334868 9.535097
641 8.206934 8.303815
642 8.450237 8.250993
645 8.842373 8.146824
646 8.501985 8.137687
647 8.038215 7.820997
649 9.475594 9.489836
650 8.43434 8.394052
657 9.568055 9.791408
