5 0.2521084 0.2555438
7 0.2675639 0.2654785
15 0.236257 0.2177925
20 0.2509036 0.2461471
24 0.2260571 0.2246335
29 0.2284297 0.2188101
30 0.2403519 0.2446219
35 0.2369563 0.2235107
37 0.2341049 0.2233432
41 0.2494007 0.245571
50 0.2353032 0.2362053
51 0.2437082 0.2397511
54 0.2076777 0.2280838
55 0.2546182 0.2412619
57 0.2079951 0.2000338
59 0.2394519 0.2456832
65 0.2124281 0.2047666
68 0.2691668 0.2568156
74 0.4694348 0.4734156
79 0.4672426 0.4710052
81 0.4856928 0.4682143
82 0.4586686 0.4409077
83 0.5147656 0.5167605
84 0.4826209 0.4799357
86 0.5495058 0.5402283
87 0.47602 0.4678981
89 0.4760848 0.4646669
92 0.4186655 0.4174827
93 0.534645 0.5575908
97 0.5265256 0.5193747
99 0.4952799 0.4913999
100 0.493681 0.4870935
103 0.5309892 0.5484416
104 0.5319528 0.5379776
112 0.4414217 0.434662
114 0.4867442 0.4773278
116 0.4837924 0.479397
117 0.4721059 0.467365
118 0.4710618 0.4669282
125 0.4827345 0.480239
126 0.5564349 0.5694917
127 0.4669864 0.4576417
128 0.561268 0.5696161
129 0.4478876 0.4417984
130 0.4451112 0.4354151
131 0.4542667 0.4692653
133 0.5379972 0.5332242
134 0.4800637 0.4710908
135 0.4421885 0.4316847
143 0.4985843 0.4996626
144 0.4536031 0.458678
146 0.4582296 0.4572736
155 0.4750818 0.4622158
157 0.5330151 0.5172154
159 0.4296472 0.4225036
160 0.4499617 0.4546776
164 0.533777 0.5438878
165 0.5212893 0.5341566
166 0.5186152 0.5043599
167 0.5414465 0.5430319
172 0.4303694 0.4353749
175 0.4676944 0.464428
181 0.5628801 0.5623221
183 0.4421309 0.4451594
184 4.328 3.833929
185 0.5806416 0.5709967
187 0.5222689 0.5353065
189 0.5302437 0.5274396
190 0.4857929 0.4841348
198 0.4993781 0.4972442
199 0.4501354 0.4562286
600 0.4348901 0.4328801
601 0.5711125 0.5810143
603 0.4802634 0.4809643
604 0.4643341 0.4597149
606 0.4837652 0.4693984
609 0.4861099 0.4930132
612 0.5965727 0.6215846
613 0.5201326 0.5050839
614 0.5121078 0.502916
616 0.4647054 0.4663695
618 0.4533857 0.4569367
623 0.4627285 0.4608595
624 0.4836357 0.4831266
625 0.5068744 0.4943032
630 0.4372249 0.4420837
631 0.4783267 0.4821239
632 0.5146034 0.5084821
633 0.4910376 0.4742658
637 0.4325563 0.4430485
638 0.4920993 0.4978231
640 0.5459804 0.5562585
641 0.4898528 0.4941384
642 0.4975241 0.4876485
645 0.5083374 0.4789592
646 0.5036042 0.4873056
647 0.4813836 0.4709632
649 0.5509747 0.5515948
650 0.4858654 0.4841909
657 0.5472558 0.5570921
