5 27.59655 2.519784 -0.5214454 0.9232517 1.286077 2 -4.419347 -1.08519 -0.1281419 0.3240167
7 28.99336 2.355612 -0.4972596 1.280477 0.7647241 2 -4.624925 -0.6016032 -0.1339151 0.3194348
15 27.36942 2.599969 -0.5690308 0.6821941 0.7984986 2 -4.164996 -0.3617384 -0.1086397 0.2856608
20 27.54421 2.425745 -0.5276448 1.052023 1.229142 2 -4.400869 -0.3683094 -0.1280115 0.3097253
24 27.35685 2.471811 -0.5370171 1.065955 0.5816926 2 -4.151815 -0.4682622 -0.0715298 0.247621
29 27.07234 2.445223 -0.5449707 1.036227 0.8429779 2 -4.107902 -1.015434 -0.1141 0.3046213
30 27.66647 2.394916 -0.513824 0.8247638 0.9603112 2 -4.128259 -0.7035837 -0.06777484 0.2375723
35 27.31804 2.454226 -0.5303767 1.058157 1.18758 2 -2.708805 -1.85947 -0.07444798 0.2448604
37 27.46317 2.46215 -0.5447606 0.7968761 0.8116881 2 -3.906199 -0.6019673 -0.08705757 0.254466
41 28.10364 2.440563 -0.489688 1.245066 1.511627 2 -2.827088 -0.6397548 -0.1057212 0.2344742
50 27.34143 2.467749 -0.5750328 0.868247 0.4614587 2 -4.063944 -0.4419961 -0.08979964 0.2697441
51 27.62556 2.5018 -0.559652 0.994482 0.5482601 2 -3.152686 -1.450933 -0.08764025 0.2462863
54 27.01702 2.276519 -0.4680887 1.571169 2.236566 2.462747 -2.656799 -0.9382361 -0.09492802 0.2383849
55 27.96912 2.457983 -0.5133695 0.9021492 0.7441033 2 -4.98037 -0.3248713 -0.106684 0.293649
57 26.87391 2.324348 -0.5267391 0.8229432 0.8563911 2 -4.051689 -0.5073193 -0.1017713 0.2877774
59 27.32807 2.323547 -0.5118442 1.036993 1.454374 2 -3.789048 -1.056123 -0.1150106 0.2905625
65 26.53617 2.471417 -0.5506905 1.302223 1.393938 2 -3.094522 -0.6468118 -0.08357778 0.2263955
68 27.65109 2.719194 -0.5366149 0.956015 1.283213 2 -2.575504 -1.668724 -0.09315797 0.2468147
74 27.30467 2.223021 -0.5150681 1.356239 0.8458894 2 -3.275535 -1.220128 -0.08119836 0.2432104
79 27.2692 2.245293 -0.5333481 1.353165 2.480388 2.366204 -3.630857 -1.224436 -0.1069984 0.2888654
81 27.24205 2.339189 -0.5070151 1.197628 2.278511 2 -3.740827 -0.4112705 -0.119228 0.2819799
82 26.31187 2.404875 -0.5124411 1.121417 2.673949 2 -4.14521 0.02766458 -0.1137825 0.2877101
83 27.05095 2.41615 -0.5175842 1.112938 1.954388 2 -4.420985 -0.9679564 -0.1131524 0.3034477
84 26.9395 2.314772 -0.5259394 1.21964 1.457312 2 -3.50041 -1.856726 -0.1070844 0.287553
86 27.17927 2.255321 -0.4961936 1.251252 2.324292 2.175549 -3.918946 -1.31056 -0.109761 0.2812043
87 27.06685 2.298146 -0.4943203 2.070911 5.329953 3.749873 -3.359899 -1.12612 -0.1332669 0.3043157
89 26.84441 2.490988 -0.5203344 1.240861 2.074207 2.089556 -3.220703 -0.9768201 -0.08303394 0.2436382
92 26.80597 2.454194 -0.5700821 1.000704 1.271242 2 -3.206851 -1.376946 -0.09104173 0.2713887
93 27.07235 2.384219 -0.545039 1.315707 1.524936 2 -4.078446 -0.8452086 -0.1117965 0.2998833
97 27.72711 2.411676 -0.5327091 0.9302875 0.7160421 2 -3.400671 -1.057745 -0.08882396 0.2391529
99 27.23145 2.512378 -0.5492997 0.7879534 0.5266993 2 -3.881239 -1.39504 -0.08065811 0.2668617
100 27.58058 2.306191 -0.5061808 1.504635 2.232973 2.575393 -3.790123 -1.169782 -0.1023645 0.278672
103 27.09594 2.177465 -0.4833131 1.906296 3.41827 4.169532 -3.067802 -0.9300493 -0.08161593 0.21736
104 26.55744 2.30015 -0.5133303 1.788975 6.002488 3.493504 -3.873674 -0.4774084 -0.1008491 0.2601115
112 27.00332 2.205609 -0.4984744 1.44157 1.497594 2.720157 -3.862018 -0.3570579 -0.1026417 0.2754787
114 26.15868 2.331716 -0.5646199 0.8743709 2.033841 2 -3.589968 -0.7679486 -0.0862397 0.2482992
116 28.34614 2.339919 -0.5056769 1.361102 1.210449 2.284443 -3.028966 -1.106183 -0.08673572 0.2438113
117 26.34966 2.185256 -0.479579 1.696693 6.904587 3.343027 -3.88705 -1.511908 -0.1352273 0.3212015
118 27.89202 2.436682 -0.537415 1.56408 1.661243 2.150292 -3.834557 -0.2867427 -0.1049593 0.2766382
125 27.25421 2.36045 -0.515894 1.449229 3.328352 2.503052 -3.505557 -0.9204996 -0.09757397 0.2621831
126 27.61859 2.41402 -0.520537 1.114562 1.404955 2 -3.729036 -0.9966183 -0.08183971 0.2445287
127 27.29999 2.327886 -0.52269 1.321342 1.978416 2 -3.708117 -0.6147735 -0.1235083 0.2899514
128 28.04084 2.455941 -0.5239071 0.9681726 0.9899351 2 -3.947801 -0.7175231 -0.09390214 0.2537748
129 26.2441 2.318795 -0.5134809 1.107368 2.31285 2 -2.998793 -1.719413 -0.09879477 0.2664214
130 26.74111 2.346899 -0.5483118 1.225169 1.755841 2 -3.252834 -0.8847243 -0.1024303 0.2645729
131 24.78163 2.122487 -0.4685568 1.851123 14.56708 3.523588 -4.744308 -0.7788315 -0.140703 0.3503205
133 27.25962 2.32826 -0.5408985 0.8771287 0.7597527 2 -4.022853 -0.7374074 -0.1032451 0.2706349
134 26.82523 2.306148 -0.5126582 1.11212 1.618671 2 -4.215248 -0.2376924 -0.1277528 0.307228
135 26.26423 2.411374 -0.5499627 1.192302 1.926302 2 -3.330415 -1.012226 -0.0968259 0.2639703
143 26.69105 2.288271 -0.4991868 1.553518 5.998976 2.569042 -4.396852 -0.4564426 -0.1417451 0.3250576
144 27.53776 2.309563 -0.5129809 1.19191 1.049575 2 -3.164069 -1.118119 -0.09913983 0.2636254
146 26.87394 2.435577 -0.561745 1.042967 0.9592537 2 -3.48894 -0.5098223 -0.08073728 0.2395833
155 27.04774 2.357748 -0.5334541 0.9726586 1.064101 2 -3.649676 -1.08976 -0.08557716 0.2576503
157 28.28272 2.53018 -0.5471063 0.9938076 0.7930365 2 -4.242633 -1.583879 -0.1157737 0.3127249
159 26.91071 2.19222 -0.5436726 1.221835 1.664438 2.229531 -4.424664 0.0807923 -0.1005971 0.2897803
160 26.88289 2.238739 -0.5092897 1.537433 1.811327 3.034205 -3.220352 -1.27222 -0.1026663 0.2717422
164 27.56922 2.392577 -0.5200297 1.526425 2.375321 2.883653 -3.403919 -1.506688 -0.08759194 0.251279
165 27.62064 2.303269 -0.500414 1.67764 2.459905 2.841512 -4.023062 -1.347538 -0.1251472 0.3098639
166 27.04432 2.398494 -0.526458 1.109686 1.595484 2 -4.403574 -0.4435819 -0.08989901 0.2712346
167 27.46263 2.360173 -0.546556 1.126078 1.239757 2 -4.056996 -1.353481 -0.1156409 0.2969553
172 27.41955 2.14929 -0.4934052 1.668781 1.671418 2.707893 -3.709212 -0.6448632 -0.09901082 0.2808437
175 27.61874 2.557516 -0.543965 0.9064225 0.7505626 2 -3.913084 -0.2557677 -0.1023498 0.2728656
181 27.66509 2.364237 -0.5346783 1.16528 0.741122 2 -4.310943 -0.6305473 -0.09428319 0.2641621
183 26.41874 2.2358 -0.4988864 0.8795043 1.890484 2 -3.554987 -0.7660364 -0.09100021 0.261987
184 27.47416 2.529 -0.5647436 0.9482931 0.5659006 2 -3.682029 -1.826836 -0.08379018 0.264553
185 27.41286 2.363618 -0.520385 0.9100477 0.9653868 2 -4.059138 -0.9014259 -0.08584664 0.251665
187 27.94727 2.431886 -0.5448687 1.462454 1.115017 2.406895 -3.241172 -1.380618 -0.08200877 0.2386022
189 27.52532 2.355575 -0.5011264 1.096868 1.409616 2 -4.144291 -1.120384 -0.1243446 0.3058275
190 27.38187 2.524736 -0.5645664 0.8681773 1.00633 2 -3.800628 -0.3649301 -0.1003757 0.2686888
198 26.84581 2.265768 -0.4884482 1.193442 2.82426 2 -3.516378 -1.21406 -0.1254145 0.2882389
199 27.22491 2.348314 -0.5149498 1.153513 1.243972 2 -3.67807 -0.2205455 -0.1062705 0.2669395
600 27.2181 2.254862 -0.5444168 1.047351 0.6962646 2 -3.632786 -0.8130207 -0.1050666 0.2812515
601 27.91004 2.35167 -0.5062158 1.374821 2.004832 2.612366 -3.812149 -0.784179 -0.1160825 0.2706448
603 26.75981 2.32685 -0.5415365 1.093773 1.745346 2 -3.381471 -1.200459 -0.1222297 0.2860388
604 26.53632 2.349527 -0.5067947 1.0596 2.291352 2 -4.025708 -1.103677 -0.1057644 0.2939505
606 26.9096 2.268107 -0.5130477 1.04159 2.647118 2 -3.47783 -1.064557 -0.1153587 0.2794758
609 26.93055 2.223381 -0.4776997 1.575362 4.108426 2.770585 -3.831188 -0.3811345 -0.107328 0.274064
612 27.38248 2.319197 -0.4733829 1.253502 2.433823 2 -3.7068 -0.9150689 -0.07745858 0.2276967
613 27.49614 2.452697 -0.5421128 1.383593 2.168423 2.374583 -3.535402 -1.095968 -0.09783423 0.2584159
614 26.87796 2.404023 -0.5462076 1.042138 1.281596 2 -3.28516 -1.330062 -0.07017133 0.222743
616 26.11181 2.230599 -0.4969933 1.127467 3.152382 2 -4.175863 -1.613099 -0.1165666 0.3285913
618 26.9589 2.477269 -0.5567947 1.45014 1.487128 2.240619 -2.894606 -1.443424 -0.0714582 0.2328183
623 26.95503 2.233739 -0.5289018 1.023386 1.346132 2 -4.181588 -0.9595358 -0.1016187 0.2958302
624 27.5134 2.260062 -0.5059703 1.205377 1.170729 2 -4.221228 -0.5884478 -0.1234861 0.3059414
625 26.84832 2.503337 -0.5532725 0.6698825 0.8541417 2 -4.141066 -0.4005165 -0.09572616 0.2701261
630 27.05133 2.251143 -0.5155468 1.092895 1.440037 2 -3.438156 -0.5465967 -0.1042053 0.2603299
631 27.3595 2.428537 -0.5345798 1.228537 1.873703 2 -3.323867 -0.7736908 -0.103253 0.2549582
632 26.77543 2.298438 -0.4980075 1.612751 4.22758 2.436635 -3.73453 -0.5665015 -0.1059185 0.2643992
633 27.31129 2.451939 -0.5160072 1.105581 1.118 2 -3.200675 -1.487472 -0.09829124 0.2612415
637 26.68036 2.277814 -0.5122071 1.625525 3.697151 2.970838 -3.212744 -1.140122 -0.09001231 0.2582484
638 27.4877 2.217974 -0.4880157 1.979668 2.743389 3.224979 -2.936345 -1.832572 -0.09508581 0.2532042
640 27.6025 2.381922 -0.5162458 1.389902 2.011716 2.20784 -3.460743 -0.9653965 -0.09330109 0.2432249
641 27.30606 2.345972 -0.5388066 1.372428 1.070943 2.367844 -3.705174 -0.4706169 -0.08382881 0.2461837
642 28.17615 2.326693 -0.4932367 1.851846 0.8047367 2.862466 -3.311693 -0.5656584 -0.09975865 0.2503971
645 26.88275 2.258212 -0.4755184 1.189692 3.600938 2.143683 -4.604541 -1.119796 -0.1434601 0.3446833
646 27.18086 2.301886 -0.5201409 1.023258 1.191723 2 -4.391506 -1.549268 -0.1022939 0.3081233
647 27.64772 2.415513 -0.5455188 1.192084 0.4625652 2 -3.681815 -0.7012806 -0.09889131 0.2725574
649 27.54966 2.362176 -0.5132638 1.375304 1.828559 2.176692 -4.190169 -0.03409719 -0.1098242 0.2687655
650 27.65014 2.395106 -0.5297876 1.246124 1.323581 2 -3.983755 -0.02314348 -0.0966223 0.2587315
657 27.80678 2.333229 -0.5103979 0.973106 0.9456697 2 -4.32225 -0.6963728 -0.1042975 0.2758703
