5 27.76783 2.245577 -0.4937671 3.023748 4.132634 -4.419179 -1.010847 -0.127535 0.3219172
7 28.81379 2.269794 -0.4944942 3.515619 1.636479 -4.417024 -0.5904633 -0.1203958 0.2999272
15 27.27353 2.154135 -0.5361554 2.930428 1.894392 -4.001066 -0.3258932 -0.09821313 0.2712088
20 27.54952 2.268016 -0.5177613 3.023297 2.435388 -4.015413 -0.4113776 -0.1091469 0.2795505
24 27.47074 2.15606 -0.5007263 3.567973 2.216048 -4.262437 -0.497819 -0.08160414 0.2615357
29 26.9456 2.132339 -0.5258836 3.356568 2.231592 -4.098095 -0.9952894 -0.1097871 0.3013745
30 27.81594 2.149271 -0.4935373 3.740203 2.664465 -4.372627 -0.7149635 -0.07698184 0.2546825
35 27.17949 2.127582 -0.5088483 2.693425 1.983556 -2.774181 -1.908265 -0.07624618 0.2514466
37 27.23434 2.15233 -0.521783 2.921229 2.470489 -3.818363 -0.6404425 -0.08142845 0.2478158
41 28.29864 2.193425 -0.4725803 3.25584 2.30462 -2.814583 -0.631763 -0.1034219 0.2321424
50 27.32459 2.20205 -0.5474264 3.082533 1.329583 -4.209288 -0.4397312 -0.09692006 0.2815809
51 27.58652 2.231243 -0.5324138 2.876027 2.054182 -3.27298 -1.498064 -0.09604121 0.2597186
54 27.53185 2.192837 -0.4609075 3.014233 5.511742 -3.053636 -0.9320986 -0.1212839 0.27501
55 27.91676 2.161412 -0.4851715 3.314769 1.879389 -4.489545 -0.3462269 -0.08952728 0.2616406
57 26.84956 2.040561 -0.4977648 2.526063 2.310853 -3.902369 -0.5022647 -0.09371811 0.2753691
59 27.38601 2.272227 -0.5122844 3.084145 4.583135 -3.753775 -1.083587 -0.1090943 0.2832745
65 26.50612 2.136875 -0.5152041 3.131596 2.658578 -2.913606 -0.5987426 -0.07551843 0.2116878
68 27.70644 2.3258 -0.5110291 3.12601 3.063561 -2.391343 -1.63265 -0.08294512 0.2313029
74 27.29146 2.114765 -0.5052827 3.534609 1.805829 -3.127352 -1.156729 -0.07131884 0.2268001
79 27.37099 2.305687 -0.5397545 2.75389 3.404264 -3.31134 -1.164607 -0.08767361 0.2576235
81 27.02186 2.081995 -0.4846211 3.223959 4.487293 -3.540627 -0.4711378 -0.1073193 0.2659587
82 26.10946 2.034106 -0.4841271 2.791929 5.390409 -4.103498 0.01856595 -0.1146198 0.2883214
83 27.37546 2.185042 -0.5057508 3.452229 3.31162 -4.393916 -1.004862 -0.1105306 0.3005588
84 27.07828 2.102277 -0.5029647 3.118886 3.071909 -3.35473 -1.801041 -0.1012484 0.2753973
86 26.73392 2.092072 -0.4805313 3.104378 4.747134 -3.739005 -1.30153 -0.1009133 0.2669993
87 27.1915 2.230669 -0.4968359 3.192332 5.073985 -3.043049 -1.124306 -0.1077548 0.2706112
89 26.42895 2.163179 -0.4949014 3.05443 4.371315 -3.17814 -1.042814 -0.08080359 0.2422549
92 26.81329 2.258398 -0.55044 2.544844 2.791414 -3.033893 -1.381431 -0.07925228 0.2537658
93 27.5327 2.311005 -0.5387221 3.31852 3.526228 -4.298881 -0.8871823 -0.1226275 0.3166568
97 27.51546 2.158941 -0.5033873 3.397913 2.739753 -3.330881 -1.092067 -0.08823707 0.2372549
99 27.23404 2.178847 -0.5267481 3.340438 1.859167 -4.000593 -1.361266 -0.08459635 0.2744652
100 27.53613 2.152928 -0.4921412 3.031459 3.227296 -3.530711 -1.063702 -0.08902347 0.2553277
103 27.89084 2.157101 -0.4809803 3.230948 3.04509 -3.232963 -0.9402095 -0.0904808 0.2308557
104 26.68021 2.13673 -0.4908326 3.037479 9.470213 -4.099351 -0.5142776 -0.1155393 0.2815055
112 26.22716 1.981807 -0.4724147 2.804047 5.150673 -3.960543 -0.3865487 -0.1131583 0.2894541
114 26.35343 2.138461 -0.5471119 3.057889 5.289624 -3.59696 -0.7593978 -0.08513854 0.2476214
116 28.12058 2.163843 -0.4894318 3.209225 2.900282 -3.206043 -1.204997 -0.1017008 0.2654548
117 27.31756 2.139493 -0.4822406 2.967177 4.046338 -3.482594 -1.392048 -0.1120541 0.2839961
118 27.88645 2.273313 -0.5198154 3.381142 2.933339 -3.738388 -0.2857119 -0.09980974 0.2689389
125 27.54595 2.231441 -0.5088822 2.803494 4.198307 -3.318999 -0.8503566 -0.08504882 0.242767
126 27.93185 2.276853 -0.5082442 3.500083 3.316135 -3.960577 -1.01174 -0.09219417 0.2619887
127 27.44464 2.181317 -0.5085482 3.290194 2.432035 -3.383311 -0.598757 -0.1066654 0.2628315
128 28.04026 2.244677 -0.5114278 3.143374 2.752816 -4.399912 -0.7141693 -0.1099994 0.2845992
129 26.12504 2.032985 -0.4903359 2.972241 5.296197 -3.127511 -1.732787 -0.1047176 0.2774777
130 26.72132 2.107152 -0.523825 2.879326 2.658182 -3.072926 -0.9009967 -0.09420215 0.2511493
131 23.71662 1.960818 -0.4493212 3.12859 35.48499 -5.13008 -0.752123 -0.1683372 0.3874323
133 27.25932 2.108146 -0.5212467 3.379959 1.888545 -4.014891 -0.7015334 -0.1018344 0.2689077
134 26.93311 2.100695 -0.4940595 3.121244 3.11371 -3.920806 -0.1777288 -0.1105953 0.2800469
135 26.23015 2.092313 -0.5258091 3.063435 4.184376 -3.252828 -1.043654 -0.09115702 0.2574568
143 27.2435 2.210997 -0.4889935 3.118754 6.966359 -4.128312 -0.4533351 -0.1326913 0.3066602
144 27.23844 2.15724 -0.4898592 2.775119 4.296128 -3.273992 -1.180696 -0.1068032 0.2753574
146 26.70088 2.154632 -0.5419267 2.643805 2.829013 -3.403857 -0.5314056 -0.07635564 0.2331502
155 26.96919 2.045678 -0.5072349 2.967767 2.262158 -3.490014 -1.06712 -0.07990807 0.246399
157 28.04111 2.15358 -0.5115628 3.40652 2.178437 -4.257926 -1.620876 -0.1199542 0.3192581
159 26.89148 2.041745 -0.5152083 2.584197 2.778442 -4.305778 0.07214933 -0.1054142 0.2898854
160 27.20629 2.104917 -0.5012286 2.974058 2.177505 -3.522945 -1.282486 -0.1224846 0.3011124
164 27.55476 2.41496 -0.5212686 2.954239 3.930056 -3.317823 -1.458108 -0.08406144 0.2433802
165 27.73016 2.23236 -0.4984418 3.206006 3.701242 -4.058237 -1.391869 -0.126037 0.3121887
166 26.97346 2.11626 -0.5039267 3.075538 3.450624 -4.146496 -0.4412499 -0.08219834 0.2558204
167 27.59534 2.277355 -0.532863 3.39822 2.821843 -4.062565 -1.312424 -0.1178626 0.2982671
172 27.52145 2.105528 -0.4861716 3.17202 1.704486 -3.621779 -0.641571 -0.09807731 0.2761358
175 27.68179 2.202949 -0.5170907 3.322551 2.486178 -4.049164 -0.2598338 -0.1060836 0.2812766
181 27.52233 2.226779 -0.5267675 3.514025 2.001174 -4.342554 -0.6548049 -0.0954973 0.2670356
183 26.42559 2.045559 -0.4778768 3.164008 5.901576 -3.657885 -0.7764133 -0.09614193 0.2706984
184 27.34852 2.184189 -0.531765 3.352763 2.085842 -3.554868 -1.803761 -0.08365461 0.2602044
185 27.18457 2.0888 -0.4967592 3.486244 2.882701 -3.857082 -0.8684892 -0.07565595 0.2347819
187 27.98013 2.300975 -0.5281445 3.211339 3.152455 -3.485272 -1.361741 -0.09783532 0.2603777
189 27.46053 2.064406 -0.4708408 3.359579 3.730611 -4.302235 -1.142853 -0.1347138 0.3218683
190 27.38336 2.298218 -0.5463455 3.208136 3.338026 -3.945323 -0.3788897 -0.1047949 0.2790942
198 26.89728 2.154867 -0.4851763 3.110598 4.903661 -3.341538 -1.238432 -0.1164406 0.2748689
199 27.08311 2.164983 -0.4976743 2.893276 3.58053 -3.701326 -0.2051036 -0.1066664 0.2677907
600 27.15608 2.142611 -0.5209745 3.003472 1.623902 -3.34974 -0.7510602 -0.09333312 0.258708
601 28.23229 2.282441 -0.5000468 2.958126 2.732189 -3.76306 -0.7277675 -0.109615 0.2613312
603 26.83409 2.167812 -0.5337829 2.870074 3.329471 -3.179534 -1.160391 -0.1080955 0.2649958
604 25.90017 1.971117 -0.4731293 3.253281 8.565491 -4.410713 -1.130207 -0.1231612 0.3248358
606 26.73298 2.143283 -0.5040388 2.899 5.570939 -3.349445 -0.9992467 -0.105695 0.2653933
609 25.93973 2.012322 -0.4603199 3.006353 13.78063 -4.341843 -0.3795298 -0.1374706 0.3195883
612 27.23137 2.090189 -0.4503228 3.559614 8.237187 -4.328071 -0.9074929 -0.1123887 0.28037
613 27.62723 2.151408 -0.5179351 2.884727 3.285384 -3.422347 -1.107404 -0.09227475 0.250289
614 26.92076 2.132981 -0.5239031 3.112697 3.076525 -3.128679 -1.309336 -0.06060061 0.208119
616 26.20714 2.077967 -0.4865116 2.950245 8.512424 -4.18631 -1.627535 -0.1214283 0.3333932
618 27.17267 2.325603 -0.5425144 3.180178 2.315731 -2.856826 -1.47001 -0.07183253 0.2316244
623 26.59713 2.042266 -0.5114422 3.177106 3.945368 -4.130981 -0.8820839 -0.09973677 0.2912325
624 27.25897 2.128768 -0.4953784 3.101608 3.063748 -4.22656 -0.6034515 -0.1227857 0.3062583
625 26.96799 2.177104 -0.5185216 3.215711 2.69729 -3.913947 -0.3871288 -0.08934747 0.2560544
630 27.21252 2.039255 -0.5037523 2.861255 2.691533 -3.532049 -0.5513724 -0.1101084 0.2689783
631 27.55934 2.101261 -0.4948535 3.191761 3.2717 -3.527924 -0.730758 -0.1201722 0.276762
632 27.06808 2.157727 -0.4841075 3.354893 5.69569 -3.472444 -0.5601993 -0.09475223 0.2449155
633 27.00171 2.140304 -0.4873995 3.449116 3.052852 -3.071058 -1.476626 -0.09493954 0.25428
637 27.02196 2.175434 -0.5025493 2.727711 4.891975 -3.321899 -1.073685 -0.09760308 0.2667322
638 27.59087 2.135592 -0.4849031 3.573856 4.079823 -3.168105 -1.880167 -0.110004 0.2762348
640 27.86877 2.320914 -0.5064277 3.418263 3.417371 -3.448732 -0.9507914 -0.09619336 0.2447188
641 27.31084 2.243774 -0.5289003 3.008503 1.947748 -3.793412 -0.4454782 -0.08936813 0.2536631
642 27.87256 2.175082 -0.484989 3.442208 1.595175 -3.184142 -0.6004957 -0.08898608 0.2371291
645 27.49044 2.109522 -0.4733128 2.731504 2.56048 -3.727721 -1.067441 -0.08808574 0.2638742
646 26.85515 2.060345 -0.5005747 3.616107 3.509851 -4.263977 -1.598015 -0.09454703 0.2991978
647 27.41599 2.216932 -0.5304457 3.639478 1.093987 -3.554182 -0.6760711 -0.08864465 0.2588119
649 27.37961 2.23638 -0.4997166 3.339637 4.015254 -4.021818 -0.08253468 -0.1078879 0.2617208
650 27.57906 2.191544 -0.5129752 3.326164 3.238282 -3.90718 -0.02960317 -0.09663524 0.2561679
657 27.64075 2.092778 -0.4936127 3.308733 3.468271 -4.541331 -0.634951 -0.1085263 0.2861756
