5 0.2766079 0.04626103 0.008853613 0.1505891 NaN 0.1278665 0.4110913 0.1660173 0.02614647 0.0363044
7 0.2277922 0.04828345 0.0112363 0.1445943 NaN 0.09934742 0.4129865 0.1570204 0.02412207 0.03380166
15 0.2252074 0.04226224 0.009155735 0.06825894 NaN 0.283482 0.3711612 0.1541618 0.02275229 0.03150895
20 0.2738686 0.05041355 0.01116628 0.2982617 NaN 0.1442314 0.3878278 0.1551919 0.02423078 0.03367361
24 0.1988329 0.05427032 0.009598661 NaN NaN NaN 0.3804101 0.1529112 0.02230685 0.03106589
29 0.2195215 0.05382461 0.01209249 NaN NaN NaN 0.3807944 0.1620346 0.02404121 0.03353157
30 0.2411173 0.04502111 0.01047466 0.1140868 NaN 0.3051617 0.3903807 0.1524588 0.0228105 0.03160539
35 0.2052285 0.04029116 0.009444769 0.2246712 NaN NaN 0.3198534 0.1820526 0.02492093 0.03235373
37 0.2248115 0.04696949 0.0103133 0.1385441 NaN 0.3421654 0.3736365 0.1512679 0.02340263 0.0321783
41 0.3255766 0.04968304 0.01016445 0.4331772 NaN 0.1330992 0.2928176 0.1480715 0.02277205 0.02894641
50 0.1634796 0.04749335 0.01011982 0.07592228 NaN 0.2115917 0.3745472 0.1543011 0.02223561 0.03118144
51 0.1780225 0.05149912 0.01108035 0.0986348 NaN 0.1774964 0.3357879 0.1603699 0.02256537 0.03036484
54 0.6038111 0.04844678 0.01073462 1.21255 0.07358465 0.2082132 0.2916848 0.1582787 0.02444584 0.03083844
55 0.2233437 0.0471366 0.01016176 0.1111089 NaN 0.3037424 0.4426245 0.1522151 0.02468373 0.03498745
57 0.2191036 0.03962711 0.008615901 0.1129331 NaN 0.236971 0.3832807 0.1580737 0.02606399 0.03557702
59 0.2904953 0.04668552 0.0107527 0.2172164 NaN 0.2169125 0.3585044 0.1612474 0.02415846 0.0327794
65 0.2245797 0.04832329 0.01034678 0.246656 NaN NaN 0.3055162 0.1470533 0.02134241 0.02827824
68 0.2870191 0.05103031 0.009982008 0.1584016 NaN 0.2845842 0.2968323 0.1732412 0.02353842 0.03007077
74 0.2419127 0.05092424 0.01194297 0.198527 0.02853819 0.1805279 0.3353914 0.1579969 0.02290856 0.03077227
79 0.3716912 0.04661928 0.01105553 0.7145744 0.05373242 0.2196617 0.3808564 0.1695201 0.0250993 0.03470998
81 0.4569324 0.05454316 0.01092005 0.7019531 NaN 0.1900835 0.3486945 0.1540925 0.02397216 0.03195721
82 0.6200686 0.05128117 0.009859345 1.020203 0.06738949 0.2083181 0.3643426 0.1548915 0.0245858 0.03302174
83 0.5966528 0.05381588 0.01065805 0.8855756 NaN 0.213787 0.4019431 0.1590498 0.02387156 0.03348835
84 0.3093856 0.05286883 0.01114022 0.4459206 NaN 0.188786 0.3666207 0.1733354 0.02450337 0.03356345
86 0.3431706 0.04663274 0.01068352 0.5487545 0.02967915 0.2217738 0.3695679 0.1594415 0.02446709 0.03298082
87 NaN 0.05327371 0.0108263 NaN 0.06226093 0.4407456 0.3685467 0.1743256 0.02664328 0.03602568
89 0.3734978 0.05622514 0.01038937 0.5646334 0.02255788 0.1821311 0.3218507 0.1580792 0.02297487 0.03011967
92 0.266734 0.0511829 0.0105266 0.2822628 NaN 0.1641491 0.3581121 0.1752807 0.02458079 0.03357748
93 0.2871688 0.05597926 0.01219886 0.3712432 0.04694378 0.1908154 0.3916914 0.1613706 0.02403564 0.0337813
97 0.2206344 0.05061646 0.01117179 0.1488625 NaN 0.3199905 0.3426393 0.1513895 0.02259727 0.03038848
99 0.2060292 0.05396863 0.01136969 0.09881387 NaN 0.49873 0.3832299 0.1641217 0.02302665 0.03227537
100 0.3490136 0.04906791 0.0104276 0.6443273 0.02670889 0.2408855 0.3721092 0.1619653 0.02451674 0.03338421
103 0.4656747 0.04941259 0.01118221 1.130906 NaN 0.5277289 0.3080614 0.1486777 0.02233267 0.02880816
104 0.7116379 0.05231061 0.01136907 2.255141 0.08149227 0.4105167 0.3718735 0.1514046 0.02326415 0.03179202
112 0.3185774 0.04737402 0.01091216 0.5115411 0.0529731 0.2977893 0.3620927 0.1544841 0.02486417 0.03348678
114 0.3236268 0.04843255 0.01170916 0.3264281 NaN 0.2658312 0.3519283 0.1523336 0.02204484 0.03046393
116 0.3119104 0.05425176 0.01059354 0.479387 0.05806735 0.2832322 0.3265804 0.162983 0.02413427 0.03151201
117 NaN 0.04694294 0.01053052 NaN 0.06540465 0.4325086 0.3958522 0.1725818 0.02709843 0.03691356
118 0.4351277 0.05398538 0.01096729 0.8217466 0.05443076 0.2002049 0.3615484 0.1610743 0.02309206 0.03148557
125 0.4640301 0.05314131 0.01075292 0.9626732 0.05438588 0.240079 0.3488223 0.1591987 0.0239921 0.03202368
126 0.3303035 0.05520527 0.01123434 0.3587179 NaN 0.2451305 0.3627883 0.1547371 0.02280689 0.0309893
127 0.4092188 0.05478901 0.01079921 0.7692333 NaN 0.1727887 0.3562882 0.1553446 0.02421395 0.03266635
128 0.2533715 0.05591386 0.0113356 0.2466224 NaN 0.2462235 0.3740491 0.1499637 0.02313737 0.03167786
129 0.6604082 0.05815396 0.01092978 1.154248 0.02316023 0.214212 0.3270806 0.1718249 0.02526065 0.03304238
130 0.3695046 0.0485361 0.01095195 0.6340888 0.02296277 0.1550021 0.3347264 0.1566947 0.02336898 0.03127504
131 NaN 0.04433792 0.01059033 NaN 0.09976275 0.5241287 0.4996529 0.1714729 0.02969429 0.04317837
133 0.2200332 0.05007647 0.01134931 0.1282086 NaN 0.3415872 0.3786782 0.1503441 0.0232142 0.03228801
134 0.4791441 0.05323724 0.01105348 0.6851032 NaN 0.2316721 0.3855279 0.1549425 0.02517851 0.03465558
135 0.4265366 0.05401346 0.01100504 0.6681387 NaN 0.1389202 0.3336604 0.1586173 0.02321107 0.03114494
143 NaN 0.05219882 0.01077572 NaN 0.09992277 0.3176618 0.3958795 0.1604087 0.02502313 0.03448738
144 0.2767575 0.0535279 0.01056797 0.2698816 0.03927907 0.1946322 0.3386403 0.1637121 0.02495347 0.03293611
146 0.2109994 0.04938999 0.01064222 0.2146309 NaN 0.09140171 0.3503863 0.1497689 0.02345407 0.03175884
155 0.2555758 0.04560565 0.009876509 0.251926 NaN 0.1973536 0.3612374 0.1576894 0.02369258 0.03217332
157 0.2345472 0.05280267 0.0107889 0.1777885 NaN 0.3035636 0.4017722 0.1723411 0.02369141 0.03343569
159 0.285756 0.04285559 0.01056575 0.4413792 0.03843395 0.1798715 0.4004531 0.1576239 0.02426198 0.03400801
160 0.3537294 0.04643913 0.01107908 0.6597587 0.05295036 0.3416864 0.3421167 0.1645251 0.02516892 0.03333948
164 0.3244481 0.05071597 0.01059083 0.5688616 0.0452168 0.2627791 0.3565929 0.1636861 0.02342274 0.03174921
165 0.4351633 0.05535633 0.01146536 0.8952776 0.07501236 0.3205457 0.3907679 0.1659789 0.02495515 0.03432761
166 0.312323 0.05363534 0.01117285 0.3697956 NaN 0.2001004 0.3917749 0.1534167 0.02330618 0.03247441
167 0.2454896 0.05104166 0.01124254 0.2685306 NaN 0.1942455 0.3918724 0.1599336 0.02352636 0.03310953
172 0.3232845 0.04711856 0.01092358 0.5704204 0.04028625 0.2932947 0.3781219 0.1646658 0.02572007 0.0349484
175 0.2533782 0.05798168 0.01066371 0.174055 NaN 0.3930526 0.362186 0.1559891 0.02299107 0.03142469
181 0.2096849 0.05120672 0.01163753 0.150557 NaN 0.142797 0.3956359 0.1493663 0.02218394 0.03132835
183 1.631963 0.06674193 0.01223658 2.14943 0.09816504 0.6002368 0.342181 0.1601628 0.02387638 0.03168749
184 0.2025722 0.05853322 0.01237418 0.1009606 NaN 0.3118471 0.375186 0.1689314 0.02328619 0.03224563
185 0.2935699 0.04824316 0.01054441 0.2466008 NaN 0.3387181 0.3789572 0.1520927 0.02230622 0.03089856
187 0.2337913 0.0521616 0.01090649 0.2413405 0.02804188 0.1964013 0.3335631 0.1592688 0.02190924 0.02938433
189 0.4204282 0.05576915 0.01032193 0.5610252 NaN 0.2348484 0.3847858 0.1594834 0.02473051 0.03387033
190 0.2664499 0.05339728 0.0108369 0.1923219 NaN 0.289627 0.3507083 0.1561574 0.02237299 0.03053522
198 0.9223134 0.05350623 0.01133085 1.698775 0.04777147 0.218827 0.3478492 0.1589127 0.0250727 0.03319833
199 0.2585365 0.05020159 0.01024688 0.3035154 NaN 0.1541838 0.3468577 0.1514481 0.02459988 0.03270875
600 0.2116705 0.05041614 0.01129338 0.1698167 NaN 0.2219977 0.3549697 0.1588252 0.02350816 0.03229599
601 0.308446 0.05193733 0.01073778 0.4453231 0.05564707 0.2766118 0.3610458 0.1503664 0.024132 0.03231339
603 0.3568923 0.04925778 0.01146955 0.5442201 NaN 0.178754 0.3465509 0.1585645 0.02390443 0.03255007
604 1.501656 0.06089841 0.0114774 2.530674 0.07966163 0.2593762 0.3841547 0.1646449 0.02494709 0.0342242
606 0.4190382 0.04532509 0.01012221 0.6318245 NaN 0.1768844 0.344714 0.1587013 0.02389809 0.03205206
609 NaN 0.04495465 0.01002135 NaN 0.07195751 0.3214345 0.3591216 0.1561169 0.02526016 0.03337813
612 0.4323069 0.05391814 0.01090584 0.6915044 0.0421816 0.2312277 0.3440721 0.15202 0.02340691 0.03067209
613 0.3824141 0.05228054 0.01082275 0.6721042 0.06015845 0.2147549 0.3562593 0.1565592 0.0231104 0.03119847
614 0.2425169 0.04754601 0.01092177 0.2110166 NaN 0.1431029 0.3374149 0.1547344 0.0222805 0.02986168
616 NaN 0.04346655 0.01002363 NaN 0.04979495 0.1869864 0.4277669 0.1855299 0.0275939 0.03862252
618 0.2518492 0.05237822 0.01141995 0.3261641 NaN 0.1004052 0.3182709 0.1656473 0.02216774 0.02934109
623 0.3261937 0.04794297 0.01156043 0.442487 NaN 0.25906 0.3874941 0.162515 0.02396822 0.03362338
624 0.3056695 0.05167261 0.01068869 0.3466108 NaN 0.1899286 0.3874074 0.1564783 0.02453889 0.03385515
625 0.9132318 0.06200952 0.01158469 0.2020253 0.3171205 4.005226 0.3826444 0.1518755 0.02285986 0.03199716
630 0.354581 0.04784809 0.01082411 0.5197236 0.0167339 0.208132 0.3412615 0.1506853 0.02399596 0.03194116
631 0.3384093 0.05043306 0.01062517 0.5171299 NaN 0.1647431 0.3255477 0.1517032 0.0226876 0.03007158
632 3.924498 0.1065019 0.01464407 9.777565 0.09942432 0.7221064 0.3548955 0.1523507 0.02402251 0.03202323
633 0.3027028 0.05255211 0.01062119 0.3317521 NaN 0.2499951 0.3259387 0.1639386 0.0230904 0.030494
637 1.394802 0.04938115 0.01148432 4.051022 0.1182778 0.4914055 0.3396457 0.1658384 0.02466469 0.0326375
638 0.6957173 0.04972234 0.01151772 1.740679 0.07996946 0.4324103 0.325509 0.1722421 0.02380363 0.03115157
640 0.3835819 0.05797235 0.01197255 0.6166525 0.05224446 0.2608192 0.3413833 0.1520554 0.02226566 0.02984799
641 0.2159735 0.04766436 0.0107511 0.232603 NaN 0.1714925 0.3521815 0.150308 0.02223945 0.03044641
642 0.3243458 0.06503083 0.01157761 0.3918263 0.09518585 0.4017548 0.3202031 0.1521931 0.0228222 0.02979693
645 NaN 0.04723967 0.01001703 NaN 0.06893591 0.2473921 0.4652173 0.1684373 0.02971539 0.04152474
646 0.3229082 0.05436165 0.0122905 0.3242419 NaN 0.2933635 0.4349198 0.1734088 0.02552787 0.03631811
647 0.2049971 0.06153749 0.01235871 0.1214839 NaN 0.2483138 0.36295 0.1583163 0.02285907 0.03172676
649 0.3643537 0.05061991 0.01106089 0.5710666 NaN 0.1983386 0.3639169 0.1484051 0.02224452 0.03035032
650 0.2982905 0.05027487 0.01071217 0.3678537 NaN 0.1723408 0.3560175 0.1511847 0.02207 0.03009127
657 0.2631995 0.04900323 0.01024928 0.1969323 NaN 0.2932595 0.3879305 0.1513812 0.02312817 0.03202817
