5 0.3371463 0.04619593 0.01121501 0.9564466 0.1581364 0.4126565 0.1652835 0.02547271 0.03556629
7 0.2468322 0.04897424 0.01180891 0.3426062 0.1794467 0.3987753 0.1558005 0.02341704 0.0326734
15 0.2171825 0.04469624 0.01187842 0.3760257 0.1494504 0.3700166 0.1518317 0.02263536 0.03142996
20 0.2588 0.04796384 0.01161328 0.5184949 0.1558662 0.3643393 0.1526577 0.02329957 0.03195975
24 0.2582955 0.04828341 0.01264108 0.4467949 0.1834798 0.385137 0.153914 0.02274679 0.03167103
29 0.250578 0.04748497 0.0127638 0.4883849 0.1724488 0.3810664 0.1607127 0.02380908 0.03333936
30 0.2759009 0.04903987 0.01270778 0.5180132 0.1915006 0.4009541 0.1535401 0.02300455 0.03205522
35 0.2363906 0.04257343 0.01136332 0.4251967 0.1446503 0.3247356 0.1828676 0.02538161 0.03307842
37 0.2378766 0.04414085 0.01164987 0.4715323 0.1483205 0.372638 0.1504597 0.02340433 0.03231563
41 0.3092604 0.04921943 0.01188475 0.5442624 0.1712106 0.2897177 0.1473614 0.02264211 0.0287535
50 0.1929529 0.04677535 0.01221063 0.28041 0.1564511 0.3853031 0.1546692 0.02267389 0.03198325
51 0.2215816 0.04558419 0.01150299 0.3960476 0.1493366 0.3453654 0.1616064 0.02316745 0.03140115
54 0.5633727 0.05110779 0.01161933 2.115539 0.1660616 0.3107748 0.1607533 0.02521756 0.03207956
55 0.2431825 0.04536557 0.01178579 0.3725887 0.1700933 0.4127331 0.1499343 0.02383332 0.03326409
57 0.2441847 0.03883435 0.01094527 0.4894573 0.1317462 0.3706417 0.1567963 0.02559657 0.03468823
59 0.3384985 0.04761885 0.01156899 1.016417 0.1571129 0.3515845 0.1616469 0.02337569 0.03168225
65 0.2559797 0.04661165 0.0123655 0.5277783 0.1594349 0.3022641 0.1455511 0.02182506 0.02864759
68 0.2768399 0.04925217 0.0115959 0.6306703 0.1634921 0.2890354 0.170546 0.02337142 0.02962731
74 0.2871506 0.05275794 0.01357781 0.44861 0.2003412 0.3249812 0.1555391 0.02217905 0.02951073
79 0.3431634 0.05449469 0.01237115 0.8909948 0.1752955 0.3532804 0.1666166 0.02379075 0.03221871
81 0.6669754 0.04875461 0.0126146 2.463978 0.2137405 0.3342742 0.1529613 0.02369519 0.03136738
82 NaN 0.0475778 0.01207419 NaN 0.1990247 0.3719668 0.1540095 0.02527324 0.03408408
83 0.3435905 0.05465785 0.01331599 0.7950569 0.187271 0.4043309 0.1595244 0.02366842 0.03345145
84 0.343752 0.05277412 0.01299588 0.7961679 0.1781535 0.357403 0.1708791 0.0244194 0.03305092
86 0.5372881 0.05875015 0.01326987 1.774136 0.1985926 0.3626424 0.1577263 0.02454625 0.03287739
87 0.6220093 0.06785729 0.01193044 NaN 0.2762608 0.3230038 0.1678052 0.02449737 0.03209509
89 0.6008997 0.09153465 0.01678792 1.954396 0.2245806 0.3238856 0.1590577 0.02316199 0.03054018
92 0.2814524 0.04914066 0.01166144 0.6541539 0.1488673 0.3429247 0.1734626 0.02433728 0.03272786
93 0.3134727 0.05384833 0.01275624 0.7975484 0.1842524 0.4012765 0.1630276 0.02355702 0.03357238
97 0.3153377 0.05183257 0.01297646 0.6713947 0.2019917 0.3442588 0.1528716 0.02249326 0.03046722
99 0.2609032 0.05205517 0.01312374 0.4072822 0.1753729 0.3917041 0.1636299 0.02320117 0.03276839
100 0.502237 0.08541509 0.01614597 1.0847 0.198434 0.3691986 0.1595109 0.02466699 0.03338045
103 0.3312983 0.05186951 0.01231729 0.6632647 0.1740531 0.3173292 0.1497826 0.02248926 0.0292438
104 1.506897 0.06673459 0.01433007 8.143025 0.2041975 0.3810482 0.1528631 0.02433758 0.0332153
112 NaN 0.05190096 0.01251555 NaN 0.2139568 0.3765613 0.1553164 0.02591744 0.03511784
114 0.3317225 0.04762869 0.01264669 1.080575 0.1645594 0.3464519 0.1511398 0.02182768 0.03004274
116 0.4471164 0.06902819 0.01397587 1.118736 0.4056327 0.3617786 0.1681743 0.02645219 0.03531442
117 0.5446942 0.07697224 0.01463157 1.482839 0.1828988 0.3653668 0.1669299 0.02586106 0.03456524
118 0.3753609 0.06310649 0.0139315 0.9673741 0.2273411 0.3449264 0.159997 0.02259689 0.03044229
125 0.3870414 0.05513758 0.01229376 1.063565 0.1687701 0.3378426 0.1563379 0.02353657 0.03109969
126 0.3564055 0.05916028 0.01315609 0.7975009 0.2020514 0.381811 0.1561359 0.02326578 0.03201293
127 0.3387823 0.05753591 0.01362879 0.6701994 0.1937086 0.3297039 0.1527992 0.02328971 0.03083588
128 0.3411532 0.05764629 0.0128254 0.6649823 0.1776136 0.406546 0.1524042 0.02355182 0.03311365
129 1.031887 0.05306628 0.01330911 4.197913 0.1971131 0.352767 0.1750368 0.02646568 0.03539261
130 0.3229881 0.05189677 0.01319254 0.737245 0.1654664 0.3239442 0.1556504 0.02349392 0.03113064
131 NaN 0.04760932 0.01188352 NaN NaN 0.6853826 0.1773758 0.03829355 0.05839138
133 0.2626058 0.05043754 0.01312662 0.4148543 0.1742508 0.3812758 0.1495384 0.02344405 0.03264154
134 0.3825798 0.05216411 0.01308253 1.051422 0.1926314 0.3692105 0.1528797 0.02436278 0.03323736
135 0.382515 0.04798467 0.0130244 1.210323 0.1661469 0.3315321 0.158469 0.02308022 0.03110731
143 NaN 0.05221204 0.01208754 NaN 0.2151148 0.3698769 0.1585334 0.02466105 0.03322362
144 0.5315356 0.07959285 0.01490651 1.656103 0.2050845 0.3498311 0.1665837 0.02538175 0.03384738
146 0.2580907 0.04528392 0.01177449 0.5756085 0.1411649 0.3464288 0.1495365 0.02329134 0.0315057
155 0.3058354 0.05001784 0.01303192 0.5774779 0.1789917 0.3583357 0.1562164 0.02392611 0.03237678
157 0.3086185 0.05220808 0.01302454 0.612508 0.2145164 0.4160418 0.1744999 0.0247687 0.03525529
159 0.3117773 0.04649244 0.01212954 0.7229816 0.1653438 0.3921807 0.1566967 0.02502419 0.03449501
160 0.3301578 0.05404679 0.01302415 0.6727572 0.1933567 0.3711813 0.1668079 0.02596735 0.03521078
164 0.3584186 0.05862485 0.01224241 0.9358279 0.1722831 0.3464066 0.1623027 0.02324724 0.03109688
165 0.4287974 0.06174149 0.01337944 1.198401 0.1975766 0.3924134 0.166571 0.0250815 0.03451265
166 0.3330057 0.0501435 0.01273205 0.810136 0.1759802 0.3784267 0.1519739 0.02326674 0.03205722
167 0.2718908 0.05220553 0.01246505 0.5717223 0.1750127 0.390631 0.1598226 0.02345755 0.03294788
172 0.4288796 0.07315106 0.01484462 0.6355078 0.2408724 0.363467 0.1637288 0.02566941 0.03430169
175 0.308414 0.05287119 0.01288446 0.6417915 0.1817242 0.3725944 0.1568571 0.02307655 0.0319053
181 0.2333944 0.05042254 0.01270288 0.3900382 0.1770296 0.3973898 0.1496089 0.02208285 0.03134014
183 NaN 0.04806868 0.01236776 NaN 0.2369246 0.3596542 0.1615317 0.0242207 0.03272944
184 0.2564431 0.05150009 0.01303662 0.4488989 0.178468 0.3689517 0.1675196 0.0236665 0.0324668
185 0.3130129 0.05005711 0.01313119 0.6718997 0.1882072 0.3676084 0.1503752 0.02202183 0.03024998
187 0.3042481 0.0529133 0.01235914 0.6960919 0.1760843 0.3564255 0.1616244 0.02262766 0.0307629
189 0.4392752 0.05529842 0.01304239 1.260876 0.2228041 0.3940226 0.1609106 0.02543471 0.03496917
190 0.3070365 0.05349777 0.01270656 0.7652396 0.1730826 0.3593508 0.1568535 0.02239125 0.03087439
198 0.5659736 0.06029831 0.01337243 2.02868 0.1914806 0.337476 0.15885 0.02430607 0.03221494
199 0.3871436 0.05656569 0.01295851 0.984927 0.1686228 0.347289 0.1517935 0.02464429 0.03275649
600 0.2555463 0.04928165 0.01271179 0.3966512 0.1720209 0.3361949 0.156241 0.0230547 0.03106101
601 0.3064817 0.05174431 0.01171324 0.6022778 0.1607899 0.3578244 0.1491506 0.02360725 0.03152687
603 0.3004666 0.04868592 0.01235813 0.7499905 0.1542089 0.3310983 0.1559883 0.02310802 0.03110653
604 NaN 0.0479414 0.01264468 NaN 0.2120856 0.4081278 0.1657653 0.02571388 0.03589239
606 0.5070496 0.05073912 0.01248414 1.913411 0.1739972 0.3417063 0.1562583 0.02379589 0.03180785
609 NaN 0.04671274 0.01180263 NaN 0.5013898 0.4467954 0.1591195 0.02953881 0.04064569
612 1.053374 0.08050986 0.0150817 4.954633 0.236772 0.3955731 0.1553457 0.0248474 0.03368716
613 0.3085966 0.04783122 0.01203885 0.7364859 0.161464 0.3518703 0.1554006 0.02359651 0.03170432
614 0.2748032 0.0476005 0.01253357 0.6090559 0.1644068 0.330695 0.1541031 0.02210519 0.02944583
616 NaN 0.04961104 0.01203992 NaN 0.2093035 0.4306965 0.1850987 0.02801407 0.03915199
618 0.2719362 0.05518723 0.01281687 0.5316171 0.1763903 0.3171533 0.1657081 0.02229444 0.0294518
623 0.4191234 0.0530134 0.01370513 1.306614 0.1872694 0.3881367 0.1611696 0.02402165 0.0335979
624 0.4181417 0.06406761 0.01422163 1.019235 0.1903666 0.4012659 0.1564329 0.0246934 0.03457022
625 0.2782095 0.05008637 0.01264851 0.5560527 0.1692335 0.364872 0.1501061 0.02248677 0.03094454
630 0.3253088 0.04788741 0.0124208 0.7304993 0.1670736 0.3477396 0.151112 0.0243547 0.03252342
631 0.4192748 0.06051964 0.01389502 1.126312 0.1963693 0.343513 0.1519511 0.02371721 0.03162998
632 0.5865348 0.0632737 0.01379483 2.173424 0.2006148 0.3367638 0.1501843 0.02365268 0.03109207
633 0.4020377 0.06328471 0.01406514 0.8712072 0.2058694 0.3200389 0.162444 0.02309394 0.0303764
637 0.5346438 0.05349586 0.01217521 1.92792 0.1781991 0.3415419 0.1645925 0.02460425 0.03250501
638 0.5261315 0.05592411 0.01327656 1.816281 0.2249683 0.3416254 0.1748119 0.02471306 0.03268423
640 0.3343791 0.05687896 0.01271967 0.7553489 0.1844985 0.3354226 0.1515482 0.02224412 0.02955998
641 0.2688846 0.05293749 0.01254319 0.4300901 0.1698095 0.3566243 0.1507978 0.02237457 0.03067787
642 0.3742354 0.06365177 0.01393324 0.5692463 0.2802352 0.3155603 0.1517288 0.02252518 0.0294999
645 0.3734901 0.05428649 0.0123015 0.7363223 0.1661167 0.3756203 0.160931 0.02658289 0.03538379
646 0.345145 0.05179102 0.01383495 0.8776328 0.2112323 0.4132127 0.1722089 0.02490673 0.03515376
647 0.2490656 0.05566678 0.01378795 0.3016917 0.201891 0.3495088 0.1568373 0.02243949 0.03083359
649 0.3821557 0.05825965 0.0131196 1.048316 0.1853583 0.3530174 0.1477644 0.02224928 0.03003693
650 0.3441602 0.05348775 0.01292719 0.8805693 0.1883909 0.354975 0.1509323 0.02209771 0.03010717
657 0.3704155 0.05319136 0.01312832 0.9273576 0.1866965 0.4061475 0.1520516 0.02307158 0.03239992
