5 40.33144 41.34046
7 44.25507 43.59444
15 33.85685 29.00316
20 38.7846 37.47546
24 31.6313 31.82589
29 32.79631 29.95412
30 36.4777 37.97366
35 33.95346 30.69204
37 33.92643 31.34066
41 38.52896 37.11381
50 33.00362 33.38498
51 34.9996 33.69474
54 28.94383 34.94203
55 40.36372 35.84973
57 27.80251 26.09075
59 36.17624 37.59753
65 27.80271 25.31286
68 43.43728 38.46267
74 44.33651 45.08038
79 50.77842 51.67662
81 52.8574 47.99701
82 45.50959 41.86872
83 52.64334 52.62172
84 46.80058 46.23093
86 55.18738 52.06424
87 56.4719 52.83976
89 47.665 45.47862
92 41.04611 40.59131
93 50.27118 56.14543
97 51.54776 49.86352
99 46.31974 45.47826
100 50.55419 49.1964
103 53.15728 56.16324
104 58.18804 59.73692
112 40.72309 39.116
114 47.45164 44.38771
116 52.98716 51.97928
117 49.28576 46.4441
118 54.15248 53.33944
125 53.61741 51.31481
126 56.57591 60.5196
127 48.20771 45.66613
128 58.04445 61.17631
129 41.15309 39.86059
130 43.60015 41.85164
131 47.21714 51.43039
133 50.62048 49.61839
134 48.50153 47.05635
135 42.25616 40.00849
143 57.66584 57.43278
144 44.93302 46.47514
146 43.54301 43.54371
155 45.51826 41.58166
157 61.62905 57.28032
159 41.69889 40.10018
160 44.93549 45.36981
164 55.46104 57.88221
165 56.22412 59.77009
166 51.35291 47.78649
167 56.52428 56.75992
172 41.73422 42.16856
175 49.55686 49.03833
181 54.38522 54.55351
183 43.47509 44.39206
184 53.23011 49.84342
185 58.40731 55.83525
187 55.51193 59.86883
189 54.07722 54.34299
190 53.34276 52.66757
198 51.49916 50.1197
199 42.8581 44.51058
600 41.24266 40.59893
601 62.82871 63.85607
603 48.54816 47.73789
604 45.10408 44.38827
606 51.54917 47.58249
609 53.60451 56.4462
612 60.49811 67.54027
613 57.50024 53.35852
614 47.68869 45.61555
616 49.04705 49.8295
618 44.81828 45.06286
623 47.28771 46.35123
624 49.07487 48.59884
625 50.58579 46.70717
630 41.39976 41.80369
631 47.98908 48.80365
632 55.40793 52.40366
633 47.49861 44.03388
637 43.65897 46.31699
638 52.06437 53.68438
640 55.79637 58.73345
641 46.91509 48.05957
642 51.59096 49.58423
645 55.18121 46.20245
646 49.32251 45.37085
647 48.57227 46.69553
649 57.24353 57.74818
650 51.17835 50.97331
657 54.46402 57.53025
