5 300100005
7 300100007
15 300100015
20 300100020
24 300100024
29 300100029
30 300100030
35 300100035
37 300100037
41 300100041
50 300100050
51 300100051
54 300100054
55 300100055
57 300100057
59 300100059
65 300100065
68 300100068
74 300100074
79 300100079
81 300100081
82 300100082
83 300100083
84 300100084
86 300100086
87 300100087
89 300100089
92 300100092
93 300100093
97 300100097
99 300100099
100 300100100
103 300100103
104 300100104
112 300100112
114 300100114
116 300100116
117 300100117
118 300100118
125 300100125
126 300100126
127 300100127
128 300100128
129 300100129
130 300100130
131 300100131
133 300100133
134 300100134
135 300100135
143 300100143
144 300100144
146 300100146
155 300100155
157 300100157
159 300100159
160 300100160
164 300100164
165 300100165
166 300100166
167 300100167
172 300100172
175 300100175
181 300100181
183 300100183
184 300100184
185 300100185
187 300100187
189 300100189
190 300100190
198 300100198
199 300100199
600 300100600
601 300100601
603 300100603
604 300100604
606 300100606
609 300100609
612 300100612
613 300100613
614 300100614
616 300100616
618 300100618
623 300100623
624 300100624
625 300100625
630 300100630
631 300100631
632 300100632
633 300100633
637 300100637
638 300100638
640 300100640
641 300100641
642 300100642
645 300100645
646 300100646
647 300100647
649 300100649
650 300100650
657 300100657
