1 1744.666 1754.132 1750.177 1806.203 1813.666 1806.526
2 1599.154 1632.397 1626.685 1655.231 1676.981 1677.847
3 1668.37 1690.748 1687.382 1751.282 1765.004 1766.389
4 1684.151 1715.785 1710.961 1763.91 1775.267 1776.113
5 1567.764 1597.673 1611.732 1592.345 1600.88 1616.937
6 1889.659 1916.725 1912.433 1918.581 1944.042 1938.118
7 1534.798 1558.253 1565.226 1564.437 1590.671 1592.969
8 1573.259 1600.574 1595.597 1588.603 1600.759 1601.792
9 1922.03 1944.865 1936.658 1955.623 1976.808 1966.947
10 1668.684 1707.053 1712.141 1749.57 1744.564 1743.894
11 1777.112 1809.11 1814.606 1831.087 1849.394 1851.948
12 1608.611 1645.372 1638.502 1628.957 1650.454 1650.102
13 1842.01 1859.898 1848.539 1875.522 1888.88 1883.12
14 1720.017 1753.105 1755.839 1753.186 1772.632 1775.909
15 1988.068 2026.219 2014.748 2070.867 2089.285 2079.661
16 1802.429 1812.938 1807.979 1817.472 1817.278 1819.095
17 1401.967 1439.252 1427.838 1417.361 1450.716 1437.018
18 1791.309 1817.317 1802.547 1812.696 1828.517 1823.438
19 1944.721 1957.92 1939.885 1970.355 1981.351 1972.297
20 1798.407 1821.93 1816.949 1838.022 1843.139 1844.868
21 1804.066 1841.677 1836.055 1864.411 1871.738 1886.534
22 1657.663 1700.091 1685.304 1713.831 1735.464 1724.233
23 1744.623 1759.932 1764.665 1830.354 1844.509 1849.222
24 1605.757 1625.605 1630.081 1643.488 1662.055 1664.087
25 2004.825 2032.711 2023.433 2121.995 2083.878 2082.78
26 1615.518 1635.964 1622.175 1647.772 1666.147 1657.672
27 1752.457 1782.612 1783.835 1799.357 1821.562 1814.056
28 1736.245 1763.819 1753.857 1762.322 1779.692 1771.311
29 1881.013 1909.795 1902.601 1928.454 1955.422 1950.602
30 1822.68 1850.356 1837.005 1831.003 1863.149 1849.902
31 1757.74 1777.998 1781.62 1793.982 1787.433 1789.063
32 1558.735 1620.356 1607.766 1610.041 1637.585 1628.606
33 1958.343 1977.478 1963.026 1998.885 2005.659 1994.279
34 1549.665 1576.523 1578.265 1566.276 1583.096 1589.899
35 1840.629 1874.683 1857.719 1893.371 1921.755 1911.546
36 1607.368 1636.709 1648.92 1672.111 1687.543 1695.871
37 1710.988 1762.732 1768.189 1748.096 1778.815 1781.963
38 1675.836 1690.397 1682.033 1695.819 1713.747 1696.569
39 1676.237 1705.916 1714.197 1719.043 1715.375 1727.197
40 1727.164 1741.165 1744.556 1763.909 1754.157 1758.069
41 1722.954 1757.464 1747.226 1749.813 1786.036 1778.443
42 1632.64 1662.544 1650.736 1678.621 1693.414 1684.196
43 1779.462 1808.7 1810.669 1797.333 1822.713 1832.753
44 1728.413 1760.456 1743.354 1756.645 1777.562 1767.678
45 1739.519 1761.263 1756.002 1781.574 1801.128 1790.074
46 1764.862 1773.147 1780.714 1775.322 1787.517 1802.126
47 1887.055 1911.353 1900.82 1907.577 1933.313 1917.182
48 1638.211 1670.987 1657.991 1652.694 1686.122 1678.15
49 1791.6 1820.777 1823.279 1827.806 1841.222 1853.671
50 1732.177 1764.752 1773.733 1804.413 1792.723 1801.287
51 1573.066 1607.433 1601.182 1590.453 1609.204 1607.939
52 1682.036 1717.551 1712.686 1758.126 1741.166 1741.766
53 1777.071 1820.444 1808.582 1809.53 1835.369 1824.315
54 1445.835 1473.996 1458.361 1518.472 1529.937 1528.733
55 1598.582 1620.155 1621.583 1607.958 1628.345 1626.66
56 1686.106 1716.066 1713.188 1709.959 1724.447 1725.915
57 1848.787 1881.675 1865.518 1903.15 1905.346 1900.29
58 1534.355 1571.589 1577.24 1542.718 1575.007 1581.695
59 1513.59 1541.807 1539.919 1536.514 1563.048 1566.977
60 1651.68 1680.669 1692.724 1721.717 1746.778 1757.117
61 1508.699 1533.443 1534.801 1520.24 1546.86 1547.187
62 1583.706 1607.1 1608.512 1611.31 1630.209 1632.11
63 1549.527 1590.091 1590.561 1585.606 1602.551 1602.563
64 1471.021 1501.452 1491.14 1508.762 1531.703 1529.525
65 1785.381 1805.738 1800.636 1831.937 1852.153 1836.922
66 1599.206 1644.686 1625.267 1634.544 1669.566 1657.509
67 1721.358 1756.329 1745.62 1730.572 1760.967 1760.566
68 1561.147 1585.554 1576.426 1590.828 1612.928 1607.512
69 1791.546 1824.511 1810.967 1811.762 1832.539 1824.862
70 1577.224 1605.769 1617.194 1589.232 1603.197 1615.136
71 1765.716 1781.515 1784.134 1800.499 1817.016 1816.913
72 1781.824 1815.404 1817.13 1792.074 1823.299 1828.319
73 1999.92 2008.903 2010.69 2056.518 2055.45 2058.21
74 1639.684 1688.429 1673.583 1704.597 1730.14 1718.969
75 1717.602 1725.932 1730.48 1745.016 1746.203 1756.148
76 1662.579 1688.243 1688.628 1721.548 1736.846 1727.764
77 1638.059 1663.839 1663.437 1676.287 1684.752 1679.859
78 1778.348 1795.291 1791.947 1844.226 1860.318 1851.304
79 1756.505 1770.14 1782.647 1872.653 1840.093 1841.062
80 1618.242 1649.819 1641.012 1638.33 1658.068 1648.542
81 1741.247 1781.916 1759.156 1756.687 1782.686 1769.422
82 1684.689 1716.406 1708.371 1748.509 1727.552 1716.916
83 1670.548 1684.252 1686.899 1731.057 1740.003 1747.81
84 1601.897 1640.105 1634.833 1669.696 1673.801 1679.181
85 1604.377 1622.239 1631.325 1659.25 1672.416 1675.368
86 1848.433 1875.041 1854.817 1872.711 1889.382 1877.316
87 1488.806 1534.465 1516.708 1536.827 1541.596 1533.965
88 1658.867 1678.442 1685.893 1715.65 1695.23 1707.826
89 1931.479 1955.318 1946.228 1945.956 1965.192 1951.63
90 1788.419 1809.96 1808.234 1859.923 1863.054 1864.703
91 1448.602 1479.257 1474.522 1568.081 1503.953 1501.953
92 1786.891 1818.343 1801.702 1823.021 1837.25 1826.256
93 1663.073 1676.106 1681.739 1658.507 1693.123 1699.16
94 1655.305 1675.799 1655.297 1649.331 1676.233 1662.405
95 1888.675 1922.098 1913.479 1913.773 1942.223 1926.729
96 1757.293 1765.663 1767.36 1773.887 1777.841 1781.674
97 1797.633 1823.667 1812.719 1814.666 1853.953 1833.687
98 1848.584 1871.246 1869.282 1861.322 1870.719 1878.982
99 1612.392 1634.93 1640.22 1642.826 1653.872 1657.673
100 1805.276 1823.494 1832.295 1844.408 1852.335 1851.531
