1 1763.786 1771.34 1763.561 1825.324 1830.874 1819.91
2 1618.274 1649.606 1640.069 1674.352 1694.189 1691.231
3 1687.49 1707.957 1700.766 1770.402 1782.212 1779.773
4 1703.271 1732.993 1724.345 1783.03 1792.475 1789.497
5 1586.884 1614.881 1625.116 1611.465 1618.089 1630.321
6 1908.779 1933.933 1925.817 1937.701 1961.25 1951.503
7 1553.918 1575.461 1578.61 1583.557 1607.879 1606.353
8 1592.379 1617.782 1608.982 1607.723 1617.968 1615.177
9 1941.151 1962.073 1950.042 1974.743 1994.016 1980.331
10 1687.804 1724.261 1725.525 1768.69 1761.772 1757.278
11 1796.232 1826.319 1827.99 1850.207 1866.602 1865.332
12 1627.731 1662.581 1651.887 1648.077 1667.662 1663.486
13 1861.13 1877.106 1861.923 1894.642 1906.089 1896.505
14 1739.137 1770.313 1769.223 1772.306 1789.841 1789.293
15 2007.188 2043.427 2028.133 2089.987 2106.493 2093.045
16 1821.549 1830.146 1821.363 1836.592 1834.486 1832.479
17 1421.087 1456.46 1441.222 1436.482 1467.924 1450.403
18 1810.429 1834.525 1815.931 1831.817 1845.726 1836.822
19 1963.842 1975.128 1953.269 1989.475 1998.559 1985.681
20 1817.527 1839.138 1830.333 1857.143 1860.347 1858.252
21 1823.186 1858.886 1849.439 1883.531 1888.946 1899.918
22 1676.783 1717.299 1698.688 1732.952 1752.672 1737.617
23 1763.743 1777.14 1778.049 1849.474 1861.717 1862.606
24 1624.878 1642.813 1643.465 1662.609 1679.263 1677.471
25 2023.945 2049.919 2036.818 2141.115 2101.086 2096.164
26 1634.638 1653.173 1635.559 1666.892 1683.355 1671.057
27 1771.577 1799.82 1797.219 1818.477 1838.77 1827.44
28 1755.365 1781.027 1767.241 1781.442 1796.901 1784.695
29 1900.134 1927.003 1915.985 1947.574 1972.63 1963.986
30 1841.8 1867.564 1850.39 1850.123 1880.357 1863.287
31 1776.861 1795.206 1795.004 1813.102 1804.642 1802.447
32 1577.856 1637.565 1621.15 1629.161 1654.794 1641.99
33 1977.463 1994.687 1976.41 2018.005 2022.867 2007.663
34 1568.785 1593.731 1591.649 1585.396 1600.304 1603.283
35 1859.749 1891.892 1871.103 1912.491 1938.964 1924.931
36 1626.488 1653.918 1662.304 1691.231 1704.752 1709.255
37 1730.108 1779.94 1781.573 1767.216 1796.023 1795.347
38 1694.956 1707.606 1695.417 1714.939 1730.956 1709.953
39 1695.357 1723.125 1727.581 1738.163 1732.583 1740.581
40 1746.284 1758.373 1757.941 1783.029 1771.365 1771.453
41 1742.074 1774.672 1760.61 1768.934 1803.244 1791.827
42 1651.76 1679.752 1664.12 1697.741 1710.622 1697.58
43 1798.582 1825.908 1824.053 1816.453 1839.921 1846.137
44 1747.534 1777.664 1756.738 1775.765 1794.771 1781.062
45 1758.639 1778.471 1769.387 1800.694 1818.336 1803.458
46 1783.983 1790.356 1794.098 1794.442 1804.725 1815.51
47 1906.176 1928.561 1914.204 1926.697 1950.521 1930.566
48 1657.332 1688.195 1671.375 1671.814 1703.33 1691.534
49 1810.72 1837.985 1836.663 1846.926 1858.43 1867.055
50 1751.297 1781.961 1787.118 1823.533 1809.931 1814.672
51 1592.186 1624.641 1614.566 1609.573 1626.412 1621.323
52 1701.156 1734.759 1726.071 1777.247 1758.374 1755.151
53 1796.191 1837.652 1821.966 1828.65 1852.577 1837.699
54 1464.955 1491.204 1471.746 1537.593 1547.146 1542.118
55 1617.703 1637.363 1634.967 1627.078 1645.554 1640.045
56 1705.226 1733.274 1726.572 1729.079 1741.655 1739.299
57 1867.907 1898.884 1878.902 1922.271 1922.554 1913.674
58 1553.475 1588.797 1590.624 1561.839 1592.216 1595.079
59 1532.71 1559.016 1553.303 1555.634 1580.256 1580.361
60 1670.8 1697.878 1706.108 1740.837 1763.986 1770.502
61 1527.82 1550.651 1548.186 1539.36 1564.068 1560.571
62 1602.826 1624.308 1621.896 1630.43 1647.417 1645.495
63 1568.647 1607.299 1603.945 1604.727 1619.759 1615.947
64 1490.141 1518.66 1504.524 1527.883 1548.912 1542.909
65 1804.502 1822.946 1814.02 1851.057 1869.362 1850.306
66 1618.326 1661.894 1638.651 1653.664 1686.774 1670.893
67 1740.478 1773.538 1759.004 1749.693 1778.175 1773.95
68 1580.267 1602.763 1589.81 1609.948 1630.137 1620.896
69 1810.666 1841.72 1824.351 1830.882 1849.747 1838.246
70 1596.344 1622.977 1630.579 1608.352 1620.405 1628.521
71 1784.836 1798.723 1797.518 1819.619 1834.224 1830.297
72 1800.945 1832.613 1830.514 1811.194 1840.507 1841.703
73 2019.04 2026.112 2024.074 2075.638 2072.658 2071.595
74 1658.805 1705.637 1686.967 1723.717 1747.349 1732.353
75 1736.722 1743.14 1743.864 1764.136 1763.411 1769.532
76 1681.699 1705.451 1702.012 1740.668 1754.054 1741.148
77 1657.179 1681.047 1676.821 1695.407 1701.961 1693.243
78 1797.468 1812.5 1805.331 1863.346 1877.526 1864.688
79 1775.625 1787.349 1796.031 1891.774 1857.302 1854.447
80 1637.362 1667.028 1654.396 1657.45 1675.277 1661.926
81 1760.367 1799.124 1772.54 1775.807 1799.894 1782.806
82 1703.809 1733.614 1721.755 1767.63 1744.76 1730.3
83 1689.669 1701.46 1700.283 1750.177 1757.212 1761.194
84 1621.018 1657.313 1648.217 1688.816 1691.009 1692.565
85 1623.497 1639.447 1644.709 1678.37 1689.624 1688.752
86 1867.553 1892.249 1868.201 1891.831 1906.591 1890.7
87 1507.926 1551.673 1530.093 1555.947 1558.805 1547.349
88 1677.987 1695.65 1699.277 1734.77 1712.439 1721.21
89 1950.599 1972.526 1959.612 1965.076 1982.4 1965.014
90 1807.539 1827.168 1821.618 1879.044 1880.262 1878.087
91 1467.722 1496.465 1487.906 1587.201 1521.161 1515.337
92 1806.011 1835.551 1815.086 1842.141 1854.458 1839.64
93 1682.193 1693.314 1695.123 1677.628 1710.331 1712.544
94 1674.425 1693.007 1668.681 1668.451 1693.441 1675.79
95 1907.795 1939.306 1926.864 1932.893 1959.431 1940.113
96 1776.414 1782.871 1780.744 1793.007 1795.049 1795.058
97 1816.753 1840.875 1826.103 1833.786 1871.162 1847.072
98 1867.704 1888.454 1882.667 1880.442 1887.927 1892.366
99 1631.513 1652.138 1653.605 1661.946 1671.08 1671.057
100 1824.397 1840.702 1845.679 1863.528 1869.543 1864.915
