1 0.52
2 0.56
3 0.54
4 0.5
5 0.58
6 0.4
7 0.62
8 0.62
9 0.4
10 0.54
11 0.46
12 0.48
13 0.42
14 0.52
15 0.44
16 0.48
17 0.7
18 0.5
19 0.5
20 0.52
21 0.42
22 0.52
23 0.42
24 0.6
25 0.42
26 0.56
27 0.48
28 0.44
29 0.44
30 0.5
31 0.52
32 0.6
33 0.42
34 0.54
35 0.48
36 0.5
37 0.54
38 0.54
39 0.46
40 0.56
41 0.48
42 0.58
43 0.38
44 0.48
45 0.52
46 0.38
47 0.5
48 0.52
49 0.42
50 0.44
51 0.64
52 0.52
53 0.46
54 0.66
55 0.48
56 0.5
57 0.46
58 0.52
59 0.56
60 0.44
61 0.6
62 0.5
63 0.52
64 0.68
65 0.48
66 0.54
67 0.46
68 0.64
69 0.5
70 0.52
71 0.48
72 0.44
73 0.34
74 0.6
75 0.48
76 0.52
77 0.52
78 0.54
79 0.5
80 0.58
81 0.54
82 0.6
83 0.54
84 0.6
85 0.5
86 0.46
87 0.6
88 0.5
89 0.32
90 0.46
91 0.66
92 0.44
93 0.5
94 0.54
95 0.44
96 0.42
97 0.5
98 0.38
99 0.56
100 0.44
