1 1000 1000 875 1000 1000 1000
2 1000 1000 221 1000 1000 793
3 1000 1000 382 1000 1000 145
4 1000 1000 562 1000 1000 756
5 1000 1000 1000 1000 1000 468
6 1000 1000 835 1000 1000 651
7 1000 1000 284 1000 1000 1000
8 1000 1000 1000 1000 1000 1000
9 1000 1000 763 1000 1000 796
10 1000 1000 641 1000 1000 521
11 1000 1000 43 1000 1000 311
12 1000 1000 399 1000 1000 1000
13 1000 1000 67 1000 1000 301
14 1000 1000 659 1000 1000 1000
15 1000 1000 1000 1000 1000 611
16 1000 1000 403 1000 1000 882
17 1000 1000 1000 1000 1000 547
18 1000 1000 489 1000 1000 1000
19 1000 1000 1000 1000 1000 712
20 1000 1000 280 1000 1000 705
21 1000 1000 536 1000 1000 601
22 1000 1000 373 1000 1000 249
23 1000 1000 814 1000 1000 332
24 1000 1000 414 1000 1000 1000
25 1000 1000 567 1000 1000 363
26 1000 1000 360 1000 1000 1000
27 1000 1000 414 1000 1000 361
28 1000 1000 651 1000 1000 790
29 1000 1000 38 1000 1000 534
30 1000 1000 108 1000 1000 940
31 1000 1000 432 1000 1000 1000
32 1000 1000 162 1000 1000 716
33 1000 1000 299 1000 1000 842
34 1000 1000 306 1000 1000 128
35 1000 1000 839 1000 1000 452
36 1000 764 348 1000 1000 246
37 1000 1000 468 1000 1000 883
38 1000 1000 222 1000 1000 685
39 1000 1000 529 1000 1000 318
40 1000 1000 1000 1000 1000 186
41 1000 1000 310 1000 1000 1000
42 1000 1000 306 1000 1000 947
43 1000 1000 381 1000 1000 782
44 1000 1000 1000 1000 1000 491
45 1000 1000 272 1000 1000 720
46 1000 1000 1000 1000 1000 725
47 1000 1000 1000 1000 1000 260
48 1000 1000 701 1000 1000 1000
49 1000 1000 690 1000 1000 656
50 1000 1000 648 1000 1000 878
51 1000 1000 882 1000 1000 793
52 1000 1000 918 1000 1000 261
53 1000 1000 629 1000 1000 1000
54 1000 1000 449 1000 1000 931
55 1000 1000 267 1000 1000 273
56 1000 1000 427 1000 1000 517
57 1000 1000 122 1000 925 368
58 1000 1000 797 1000 1000 337
59 1000 1000 910 1000 1000 1000
60 1000 1000 479 1000 1000 1000
61 1000 1000 331 1000 1000 665
62 1000 1000 839 1000 1000 637
63 1000 1000 179 1000 1000 353
64 1000 1000 684 1000 1000 1000
65 1000 1000 425 1000 430 615
66 1000 1000 268 1000 1000 714
67 1000 1000 321 1000 1000 568
68 1000 1000 203 1000 1000 616
69 1000 1000 1000 1000 785 986
70 1000 1000 123 1000 1000 967
71 1000 1000 500 1000 1000 238
72 1000 1000 557 1000 1000 1000
73 1000 1000 834 1000 1000 891
74 1000 1000 942 1000 1000 512
75 1000 1000 497 1000 1000 335
76 1000 1000 244 1000 1000 788
77 1000 1000 1000 1000 1000 1000
78 1000 1000 903 1000 1000 660
79 1000 709 999 1000 1000 493
80 1000 1000 674 1000 1000 382
81 1000 1000 170 1000 1000 959
82 1000 1000 434 1000 1000 593
83 1000 1000 160 1000 1000 999
84 1000 1000 766 1000 1000 1000
85 1000 1000 966 1000 1000 567
86 1000 1000 745 1000 1000 1000
87 1000 1000 488 1000 1000 365
88 1000 1000 779 1000 1000 885
89 1000 1000 829 1000 1000 1000
90 1000 1000 757 1000 1000 580
91 1000 1000 559 1000 1000 449
92 1000 1000 434 1000 1000 1000
93 1000 1000 148 1000 1000 345
94 1000 1000 1000 1000 1000 248
95 1000 1000 403 1000 1000 482
96 1000 1000 1000 1000 1000 778
97 1000 1000 27 1000 1000 947
98 1000 1000 218 1000 1000 814
99 1000 1000 253 1000 1000 230
100 1000 1000 64 1000 1000 924
