1 -862.333 -868.066 -868.0883 -893.1017 -897.8331 -896.263
2 -789.5769 -807.1987 -806.3424 -817.6157 -829.4906 -831.9236
3 -824.1848 -836.3742 -836.691 -865.6409 -873.5019 -876.1945
4 -832.0756 -848.8926 -848.4805 -871.9548 -878.6333 -881.0564
5 -773.8821 -789.8364 -798.8659 -786.1723 -791.4402 -801.4683
6 -934.8293 -949.3625 -949.2163 -949.2904 -963.0208 -962.0592
7 -757.399 -770.1265 -775.613 -772.2185 -786.3355 -789.4847
8 -776.6293 -791.2871 -790.7987 -784.3013 -791.3797 -793.8962
9 -951.0152 -963.4325 -961.3292 -967.8113 -979.4041 -976.4734
10 -824.3418 -844.5265 -849.0704 -864.7849 -863.2821 -864.947
11 -878.5558 -895.5552 -900.3029 -905.5436 -915.697 -918.9739
12 -794.3053 -813.6862 -812.2512 -804.4785 -816.227 -818.0509
13 -911.0051 -920.9489 -917.2694 -927.7611 -935.4402 -934.5602
14 -850.0083 -867.5526 -870.9193 -866.5931 -877.3162 -880.9546
15 -984.0339 -1004.109 -1000.374 -1025.434 -1035.642 -1032.83
16 -891.2144 -897.469 -896.9893 -898.7358 -899.6388 -902.5476
17 -690.9833 -710.626 -706.9191 -698.6807 -716.3579 -711.5092
18 -885.6545 -899.6583 -894.2733 -896.3482 -905.2587 -904.7189
19 -962.3606 -969.9601 -962.9426 -975.1776 -981.6756 -979.1484
20 -889.2033 -901.9649 -901.4745 -909.0112 -912.5695 -915.434
21 -892.0331 -911.8387 -911.0275 -922.2056 -926.8691 -936.267
22 -818.8315 -841.0453 -835.6519 -846.9157 -858.7319 -855.1166
23 -862.3113 -870.9658 -875.3324 -905.1769 -913.2546 -917.6111
24 -792.8787 -803.8025 -808.0404 -811.7442 -822.0273 -825.0435
25 -992.4125 -1007.355 -1004.717 -1050.997 -1032.939 -1034.39
26 -797.759 -808.9821 -804.0874 -813.886 -824.0735 -821.8362
27 -866.2285 -882.3061 -884.9173 -889.6786 -901.7809 -900.028
28 -858.1223 -872.9094 -869.9285 -871.161 -880.8462 -878.6554
29 -930.5067 -945.8976 -944.3004 -954.227 -968.7109 -968.3009
30 -901.3398 -916.1778 -911.5027 -905.5014 -922.5746 -917.9512
31 -868.8702 -879.999 -883.8098 -886.9908 -884.7167 -887.5316
32 -769.3677 -801.1782 -796.8831 -795.0203 -809.7927 -807.3029
33 -969.1715 -979.7392 -974.5131 -989.4423 -993.8295 -990.1394
34 -764.8324 -779.2615 -782.1324 -773.138 -782.5481 -787.9493
35 -910.3145 -928.3417 -921.8593 -936.6856 -951.8777 -948.7732
36 -793.6841 -809.3547 -817.4599 -826.0554 -834.7717 -840.9353
37 -845.4938 -872.3659 -877.0945 -864.0479 -880.4076 -883.9813
38 -827.9179 -836.1987 -834.0164 -837.9096 -847.8737 -841.2844
39 -828.1186 -843.9582 -850.0986 -849.5215 -848.6874 -856.5984
40 -853.5821 -861.5823 -865.2782 -871.9544 -868.0785 -872.0345
41 -851.477 -869.7318 -866.6129 -864.9067 -884.0181 -882.2216
42 -806.3201 -822.2718 -818.3681 -829.3103 -837.707 -835.0978
43 -879.7309 -895.3499 -898.3344 -888.6663 -902.3565 -909.3763
44 -854.2067 -871.228 -864.6769 -868.3224 -879.7812 -876.839
45 -859.7595 -871.6314 -871.0012 -880.787 -891.5638 -888.0371
46 -872.4312 -877.5737 -883.357 -877.6611 -884.7584 -894.063
47 -933.5277 -946.6766 -943.41 -943.7885 -957.6564 -951.5911
48 -809.1057 -826.4934 -821.9957 -816.3468 -834.0609 -832.0749
49 -885.7998 -901.3883 -904.6396 -903.903 -911.6109 -919.8354
50 -856.0885 -873.3762 -879.8667 -892.2064 -887.3613 -893.6437
51 -776.5329 -794.7166 -793.5912 -785.2264 -795.6018 -796.9696
52 -831.018 -849.7756 -849.3432 -869.0632 -861.5829 -863.8832
53 -878.5356 -901.2219 -897.2911 -894.7651 -908.6846 -905.1573
54 -712.9176 -727.9979 -722.1807 -749.2362 -755.9687 -757.3667
55 -789.2912 -801.0773 -803.7913 -793.979 -805.1727 -806.3302
56 -833.053 -849.033 -849.5942 -844.9794 -853.2236 -855.9575
57 -914.3933 -931.8377 -925.7589 -941.5752 -943.6728 -943.1451
58 -757.1774 -776.7946 -781.6199 -761.3592 -778.5037 -783.8474
59 -746.7951 -761.9037 -762.9593 -758.2568 -772.524 -776.4884
60 -815.84 -831.3347 -839.3619 -850.8586 -864.389 -871.5587
61 -744.3497 -757.7214 -760.4007 -750.1201 -764.43 -766.5935
62 -781.8529 -794.5499 -797.2558 -795.655 -806.1044 -809.0552
63 -764.7634 -786.0456 -788.2805 -782.8032 -792.2756 -794.2815
64 -725.5105 -741.7258 -738.5699 -744.3812 -756.8517 -757.7624
65 -882.6906 -893.8689 -893.318 -905.9684 -917.0767 -911.461
66 -789.603 -813.3431 -805.6336 -807.2721 -825.7829 -821.7546
67 -850.6788 -869.1647 -865.8098 -855.2862 -871.4835 -873.2829
68 -770.5735 -783.7772 -781.213 -785.414 -797.4642 -796.7561
69 -885.7728 -903.2557 -898.4835 -895.8808 -907.2696 -905.4312
70 -778.612 -793.8845 -801.5972 -784.6159 -792.5984 -800.5682
71 -872.8578 -881.7575 -885.0668 -890.2494 -899.5081 -901.4566
72 -880.9122 -898.7022 -901.5649 -886.037 -902.6496 -907.1594
73 -989.9598 -995.4517 -998.345 -1018.259 -1018.725 -1022.105
74 -809.8421 -835.2145 -829.7914 -842.2983 -856.0702 -852.4843
75 -848.801 -853.966 -858.2401 -862.5079 -864.1014 -871.0738
76 -821.2893 -835.1215 -837.3142 -850.7741 -859.4231 -856.8819
77 -809.0295 -822.9196 -824.7185 -828.1434 -833.3762 -832.9295
78 -879.1738 -888.6457 -888.9736 -912.1131 -921.159 -918.6521
79 -868.2525 -876.0702 -884.3234 -926.3267 -911.0467 -913.5312
80 -799.1211 -815.9097 -813.5058 -809.1651 -820.0342 -817.2709
81 -860.6236 -881.9579 -872.5779 -868.3435 -882.343 -877.7109
82 -832.3445 -849.2028 -847.1854 -864.2547 -854.7758 -851.458
83 -825.2742 -833.1259 -836.4493 -855.5285 -861.0017 -866.9048
84 -790.9487 -811.0526 -810.4165 -824.8481 -827.9003 -832.5903
85 -792.1883 -802.1193 -808.6625 -819.6251 -827.2078 -830.684
86 -914.2164 -928.5203 -920.4085 -926.3555 -935.6912 -931.6581
87 -734.4031 -758.2323 -751.3542 -758.4133 -761.7982 -759.9823
88 -819.4335 -830.2208 -835.9464 -847.8248 -838.6152 -846.9131
89 -955.7393 -968.6591 -966.1138 -962.9781 -973.5958 -968.8149
90 -884.2096 -895.9799 -897.1171 -919.9617 -922.5268 -925.3516
91 -714.3009 -730.6286 -730.2611 -774.0405 -742.9763 -743.9766
92 -883.4456 -900.1714 -893.8509 -901.5106 -909.6251 -906.128
93 -821.5366 -829.0531 -833.8695 -819.2536 -837.5615 -842.5801
94 -817.6525 -828.8994 -820.6483 -814.6656 -829.1164 -824.2027
95 -934.3375 -952.0491 -949.7397 -946.8863 -962.1116 -956.3643
96 -868.6467 -873.8313 -876.6801 -876.9433 -879.9204 -883.8368
97 -888.8165 -902.8336 -899.3593 -897.333 -917.9767 -909.8437
98 -914.292 -926.6229 -927.6412 -920.661 -926.3595 -932.4908
99 -796.1962 -808.4648 -813.1102 -811.4131 -817.9359 -821.8365
100 -892.6382 -902.747 -909.1473 -912.2038 -917.1674 -918.7654
