1 46.89774 45.13358 47.17192 46.08051 46.04955 47.34251
2 40.63125 39.65324 40.18726 41.61894 40.5182 39.90048
3 44.78176 40.94295 41.45035 44.5061 41.6654 41.81424
4 46.41692 44.30172 44.48294 46.48187 45.02086 44.63663
5 39.37033 39.11053 38.44775 39.93775 39.71774 39.6108
6 65.2712 61.7401 61.77823 65.95889 61.87777 62.76779
7 34.04259 34.50668 35.10523 34.10518 34.24676 34.80879
8 37.14154 33.98613 35.12108 36.93638 33.62452 34.96426
9 59.23299 65.47185 62.84183 58.4929 66.75421 62.27718
10 42.73131 43.23404 43.02997 44.5916 43.58397 42.84252
11 52.70274 53.60329 52.90702 52.20898 53.85986 53.62069
12 49.70633 50.10987 50.26486 49.68999 49.99785 50.99264
13 58.37607 60.67878 62.05442 59.49102 60.539 61.53971
14 48.75615 46.10395 45.92787 49.25806 45.57859 45.22214
15 63.79344 56.98739 61.03791 63.89126 56.69919 59.60797
16 54.02037 54.54699 52.72331 53.36845 52.8259 51.25476
17 30.97091 27.10342 27.89735 32.46944 27.51281 28.01842
18 48.70534 47.67126 46.84446 50.75222 49.06852 47.19084
19 49.35629 52.09445 51.79866 49.29226 51.77381 51.3379
20 44.49123 44.32508 43.96403 45.18345 45.49044 45.08153
21 64.36914 61.31912 60.7069 65.37265 61.16964 59.5346
22 44.08536 42.82158 45.06766 45.71678 43.44359 45.31215
23 62.43364 60.7429 61.52287 61.36192 62.10318 61.15547
24 37.01589 36.34755 37.29076 35.06619 36.28408 38.08182
25 66.72827 62.23922 60.77222 65.50571 62.2979 60.67256
26 41.21763 39.28002 39.51754 41.54247 39.3112 39.12394
27 49.71296 49.74743 47.7776 50.93649 48.72808 48.67779
28 56.37041 53.40227 54.83757 58.88236 52.50881 55.42534
29 63.3057 58.28666 59.10527 62.65432 59.99012 59.72589
30 47.80299 50.15605 48.55472 47.51597 50.58766 48.54275
31 46.047 46.70723 47.19474 45.88199 47.5969 46.72664
32 37.85058 37.59928 35.89896 38.1516 36.95268 36.42497
33 60.60276 61.97343 60.48154 62.66206 62.24472 59.711
34 40.03723 41.63615 41.6134 40.41824 41.80031 41.8335
35 49.00519 49.46329 51.63363 50.58215 49.6903 51.68684
36 46.11274 47.72939 45.71055 45.86857 47.42323 46.72056
37 46.43404 43.26888 43.52132 47.32197 43.19036 43.29672
38 42.98645 43.83599 43.22787 42.95019 44.41306 43.72311
39 55.5207 52.66021 52.83871 55.8309 54.49246 52.32008
40 41.67072 41.61271 41.7758 42.39207 41.5727 41.58301
41 52.71659 48.22135 49.81046 51.94753 48.6926 49.9304
42 41.01119 39.05544 40.92151 41.63151 39.57094 40.4137
43 70.69527 65.49474 64.01919 70.63464 63.24421 63.70227
44 51.8648 50.93394 49.43476 53.19765 51.39856 48.86438
45 44.73924 46.73076 47.91995 44.71761 47.62377 46.99947
46 68.85853 70.77977 69.30698 70.19105 69.41689 68.33896
47 54.54245 49.15323 51.26456 52.55633 50.31746 50.43782
48 47.59558 43.6114 43.99676 47.57096 44.81266 43.91951
49 61.14877 59.54689 60.47172 63.56582 59.76835 60.43512
50 54.75143 53.49972 53.99213 55.05039 53.58299 54.39167
51 35.85281 34.09669 33.02762 35.66713 34.15875 33.45214
52 46.09766 44.93431 43.90992 46.18406 44.91451 43.30849
53 58.07049 51.51192 50.71473 56.76063 51.83742 51.36866
54 30.409 31.19022 30.56629 31.74497 31.74777 30.59058
55 50.70046 50.15398 50.26118 51.1914 50.06367 50.41654
56 46.87327 48.37196 45.44176 47.54111 47.48188 44.97572
57 54.23515 57.67022 57.51489 53.36352 57.73025 56.57349
58 42.34858 44.79263 44.92569 42.91816 45.22509 44.815
59 40.99657 40.27461 40.34668 41.26406 40.53444 39.36518
60 58.21358 56.78497 54.11194 57.73337 55.53673 53.95497
61 38.32935 35.62164 35.71098 38.4759 36.28608 36.17857
62 48.01574 47.20853 45.48208 46.86914 46.85351 44.91564
63 45.45408 43.08638 42.82098 45.627 42.7955 42.55498
64 27.58915 29.16227 29.38123 29.04186 29.70954 29.52456
65 50.96567 49.33929 50.06627 52.246 50.75761 49.87962
66 42.6727 43.27034 44.27838 43.21749 42.54893 44.54514
67 54.87532 53.3499 52.272 55.82967 54.43533 52.26219
68 37.71112 34.17879 34.58277 37.14947 35.02459 33.98548
69 55.4518 52.35511 50.79195 56.18147 51.41939 50.2034
70 41.4696 45.37563 42.94128 42.62558 44.90416 43.66338
71 49.7262 52.12304 50.4709 50.91114 51.8733 49.8911
72 64.91177 54.56285 55.14717 65.31266 54.34332 55.1914
73 76.93133 78.15493 77.20015 77.11826 78.00103 76.9837
74 38.08365 38.22663 39.30114 38.07099 38.89263 38.57138
75 50.78618 49.73516 48.07394 51.36099 49.37497 47.46027
76 43.34374 42.02565 43.47839 44.2161 42.98589 44.46628
77 42.27994 43.97917 44.95813 42.574 44.10697 45.07792
78 44.88798 45.77347 43.69672 45.85762 44.60982 43.69816
79 45.7648 47.25188 49.21446 46.48635 48.53944 48.93944
80 41.05281 38.36681 39.20042 40.42696 38.55582 38.9864
81 43.28118 43.32142 43.3131 43.15529 43.20664 43.081
82 38.73863 37.80908 38.08056 40.77419 37.77965 38.06073
83 40.78622 40.07115 39.87981 40.87766 40.12534 39.20692
84 39.52507 36.92945 35.65044 40.5898 36.62756 35.42678
85 44.56981 47.01241 47.5399 43.65054 46.17568 46.30451
86 59.47275 54.2831 55.25641 58.63487 54.58532 55.27623
87 37.77664 36.07398 36.39783 38.31263 36.42194 36.39295
88 41.18418 45.57536 44.7741 43.15719 46.82433 44.49047
89 84.28413 85.06037 87.13304 85.21533 86.12728 87.20622
90 49.3761 51.1739 55.36965 48.86875 51.74379 54.62957
91 31.28613 30.54824 30.91396 31.82802 31.20886 30.78619
92 57.73508 57.64701 57.55358 56.72411 56.22786 57.8268
93 46.45336 44.12132 43.05577 47.75729 44.32474 43.1943
94 46.87731 39.93964 41.68852 45.77751 40.23726 41.64295
95 61.2257 55.63558 56.7194 62.05428 56.64418 56.65476
96 61.28649 58.58806 58.36845 59.22536 57.74166 57.2448
97 49.16914 48.95365 51.82904 49.70801 47.63641 49.81608
98 75.89551 68.41887 72.16325 75.9075 70.01495 70.45134
99 42.55042 39.19138 39.55724 42.35059 38.59402 39.14088
100 60.85848 55.03541 56.84352 60.99873 55.70701 56.44438
