1 3.337315 3.363421 3.468852 3.311016 3.437453 3.481442
2 2.852933 2.801489 2.857294 2.918035 2.862185 2.829964
3 3.153962 2.976225 3.013062 3.138897 3.023991 3.035321
4 3.291665 3.167767 3.171854 3.285348 3.219412 3.192182
5 2.822643 2.81727 2.775016 2.849881 2.853683 2.849827
6 4.4466 4.371211 4.370093 4.483144 4.376053 4.420158
7 2.586196 2.678787 2.715261 2.608794 2.657843 2.677115
8 3.12603 3.039693 3.037594 3.106668 3.04392 3.03742
9 4.170128 4.498088 4.433879 4.121172 4.606374 4.422375
10 3.962595 3.882159 3.877895 4.217523 3.905108 3.836185
11 3.718024 3.776079 3.807093 3.6504 3.810988 3.826138
12 3.658005 3.71865 3.688011 3.631896 3.70605 3.725537
13 4.128989 4.342571 4.356552 4.185202 4.327157 4.332155
14 3.287381 3.110391 3.167858 3.313889 3.097925 3.114919
15 6.773739 6.610368 6.564433 6.849307 6.495221 6.608699
16 3.561112 3.589547 3.530109 3.534947 3.48817 3.437424
17 2.972646 2.814103 2.842084 3.137637 2.824381 2.864595
18 3.348908 3.282417 3.274508 3.464157 3.379989 3.31567
19 3.398196 3.557191 3.564623 3.380825 3.540922 3.545228
20 3.187699 3.224331 3.228088 3.224429 3.294975 3.296613
21 4.993217 4.864285 4.933969 4.948797 4.840971 4.875574
22 3.242125 3.286437 3.383972 3.401695 3.354857 3.38771
23 12.16817 12.54861 12.77543 11.71353 12.80201 12.59604
24 2.774661 2.777871 2.796241 2.646751 2.773425 2.852379
25 4.460302 4.311396 4.237517 4.364194 4.313805 4.235601
26 2.940572 2.920937 2.931646 2.975175 2.910617 2.907247
27 3.652891 3.700342 3.620895 3.716823 3.652947 3.657594
28 3.839331 3.778935 3.805548 3.975658 3.729467 3.835137
29 8.14456 7.947419 8.480447 7.441441 8.221025 7.95405
30 3.316764 3.497584 3.432668 3.295393 3.506042 3.427248
31 3.351869 3.378437 3.426733 3.342588 3.467154 3.40363
32 2.860424 2.880112 2.74425 2.853082 2.783216 2.791086
33 4.34372 4.460878 4.403097 4.431396 4.471276 4.345289
34 3.179986 3.299757 3.318569 3.204947 3.326474 3.359535
35 3.473513 3.610399 3.653178 3.546945 3.607849 3.663532
36 3.337087 3.438366 3.40047 3.31792 3.441947 3.426316
37 5.053531 5.342119 5.274992 5.214883 5.309092 5.311277
38 3.100808 3.134422 3.126959 3.111487 3.195669 3.167331
39 5.68406 5.738826 5.742118 5.914368 5.632202 5.690455
40 3.018939 3.419378 3.443949 3.061917 3.378983 3.429851
41 3.667984 3.51169 3.578561 3.601141 3.546067 3.594349
42 3.267539 3.229644 3.315446 3.292582 3.267444 3.294899
43 5.157319 5.144607 5.029605 5.171765 4.934519 5.006141
44 3.648371 3.69306 3.631592 3.7724 3.679867 3.611152
45 3.136608 3.309924 3.384123 3.131346 3.372168 3.320625
46 4.592995 4.726613 4.668803 4.648145 4.624893 4.605154
47 4.164302 3.962163 4.029189 4.058355 4.040724 3.960067
48 3.434652 3.196502 3.234592 3.465457 3.306145 3.266515
49 4.543019 4.492873 4.513289 4.725452 4.501452 4.540409
50 3.689249 3.69212 3.708723 3.697159 3.691319 3.720952
51 2.517187 2.413068 2.377985 2.500771 2.420969 2.401552
52 3.430606 3.379726 3.336145 3.408565 3.353738 3.294194
53 4.561471 4.323099 4.212451 4.46459 4.356173 4.325656
54 2.388326 2.541159 2.499102 2.518789 2.561023 2.502897
55 3.433557 3.419296 3.403651 3.462531 3.41164 3.430169
56 52.73478 55.45566 58.07424 49.32871 59.07484 55.62076
57 4.040329 4.228467 4.225677 3.982345 4.243611 4.202919
58 3.088614 3.27373 3.283338 3.127951 3.291541 3.266707
59 2.915429 2.913232 2.92588 2.911993 2.914162 2.844016
60 3.955446 3.892387 3.774007 3.94523 3.827926 3.76278
61 2.796299 2.679789 2.693729 2.792116 2.735199 2.736722
62 3.239713 3.218635 3.158465 3.167134 3.186268 3.122827
63 3.380347 3.298856 3.290842 3.345858 3.311397 3.306321
64 2.331271 2.379171 2.414125 2.374627 2.415797 2.418813
65 4.504178 4.546881 4.565668 4.496521 4.648372 4.632959
66 3.036608 3.135961 3.150395 3.069971 3.090272 3.171924
67 4.367689 4.351219 4.312556 4.35244 4.379181 4.28402
68 2.809379 2.602937 2.630932 2.749713 2.644446 2.604011
69 3.728674 3.587882 3.504837 3.718699 3.523984 3.459375
70 3.024787 3.305923 3.189658 3.117001 3.273685 3.22424
71 3.6081 3.784617 3.764332 3.685695 3.7752 3.6968
72 4.217 3.745753 3.771933 4.242922 3.725453 3.785043
73 11.30843 11.77459 11.76245 11.71901 11.7812 11.91425
74 2.793691 2.79398 2.88291 2.796739 2.856305 2.8207
75 3.517327 3.510403 3.460695 3.552103 3.499603 3.420784
76 3.946661 3.964259 4.094374 4.088892 4.109118 4.127573
77 3.063175 3.203641 3.240014 3.104643 3.210369 3.24261
78 3.282354 3.341593 3.242479 3.331766 3.273014 3.233696
79 4.099668 4.195781 4.240842 4.037579 4.310309 4.279535
80 3.126576 3.019934 3.056553 3.07899 3.031754 3.051186
81 3.041355 3.058146 3.06367 3.016086 3.040693 3.036118
82 2.743684 2.668437 2.680223 2.831877 2.674424 2.706923
83 3.52761 3.472484 3.52319 3.533386 3.494529 3.519426
84 2.985524 2.901693 2.856391 3.072484 2.879064 2.825911
85 3.257033 3.414935 3.455245 3.18446 3.375517 3.350987
86 3.965785 3.719362 3.77568 3.904189 3.74425 3.772705
87 2.701709 2.632082 2.638747 2.740709 2.660117 2.637965
88 3.319051 3.558776 3.525538 3.361376 3.626026 3.549478
89 5.570086 5.742013 5.839179 5.681789 5.799129 5.826338
90 5.524159 5.440293 5.961047 5.03324 5.480212 5.639408
91 2.501784 2.482925 2.525281 2.513077 2.525244 2.497469
92 3.884769 3.908292 3.882582 3.817187 3.827767 3.911239
93 4.537058 4.422329 4.195143 4.652021 4.325234 4.323334
94 3.502856 3.162236 3.227772 3.422856 3.177268 3.245285
95 4.156343 3.942289 4.001261 4.214125 4.006445 3.991461
96 4.329532 4.226615 4.22663 4.174011 4.162368 4.145895
97 3.631078 3.710081 3.837747 3.663977 3.633372 3.697326
98 4.955293 4.659546 4.851772 4.965374 4.761546 4.731247
99 3.140656 2.994885 2.985152 3.117233 2.950126 2.963268
100 4.035494 3.757933 3.809114 4.028127 3.780067 3.788579
