1 25.45193 2.069081 -0.5653759 6.913298 3.60021 -2.090188 -0.5345996 0.01195259
2 26.96417 2.09696 -0.5284203 7.3318 2.455028 -1.554248 -2.607125 0.004395297
3 26.23206 1.900748 -0.5238725 8.956579 1.353549 -1.836255 -0.1791022 -0.03592474
4 26.46086 1.743035 -0.5303385 8.474416 2.432111 -1.830187 0.2046906 -0.08002859
5 25.92352 1.842775 -0.4988251 6.153034 2.759199 -1.155533 -1.824609 -0.03043453
6 25.96294 1.983327 -0.5433766 7.421461 1.778689 -2.11154 -1.250469 -0.0151178
7 25.20535 1.860737 -0.5177382 7.406531 1.716111 -1.645971 -0.1519287 -0.04223988
8 25.42612 1.932625 -0.5286902 6.845418 2.052538 -1.565334 -0.7880467 -0.04118153
9 25.81407 1.878351 -0.5262292 7.056782 3.527056 -1.795345 -1.901158 -0.06021026
10 26.19414 2.054912 -0.5387649 7.427185 1.826359 -1.805218 -0.9164443 0.007614195
11 26.2616 1.975782 -0.5104262 8.683532 3.398602 -1.744949 -0.2638869 -0.0286682
12 26.26916 2.00085 -0.5187655 4.871096 2.358451 -1.664203 -0.5085302 -0.0655944
13 25.49305 2.014801 -0.5415073 6.319821 2.233863 -1.931632 -1.258568 -0.06201911
14 26.4823 1.764967 -0.4737159 7.890192 1.42318 -1.406612 -2.007981 -0.05699506
15 26.22028 1.943391 -0.5435325 9.720997 3.507578 -1.659397 -1.861681 -0.06660545
16 26.65527 1.883107 -0.5000857 5.271912 2.260569 -2.082807 -0.1798387 -0.02954568
17 26.02997 1.954264 -0.5027574 7.529713 4.248951 -1.16563 -0.8145737 -0.06933981
18 26.27054 1.88728 -0.4921571 6.952115 3.151973 -1.985478 -0.1883367 -0.04767558
19 25.95838 1.893743 -0.5096228 7.792032 2.892951 -2.033901 -0.701013 -0.04390828
20 25.47156 1.976225 -0.5285579 8.820496 1.810915 -1.783885 -1.061889 -0.002735838
21 26.0835 1.999412 -0.5348305 6.36934 1.532674 -1.940982 -0.8482287 -0.06941217
22 25.7356 1.944898 -0.5684413 6.455221 2.786794 -2.164943 -0.7803439 0.01718527
23 26.57364 2.322936 -0.5434464 6.78907 1.457448 -2.081034 -0.4445769 -0.06383597
24 25.08294 1.88131 -0.5298285 7.250443 7.549093 -1.840501 0.06136244 -0.02661016
25 26.0323 1.824504 -0.5256677 8.196723 8.27331 -1.752232 -1.739129 -0.03579478
26 24.92133 1.865193 -0.5438759 6.142005 5.287763 -1.922142 0.3465963 -0.09091523
27 26.50041 1.968165 -0.534673 8.765282 1.455364 -1.209149 -1.157051 -0.1017672
28 26.24153 1.890719 -0.5399994 5.859463 2.344922 -1.722365 -0.8965977 -0.08227511
29 27.14919 2.192685 -0.5086852 7.564036 4.177697 -1.655919 -1.937498 -0.06231725
30 25.5305 2.022159 -0.5317301 6.923617 3.501992 -2.193628 0.3702679 -0.01073747
31 26.56719 1.999349 -0.5161179 7.189618 3.205902 -1.559531 -1.432787 -0.04733916
32 26.33638 1.933878 -0.5038139 6.622876 1.790859 -1.255426 -1.307299 -0.07048444
33 26.04597 1.947767 -0.5462485 6.879295 3.118957 -1.635419 -2.440341 -0.02288477
34 25.18839 2.067056 -0.55018 4.888624 4.20123 -1.782896 -0.1618128 -0.0359413
35 25.35324 2.00779 -0.5743449 8.426676 1.768494 -2.180021 0.4950889 -0.01643225
36 26.50581 2.174419 -0.5151921 6.395518 3.411993 -1.296604 -0.8298022 -0.07032768
37 25.92436 2.087473 -0.5440258 8.203068 3.925604 -1.405001 -2.149539 -0.05793186
38 25.25449 1.84613 -0.4910734 6.18372 4.185681 -1.649667 -1.186357 -0.06062868
39 26.26605 2.126142 -0.5116466 5.319117 2.292017 -1.431642 -0.8823177 -0.063391
40 25.15328 1.954526 -0.5610807 6.351474 5.610759 -1.876797 -0.8731921 -0.001284937
41 25.84879 1.952893 -0.5515944 6.418969 1.768661 -2.000537 -0.3498943 -0.04149459
42 25.82899 2.143286 -0.5421783 6.876137 2.407554 -1.794831 -0.4471902 -0.04193585
43 25.94347 2.249339 -0.5540204 5.948623 1.264811 -2.306744 0.3678943 -0.0461649
44 26.96944 2.020982 -0.5041141 6.188941 2.353485 -2.243542 0.3027552 -0.004525105
45 25.61872 2.158828 -0.5420371 6.921919 3.542807 -2.119235 -0.08043256 0.004577297
46 26.60339 1.98109 -0.512346 4.547289 2.357319 -1.890169 -0.7529699 -0.03101982
47 25.72028 1.992127 -0.5260038 7.407334 3.360751 -2.812159 0.2901499 0.014979
48 25.8717 1.799014 -0.5002285 5.668584 4.151373 -1.933604 -0.2162409 0.000827407
49 26.09213 1.918756 -0.4993284 7.539546 1.41538 -1.693553 -0.8638355 -0.04033454
50 26.20209 1.908947 -0.5534328 6.770986 0.8271625 -1.98753 -0.2178469 -0.05038425
51 26.31165 1.849195 -0.5037605 5.990653 2.405654 -2.132662 0.2308595 -0.004682397
52 26.53264 1.912251 -0.5191513 6.746521 2.399033 -1.969836 -0.3502675 -0.01168127
53 26.26785 1.857898 -0.5269433 6.889266 5.8094 -1.50139 -0.4718702 -0.1193079
54 25.89854 2.105212 -0.5652163 6.860932 3.00153 -1.519132 -1.188073 -0.03085959
55 26.78431 1.905169 -0.4973652 5.106887 1.388448 -0.9415756 -1.144157 -0.1186336
56 26.19526 2.094953 -0.5490288 6.424407 2.857174 -1.21011 -1.42375 -0.09485082
57 25.84534 1.972664 -0.5308549 6.891001 1.766687 -2.281204 -0.3882524 -0.01748496
58 26.36878 2.188941 -0.5461977 5.376612 1.85641 -1.466829 -1.021729 -0.09098971
59 26.87334 2.078957 -0.5337292 5.443813 1.204998 -1.632836 -0.5478264 -0.02357533
60 26.84476 1.866929 -0.4813246 6.096852 2.055243 -1.480847 -0.9578206 -0.0408382
61 26.09156 2.040224 -0.520266 6.680418 1.782153 -1.261737 -0.7541233 -0.08165046
62 26.67532 1.866768 -0.5124926 5.186841 1.673928 -1.386127 -1.104777 -0.084916
63 26.65818 2.089639 -0.5558466 5.141494 2.217863 -1.640691 -1.21119 -0.05441568
64 25.26167 1.929722 -0.5233799 8.417482 12.15097 -1.639775 -0.1101711 -0.001117602
65 25.89222 2.125861 -0.5440162 6.292598 4.358479 -1.885215 -2.755826 -0.0230346
66 26.08139 1.984667 -0.549989 5.735148 0.6818704 -1.791909 -1.41814 -0.04317359
67 26.38191 2.186185 -0.5411972 5.911769 1.314206 -1.17791 -1.36715 -0.09698089
68 27.18034 1.930617 -0.4929159 6.93034 1.604478 -1.848554 0.02561402 -0.005657578
69 26.85401 1.927351 -0.4937477 5.324588 3.758973 -2.701093 -0.4720985 0.02410577
70 26.36976 2.135268 -0.5283352 5.588829 3.406152 -1.16828 -1.162548 -0.089326
71 26.17481 2.096787 -0.5319698 6.934225 1.258343 -1.578727 -0.7495259 -0.07688854
72 26.75115 1.796252 -0.5053197 6.488268 1.288642 -1.956398 -0.4695931 -0.01356703
73 26.38433 1.93334 -0.5480046 7.822211 2.841429 -2.247492 0.04496151 -0.05493169
74 26.60605 2.027491 -0.5221325 8.199221 3.381225 -1.282239 -1.437361 -0.06406016
75 26.16296 1.954077 -0.524565 6.140583 1.94068 -1.640076 -1.07809 -0.02891181
76 25.32826 2.066184 -0.5761524 7.00571 2.458341 -1.891933 -0.489724 -0.01602646
77 25.81911 2.005673 -0.5344483 6.040318 7.568185 -1.512751 -0.05363879 -0.1132681
78 26.11087 1.899441 -0.5011942 9.210221 2.481156 -2.049197 -0.6233138 0.02294066
79 25.63048 2.012664 -0.5590775 8.494603 2.807387 -1.725986 -0.4189082 -0.05255285
80 26.09672 2.043789 -0.5199308 6.240198 2.143816 -1.563939 -1.187435 -0.05330705
81 25.80993 1.77895 -0.5146616 7.136879 3.045054 -1.697281 -1.215068 -0.06130424
82 27.10555 1.893572 -0.5058232 7.43464 2.25252 -1.313157 -1.301142 -0.03061924
83 26.05164 1.846425 -0.5152712 8.757665 4.329936 -1.710784 -0.5348082 -0.02643373
84 25.6183 1.890596 -0.5169605 7.18001 2.793445 -1.535459 -0.3827709 -0.06487347
85 25.63276 1.923861 -0.5302329 6.320516 1.551846 -1.641544 -0.5375307 -0.04913947
86 26.38782 1.977781 -0.4965963 6.571744 3.476179 -2.488242 -0.07624183 0.02130595
87 26.07331 1.941955 -0.5106355 5.462144 2.356305 -1.258473 -1.019256 -0.07939058
88 25.76703 2.077264 -0.5545677 7.137571 3.05984 -1.354343 -1.656806 -0.01378306
89 26.22941 2.050787 -0.5403393 5.472783 2.385225 -2.751453 0.0973511 0.005730001
90 24.7679 2.071862 -0.5748264 7.329658 4.081075 -2.210444 0.1831721 -0.05465015
91 25.59835 1.967298 -0.524661 6.061965 5.178429 -1.510527 -1.124256 0.0008507692
92 26.1152 1.918441 -0.5221833 5.958403 2.921775 -1.628418 -1.213226 -0.0854107
93 26.51295 1.931906 -0.515043 7.339745 4.352625 -1.691098 0.4819312 -0.1042627
94 26.54906 2.008555 -0.5391186 5.714094 5.186055 -1.631585 -1.044677 -0.06767238
95 26.53348 2.035023 -0.5391857 7.323583 2.259362 -1.764769 -0.9875509 -0.01762394
96 26.2571 2.033008 -0.5322887 5.848911 3.864327 -2.352371 0.01649431 -0.02321802
97 25.77878 1.995254 -0.5706681 6.267922 2.968263 -1.984934 -0.3266472 -0.06193353
98 26.6418 2.014417 -0.4998107 5.312936 2.841062 -2.113903 -0.7239935 -0.02235898
99 26.08384 1.867367 -0.5182759 6.908688 1.402914 -1.648486 -0.7341638 -0.03330871
100 26.74037 1.846527 -0.5197007 6.648162 2.04749 -1.736612 -0.5665463 -0.03732521
