1 25.82777 2.071896 -0.5614767 3.758643 2.571742 4.647927 -2.096918 -0.5289844 0.013442
2 27.06509 2.08728 -0.516969 4.140946 2.593215 5.170305 -1.557594 -2.618329 0.004406449
3 26.17648 1.923042 -0.519352 4.58291 0.8539251 4.172423 -1.830958 -0.1756427 -0.03564465
4 26.72154 1.65823 -0.5081426 4.575494 1.201321 3.635305 -1.822154 0.2123783 -0.08264853
5 26.15295 1.83612 -0.4960762 5.062347 1.918541 8.400518 -1.139009 -1.78844 -0.03168943
6 25.87084 1.994619 -0.5517468 5.387057 1.740918 7.704192 -2.10913 -1.251082 -0.01534934
7 25.59717 1.890548 -0.5196779 4.236723 1.142333 3.408379 -1.630025 -0.1631237 -0.04638549
8 25.69507 1.934835 -0.5308626 5.863856 1.597968 12.25569 -1.567282 -0.783592 -0.04104407
9 25.957 1.940594 -0.5184063 4.573977 3.280031 4.675471 -1.805354 -1.94549 -0.05860628
10 26.33995 2.02799 -0.5315109 4.785444 1.647433 4.223269 -1.802559 -0.9131766 0.007215559
11 26.66079 1.83863 -0.4897084 4.883451 2.414475 3.977573 -1.74225 -0.2652996 -0.02714112
12 26.43298 1.95706 -0.5142055 3.836156 2.02111 8.279685 -1.670591 -0.5209919 -0.06498647
13 25.69843 2.044012 -0.5412576 3.916476 1.957786 5.252768 -1.930831 -1.244451 -0.06221361
14 26.44748 1.859378 -0.4882746 5.547221 1.105823 6.166508 -1.378059 -1.99183 -0.05972688
15 26.29493 2.043515 -0.5477605 5.602497 2.289439 4.194663 -1.671361 -1.877277 -0.06581396
16 26.75118 1.979785 -0.507394 4.40354 2.271579 11.88264 -2.088027 -0.1062879 -0.02968273
17 26.31981 1.922128 -0.5053979 5.576187 3.092646 6.557659 -1.166666 -0.8238516 -0.06938779
18 26.57424 1.844006 -0.4851424 5.106632 2.170298 6.555828 -1.96165 -0.2161296 -0.05085806
19 25.98153 1.913635 -0.5171048 5.26495 1.915029 5.736173 -2.033058 -0.7282495 -0.04382695
20 25.8082 2.041382 -0.5278486 5.224615 1.404945 4.419798 -1.786828 -1.060293 -0.001941943
21 26.10951 1.942901 -0.5353408 4.392634 1.690716 4.895128 -1.987024 -0.7725088 -0.06538594
22 25.9358 1.832727 -0.5479291 3.746423 2.431745 3.882706 -2.171903 -0.7538686 0.01793207
23 26.54341 2.139551 -0.5253816 3.540645 1.447332 3.935313 -2.034274 -0.4868189 -0.06945134
24 26.33758 1.971658 -0.5307153 3.933733 3.142337 3.600397 -1.841681 0.05871982 -0.02616236
25 26.72169 1.826471 -0.5384121 4.724114 5.285526 3.836608 -1.762891 -1.755132 -0.03394719
26 25.29103 1.92478 -0.5428607 3.764024 3.777223 5.254346 -1.940795 0.3539248 -0.08931007
27 26.80763 1.863837 -0.5116757 5.168819 1.148738 4.328902 -1.170939 -1.190555 -0.1035925
28 26.25592 1.914895 -0.5486359 4.33012 2.395187 7.182605 -1.686308 -0.9171826 -0.08807471
29 27.11516 2.048692 -0.5045961 4.369503 3.881516 4.034313 -1.646997 -1.948778 -0.06255129
30 25.6313 2.025003 -0.5299968 5.260397 3.125023 7.618116 -2.182385 0.358645 -0.01128025
31 26.6468 1.949262 -0.5105588 6.284168 2.557806 10.81754 -1.562759 -1.459515 -0.04524646
32 26.212 1.89183 -0.5133626 4.455789 2.045471 5.147421 -1.263687 -1.318459 -0.06934633
33 26.24721 1.87352 -0.5324939 4.861161 3.040203 6.486275 -1.678218 -2.466004 -0.01917501
34 25.56588 1.957514 -0.5360133 3.752729 3.163489 6.627884 -1.800248 -0.1394997 -0.02729538
35 25.57284 1.83801 -0.5405808 4.173536 1.47871 3.528946 -2.179864 0.4971898 -0.01642409
36 26.50987 2.116168 -0.5231563 3.07191 1.748527 2.93404 -1.375703 -1.176398 -0.05555452
37 25.72577 2.053291 -0.5468927 5.46576 3.260761 5.26495 -1.394853 -2.163668 -0.05852754
38 25.90738 1.824624 -0.4841782 4.410095 3.140168 8.076785 -1.651521 -1.203921 -0.06031447
39 26.31124 1.996454 -0.5040758 4.302245 2.184837 7.495636 -1.412978 -0.8788251 -0.06519635
40 25.47846 1.963989 -0.5569341 5.188434 3.126438 8.747264 -1.879447 -0.8867485 -0.002001562
41 26.01162 2.009116 -0.5480699 4.620073 1.918936 6.830024 -2.000451 -0.3397725 -0.04177711
42 25.83686 1.920324 -0.5208077 4.612909 2.230657 4.521033 -1.813473 -0.4232744 -0.03945466
43 26.07413 2.259069 -0.5512755 4.490387 1.226958 6.3735 -2.30706 0.3697208 -0.04592637
44 26.9346 1.984235 -0.5082984 4.384355 1.968729 5.792157 -2.254288 0.3604604 -0.003471284
45 26.04734 2.097895 -0.5261859 4.457908 2.105003 6.125314 -2.120233 -0.09480625 0.002878016
46 26.73689 1.958889 -0.5099024 3.488611 1.572226 6.008829 -1.892651 -0.7504196 -0.03065705
47 25.93107 1.951025 -0.5124472 5.437193 2.54322 7.761176 -2.801241 0.2640291 0.01569895
48 26.01295 1.789449 -0.4989744 4.231299 3.045335 5.836639 -1.931662 -0.2256556 0.000926683
49 26.28143 1.923356 -0.5064474 5.378695 1.6199 5.580802 -1.643057 -0.9083059 -0.04667948
50 26.06499 1.986211 -0.555741 4.714925 0.7930045 5.593858 -1.973669 -0.2268069 -0.05264013
51 26.24853 1.793043 -0.501604 4.575975 2.927866 6.598556 -2.112525 0.2246223 -0.005827459
52 26.7733 1.856149 -0.5106713 4.779328 1.542194 5.438203 -1.965071 -0.3579575 -0.01246036
53 26.44989 1.829112 -0.5221971 5.440371 5.284889 6.960088 -1.490185 -0.4636336 -0.1196731
54 25.99711 2.024815 -0.5651404 2.706844 1.217556 2.619331 -1.514821 -1.139501 -0.03204957
55 26.77689 1.929053 -0.500386 4.299065 1.258755 13.41548 -0.9331154 -1.117913 -0.1189759
56 26.44036 2.087436 -0.543355 5.186734 2.117527 8.577591 -1.200043 -1.397224 -0.09691234
57 26.25413 1.917557 -0.5203509 4.095022 1.536253 4.104686 -2.400588 0.3411232 0.002057922
58 26.35064 2.180894 -0.5439457 4.604802 1.691918 11.01384 -1.479765 -1.008877 -0.09030638
59 26.77631 2.052941 -0.5314219 3.535053 1.374822 5.012067 -1.622781 -0.5757262 -0.02820542
60 27.10458 1.99578 -0.4973576 3.125346 0.986119 3.418251 -1.468782 -0.9864394 -0.04258089
61 26.07056 1.981993 -0.5163263 5.061202 1.806221 6.524732 -1.254051 -0.7551646 -0.08212511
62 26.68457 2.051675 -0.5335628 3.61666 1.417883 5.677529 -1.41177 -1.070619 -0.08374675
63 26.62971 2.043421 -0.5546204 4.262135 2.036421 9.307239 -1.63519 -1.217151 -0.05517262
64 26.12674 1.957461 -0.5154939 4.881802 3.896985 3.819177 -1.641278 -0.1055766 -0.0005519473
65 26.10993 2.051283 -0.5346582 4.000769 3.5883 5.111145 -2.003388 -0.1061663 -0.04438016
66 26.17679 2.093138 -0.5591789 3.676429 0.4686858 4.754441 -1.80799 -1.43907 -0.04078079
67 26.34203 2.102622 -0.5330379 4.703842 1.342507 8.707179 -1.163728 -1.359821 -0.0975924
68 27.21448 1.829111 -0.4841538 4.179267 1.351134 4.303777 -1.833593 -0.009652736 -0.008505564
69 26.94732 1.968734 -0.5028877 4.531727 3.002697 13.07818 -2.000057 -0.9559805 -0.03676182
70 26.39693 2.164866 -0.5305195 5.329545 3.278754 39.17479 -1.165154 -1.192109 -0.08907879
71 26.49599 2.018285 -0.5160018 4.206007 1.172114 4.705491 -1.553258 -0.7883323 -0.07865762
72 26.85662 1.778252 -0.5062866 5.524362 1.081447 11.84653 -1.952353 -0.4618927 -0.01398719
73 26.3076 1.951146 -0.5470153 4.926588 1.429004 4.308471 -2.223405 0.05387357 -0.06346419
74 26.795 2.028479 -0.5118036 4.788285 2.628855 4.289195 -1.284934 -1.444544 -0.06323096
75 26.27682 2.03785 -0.5283417 4.260861 1.677804 5.758694 -1.620773 -1.036146 -0.03051826
76 25.33371 1.999736 -0.5716213 4.565296 2.079908 5.472422 -1.895783 -0.4542391 -0.01453754
77 26.13912 2.014494 -0.5271005 4.219233 4.121619 5.245953 -1.544766 -0.06243466 -0.1064098
78 26.04485 2.001296 -0.516473 5.217109 3.326992 5.286845 -2.025491 -0.6305039 0.02197015
79 25.76489 1.943588 -0.5397273 4.50081 1.962944 4.305209 -1.746155 -0.4820814 -0.04288523
80 26.21151 1.973233 -0.5119272 5.123303 1.626327 9.326725 -1.575039 -1.191239 -0.05299377
81 26.12663 1.880533 -0.5223171 5.670972 2.423949 7.211304 -1.686067 -1.207056 -0.06222173
82 27.2654 1.851535 -0.4976763 5.468499 1.82645 7.303142 -1.304293 -1.304377 -0.0306592
83 26.77191 1.94187 -0.5189656 4.335765 3.770715 3.505374 -1.721071 -0.5157584 -0.0231083
84 25.85266 2.04008 -0.5351627 4.435339 2.915215 4.486507 -1.552752 -0.3705943 -0.0620805
85 25.88106 1.950365 -0.5263777 3.57313 1.572599 4.523986 -1.634535 -0.5520102 -0.04982768
86 26.89903 1.994563 -0.4932359 4.926195 2.761622 7.096697 -2.498528 -0.06795778 0.02099202
87 26.00272 1.906859 -0.5195356 4.189059 1.713911 5.510184 -1.279978 -1.015176 -0.07557505
88 25.91376 1.977766 -0.5362931 5.262373 2.383286 6.892248 -1.348954 -1.665879 -0.01406625
89 26.27634 1.992771 -0.5372275 4.622767 2.256219 14.27979 -2.750949 0.09478323 0.005478581
90 25.28353 1.949277 -0.5683871 4.646357 1.184646 4.050541 -2.210793 0.1841628 -0.05488475
91 26.06824 1.897909 -0.5076435 3.826457 4.220957 4.268776 -1.525857 -1.119484 0.003204935
92 26.23654 2.020251 -0.5365594 4.350956 2.887973 7.165664 -1.630188 -1.238358 -0.08501774
93 26.63028 1.954009 -0.5188529 5.524176 3.483889 7.04783 -1.694422 0.4688979 -0.1022265
94 26.5345 1.97738 -0.5362684 5.34312 4.405562 24.74025 -1.634018 -1.067657 -0.0672237
95 26.49035 1.965926 -0.5325146 5.714457 1.569808 8.421419 -1.772964 -0.9787836 -0.01759257
96 26.3896 2.044443 -0.5335736 4.262268 3.663759 7.144001 -2.356288 0.02692146 -0.02444975
97 26.13053 2.039707 -0.5684889 4.419748 2.323772 6.463507 -2.00053 -0.2912214 -0.06056478
98 26.80616 1.944056 -0.492497 4.830201 2.934035 19.80856 -2.112536 -0.7480142 -0.0231802
99 26.10236 1.90652 -0.5240352 4.497175 1.19563 5.05116 -1.659329 -0.7199302 -0.03057724
100 26.92464 1.75865 -0.5077454 4.515018 1.8545 5.684813 -1.731259 -0.5592177 -0.03774824
