1 0.512499 0.1068329 0.03337902 1.188129 0.5915873 0.3692463 0.1775241 NaN
2 0.5513182 0.1051832 0.03229251 1.019134 0.661306 0.3445349 0.1737575 NaN
3 0.5475015 0.1054078 0.0370834 0.9543563 0.796753 0.3561272 0.4114481 0.01076226
4 0.5316786 0.09379082 0.03667819 1.044439 0.7419437 0.3908181 0.4492872 0.01129301
5 0.5649465 0.08881056 0.0313329 1.364598 0.5811039 0.3414338 0.1849607 NaN
6 0.4477669 0.09939397 0.03206573 0.7689443 0.5966519 0.4325815 NaN NaN
7 0.5597292 0.1007616 0.0365772 1.057915 0.7109489 0.3222252 0.4106555 0.01135079
8 0.5577922 0.1010744 0.03460309 1.045338 0.6472306 0.2961239 0.1926351 NaN
9 0.4986885 0.09201036 0.03136234 1.13616 0.5635586 0.3916853 NaN NaN
10 0.5080681 0.1052853 0.03327575 1.074589 0.6702887 0.3300441 NaN NaN
11 0.582327 0.1078429 0.03468448 1.404062 0.7486676 0.3764111 0.4789321 0.009559565
12 0.4536239 0.08283266 0.0262379 0.9362339 0.423269 0.3610885 0.5066633 0.01454398
13 0.4448737 0.0952839 0.03028158 0.8973309 0.513851 0.7626902 0.5857429 NaN
14 0.5870133 0.09133352 0.03339008 1.05208 0.6904407 0.3971271 NaN NaN
15 0.5379315 0.1100527 0.03656391 1.251877 0.780494 0.3766993 NaN NaN
16 0.4583461 0.07685481 0.02613934 0.7981802 0.4362691 0.4334434 0.05069136 0.008599122
17 0.7581948 0.113697 0.03744337 2.188556 0.8074507 0.301909 0.413574 0.01240317
18 0.5736264 0.09260884 0.0308103 1.388116 0.6069456 0.4023595 0.4317856 0.012223
19 0.5286218 0.09630419 0.03256026 1.010736 0.637671 0.3889185 NaN 0.008280226
20 0.5338906 0.1110145 0.0370911 0.9558148 0.7587141 0.3411278 0.1075873 NaN
21 0.4296466 0.09226887 0.029482 0.7477074 0.5216674 0.4143552 0.5517662 0.01679908
22 0.493236 0.09695024 0.03267958 1.12745 0.5697642 0.3539405 0.2054308 NaN
23 0.4391953 0.1113686 0.02908577 0.7139573 0.5566414 0.4341823 0.5029042 0.01474584
24 0.6831889 0.1056159 0.03675125 2.323756 0.6819761 0.3987532 0.4506653 0.01225969
25 0.6256543 0.09568847 0.03326563 2.546972 0.6678016 NaN NaN NaN
26 0.5767696 0.09512954 0.03380208 1.616222 0.5583682 0.4106397 0.4589957 0.01252025
27 0.5085998 0.1064069 0.03548036 0.7930191 0.7502529 0.4245145 0.6292254 0.02093166
28 0.4477322 0.08485771 0.02927407 0.9350432 0.4947977 0.3663432 0.6149306 0.0190419
29 0.5696057 0.1072042 0.0293733 1.533434 0.6270341 0.3706818 NaN NaN
30 0.5235328 0.1021862 0.03179075 1.192395 0.5861582 0.3450511 NaN NaN
31 0.5496917 0.09930479 0.03151059 1.455747 0.6495143 0.363966 NaN NaN
32 0.5488069 0.09438377 0.03175717 0.911885 0.617723 0.2805293 NaN NaN
33 0.4717543 0.0934349 0.03080685 1.109596 0.5538885 NaN NaN NaN
34 0.5156263 0.09527145 0.02889419 1.591338 0.4562603 0.349433 0.4110818 0.0106532
35 0.4675358 0.1122279 0.03685454 0.8365672 0.6992903 0.3672769 NaN NaN
36 0.5379492 0.1038164 0.02950028 1.627099 0.5895778 0.348175 0.5108313 0.01539181
37 0.5764224 0.1153007 0.03546122 1.508998 0.7311894 0.3527273 NaN NaN
38 0.597535 0.0913923 0.03157734 1.378114 0.5519663 0.3479676 0.5597344 0.01837446
39 0.4709066 0.09185808 0.0263022 0.9382057 0.4587933 0.4177176 NaN NaN
40 0.5680522 0.09950171 0.03328468 1.878135 0.5739663 NaN NaN NaN
41 0.4487385 0.09316863 0.03145886 0.7741033 0.5421045 0.4059386 0.8047337 0.01994514
42 0.524576 0.1095504 0.03263138 1.140941 0.6296945 0.3373654 0.4909822 0.01472397
43 0.3931518 0.1030373 0.02815036 0.6120853 0.4786127 0.5146123 0.5244475 0.0136736
44 0.5090376 0.09058547 0.02790328 0.9533624 0.5308844 0.3579372 0.9280956 0.03066105
45 0.5333271 0.1105783 0.03206422 1.215467 0.5967939 0.3502663 0.456376 0.01262773
46 0.413051 0.07535013 0.02378473 0.7928114 0.3649869 0.5246525 NaN NaN
47 0.5304374 0.1014447 0.03252725 1.134433 0.6143607 1.484822 1.442676 NaN
48 0.5695322 0.08440074 0.02959149 1.66779 0.5143673 0.3330965 1.081798 0.04226048
49 0.4921901 0.09487007 0.03190206 0.7356377 0.6203924 0.3666772 0.5628455 0.01373934
50 0.3996608 0.09156569 0.03177289 0.5602987 0.5584636 0.4798968 0.4905427 0.01434725
51 0.5571845 0.08623084 0.03110409 1.167378 0.5775598 0.6876519 0.7697608 NaN
52 0.5183096 0.09171771 0.03126748 1.128483 0.6014823 0.3442613 0.5323647 0.01589443
53 0.5789093 0.09153424 0.03169705 1.937533 0.5915792 0.4011245 0.4986195 0.01295973
54 0.5891859 0.1136965 0.03564643 1.675033 0.7097728 0.314296 NaN NaN
55 0.4394409 0.07732044 0.02649128 0.6020879 0.4407332 0.6125668 0.5843454 0.01968734
56 0.4927321 0.1013783 0.03087134 1.074708 0.5632622 0.4356009 NaN NaN
57 0.4564412 0.09531296 0.03103004 0.7396021 0.5634929 0.410796 0.919421 0.02214118
58 0.4527766 0.09737374 0.02840772 0.836012 0.4886751 0.4778455 0.5078485 0.01469443
59 0.4383447 0.08984437 0.02818759 0.6588713 0.4979282 0.3899544 0.4827891 0.01362095
60 0.5049742 0.08228477 0.02777706 0.8833594 0.5166775 0.3444658 0.5522347 0.01492535
61 0.5492263 0.1026823 0.03265541 0.9772104 0.6412544 0.304557 0.4402814 0.0134381
62 0.4466144 0.07807832 0.02738471 0.7984113 0.4591123 0.4763896 1.016737 0.03950258
63 0.450116 0.09072327 0.02770607 0.9853748 0.4681505 0.4324774 NaN NaN
64 0.8688143 0.1258095 0.04071958 3.924916 0.8977941 0.3149967 0.3803029 0.008819431
65 0.5240779 0.1027996 0.02980659 1.365479 0.5280574 0.361446 NaN NaN
66 0.4066614 0.08879156 0.02985123 0.6698928 0.4992855 0.3493693 NaN NaN
67 0.422629 0.09781432 0.02823152 0.6148196 0.4937516 0.4738447 NaN NaN
68 0.5744745 0.09235754 0.03172887 1.034157 0.6647577 0.3458648 0.4224661 0.01101228
69 0.5123121 0.07904134 0.02589132 1.216192 0.4459408 0.3872592 NaN 0.007771947
70 0.5207386 0.09831888 0.02846873 1.199583 0.5057184 0.3424369 0.4949383 0.01375367
71 0.4605453 0.1020925 0.03067501 0.673195 0.5817974 0.3519558 NaN NaN
72 0.4670412 0.08100713 0.02947118 0.8585847 0.5315565 0.3796403 NaN NaN
73 0.4592227 0.09733343 0.03215212 0.9667337 0.6070963 0.4976214 0.5639106 0.0146722
74 0.622334 0.1098949 0.03491365 1.39764 0.7618209 0.3042355 NaN NaN
75 0.4619274 0.08954629 0.02963451 0.8091122 0.5211736 0.6291992 0.458158 NaN
76 0.486467 0.1088302 0.03462842 1.135137 0.6223945 0.3397687 0.5012866 0.0163575
77 0.6201509 0.09939862 0.03075119 2.236308 0.5428079 0.3902841 0.4287166 0.01194616
78 0.615002 0.1067421 0.03633456 1.177021 0.808288 NaN NaN NaN
79 0.527368 0.1132153 0.03674765 1.223015 0.7396838 0.3534808 0.4519217 0.0123276
80 0.5375094 0.09803663 0.03048441 1.016409 0.572926 0.4425747 0.3668372 NaN
81 0.5464273 0.09067189 0.03353792 1.146013 0.6282209 0.3663739 0.6128398 0.01765234
82 0.5908971 0.093929 0.03235207 0.973291 0.675468 NaN NaN NaN
83 0.6326929 0.1051239 0.03711136 1.575198 0.7930023 0.3724571 0.4734153 0.01369359
84 0.577779 0.0990866 0.03456466 1.375416 0.6675362 0.3341259 0.4324315 0.01246097
85 0.4639233 0.09245478 0.03172881 0.8965413 0.5632703 0.3530133 0.5095471 0.01486206
86 0.5425918 0.09218501 0.02876691 1.316635 0.5527179 0.4482722 0.4780156 0.01293303
87 0.558174 0.09195881 0.02961621 1.432707 0.5507889 0.3096723 0.6434447 0.02544765
88 0.5219503 0.1090375 0.03391451 1.212091 0.6330857 0.4786017 0.1489456 NaN
89 0.4050869 0.08659092 0.02623272 0.7806263 0.420634 0.473589 0.5314336 0.01423376
90 0.5194777 0.1140319 0.03512471 1.870521 0.6443588 0.4151353 0.4805192 0.01214434
91 0.6599969 0.1037884 0.03310809 2.150994 0.634762 0.2699112 0.1464286 NaN
92 0.4704387 0.08615675 0.02888082 0.9988417 0.4915506 0.3703887 0.710463 0.02513319
93 0.5882822 0.09913266 0.03304363 1.520778 0.6566996 0.4202515 0.4388386 0.009115347
94 0.5642243 0.0929541 0.02953525 1.778419 0.5208987 0.3503686 0.5085345 0.01540057
95 0.4808973 0.09961088 0.03097842 0.8785113 0.5966656 0.1511287 NaN 0.009873152
96 0.4938137 0.09227558 0.02846769 1.2089 0.4881649 0.494617 0.4892535 0.01540333
97 0.4626296 0.09561758 0.03128452 1.070974 0.5293424 0.4034478 0.4509856 0.01298933
98 0.4586986 0.08213552 0.02502975 0.9393477 0.422596 0.482794 1.402806 0.04159099
99 0.5063119 0.09184321 0.03309176 0.9640311 0.6340941 0.3385164 0.1756247 NaN
100 0.4692984 0.08448463 0.02997057 0.8481437 0.5481114 NaN NaN NaN
