1 0.4699488 0.08505583 0.02705839 0.9020001 0.6021822 1.363636 0.3720957 0.1819242 NaN
2 0.519778 0.08885403 0.02676369 0.9858857 0.6471891 1.554839 0.335504 0.1606812 NaN
3 0.41746 0.08411311 0.02824544 0.5728567 0.7312261 1.172401 0.3561478 0.411203 0.01080904
4 0.4279791 0.07187404 0.02866881 0.6675249 0.726695 0.9882328 0.3920467 0.4505951 0.01136821
5 0.5247366 0.08471657 0.03046851 0.9219664 0.711285 3.589877 0.3491814 0.1976604 NaN
6 0.4100871 0.09305575 0.03000733 0.7412942 0.6702545 2.610275 0.4329233 NaN NaN
7 0.4445266 0.08171626 0.02890837 0.6580374 0.7575754 0.9823043 0.321855 0.4103732 0.01123005
8 0.5266533 0.09689679 0.03399887 0.8367163 0.7960209 6.314371 0.29635 0.1979315 NaN
9 0.4630948 0.08568885 0.0266828 1.08767 0.6776826 1.507063 0.3930375 NaN NaN
10 0.4320733 0.08885251 0.02810396 0.8033418 0.7175723 1.228891 0.3295451 NaN NaN
11 0.5106888 0.07898117 0.02771125 0.9739552 0.840059 1.203681 0.3720691 0.4812499 0.009379983
12 0.4358785 0.07712045 0.02472594 0.7818098 0.5319365 3.349558 0.3605941 0.5060518 0.01462045
13 0.4139251 0.08408402 0.02509108 0.7987712 0.6155232 1.731601 0.7367805 0.5582694 NaN
14 0.4954735 0.08528883 0.02953236 0.6435223 0.8008031 2.066887 0.3981657 NaN NaN
15 0.4444803 0.09697287 0.02954246 0.9008717 0.7952229 1.097398 0.377569 NaN NaN
16 0.4499714 0.07863109 0.02496991 0.8026942 0.5226631 5.398053 0.4327712 0.05519359 0.008414004
17 0.6406197 0.1005483 0.03426684 1.367895 0.9255617 2.553061 0.3021067 0.4159036 0.01250961
18 0.5166218 0.08206118 0.02812439 0.9079765 0.768206 2.547404 0.4037556 0.4323317 0.01232889
19 0.4596752 0.08892859 0.02925396 0.7635236 0.7831225 2.002382 0.3899654 NaN 0.00849306
20 0.4841765 0.09842044 0.0307824 0.738144 0.8994058 1.420176 0.3406644 0.1040288 NaN
21 0.396961 0.08142981 0.02649607 0.6727862 0.6174299 1.465711 0.4213535 0.5458288 0.01667515
22 0.4322798 0.07497492 0.02672604 0.8960515 0.6076177 1.10989 0.3491555 0.1914034 NaN
23 0.3883976 0.08179245 0.02254241 0.6097151 0.5350841 1.048434 0.4262754 0.5026585 0.01464043
24 0.528113 0.08987506 0.02827951 1.292537 0.6922752 0.9993223 0.3983575 0.4503894 0.01224599
25 0.5146262 0.07764347 0.02698095 1.700233 0.7237076 1.042646 NaN NaN NaN
26 0.5192358 0.08515192 0.02845112 1.312013 0.6031316 1.688646 0.4101473 0.457288 0.01257999
27 0.4507781 0.08420803 0.02928475 0.6222104 0.8333011 1.319695 0.4362808 0.6222217 0.02031442
28 0.4274785 0.08193779 0.0268053 0.9771827 0.5896873 2.561529 0.3663892 0.5889278 0.01786907
29 0.5113155 0.08498072 0.0240465 1.380004 0.6665661 1.115578 0.3700837 NaN NaN
30 0.4943158 0.09503427 0.02852801 1.104564 0.7071901 2.915229 0.3445542 NaN NaN
31 0.5084317 0.09486044 0.03053622 1.1697 0.7416498 5.048854 0.3626794 NaN NaN
32 0.4930629 0.08537608 0.02859591 0.8586947 0.6738293 1.646089 0.2834311 NaN NaN
33 0.4531329 0.0839136 0.02760145 1.047294 0.6216838 2.038694 NaN NaN NaN
34 0.4940349 0.08092937 0.02774135 1.217007 0.5714595 2.632424 0.3486863 0.4114068 0.01060052
35 0.4226429 0.08030364 0.02862376 0.6767788 0.7146981 0.9591899 0.3673439 NaN NaN
36 0.4142352 0.07684506 0.02333134 0.7144468 0.5883536 0.7802245 0.3689517 0.5649801 0.01596933
37 0.5273535 0.1007619 0.03238155 1.289696 0.8825352 1.816249 0.3526632 NaN NaN
38 0.5260711 0.07645113 0.0275701 1.060097 0.6333405 3.158605 0.3492496 0.5678004 0.01882998
39 0.4451802 0.08309463 0.02478049 0.8548272 0.5436714 2.791619 0.4164664 NaN NaN
40 0.502495 0.0931807 0.03114349 1.182722 0.6881437 3.513214 NaN NaN NaN
41 0.4342333 0.08841293 0.02750952 0.754308 0.5951178 2.216584 0.4043946 0.7625327 0.01910532
42 0.471626 0.08678577 0.02904169 0.9582589 0.6876501 1.349613 0.3380998 0.5004744 0.0150096
43 0.3720939 0.09749779 0.02579288 0.5783379 0.5800033 2.05424 0.5149042 0.5270917 0.01382943
44 0.4602149 0.07957912 0.02521957 0.7988193 0.6263282 1.935991 0.3611439 1.999152 0.06866172
45 0.4614521 0.09033861 0.02709027 0.835145 0.6521657 2.015494 0.3507735 0.4580235 0.01279021
46 0.3636819 0.06973971 0.02163694 0.584973 0.4601075 2.105395 0.5242394 NaN NaN
47 0.5073276 0.08971607 0.02960324 0.9340098 0.7151235 2.822444 0.9099458 0.8715913 NaN
48 0.4991056 0.07628312 0.02658158 1.120254 0.635374 2.193779 0.333993 1.032299 0.04049941
49 0.4459516 0.0859062 0.0280587 0.6757603 0.7468894 1.805765 0.364135 0.5618245 0.01349068
50 0.3534446 0.08655117 0.02760713 0.470631 0.6548122 1.757049 0.4838831 0.4926053 0.01456951
51 0.5403453 0.08080985 0.0288745 1.250144 0.6692513 2.413254 0.6226092 0.6959846 NaN
52 0.4459058 0.07849078 0.02743485 0.7201682 0.6812996 1.71627 0.3438125 0.5302889 0.01583839
53 0.5495169 0.08441796 0.02980262 1.767784 0.700101 2.590001 0.4079773 0.4980714 0.0131736
54 0.4351194 0.07994961 0.02720529 0.6023883 0.5973273 0.6938132 0.313497 NaN NaN
55 0.4336653 0.07474941 0.02572779 0.5556563 0.5329676 6.788505 0.6231399 0.5780222 0.01963455
56 0.4679589 0.09533459 0.02907136 0.9083809 0.6747152 3.4026 0.4409932 NaN NaN
57 0.4212541 0.07691413 0.02682707 0.5978321 0.6412803 1.193869 0.3995266 0.7448334 0.01936675
58 0.4337785 0.09644551 0.02724818 0.7886781 0.5850318 5.134292 0.4715936 0.506969 0.01468179
59 0.4058323 0.0816947 0.02464944 0.6281451 0.5698166 1.658975 0.3988621 0.4830686 0.01379421
60 0.3707919 0.06915686 0.02130981 0.4945673 0.5164109 0.896056 0.3432014 0.5556538 0.01485415
61 0.4958268 0.09192148 0.02953662 0.9030404 0.7486726 2.445981 0.3052381 0.4406616 0.01349518
62 0.3919856 0.07886089 0.02426977 0.6185465 0.5412418 1.912696 0.4710496 1.094327 0.04295715
63 0.4201546 0.08701805 0.02669882 0.8675753 0.5407032 4.28408 0.4382191 NaN NaN
64 0.6772776 0.1012383 0.03321179 1.72932 0.9181106 1.142807 0.3146189 0.3798488 0.008831236
65 0.5015893 0.08419013 0.02593834 1.190597 0.6067582 1.612058 0.348345 0.03463958 NaN
66 0.3460679 0.08361152 0.02493646 0.4722076 0.5827675 1.514599 0.35202 NaN NaN
67 0.4127401 0.09223713 0.02696687 0.6090087 0.6080028 3.505639 0.4788848 NaN NaN
68 0.5156136 0.07477414 0.0265044 0.6693432 0.7407846 1.366857 0.3467123 0.4277726 0.01122392
69 0.4772106 0.07862201 0.02484262 1.061839 0.5096295 5.738797 0.3895433 NaN 0.007437381
70 0.5168727 0.09962854 0.02816716 1.196205 0.6236346 39.73128 0.3456939 0.492429 0.01382423
71 0.4269286 0.08120034 0.02541081 0.5576601 0.6569797 1.453878 0.3530482 NaN NaN
72 0.4333064 0.07738486 0.02817885 0.6142384 0.6421077 5.368767 0.3794997 NaN NaN
73 0.3861412 0.08459639 0.02816558 0.6037005 0.7101201 1.192931 0.5013842 0.5667934 0.01457225
74 0.5291707 0.09315511 0.02829122 1.032788 0.7447529 1.183675 0.3058879 NaN NaN
75 0.4177593 0.08647071 0.02582562 0.6919221 0.6259981 2.020994 0.5872013 0.4137974 NaN
76 0.4263157 0.09262805 0.02987752 0.9019357 0.6403008 1.687067 0.3408408 0.4926306 0.01603893
77 0.5242802 0.0881689 0.02734552 1.497818 0.6716175 1.769648 0.3830422 0.427996 0.0116474
78 0.5565698 0.09650129 0.02944729 1.25354 0.7505217 1.513143 NaN NaN NaN
79 0.4459858 0.08706029 0.02876357 0.8554367 0.7279273 1.275119 0.3567916 0.4442695 0.01273677
80 0.4898479 0.09059902 0.02917326 0.7841577 0.6655433 3.860203 0.4574482 0.382709 NaN
81 0.5097536 0.09399383 0.03103907 0.9756769 0.78953 2.737755 0.3646088 0.5978476 0.01748966
82 0.5647982 0.08520476 0.02970807 0.8189254 0.8241745 2.948232 NaN NaN NaN
83 0.5248373 0.0845398 0.02721024 1.382596 0.7446223 0.9526212 0.3681299 0.4719468 0.01368769
84 0.5093881 0.09326202 0.02905293 1.143171 0.6814188 1.298437 0.3343077 0.4338697 0.01251243
85 0.4036617 0.07962796 0.0250817 0.7402824 0.552348 1.281413 0.3531497 0.5099802 0.01481627
86 0.514154 0.08480703 0.02609538 1.103241 0.6653792 2.543177 0.4483579 0.4772839 0.01297969
87 0.4723932 0.08261963 0.02837976 0.84419 0.643205 1.929245 0.3134154 0.75582 0.03111915
88 0.4832193 0.09448111 0.03066125 1.00852 0.7430928 2.475089 0.4622481 0.1164454 NaN
89 0.4002023 0.0808603 0.02485726 0.7705296 0.5231407 7.390169 0.4733886 0.530837 0.01425787
90 0.3706134 0.08937721 0.02961628 0.6683026 0.6888411 1.110724 0.4147702 0.4799639 0.01214582
91 0.5649661 0.08398701 0.02847599 1.651317 0.6699812 1.355075 0.2703989 0.1485292 NaN
92 0.4412273 0.08512786 0.02625736 0.9911084 0.5698143 2.417825 0.3704063 0.7071676 0.02455293
93 0.542196 0.09161511 0.03054659 1.298468 0.7858929 2.662361 0.4171134 0.4379646 0.008933688
94 0.5513827 0.09239563 0.02909577 1.663337 0.6097096 18.54618 0.3510438 0.5180419 0.01570986
95 0.4383689 0.08937727 0.02905495 0.6759664 0.7072812 3.160972 0.1504918 NaN 0.01003526
96 0.4799781 0.08420444 0.02634156 1.233723 0.5935051 2.560279 0.4907439 0.4879818 0.01529664
97 0.4275006 0.08770034 0.02793711 0.8582926 0.5981668 2.176333 0.402865 0.4486572 0.01285084
98 0.4735081 0.07794531 0.02466133 0.955499 0.4978191 11.40395 0.4801662 1.48097 0.0444588
99 0.4528218 0.08402222 0.02898915 0.7300247 0.7490145 1.787505 0.3327497 0.1589151 NaN
100 0.4396556 0.07035413 0.02615537 0.7269262 0.6265456 1.794687 NaN NaN NaN
