1 0.4797202 0.08807103 0.02665795 0.9048694 0.6055009 1.441844 0.2037914
2 0.4886432 0.08826367 0.02628588 0.8628444 0.6286026 1.443018 0.1977197
3 0.4164435 0.08406463 0.02763301 0.584583 0.7105856 1.135658 0.2008011
4 0.4201732 0.07077437 0.02816947 0.6066103 0.712745 0.9853663 0.2078865
5 0.5436222 0.08456337 0.03070866 0.977947 0.7136156 3.956485 0.1947364
6 0.4039483 0.09015045 0.02939634 0.7207123 0.6637548 2.385258 0.2305108
7 0.4855468 0.08635686 0.02966774 0.7406079 0.7708069 1.168997 0.1895564
8 0.5734387 0.09601972 0.03173139 0.7692909 0.7885383 6.938326 0.1892574
9 0.4354483 0.0848763 0.02925704 1.026012 0.6884232 1.71424 0.2306837
10 0.4324114 0.09214508 0.02895032 0.8021815 0.7353735 1.248131 0.2006522
11 0.4998948 0.08155833 0.02904358 0.9280453 0.8837428 1.307338 0.2163001
12 0.4375986 0.07601344 0.02390061 0.7598442 0.5221184 3.543684 0.2116533
13 0.439352 0.08174473 0.02378737 0.8464044 0.5915149 1.73095 0.2261056
14 0.4691879 0.09058407 0.03103243 0.6634599 0.8104017 2.331432 0.2040274
15 0.4665081 0.09961796 0.02790999 0.9437959 0.7894824 1.123075 0.2199706
16 0.4272901 0.07925967 0.02653383 0.7881482 0.5213068 6.35406 0.2111779
17 0.689586 0.09721896 0.03203897 1.494188 0.9104374 2.206987 0.1809596
18 0.4836671 0.08003968 0.02882334 0.881896 0.7298912 2.368958 0.2074327
19 0.4284906 0.08877855 0.0294859 0.6860291 0.7678869 1.758111 0.2070435
20 0.4789719 0.09722976 0.03196263 0.8000776 0.8831573 1.629529 0.2038831
21 0.3887705 0.07764928 0.02611634 0.6532399 0.6115529 1.299451 0.2250249
22 0.4469917 0.0746059 0.02422566 0.8978255 0.6020973 1.043664 0.2040276
23 0.4055838 0.08252603 0.02174013 0.6669607 0.537094 1.029906 0.2250943
24 0.5465451 0.09364304 0.02784238 1.375846 0.7088879 0.9762102 0.1919536
25 0.5057123 0.0760812 0.0274603 1.606138 0.710672 1.060388 0.2249478
26 0.5326495 0.08636347 0.02838796 1.457932 0.600659 1.7363 0.1977479
27 0.4452297 0.08447965 0.03047119 0.6387635 0.8478925 1.346427 0.2116453
28 0.4412958 0.08071391 0.02547783 0.9478011 0.591584 2.4668 0.2203546
29 0.4944337 0.08817909 0.0241051 1.306449 0.6721744 1.102037 0.2218709
30 0.4784909 0.09562204 0.02998004 1.072283 0.7107949 3.162091 0.2074043
31 0.4991275 0.09480563 0.03034438 1.173008 0.7503648 3.841359 0.2039032
32 0.4820104 0.08315451 0.02908699 0.8851232 0.6831178 1.781555 0.1919593
33 0.4361055 0.08223169 0.02815765 0.9862906 0.6204789 1.969185 0.2251524
34 0.4884353 0.08304207 0.02785845 1.240579 0.5672148 2.623973 0.2009649
35 0.443055 0.08086451 0.02655419 0.633414 0.708751 0.9750004 0.2112825
36 0.3990089 0.07961745 0.02503512 0.6717681 0.6077627 0.8290355 0.2078848
37 0.5359814 0.1036264 0.0328449 1.325895 0.8957272 2.024267 0.2006573
38 0.5174026 0.07801668 0.02863377 1.08955 0.6388329 3.324782 0.2006828
39 0.4282034 0.08629675 0.02559037 0.802581 0.5403501 3.270542 0.2157392
40 0.515033 0.09585693 0.03121745 1.357494 0.6774436 3.973564 0.1971982
41 0.4432006 0.08948764 0.02666047 0.7720945 0.5857877 2.383629 0.2115211
42 0.4811481 0.0864121 0.02718386 0.8991774 0.6733554 1.366819 0.194476
43 0.3728209 0.09335192 0.02592641 0.6091326 0.5774945 2.251986 0.2371051
44 0.4318774 0.08112966 0.02630335 0.7575499 0.6170813 2.06988 0.2114825
45 0.4650422 0.09609114 0.02756927 0.8326757 0.6530138 2.30821 0.2038604
46 0.3565007 0.06832608 0.02166955 0.6002402 0.4675403 1.786696 0.2361864
47 0.5254258 0.09233884 0.02880529 0.9429126 0.7133114 3.120456 0.207155
48 0.478877 0.07736325 0.02683385 1.040876 0.6264937 2.284379 0.2041551
49 0.4585133 0.08123527 0.0266287 0.6572797 0.731228 1.608252 0.2253236
50 0.3664056 0.08733697 0.0276308 0.4845615 0.6603134 1.994293 0.2203562
51 0.5072389 0.08289258 0.03075134 1.063894 0.6731768 2.79484 0.1864034
52 0.4269252 0.07830409 0.02803156 0.7215999 0.6722725 1.671397 0.2040246
53 0.5468041 0.08140109 0.029737 1.710685 0.6900307 2.573769 0.2157858
54 0.4360914 0.07671109 0.02726103 0.6434574 0.6099537 0.7245542 0.1848423
55 0.4455648 0.07439924 0.02562643 0.5810272 0.5361707 7.5261 0.2118103
56 0.4500019 0.09137934 0.03018037 0.9125551 0.6713598 2.899194 0.2077559
57 0.4125705 0.07858284 0.02727628 0.6358323 0.6433064 1.244045 0.2158118
58 0.4386782 0.09672052 0.02766564 0.7530176 0.5881202 6.275405 0.2045179
59 0.3845788 0.07826263 0.02367024 0.5431 0.5447558 1.269891 0.1978342
60 0.360519 0.06905996 0.02288799 0.5075743 0.5196945 0.9645841 0.2202916
61 0.5003422 0.094603 0.02991495 0.9792905 0.7552881 2.477718 0.1924697
62 0.3738782 0.07865349 0.02611989 0.571406 0.5327651 2.147926 0.2078618
63 0.4125013 0.08473973 0.02628295 0.8283779 0.5526991 3.207775 0.2043314
64 0.6419892 0.09761423 0.03219603 1.469418 0.9093057 1.012641 0.1830143
65 0.4865859 0.08542637 0.02588999 1.160582 0.6070444 1.551419 0.2112998
66 0.371794 0.07977993 0.02301053 0.4922268 0.577589 1.361646 0.2005938
67 0.3956647 0.08928911 0.0271609 0.5785693 0.5970255 3.289564 0.2158181
68 0.4905244 0.07607907 0.02718739 0.6909276 0.7300173 1.400839 0.1866359
69 0.4742594 0.07557858 0.02493172 1.089974 0.5051313 5.081896 0.2071385
70 0.510285 0.09697069 0.02932029 1.238321 0.5923872 21.68026 0.2044042
71 0.4024168 0.08524468 0.02739752 0.5535587 0.6801842 1.57118 0.2113779
72 0.4395195 0.07883902 0.0279919 0.6575714 0.634283 6.016362 0.2201786
73 0.3775102 0.08399964 0.02828001 0.6023957 0.7059194 1.125621 0.2507242
74 0.5081903 0.08989771 0.02758969 0.9682425 0.7252383 1.030046 0.191665
75 0.3983976 0.0864326 0.02715336 0.6754946 0.6105435 2.249786 0.211495
76 0.4340706 0.092183 0.02787947 0.9050814 0.649262 1.360836 0.2040994
77 0.5436573 0.08863009 0.02668327 1.606707 0.662036 1.782968 0.204315
78 0.5413244 0.09476405 0.0310205 1.192957 0.7588959 1.516228 0.2004319
79 0.4729447 0.09289706 0.02927133 0.946698 0.7428163 1.482228 0.2075994
80 0.5060533 0.09258978 0.02837494 0.8537031 0.6586984 4.141576 0.1945078
81 0.5096583 0.09228611 0.03078556 0.9595346 0.7732769 2.989926 0.2005256
82 0.55248 0.08679091 0.03043486 0.8900788 0.8322792 3.345787 0.1914455
83 0.5046335 0.08677365 0.02840762 1.349391 0.7614946 0.9895829 0.2010133
84 0.4988467 0.08886303 0.02917302 1.107753 0.694701 1.186976 0.19173
85 0.4096134 0.0795497 0.02512163 0.7337446 0.5584593 1.227414 0.2079079
86 0.5093852 0.08684843 0.02518493 1.113332 0.6576214 2.329616 0.2154789
87 0.4683187 0.08069737 0.02739732 0.772319 0.6211661 1.902876 0.1921511
88 0.4611087 0.09618082 0.03231073 1.031558 0.7140009 2.677691 0.2079838
89 0.4035071 0.08219182 0.02461281 0.7493119 0.5224112 7.602601 0.2586276
90 0.4010769 0.0905766 0.02656932 0.6301613 0.6834979 1.075723 0.2156089
91 0.5359263 0.08037241 0.02709374 1.551079 0.6591761 1.08244 0.1847401
92 0.4476629 0.08097284 0.02527293 0.966963 0.5600467 2.347839 0.2202268
93 0.5297926 0.09310083 0.03139921 1.282843 0.777209 3.141176 0.2081063
94 0.5714927 0.09240901 0.02745379 1.716318 0.5931423 20.06263 0.2008085
95 0.4477594 0.09220884 0.02885095 0.726705 0.7148658 3.11014 0.2202823
96 0.4739181 0.08534823 0.026401 1.238107 0.5936744 2.373937 0.2252543
97 0.4526268 0.08889027 0.02611935 0.8858703 0.6052196 2.170074 0.2077417
98 0.4743545 0.08091492 0.02382212 0.8786415 0.4955773 10.25216 0.2377923
99 0.4796789 0.08441355 0.02863691 0.7651329 0.7619562 2.011755 0.197673
100 0.4601603 0.07572473 0.02631844 0.7659113 0.6392626 2.312719 0.2206491
