1 26.13364 2.139955 -0.5474481 3.898895 2.59581 4.890229 -2.528657
2 26.99667 2.135858 -0.537983 3.904809 2.271312 4.862627 -2.359449
3 26.20738 1.958243 -0.521183 4.405257 0.9282764 4.088767 -2.427758
4 26.76979 1.658755 -0.5080305 4.520764 1.098948 3.637399 -2.52075
5 26.08671 1.800945 -0.4885159 5.157975 2.089538 9.010827 -2.306247
6 25.90909 1.978871 -0.5485255 5.2396 1.621284 7.19756 -2.869103
7 25.78959 1.914669 -0.5030198 4.608772 1.424426 3.911597 -2.201381
8 26.37501 1.993796 -0.4917142 5.897767 1.440032 13.11606 -2.215445
9 25.44593 1.850428 -0.5539755 4.770713 2.983211 5.054296 -2.895123
10 26.26195 2.04046 -0.5373645 4.935851 1.629055 4.276675 -2.444248
11 26.43515 1.829707 -0.5021542 5.112439 2.273082 4.133182 -2.641369
12 26.58996 1.981954 -0.5056451 3.780598 1.894993 8.606107 -2.587402
13 26.13052 2.055162 -0.511164 3.871759 2.14776 5.335279 -2.800009
14 26.08165 1.89868 -0.5146637 5.720456 1.051805 6.631685 -2.497799
15 26.82925 2.157582 -0.528329 5.573365 2.439824 4.254611 -2.812719
16 26.29947 1.934539 -0.5352301 4.470075 2.213135 13.25377 -2.669049
17 26.84807 1.92934 -0.4711684 5.364707 3.622108 5.927734 -1.926975
18 26.15637 1.808241 -0.5082412 4.89243 2.130057 6.363395 -2.586119
19 25.82435 1.950324 -0.5380808 5.001994 1.653338 5.21329 -2.644189
20 25.58334 1.9973 -0.5391065 5.382691 1.469128 4.94995 -2.516616
21 25.97904 1.902461 -0.5419927 4.116076 1.718497 4.423858 -2.825079
22 26.44359 1.936801 -0.5206183 3.514238 2.37742 3.63276 -2.498015
23 26.69597 2.168822 -0.5174697 3.461139 1.688881 3.837572 -2.787918
24 26.7133 2.071882 -0.5226743 3.93275 3.369231 3.499655 -2.254037
25 26.5558 1.798264 -0.5418231 4.695046 5.099568 3.905236 -2.870684
26 25.46257 1.949063 -0.5449278 3.803758 4.060388 5.380484 -2.365311
27 26.53089 1.799734 -0.5176253 5.34853 1.160752 4.408276 -2.588361
28 26.57831 1.948447 -0.5246272 4.230279 2.402403 6.891427 -2.725255
29 27.12119 2.094751 -0.5186996 4.376468 3.624453 3.965792 -2.774215
30 25.31975 1.98032 -0.5521526 5.267962 2.967652 8.06731 -2.603601
31 26.69235 1.963529 -0.5159855 6.155001 2.591851 9.072785 -2.513414
32 25.92838 1.831827 -0.5218455 4.446834 2.057047 5.274562 -2.278433
33 26.05356 1.829208 -0.5474184 4.792225 2.89122 6.267145 -2.881334
34 25.56487 1.981356 -0.5392714 3.86118 3.027143 6.743684 -2.40798
35 26.1387 1.896381 -0.5101254 4.21068 1.374723 3.599508 -2.652947
36 26.14436 2.078709 -0.540536 3.239527 1.552473 3.072228 -2.520475
37 25.71356 2.072243 -0.5474988 5.600413 3.388794 5.651846 -2.438756
38 25.61196 1.799369 -0.4972715 4.531939 3.148811 8.356585 -2.438193
39 26.14273 2.027403 -0.5235983 4.374222 1.995612 8.419065 -2.673413
40 25.46504 1.990944 -0.5639539 5.258435 3.61024 9.595125 -2.421936
41 26.26689 2.062055 -0.5370342 4.586283 1.932796 7.215793 -2.626759
42 26.32934 2.016673 -0.5029672 4.461768 2.045524 4.487281 -2.34872
43 25.98048 2.178023 -0.5502796 4.436731 1.293531 6.577168 -2.943066
44 26.51573 1.968026 -0.5362273 4.421703 1.846276 6.075768 -2.614515
45 26.1722 2.174119 -0.5276916 4.737127 2.034169 6.921879 -2.519882
46 26.58418 1.93208 -0.5195688 3.402239 1.635409 5.325066 -2.945597
47 26.2464 2.032149 -0.5013448 5.506812 2.602184 8.388033 -2.623985
48 25.9821 1.822267 -0.512911 4.233038 2.768851 6.013238 -2.481117
49 26.60447 1.911082 -0.4857635 5.176236 1.528488 5.14755 -2.778858
50 26.20045 1.995552 -0.54341 4.858386 0.7874297 6.110522 -2.725802
51 25.80771 1.781028 -0.5300177 4.694867 2.487012 7.314134 -2.19441
52 26.48698 1.842338 -0.5310694 4.676912 1.537226 5.321007 -2.498028
53 26.41935 1.784459 -0.51543 5.344807 5.105753 6.917568 -2.664714
54 25.91654 1.981232 -0.5701364 2.647813 1.260484 2.661533 -2.086587
55 26.88584 1.912284 -0.4930034 4.364641 1.366818 14.44869 -2.574188
56 26.02016 1.978301 -0.560523 5.051133 2.042928 7.680589 -2.537101
57 26.05032 1.916387 -0.5368347 4.097109 1.599308 4.191975 -2.742847
58 26.42172 2.160782 -0.5392929 4.788918 1.633129 12.50367 -2.435629
59 26.77693 2.078387 -0.5386451 3.234204 1.147194 4.158988 -2.350841
60 26.58858 1.889602 -0.5130891 3.280367 1.105647 3.646169 -2.709813
61 26.06101 2.027594 -0.5256938 5.116844 2.034557 6.546819 -2.213236
62 26.32401 1.978615 -0.5557583 3.745914 1.278345 6.3132 -2.524289
63 26.65556 2.041572 -0.5589024 4.086801 2.03417 7.549677 -2.463641
64 26.07167 1.954936 -0.5224515 4.521336 3.092605 3.432845 -1.990244
65 26.05884 2.084815 -0.550828 3.915504 3.385642 4.923621 -2.640611
66 26.67465 2.091767 -0.519007 3.562157 0.4385319 4.422523 -2.445972
67 26.14904 2.054405 -0.5428966 4.557953 1.216076 8.257631 -2.680326
68 26.98698 1.855434 -0.5043508 4.222909 1.314655 4.407199 -2.174914
69 26.76143 1.9054 -0.5026541 4.414209 3.147028 11.94413 -2.626865
70 26.01043 2.06631 -0.545686 5.34311 3.42879 41.68804 -2.44569
71 25.98848 2.010348 -0.5480108 4.354913 1.093558 4.906662 -2.637727
72 26.84622 1.813786 -0.5087194 5.510081 1.230291 12.92812 -2.757114
73 26.1979 1.94671 -0.5579472 4.802462 1.424839 4.116794 -3.133589
74 26.71343 2.049508 -0.5159112 4.466435 2.383215 3.842188 -2.284037
75 25.88695 1.995279 -0.5506538 4.338998 1.545034 6.328429 -2.619045
76 25.70274 2.066694 -0.5541577 4.404496 2.147509 4.637634 -2.48716
77 26.30155 2.043141 -0.5150081 4.260622 4.510561 5.337155 -2.461972
78 25.68064 1.928089 -0.533024 5.260965 3.298902 5.31438 -2.470587
79 26.07986 2.015871 -0.5303895 4.874658 2.23942 4.898043 -2.55727
80 26.44503 2.035954 -0.5060977 5.150839 1.82478 9.75385 -2.33195
81 26.10174 1.863866 -0.5171156 5.631085 2.413373 7.71032 -2.461924
82 27.00518 1.867131 -0.5181586 5.466626 2.127515 7.798364 -2.30915
83 26.40001 1.939602 -0.5512718 4.368072 3.611904 3.563546 -2.408828
84 25.62182 1.933365 -0.5320515 4.388611 2.682431 4.159808 -2.287771
85 26.02664 1.950646 -0.5170784 3.686173 1.558871 4.417984 -2.51747
86 26.96137 2.064931 -0.4965845 4.75445 2.841427 6.691045 -2.703105
87 26.14921 1.924334 -0.5129838 4.033955 1.539611 5.47695 -2.247564
88 25.60126 1.984671 -0.5784155 5.170447 2.407988 7.395106 -2.507908
89 26.45164 2.030062 -0.5297445 4.694898 2.145179 14.769 -3.225214
90 25.99402 2.080461 -0.5319963 4.536322 1.256612 3.962626 -2.677577
91 25.96774 1.938136 -0.522949 3.38367 3.918465 3.525748 -2.076149
92 26.32649 1.990386 -0.5196216 4.209321 2.871477 7.008977 -2.740193
93 26.39469 1.940032 -0.5374636 5.512329 3.583068 7.786237 -2.492287
94 27.00414 2.048672 -0.5139586 5.242144 4.574455 26.23975 -2.422912
95 26.56863 2.023447 -0.5323556 5.748158 1.762466 8.265297 -2.766255
96 26.28806 2.072901 -0.5445066 4.199397 3.679897 6.727167 -2.781426
97 26.70887 2.119122 -0.5369022 4.450471 2.446504 6.420179 -2.619295
98 27.15787 2.048505 -0.4864059 4.81293 2.6784 18.91517 -2.932278
99 26.39532 1.894696 -0.5025504 4.687116 1.250817 5.485438 -2.362797
100 27.23663 1.837327 -0.5021885 4.857309 1.93348 6.808949 -2.73299
