1 25.72715 2.10973 -0.5483268 6.892937 3.675379 -2.528385
2 26.78568 2.05644 -0.5430982 7.244983 2.264133 -2.367804
3 26.23724 1.914598 -0.5240929 8.937228 1.530135 -2.431171
4 26.41121 1.727671 -0.5275188 8.428549 2.628075 -2.521272
5 25.79054 1.838709 -0.4955433 6.268295 2.995388 -2.311302
6 26.01677 2.007411 -0.5441801 7.251957 1.837465 -2.907532
7 25.48149 1.884097 -0.4993174 7.457583 1.76377 -2.198832
8 26.14923 1.998187 -0.4914733 6.969685 1.909603 -2.215445
9 25.19989 1.80472 -0.5653928 7.061897 3.442461 -2.885899
10 26.13593 2.005276 -0.5381378 7.508652 1.745003 -2.444592
11 26.0731 1.984351 -0.5251003 8.640298 3.622579 -2.652561
12 26.46063 2.035278 -0.5112361 4.841573 2.404298 -2.58751
13 25.90115 2.017814 -0.5100548 6.321376 2.295951 -2.842787
14 26.13826 1.753927 -0.4940685 7.931904 1.484314 -2.497768
15 26.6876 2.016856 -0.519827 9.671011 3.752017 -2.814778
16 26.18301 1.845697 -0.5275717 5.331964 2.406388 -2.683578
17 26.81031 1.987217 -0.4709434 7.48633 3.764837 -1.936037
18 25.76159 1.817076 -0.512854 6.904973 3.23391 -2.580747
19 25.74823 1.89805 -0.5254666 7.830269 2.7473 -2.642833
20 25.25492 1.985281 -0.5459474 8.846977 1.745378 -2.516529
21 25.9126 1.953179 -0.5393389 6.629692 1.616783 -2.840021
22 26.31405 1.993358 -0.5336043 6.325038 2.834371 -2.497109
23 26.66533 2.256906 -0.5277729 6.802223 1.586863 -2.814568
24 25.50308 1.96826 -0.5201481 7.344044 7.912176 -2.258376
25 25.88067 1.780356 -0.528304 8.210443 8.572827 -2.883688
26 24.99674 1.865885 -0.5423723 6.21673 5.445936 -2.361172
27 26.33556 1.990258 -0.551172 8.607577 1.58843 -2.586977
28 26.6895 1.973319 -0.5221069 5.807574 2.491633 -2.721235
29 27.00067 2.18956 -0.5183077 7.609693 4.308059 -2.778431
30 25.08822 1.955627 -0.5521042 6.844684 3.595022 -2.596937
31 26.46476 1.954074 -0.5159618 7.160176 3.221194 -2.51329
32 26.05531 1.928141 -0.5169797 6.615167 1.855158 -2.277626
33 25.72138 1.88259 -0.5593585 6.867501 2.963429 -2.851971
34 25.21827 2.092349 -0.5522893 4.947604 4.74671 -2.406724
35 25.90472 2.044145 -0.5391294 8.580912 1.590329 -2.646862
36 26.36434 2.161278 -0.5346696 6.34214 3.060193 -2.5214
37 25.92189 2.094746 -0.543637 8.224061 3.829146 -2.44277
38 25.01685 1.824163 -0.5048722 6.111787 3.807861 -2.439136
39 25.92563 2.044508 -0.5212425 5.341226 2.481234 -2.671112
40 25.13882 1.967785 -0.5653716 6.42517 5.323234 -2.424275
41 26.1081 1.988715 -0.5382663 6.368889 1.704223 -2.620508
42 26.2298 2.16773 -0.5154075 6.81296 2.142288 -2.339751
43 25.86853 2.291285 -0.5651142 6.040434 1.244525 -2.917193
44 26.42114 1.932379 -0.5248171 6.171597 2.52038 -2.621882
45 25.64079 2.123754 -0.5333003 6.870684 3.716794 -2.519741
46 26.43815 1.959565 -0.5220017 4.698674 2.288045 -2.963208
47 26.0008 1.980255 -0.5029853 7.263917 3.502167 -2.632873
48 25.65997 1.767045 -0.5060963 5.678859 4.026642 -2.481783
49 26.39665 1.916526 -0.4793404 7.627126 1.419354 -2.786578
50 26.3787 1.92513 -0.5418988 6.814101 0.8550369 -2.733171
51 25.91799 1.822952 -0.5307568 6.108821 2.428079 -2.201596
52 26.15504 1.877561 -0.5373259 6.770622 2.495574 -2.497173
53 26.26551 1.837207 -0.5236736 6.770116 6.015065 -2.663905
54 25.61684 2.019402 -0.5658652 7.04449 3.408433 -2.086293
55 26.86221 1.91419 -0.4932582 5.128972 1.39398 -2.574043
56 25.80719 2.021331 -0.5695046 6.456784 2.815457 -2.537563
57 25.60065 1.94105 -0.5449706 6.803066 1.825965 -2.725471
58 26.39061 2.15894 -0.541028 5.515833 1.736459 -2.438349
59 26.71757 2.02097 -0.5325117 5.409623 1.276471 -2.347476
60 26.38688 1.830536 -0.5036518 6.046615 2.224704 -2.711984
61 26.05544 2.035133 -0.5238991 6.764046 1.729353 -2.215376
62 26.21466 1.820246 -0.5371939 5.192496 1.721594 -2.523673
63 26.59074 2.090253 -0.5592057 5.075938 2.196793 -2.463859
64 25.09115 1.915557 -0.5291606 8.58555 11.90675 -1.985344
65 25.70903 2.098329 -0.5553021 6.375293 4.348575 -2.643641
66 26.63231 2.073235 -0.5188987 5.773128 0.7354139 -2.445251
67 26.06213 2.132828 -0.5504843 5.944432 1.298882 -2.681875
68 26.8755 1.889999 -0.5048185 6.943704 1.510495 -2.178105
69 26.66195 1.88165 -0.4944444 5.286493 3.914588 -2.627486
70 26.07788 2.098356 -0.5496583 5.599342 3.347244 -2.445983
71 25.744 2.04328 -0.5597867 6.97765 1.333458 -2.635366
72 26.82118 1.832785 -0.507339 6.559295 1.240955 -2.752052
73 26.23022 1.92755 -0.5595354 7.792036 2.960654 -3.110273
74 26.62063 1.992593 -0.5204513 8.151516 3.413075 -2.295113
75 25.80192 1.896348 -0.5444525 6.1658 1.831163 -2.613688
76 25.67064 2.110238 -0.5553962 6.84007 2.337928 -2.487581
77 26.04616 2.034028 -0.5211816 6.016393 7.240278 -2.461972
78 25.77661 1.861089 -0.5199373 9.155103 2.460354 -2.46939
79 25.89863 1.992243 -0.5367506 8.492161 2.636848 -2.560705
80 26.27881 2.076771 -0.5104169 6.238104 2.092454 -2.33254
81 25.82285 1.775472 -0.5102183 7.20728 2.981707 -2.460614
82 26.88021 1.912981 -0.5267421 7.368616 2.067689 -2.311065
83 25.61859 1.826039 -0.5472461 8.833167 4.364348 -2.402226
84 25.53904 1.828198 -0.5188337 7.481925 2.596565 -2.280647
85 25.7357 1.915583 -0.5205871 6.273165 1.715429 -2.517544
86 26.51106 1.997984 -0.494245 6.650663 3.526389 -2.711839
87 26.22927 1.933365 -0.5022463 5.468527 2.40713 -2.233941
88 25.27428 2.033744 -0.5916003 7.063617 3.083578 -2.508013
89 26.39671 2.051287 -0.5290432 5.462001 2.297849 -3.168396
90 25.35355 2.116066 -0.529842 7.360826 4.303329 -2.687253
91 25.42151 1.94167 -0.5352412 5.940744 4.958091 -2.090526
92 26.31612 1.971649 -0.5145104 5.946288 2.862812 -2.758652
93 26.1949 1.907356 -0.5318092 7.315686 4.235376 -2.492285
94 27.01469 2.056362 -0.5148477 5.761091 5.018274 -2.421599
95 26.61249 2.030337 -0.5316403 7.340969 2.114958 -2.767278
96 26.13431 2.025593 -0.5398565 5.908607 3.736318 -2.761252
97 26.28478 2.052586 -0.5377001 6.064703 3.25911 -2.611744
98 26.9351 2.015703 -0.4829464 5.417354 2.970566 -2.950542
99 26.40266 1.871658 -0.497326 6.971091 1.402859 -2.359781
100 26.98494 1.86301 -0.5054236 6.627136 1.936161 -2.762399
