1 0.5276158 0.1069491 0.03223045 1.196052 0.5922117 0.2037856
2 0.525638 0.1034508 0.03293389 0.9355528 0.6543914 0.1976824
3 0.5562471 0.1069747 0.03693299 1.050462 0.7939046 0.2007654
4 0.5398269 0.09302367 0.03667716 1.111226 0.7404349 0.2078832
5 0.641229 0.09765135 0.0322024 1.676419 0.6096646 0.1947366
6 0.4462677 0.09934519 0.03154746 0.7911436 0.5823394 0.2306008
7 0.5894153 0.1011833 0.03553202 1.066727 0.715741 0.1894355
8 0.6040663 0.1014194 0.03251255 0.9826213 0.6578152 0.1892574
9 0.4673095 0.09201388 0.03398875 1.120664 0.565489 0.2306144
10 0.5056011 0.103212 0.03376369 1.074522 0.6751637 0.2006253
11 0.5734134 0.1098426 0.03526735 1.494012 0.7457098 0.2159395
12 0.4614389 0.08332542 0.0256715 0.9288795 0.4222397 0.2116598
13 0.4744157 0.09263432 0.02893084 0.916279 0.5145778 0.2252117
14 0.5604356 0.09203966 0.03453501 1.219115 0.6907095 0.2040267
15 0.5704519 0.1110502 0.03456774 1.319265 0.7756351 0.2200633
16 0.4391762 0.07794779 0.02763592 0.8237366 0.4408862 0.2111303
17 0.7968604 0.1134506 0.03550654 1.718298 0.7978775 0.1809699
18 0.5485708 0.09089748 0.03218036 1.420279 0.6008253 0.2074304
19 0.5096649 0.09816667 0.03339164 0.9658434 0.6415264 0.2070168
20 0.5145154 0.1134343 0.03808214 0.9558276 0.7577221 0.2038792
21 0.4344482 0.09296835 0.03065064 0.7969113 0.5462641 0.2251081
22 0.516247 0.09526109 0.03040543 1.093346 0.5589661 0.2040239
23 0.4561389 0.1068866 0.02878345 0.7383314 0.5592617 0.2254444
24 0.7086107 0.1097827 0.0355713 2.440187 0.6938061 0.1919288
25 0.6311467 0.09510345 0.03390225 2.581443 0.6692328 0.2255068
26 0.5798251 0.09552363 0.0339609 1.626922 0.5655466 0.1976925
27 0.4944765 0.1081737 0.03592145 0.8222225 0.733851 0.2116844
28 0.4678569 0.08657888 0.02780651 0.9840087 0.4918928 0.2202069
29 0.5641275 0.1086982 0.0299143 1.556534 0.6328755 0.2200284
30 0.5063425 0.1006461 0.03315403 1.218131 0.581446 0.2073471
31 0.5499083 0.09698915 0.0318035 1.537772 0.6476109 0.2039035
32 0.5373481 0.0956211 0.03245652 0.9336299 0.6154317 0.1917737
33 0.457492 0.09171616 0.03193301 1.077259 0.5515855 0.2249659
34 0.5348189 0.09789745 0.02911093 1.764613 0.4626019 0.2009297
35 0.4979256 0.1109906 0.03489255 0.7952126 0.7133663 0.2112654
36 0.5060424 0.1038538 0.03021438 1.499912 0.5829821 0.2078838
37 0.5749399 0.1159083 0.03550504 1.473555 0.7340703 0.2006648
38 0.5681424 0.09002417 0.03214006 1.276063 0.5438177 0.2006739
39 0.4677727 0.09023054 0.02725015 1.007267 0.4611749 0.2158563
40 0.5623613 0.1013154 0.0336518 1.775619 0.5779497 0.1972426
41 0.4570931 0.09303099 0.03044632 0.7645587 0.5370211 0.2114459
42 0.5436123 0.1071786 0.03109966 1.042977 0.6254765 0.1944588
43 0.3880269 0.1068309 0.02863093 0.6224905 0.4852798 0.2366325
44 0.4924175 0.08900295 0.02937643 1.022414 0.5305207 0.2114699
45 0.5423185 0.1077392 0.03179672 1.233703 0.5945257 0.2038554
46 0.4078189 0.07654619 0.0246242 0.7879141 0.3778197 0.2366862
47 0.5541004 0.09781617 0.03119662 1.171503 0.6005472 0.2071586
48 0.5641928 0.08391619 0.03022424 1.648084 0.5178961 0.204155
49 0.5244343 0.09392203 0.03117285 0.7567421 0.6277137 0.2253406
50 0.4114246 0.09154812 0.03118979 0.5571372 0.5637533 0.2202123
51 0.5325455 0.08760552 0.03279711 1.19821 0.5856164 0.1864413
52 0.5043554 0.09224066 0.03255336 1.143744 0.6070242 0.2040219
53 0.5809761 0.08978963 0.03149471 1.949952 0.5840838 0.2157481
54 0.6082642 0.1127842 0.03713691 1.927157 0.7434687 0.1847566
55 0.4455224 0.07756334 0.02637858 0.6100564 0.4447033 0.2118157
56 0.4757144 0.1002346 0.03247546 1.059868 0.5635256 0.20777
57 0.4431606 0.09458746 0.03173299 0.7568652 0.5549181 0.215617
58 0.4555174 0.09677842 0.02868655 0.8102537 0.498829 0.2045402
59 0.4404758 0.08751595 0.02851873 0.6903986 0.4948278 0.1978094
60 0.4844857 0.08265255 0.02889317 0.9212797 0.5130036 0.220365
61 0.5455253 0.103297 0.03307305 0.973052 0.6480262 0.1923461
62 0.4245492 0.07789483 0.02879881 0.8027717 0.4610452 0.2078579
63 0.4459252 0.09062476 0.02772598 0.9780423 0.4607096 0.2043171
64 0.8656716 0.1269575 0.04170262 3.843329 0.9145657 0.182971
65 0.5164709 0.1029528 0.03069628 1.357607 0.5357032 0.2113613
66 0.4428917 0.09038576 0.02807022 0.6453088 0.5040223 0.2006145
67 0.4143351 0.09714315 0.02910586 0.6285797 0.4961326 0.2157308
68 0.5527309 0.09153115 0.03265377 0.9927783 0.6611342 0.1865715
69 0.5116545 0.07751446 0.026193 1.24705 0.4445422 0.2071431
70 0.5022202 0.09850125 0.02955461 1.171889 0.5045794 0.2044545
71 0.4386832 0.1030566 0.03250809 0.7034269 0.5881172 0.2113579
72 0.4619311 0.08274088 0.02943701 0.7887691 0.538574 0.2202005
73 0.453505 0.09802667 0.03271556 0.9855507 0.6048321 0.2507147
74 0.6207491 0.1072892 0.03488557 1.377572 0.7554237 0.1916925
75 0.4405179 0.08883445 0.03099691 0.7780134 0.5221385 0.2115651
76 0.4948969 0.1076295 0.03286007 1.070822 0.6095309 0.204097
77 0.6238115 0.09936981 0.02992509 2.127408 0.5392776 0.204315
78 0.5887259 0.1067244 0.03760498 1.155104 0.8013189 0.2004406
79 0.5408272 0.109543 0.03565411 1.148411 0.7368921 0.2076073
80 0.5497974 0.09907191 0.02992653 1.041544 0.5754788 0.1945536
81 0.5528507 0.09074092 0.03354006 1.158804 0.6321029 0.2005145
82 0.5583089 0.09556008 0.03301552 0.9062558 0.6644346 0.1914941
83 0.6043231 0.1071317 0.03923835 1.592735 0.7992406 0.2009767
84 0.5664182 0.09730274 0.03581063 1.240421 0.6953689 0.1917067
85 0.4789405 0.09158448 0.03126285 0.9900787 0.5628766 0.2079102
86 0.5486461 0.09319825 0.02866058 1.344734 0.5586027 0.2155279
87 0.5591917 0.09014223 0.02927945 1.352254 0.5430709 0.1921811
88 0.4979692 0.1099319 0.03602824 1.232012 0.6249389 0.2079837
89 0.4101076 0.08540616 0.02572921 0.7750044 0.4201779 0.2587523
90 0.5581821 0.1120554 0.03257225 1.843534 0.6493269 0.2157086
91 0.6363937 0.1017701 0.03345253 1.971588 0.6174408 0.1848013
92 0.4764963 0.08755686 0.02820427 0.9866986 0.4915926 0.2201748
93 0.56951 0.09942183 0.03405688 1.503922 0.6542526 0.2081139
94 0.5826172 0.09333893 0.02823359 1.742535 0.5275227 0.2007906
95 0.4835927 0.09869639 0.03068292 0.8380904 0.5965182 0.2200555
96 0.4865071 0.0930434 0.02897158 1.180705 0.493201 0.2252169
97 0.4915931 0.09401672 0.02894374 1.140509 0.5139185 0.207255
98 0.4806566 0.0815221 0.02467361 0.9679015 0.4322906 0.2366574
99 0.5334787 0.09079265 0.03221582 1.037435 0.6394703 0.1977025
100 0.4801495 0.08390932 0.02914593 0.8073255 0.5457688 0.2201113
