1 26.72754 2.096944 -0.5129403 4.126677 3.034287 4.880063 -3.749949 -0.7146775 -0.2233298 0.2460616
2 27.30274 2.074542 -0.5361302 4.527063 2.309324 5.590444 -4.199134 -1.833474 -0.300203 0.3452739
3 27.18501 2.042625 -0.4843611 4.788604 0.8517459 4.41685 -3.888558 -0.2475719 -0.2927842 0.285125
4 27.50047 1.73679 -0.4737122 4.765457 1.05874 3.535025 -4.496356 0.2225366 -0.3322298 0.323916
5 26.91781 1.807541 -0.4519738 5.568625 1.866847 8.450075 -5.459421 -1.948812 -0.45753 0.5210013
6 26.77005 2.019303 -0.5139068 5.665762 1.692876 7.055243 -6.010191 -1.433154 -0.4152371 0.4662091
7 26.34138 1.805442 -0.4599208 5.194508 1.225382 4.209612 -4.617686 -0.3321267 -0.3514195 0.3781798
8 27.17525 2.009414 -0.4755476 6.980217 1.799403 17.44806 -7.188443 -0.7620928 -0.559285 0.6378065
9 25.73866 1.772357 -0.5005201 5.382304 3.70586 6.014658 -5.659591 -0.9381239 -0.3578559 0.4084549
10 26.53215 1.913469 -0.5244588 5.741832 2.145528 4.698539 -7.739323 -0.7655048 -0.4729109 0.586963
11 26.80159 1.813997 -0.4775875 5.638519 2.628209 4.40882 -4.664796 -1.029126 -0.4629421 0.4306104
12 26.7188 1.942701 -0.5111538 3.92885 2.007404 7.668111 -5.921388 -0.7911221 -0.4884037 0.5240722
13 26.01439 1.935884 -0.4976954 4.281935 1.96161 6.046872 -4.204438 -1.075359 -0.2562178 0.2866605
14 27.36265 1.928514 -0.4451437 6.42076 0.9525185 7.373101 -5.057415 -1.782783 -0.4596867 0.4763865
15 27.37656 2.153366 -0.5094645 5.919617 2.365226 4.260931 -4.618049 -0.4828886 -0.2604107 0.2825873
16 26.92323 1.966436 -0.4988939 4.682578 2.518519 14.65486 -4.793117 -0.3612046 -0.2553025 0.3026524
17 28.63796 2.061315 -0.4431835 6.946032 4.212894 6.907587 -5.654606 -0.3113705 -0.5022651 0.5289649
18 27.18711 1.854168 -0.4625991 6.499133 2.261135 9.542085 -7.794005 -0.2837177 -0.5411183 0.6195023
19 26.09304 1.836033 -0.496019 5.567246 1.979392 5.989919 -3.918584 -0.1931756 -0.1689089 0.1977175
20 26.3012 1.97178 -0.489109 5.7222 1.257942 5.027116 -3.945901 -1.02589 -0.2519875 0.2778254
21 27.01487 1.928056 -0.4945134 4.884467 1.464547 4.99724 -6.99547 -1.312189 -0.4751081 0.5526382
22 26.63179 1.875978 -0.519573 4.555238 2.803185 4.702149 -7.886951 -1.131338 -0.5257767 0.6417966
23 26.83442 2.102798 -0.5329188 3.817044 1.625341 4.078615 -4.202103 -0.7164891 -0.3086893 0.3086946
24 26.67345 1.98254 -0.5025204 4.821194 4.405805 4.415313 -5.127564 0.2841813 -0.3492218 0.3843905
25 27.70872 1.912783 -0.4806452 6.93536 5.675318 4.921327 -16.1203 -4.440481 -1.05232 1.305316
26 26.33642 1.954747 -0.4848307 4.379697 4.916545 6.380864 -4.623539 0.1446912 -0.3419816 0.3573045
27 27.17361 1.846719 -0.5059028 5.981502 1.408255 5.048446 -5.669859 -1.3797 -0.412296 0.4568401
28 27.2263 1.939641 -0.5001278 5.167656 2.563908 8.638224 -6.997045 -1.037575 -0.5745425 0.6204146
29 27.7577 2.146664 -0.5159741 5.198685 3.424876 4.678018 -5.690751 -0.7697785 -0.3715842 0.4110116
30 25.96731 1.905513 -0.5017837 6.045473 2.790494 9.949412 -4.699149 -0.8528116 -0.3217951 0.3565235
31 26.93983 1.874762 -0.5064829 7.167928 2.883601 10.3787 -6.859057 -1.431052 -0.4838862 0.5677198
32 26.83891 1.857209 -0.4927016 5.610294 1.749367 5.468028 -10.618 -0.4594652 -0.7607797 0.9038796
33 26.65399 1.837207 -0.5055217 5.605639 2.96182 6.452699 -7.142637 -1.140566 -0.3789066 0.4916208
34 25.74641 1.876373 -0.5213429 5.037078 3.486633 9.11004 -10.92554 0.1215043 -0.8799208 0.9944323
35 26.14012 1.756892 -0.4952415 4.563588 1.56234 3.798476 -4.327016 -0.6767084 -0.2500913 0.2821881
36 26.5281 1.967866 -0.5274029 3.377784 1.678067 3.272295 -3.561275 -1.113061 -0.3301107 0.3140131
37 27.02169 2.018772 -0.4921209 6.712995 2.474906 7.251692 -6.433083 -1.791645 -0.6198837 0.6369851
38 26.28555 1.785469 -0.4415565 4.625494 3.548033 7.91587 -3.645387 -0.5105744 -0.2448177 0.2618855
39 27.06039 2.00281 -0.4871321 5.261743 1.787785 9.064434 -10.41504 -2.557616 -0.9517335 1.024122
40 26.33738 1.887296 -0.5008152 6.032762 4.169852 10.36879 -6.994162 -1.220056 -0.4581831 0.5666203
41 27.12151 2.122685 -0.5066513 4.968532 2.236801 6.918917 -6.667726 -0.2259316 -0.451753 0.5116737
42 26.89074 1.985663 -0.4874887 4.956628 2.115935 4.943067 -4.616477 -0.4603314 -0.3025057 0.3451656
43 26.97814 2.177471 -0.5191989 4.510382 1.281855 7.207274 -4.874089 0.5792207 -0.3305109 0.3137401
44 27.44576 1.951545 -0.4896694 4.918668 2.100601 5.558414 -5.456551 -0.5798499 -0.3846468 0.4206455
45 26.30838 1.947801 -0.5115714 5.177898 2.00908 7.015708 -4.690433 -0.3601624 -0.3348562 0.3601256
46 26.8902 1.900043 -0.5008154 3.979558 1.885188 6.727742 -6.116905 -1.393022 -0.4591161 0.5036829
47 27.19406 2.058129 -0.4666197 6.149313 2.846838 11.08853 -4.599131 -0.8139914 -0.2646069 0.3114989
48 27.35197 1.9555 -0.4554038 5.300613 2.928251 5.722085 -7.325788 -0.8325952 -0.6128485 0.6661942
49 27.0789 1.858216 -0.455348 5.78252 1.558361 5.794697 -5.748902 -0.6793758 -0.4494118 0.4614239
50 26.68062 1.951873 -0.5238147 5.641777 0.7819616 7.342257 -6.943488 -0.6300575 -0.6343835 0.633445
51 27.2284 1.892019 -0.4691393 5.035646 2.59249 7.517942 -4.714428 -0.9377221 -0.2914789 0.3585911
52 27.4012 1.884899 -0.4931557 5.900891 1.723032 6.577415 -7.982024 -0.9354582 -0.549626 0.6479914
53 27.79787 2.013238 -0.4858927 6.88577 5.176871 8.34365 -22.57929 -0.6021834 -1.590137 1.851091
54 26.54186 1.941591 -0.5282893 3.215944 1.592089 3.061459 -4.020043 -0.5438845 -0.2643089 0.3072885
55 27.20826 1.905037 -0.4783473 4.508765 1.479692 13.41438 -4.155429 -0.6850845 -0.3910738 0.3758467
56 26.71291 1.956249 -0.5350887 5.558236 2.086099 8.784479 -4.94087 -1.320601 -0.4074667 0.4273825
57 26.33105 1.825376 -0.5026138 4.358255 1.649393 3.971954 -5.31651 -0.1620424 -0.3071544 0.3579487
58 26.39283 1.991149 -0.5592086 5.256258 1.765996 15.6092 -6.934558 -0.9247766 -0.5815699 0.6296086
59 27.18823 2.021886 -0.5262123 3.51748 1.365447 4.427506 -3.738075 -0.8914675 -0.330018 0.3224797
60 27.44772 1.959996 -0.4727171 3.604222 1.037005 3.692352 -5.12838 -1.784917 -0.5319241 0.5087214
61 27.37748 2.053788 -0.4764535 5.948234 2.04459 7.607098 -4.587476 -0.769473 -0.3885015 0.4052523
62 27.10039 2.042471 -0.515987 4.098062 1.402103 6.098461 -4.70665 -0.8652147 -0.4042956 0.41862
63 27.56333 2.037484 -0.5384447 5.06843 2.291772 8.495308 -12.54504 -2.299235 -1.039665 1.181893
64 26.34822 1.796521 -0.4779911 5.957139 4.310131 3.935894 -5.120218 0.09224054 -0.3823773 0.4160277
65 26.77678 2.020176 -0.5042077 4.787285 3.882261 6.402686 -6.018913 -0.9698596 -0.422327 0.477075
66 26.68577 2.013516 -0.5237165 3.936022 0.3193464 4.71985 -5.200811 -0.3607064 -0.3360772 0.3844555
67 26.82518 2.023328 -0.5215462 5.064943 1.187392 9.036024 -5.84703 -1.036819 -0.435319 0.4831762
68 28.18512 1.93338 -0.4649219 4.561595 1.490096 4.479119 -4.145341 -0.5787878 -0.2908128 0.3213923
69 27.86645 2.016408 -0.4682504 5.289995 2.862929 15.15417 -9.098194 -0.9264139 -0.5937709 0.7291749
70 26.46493 1.931958 -0.535891 6.299374 3.239049 200 -18.65969 -4.545427 -1.608982 1.810893
71 26.47863 1.885124 -0.5144686 4.709846 1.113156 5.333759 -3.922873 -1.21444 -0.2691369 0.2882923
72 28.51529 2.019343 -0.4602569 6.211467 0.9258264 14.32797 -5.766955 -1.435325 -0.4766249 0.4898835
73 26.51791 1.914081 -0.5316113 5.324119 1.510332 4.527961 -4.752215 -0.1698659 -0.2838931 0.2859452
74 26.9915 2.026128 -0.5274679 5.393601 2.620197 4.413365 -5.348216 -0.8202621 -0.3609528 0.4177059
75 26.82538 2.018003 -0.4938683 4.529661 1.616558 5.726784 -3.481494 -1.581433 -0.2560146 0.266811
76 26.07372 1.959452 -0.5274792 5.176661 1.996886 5.28363 -5.360501 -0.8469534 -0.3710533 0.4220793
77 26.32301 1.885821 -0.5164535 5.397198 5.803175 7.061731 -6.918094 -0.3948741 -0.5915203 0.6138963
78 26.5807 1.939245 -0.4708435 5.730444 3.49681 5.787106 -3.767854 -1.034092 -0.1985886 0.2369297
79 26.0113 1.852539 -0.5245011 5.905019 2.049373 5.231295 -6.581369 -1.222133 -0.5183321 0.5759837
80 27.15103 2.025043 -0.4903872 5.89688 1.241253 9.487875 -6.406399 -1.255928 -0.4170136 0.519067
81 26.74877 1.856478 -0.4814438 6.851901 2.435309 9.453394 -6.930022 -1.138066 -0.4902565 0.5711605
82 27.57782 1.909087 -0.5165303 7.360539 1.784537 9.914941 -12.51279 -1.618508 -0.680454 0.9190741
83 27.15376 1.903756 -0.4901067 5.363422 4.03303 3.899777 -4.657795 -0.7971645 -0.3562669 0.3766501
84 27.21974 2.068133 -0.4652073 5.266531 2.741429 4.863229 -5.790603 -0.486771 -0.4276762 0.4858613
85 26.14252 1.824911 -0.4900462 4.008422 1.462783 4.631805 -4.516892 -0.690673 -0.3643912 0.3783897
86 27.73327 2.167515 -0.4817989 5.561717 2.538504 7.171237 -5.668077 -0.1976983 -0.396045 0.4243366
87 27.16349 1.900156 -0.4718358 5.288887 1.806565 6.440762 -8.02936 -0.7867388 -0.6670196 0.7503874
88 25.66591 1.752835 -0.5513995 6.267687 3.122141 9.095367 -7.558044 -2.30607 -0.5762936 0.6780592
89 26.55289 1.924871 -0.5172174 4.959603 2.294841 19.53421 -6.229377 -0.02131267 -0.4218538 0.4439013
90 25.68139 1.807012 -0.5247665 5.276294 1.154842 4.379127 -5.502688 -0.1016961 -0.3765712 0.4072981
91 26.89515 1.961352 -0.4856964 5.324379 3.547272 5.781159 -7.854092 -1.417339 -0.5907007 0.7193497
92 26.65905 1.996578 -0.5054905 4.536029 2.912922 7.170591 -4.62829 -0.458393 -0.3217963 0.3393378
93 27.57937 1.962243 -0.4919553 6.726868 3.699156 8.991092 -5.935904 0.472846 -0.5204314 0.4870834
94 28.1712 2.161164 -0.5095225 6.586975 5.485983 44.22078 -17.61497 -1.73787 -1.303394 1.516343
95 27.3781 2.138088 -0.5209483 6.13316 1.725016 9.183455 -6.458442 0.4400821 -0.3231052 0.3899549
96 26.97541 2.076982 -0.5070742 4.496658 3.814903 6.819357 -4.23709 0.4418304 -0.2989967 0.2782907
97 26.8479 1.907913 -0.5247453 5.554887 2.282891 7.965923 -7.831811 -0.2818002 -0.4883897 0.5925729
98 27.92488 2.021979 -0.4600512 4.995742 2.501468 16.81686 -5.463686 -0.9341081 -0.4291048 0.4420248
99 27.22071 1.965074 -0.4756783 5.451392 1.292755 6.761665 -5.362667 -1.714553 -0.4121474 0.473079
100 27.86285 1.927002 -0.4873151 5.344899 1.990474 6.816382 -6.314304 -2.073339 -0.4444779 0.5192362
