1 0.5216225 0.08518832 0.02563974 1.03249 0.6506512 1.465608 0.7586566 0.4520984 0.0588551 0.06801562
2 0.5032117 0.09035782 0.0272724 0.9001617 0.6830283 1.767995 0.8372138 0.5194043 0.0690291 0.07925559
3 0.4616519 0.08443583 0.02610932 0.52693 0.7350565 1.239179 0.6663509 0.4376579 0.06315944 0.06544024
4 0.4556829 0.07095311 0.02641503 0.6519425 0.7541022 0.9509462 0.8721731 0.4691925 0.0716424 0.07738993
5 0.5892208 0.08136022 0.02933185 1.034306 0.7479335 3.760595 1.124011 0.5661052 0.09796372 0.1141019
6 0.4396055 0.088702 0.02770596 0.730644 0.719698 2.435465 1.218636 0.5929412 0.08828974 0.1052664
7 0.54103 0.0803129 0.02891971 0.7298438 0.8372785 1.29857 0.8218199 0.4394765 0.06650197 0.07592469
8 0.6294266 0.09849494 0.03175308 0.9541214 0.822105 10.33675 1.524647 0.4968458 0.1236897 0.1427263
9 0.4929198 0.08014109 0.02884037 1.214976 0.7249191 2.169906 1.10778 0.5495141 0.0792484 0.09567815
10 0.4608016 0.08627732 0.0294445 1.009843 0.831637 1.475662 1.88031 0.5357919 0.1051582 0.1425604
11 0.5375094 0.07951987 0.02835449 1.108735 0.8870537 1.355052 0.8980991 0.5569542 0.09627273 0.09565846
12 0.4401171 0.07475968 0.02413143 0.7989104 0.5374841 2.911491 1.200062 0.5106181 0.107167 0.1198898
13 0.4442952 0.079386 0.02516002 0.7620691 0.6152043 2.012954 0.8548865 0.5014091 0.07381906 0.08517329
14 0.5825874 0.08870942 0.02832483 0.6289266 0.8499113 2.643975 0.9403828 0.5820028 0.09886114 0.1011117
15 0.4825504 0.09586275 0.02681298 0.9622267 0.8457292 1.144012 0.9313424 0.5018762 0.061823 0.07120838
16 0.4721099 0.07972409 0.02501991 0.881943 0.5450013 7.73758 0.8740731 0.4482016 0.06772109 0.07866479
17 0.8098678 0.1060069 0.03148227 1.871816 1.049841 2.802298 1.154534 0.4752596 0.1107159 0.116761
18 0.5724023 0.08558992 0.02933196 0.9859871 0.8172312 4.119285 1.561047 0.5296817 0.1170725 0.1353341
19 0.4837196 0.08494738 0.02950122 0.8057664 0.80638 2.142407 0.7556775 0.4314931 0.05477418 0.06347412
20 0.5242672 0.09214658 0.03008837 0.7054372 0.9192697 1.684623 0.7649335 0.4597306 0.06016165 0.0693212
21 0.4232072 0.07707101 0.02518179 0.6218253 0.6798439 1.543057 1.604246 0.6420881 0.1008302 0.1326389
22 0.4685246 0.07771572 0.02610896 1.023207 0.6831384 1.461144 1.641269 0.5340068 0.1122114 0.1421529
23 0.3887014 0.08140249 0.0226912 0.6737401 0.5646993 1.097949 0.789344 0.5226885 0.07536643 0.08061291
24 0.606378 0.09350722 0.02852786 1.963258 0.7859976 1.363635 0.8895148 0.441142 0.07223588 0.08168986
25 0.574663 0.08566759 0.02664418 1.894213 0.8819813 1.508717 NaN NaN NaN NaN
26 0.5990429 0.0858408 0.0269072 1.711917 0.6323742 2.13872 0.8283463 0.4291573 0.0796666 0.08687123
27 0.4772526 0.08518367 0.03030289 0.6963902 0.8921853 1.599218 1.170905 0.5618358 0.08456149 0.1021238
28 0.4791804 0.08322322 0.0260272 1.041964 0.6511513 3.295256 1.548029 0.6086261 0.1463176 0.1584356
29 0.4975877 0.09135111 0.02478987 1.256246 0.7461488 1.391373 1.10537 0.5174239 0.08095314 0.09329357
30 0.5143802 0.09026875 0.02929396 1.033805 0.7651813 4.53597 0.9302263 0.4954541 0.08048565 0.09030959
31 0.5297619 0.09271982 0.03177602 1.341435 0.8405609 4.83708 1.72252 0.5628572 0.1184389 0.1471705
32 0.5055625 0.08270437 0.02855843 0.8292334 0.7796202 1.713358 4.14468 0.5794595 0.2813496 0.3482109
33 0.4767092 0.08341965 0.02791344 1.057851 0.7242483 2.19082 1.368221 0.5558217 0.08554381 0.1081792
34 0.5306374 0.08275347 0.03006324 1.428815 0.6476805 3.885396 3.866802 0.6106174 0.3050142 0.3553144
35 0.4579971 0.07373863 0.02767352 0.6891156 0.7485196 1.059718 0.7577063 0.4648344 0.05529747 0.06472221
36 0.4061778 0.07308684 0.02428589 0.7067937 0.6022095 0.8834846 0.7443849 0.5036274 0.07516228 0.07916111
37 0.5661752 0.09703217 0.03079816 1.141885 0.9629234 2.839542 1.704269 0.6819391 0.1750233 0.1804927
38 0.5953266 0.07450879 0.02689733 1.188905 0.6636267 3.102648 0.7600917 0.4266377 0.07033263 0.08139928
39 0.4938729 0.08781625 0.02568832 0.81884 1.151728 4.127917 24.49907 6.671368 2.402189 2.601351
40 0.5847685 0.08890014 0.03019917 1.565942 0.7484957 4.539529 1.427875 0.4927808 0.1012561 0.1257497
41 0.4880809 0.09042819 0.02540661 0.8660261 0.6463133 2.398852 1.277996 0.4991808 0.09661539 0.1112173
42 0.5019709 0.08337825 0.02684312 0.9068266 0.7150081 1.549604 0.881419 0.429202 0.0688458 0.08326049
43 0.3937908 0.08768746 0.02417971 0.5587337 0.5732703 2.550131 0.9363863 0.5292186 0.07653156 0.08125998
44 0.48211 0.07784187 0.02497648 0.8589836 0.6952552 1.882357 1.017968 0.5006687 0.08354495 0.09204227
45 0.4771287 0.08679299 0.02819763 0.8244653 0.6958014 2.372472 0.9061816 0.4612952 0.07653644 0.08556511
46 0.3887636 0.06993796 0.02251695 0.6800087 0.5078508 2.651552 1.299414 0.5967907 0.09877419 0.117741
47 0.5908276 0.09287714 0.02782692 1.088154 0.7377241 4.84975 0.8483525 0.453234 0.06489033 0.07518139
48 0.5562747 0.08222672 0.0256298 1.174955 0.7604071 2.123548 1.601456 0.5430517 0.1396058 0.1551783
49 0.5060663 0.07941759 0.02672089 0.6927937 0.7727065 1.901028 1.370707 0.5601951 0.09729379 0.1164074
50 0.3896934 0.08649052 0.02774817 0.4680751 0.715761 2.544253 2.411137 0.5951951 0.2430362 0.2458054
51 0.5871952 0.08298278 0.02745893 1.215428 0.705275 3.037398 0.8568469 0.4322829 0.06491633 0.07821934
52 0.491352 0.08314254 0.02801764 0.834249 0.7714457 2.292187 1.795309 0.5893396 0.1231861 0.1522202
53 0.6030928 0.09267295 0.02838432 1.787033 0.803856 3.277377 NaN 0.841111 NaN NaN
54 0.4737495 0.07627576 0.02692514 0.763354 0.6317572 0.8084747 0.7532391 0.4089844 0.06217369 0.07396262
55 0.468511 0.07374653 0.02524169 0.61989 0.5550163 7.112454 0.9718424 0.4780224 0.09913844 0.1059559
56 0.4712769 0.088238 0.02951654 0.961205 0.7060777 3.699874 1.011508 0.5187637 0.09041428 0.1005862
57 0.4349365 0.07265076 0.02632529 0.6411102 0.6838299 1.172629 1.033957 0.474145 0.07277035 0.08743125
58 0.4338577 0.09073414 0.029715 0.7717362 0.6152446 9.261798 1.667607 0.5599963 0.1385713 0.1578641
59 0.4026686 0.07588546 0.02371312 0.59778 0.577031 1.428165 0.7025473 0.4604911 0.06455482 0.07043754
60 0.3996233 0.0694756 0.02151651 0.4971366 0.5550179 0.9711172 0.9968106 0.6504317 0.1069786 0.1068302
61 0.5722359 0.09511001 0.02855185 1.051606 0.8207056 3.127824 0.9738073 0.4747166 0.08564278 0.09615127
62 0.4094324 0.07926195 0.02441344 0.6386343 0.575351 2.066 1.042598 0.4960849 0.09821997 0.1072841
63 0.4388811 0.08485489 0.02628569 0.9648592 0.6945241 4.114574 6.902805 1.334996 0.5781071 0.6677411
64 0.7518651 0.09454808 0.033971 2.330936 1.0596 1.200851 0.935784 0.4443372 0.07317117 0.08302196
65 0.5326118 0.08341448 0.02578219 1.278971 0.6607124 2.202744 1.156245 0.5065879 0.09224126 0.106505
66 0.3610527 0.07672561 0.02409989 0.3739202 0.5985728 1.463702 0.905608 0.4500962 0.07054852 0.08108017
67 0.415385 0.08694331 0.02691127 0.5664455 0.6257234 3.623698 1.249824 0.5296617 0.09101018 0.1113316
68 0.5534712 0.07715859 0.02533214 0.7514048 0.7606836 1.391752 0.7187173 0.4295386 0.06664629 0.07419487
69 0.5259221 0.08090393 0.02425502 1.058881 0.5787448 7.560438 2.167697 0.6033523 0.1503714 0.1879183
70 0.5145607 0.09088072 0.03043598 1.148956 0.5727551 53.71153 NaN 0.5960453 NaN NaN
71 0.4291205 0.07845575 0.02717745 0.5469054 0.6944569 1.713385 0.7238056 0.5077705 0.06023973 0.06898201
72 0.51177 0.08412777 0.0255852 0.571486 0.6779354 7.23635 1.225692 0.6153192 0.1105601 0.114011
73 0.4045456 0.08318211 0.028245 0.6492703 0.7451988 1.281331 0.9937877 0.5450614 0.07057391 0.08091491
74 0.5233154 0.09369565 0.02901929 1.045241 0.825164 1.239965 1.033541 0.4781786 0.0757791 0.08920242
75 0.4466182 0.08398407 0.02498651 0.7015948 0.6523026 2.027954 0.7473957 0.5149578 0.07378561 0.08040363
76 0.4502851 0.0895109 0.02847201 0.8828446 0.7187935 1.647392 1.115684 0.5155384 0.08080463 0.09962221
77 0.5821841 0.08730606 0.02929067 2.041606 0.7254984 2.633986 1.489105 0.5411298 0.1291814 0.1402292
78 0.6125268 0.09306187 0.02896327 1.328197 0.7884853 1.685984 0.7609618 0.4470431 0.05990574 0.07017351
79 0.4716597 0.08865872 0.03132893 0.9537233 0.8371637 1.602892 1.416339 0.5829227 0.1189278 0.1383327
80 0.5176815 0.09271845 0.02832042 0.7463147 0.7459504 4.278388 1.314835 0.487336 0.08934832 0.1145827
81 0.5670953 0.09225671 0.03069845 1.035781 0.8617393 4.200241 1.291792 0.5580037 0.09992566 0.1185674
82 0.5764764 0.09529561 0.03265957 0.8540515 0.9302416 3.973857 3.075367 0.6915903 0.1692232 0.2289264
83 0.5682621 0.0863854 0.02832569 1.521051 0.8805631 1.124501 1.016156 0.4939175 0.07539176 0.09043383
84 0.586219 0.09096336 0.02655628 1.165305 0.783147 1.491186 1.204063 0.4751909 0.09148531 0.1104197
85 0.427482 0.07472818 0.02529053 0.7495385 0.5921057 1.322069 0.8817027 0.4812431 0.07820001 0.0872862
86 0.533451 0.09352977 0.02518019 1.132869 0.7475279 2.713329 1.00113 0.4862747 0.08915699 0.09497318
87 0.5360829 0.08150931 0.02746702 0.9898788 0.7207303 2.375023 1.878718 0.5366774 0.1514694 0.178574
88 0.5141587 0.08982761 0.0352493 1.225699 0.8068628 3.768705 2.05093 0.6898192 0.1548827 0.1859923
89 0.4178437 0.07833934 0.02500353 0.7853357 0.5280034 11.87765 1.29862 0.5515967 0.1056652 0.1171582
90 0.4009764 0.08186954 0.02935002 0.694159 0.7527354 1.247932 1.087565 0.4961129 0.08838655 0.1002306
91 0.5944842 0.08990192 0.02893133 1.638595 0.7836957 2.008693 1.739984 0.532028 0.1273936 0.1618495
92 0.4617381 0.0818171 0.02502622 0.9982232 0.5883317 2.440994 0.9579873 0.4865336 0.08381622 0.0918761
93 0.5944806 0.09587783 0.03076302 1.420171 0.8638021 3.809119 1.134733 0.5244559 0.1106592 0.1059516
94 0.6305495 0.1022244 0.02753955 2.027363 0.5547127 NaN NaN 0.5024699 NaN NaN
95 0.4672936 0.09562712 0.02760688 0.7629774 0.7358707 3.565025 1.194106 0.4934198 0.07503311 0.09107364
96 0.5031438 0.08472432 0.02550985 1.269739 0.6252776 2.421982 0.8739266 0.4935106 0.07777756 0.08326237
97 0.4626262 0.08354751 0.02836373 0.9363199 0.6984951 3.22584 1.638677 0.500596 0.1159037 0.1410959
98 0.5057051 0.07747243 0.02312383 0.8612864 0.5250899 9.753656 1.06129 0.5508286 0.09675041 0.1046564
99 0.5322097 0.087264 0.0280681 0.8068866 0.8037306 2.67099 1.0883 0.5658157 0.09291936 0.1105696
100 0.4911193 0.0786687 0.02580176 0.804871 0.6895743 2.29035 1.358702 0.6610409 0.1045706 0.1254231
