1 0.5770204 0.09679874 0.03167521 1.237386 0.6445477 0.9425738 0.459961 0.06746836 0.08203055
2 0.5299128 0.1041966 0.03387378 0.9135158 0.7110518 1.437584 0.6298166 0.1028536 0.1252937
3 0.6080061 0.102286 0.03533288 0.870875 0.8851943 1.246667 0.5073686 0.1085504 0.1161159
4 0.599693 0.09404358 0.03568872 1.161208 0.8378799 1.881755 0.5793499 0.1428886 0.1573382
5 0.6409003 0.08890052 0.03093977 1.375944 0.6676591 1.781645 0.7074566 0.1458872 0.1747929
6 0.4861438 0.09788787 0.03014736 0.7532808 0.6297501 1.601042 0.6535661 0.1088372 0.1338482
7 0.6607065 0.09754803 0.03528767 1.09063 0.7935161 1.170577 0.4677017 0.08708364 0.1042029
8 0.6522106 0.1017378 0.03265839 0.9583954 0.7564489 2.135843 0.5260084 0.1642461 0.1931019
9 0.5308267 0.08565929 0.03251684 1.283906 0.5974502 1.310973 0.568656 0.08736038 0.1086951
10 0.5338288 0.1063644 0.03482101 1.120757 0.8473682 5.314412 0.6533841 0.2604938 0.3721864
11 0.6059252 0.101331 0.0353506 1.46612 0.8160047 2.190357 0.7764377 0.236462 0.2357545
12 0.4786027 0.08309113 0.02688615 1.003206 0.4724644 2.817942 0.611195 0.2348877 0.2674592
13 0.4951121 0.08975815 0.02946834 0.9637714 0.553668 1.286397 0.5477615 0.1011253 0.1204058
14 0.671422 0.09264972 0.03210024 0.7460331 0.7787625 2.06323 0.8347302 0.2156696 0.2203359
15 0.5905689 0.1117896 0.03380922 1.273379 0.842832 1.257747 0.5267468 0.07781656 0.09312052
16 0.4763636 0.07911383 0.02640379 0.8009244 0.4677 0.9458568 0.4538798 0.07066984 0.08326998
17 0.8970928 0.1217998 0.03317991 1.972505 0.9090905 1.317578 0.4962961 0.124927 0.1314803
18 0.6099143 0.09360223 0.03050577 1.186963 0.6805708 2.634783 0.5904825 0.1816941 0.2169691
19 0.5590687 0.0919948 0.03269719 1.003125 0.6746778 0.8441612 0.4372399 0.05928839 0.06983728
20 0.6045555 0.1059289 0.03646369 0.9177642 0.8367878 1.136244 0.4989472 0.07823293 0.09471986
21 0.4733893 0.09128619 0.02865187 0.7106372 0.6075289 5.482525 0.9960893 0.3070385 0.4223114
22 0.5347399 0.09615831 0.03333056 1.172964 0.6996594 31.8001 2.885657 1.920884 2.521982
23 0.4436573 0.1028053 0.03002833 0.7309041 0.5983183 1.076263 0.557378 0.1006561 0.1091886
24 0.7654318 0.1025457 0.03649152 2.749026 0.7701005 1.731523 0.5169837 0.1287089 0.1518255
25 0.6907853 0.09637026 0.03139688 2.390512 0.6979663 NaN NaN NaN NaN
26 0.6700361 0.09696986 0.03172929 1.850917 0.6674106 2.61622 0.5404143 0.2271597 0.2535062
27 0.5277759 0.1082906 0.03588426 0.8294317 0.8458148 4.646862 1.035079 0.2807436 0.3645446
28 0.5071051 0.08886038 0.0287183 1.073109 0.5961598 7.183451 1.575818 0.6993522 0.7418515
29 0.5864392 0.1048371 0.02953895 1.636529 0.6845356 2.091889 0.6006929 0.1490751 0.1727978
30 0.5447714 0.09401339 0.03187054 1.112406 0.6351592 1.048896 0.5153225 0.08914086 0.1011187
31 0.5698995 0.09487155 0.03302344 1.46084 0.77694 3.394634 0.7623101 0.2242882 0.2831051
32 0.5757727 0.0932136 0.03227726 0.8428868 0.7110585 NaN 0.7774999 NaN NaN
33 0.5050671 0.09293321 0.03071926 1.138092 0.6238879 3.366345 0.6957857 0.1965762 0.2549987
34 0.537752 0.09163153 0.03018944 1.557059 0.522253 NaN 0.663994 NaN NaN
35 0.5096505 0.1050796 0.03562854 0.798728 0.7591441 1.11052 0.5109066 0.07367348 0.09005816
36 0.5352138 0.0976398 0.03084852 1.911247 0.6411822 1.337924 0.5596209 0.1264384 0.1358012
37 0.6507655 0.1094002 0.03285106 1.693561 0.7964329 NaN 0.3781784 NaN NaN
38 0.6593086 0.08745151 0.03098891 1.278593 0.6090692 1.009274 0.4448631 0.08514765 0.1020159
39 0.4927247 0.08700784 0.02640812 0.9138901 0.4796211 NaN NaN NaN NaN
40 0.6209657 0.09687546 0.03243538 1.701359 0.7472904 3.708049 0.6627387 0.2376959 0.3034778
41 0.5246471 0.09229022 0.0294963 0.8530353 0.5958185 2.070098 0.5549568 0.1516605 0.1757369
42 0.5704605 0.1036473 0.03072509 1.102113 0.6811588 1.054553 0.4397886 0.0782177 0.09580605
43 0.4089265 0.09956702 0.02668397 0.5564181 0.4922436 1.087607 0.5419599 0.08701115 0.09336402
44 0.5283029 0.09142679 0.02824694 0.9018119 0.5901644 1.207028 0.5234189 0.0945643 0.1062244
45 0.5576168 0.0995624 0.03331793 1.221093 0.6679241 1.566218 0.5227163 0.1202325 0.1397219
46 0.4229292 0.07532606 0.02402281 0.783998 0.3892147 1.472399 0.6104149 0.1141929 0.1354895
47 0.6307119 0.09597797 0.03004982 1.273294 0.6534953 1.03415 0.4699004 0.07412726 0.08853721
48 0.6347152 0.0854414 0.02829714 1.498051 0.5949061 2.549076 0.591098 0.2199237 0.2458341
49 0.5726897 0.0940927 0.03083787 0.7182949 0.7076009 3.042568 0.6276762 0.1993159 0.2448721
50 0.4391616 0.08763452 0.03138825 0.5079137 0.6209945 NaN 0.7663595 NaN NaN
51 0.6356561 0.08940458 0.02966482 1.232161 0.6193797 0.9668571 0.4407156 0.07233982 0.08797014
52 0.5590515 0.09385381 0.03165371 1.137845 0.6879498 NaN 0.4650124 NaN NaN
53 0.6323815 0.09396033 0.02919858 1.834946 0.6288187 NaN 0.9115389 NaN NaN
54 0.6445023 0.1067415 0.03629772 2.009678 0.856522 1.773461 0.4994129 0.1232757 0.1552989
55 0.4743079 0.07706564 0.02624684 0.6321247 0.4751359 1.23491 0.494999 0.123195 0.1325444
56 0.5026138 0.09858044 0.03173037 1.133788 0.622196 1.412429 0.5691035 0.1227344 0.1373974
57 0.4921986 0.08796132 0.03221909 0.7695229 0.6397417 2.233011 0.5647236 0.1426694 0.1772897
58 0.4411263 0.09289526 0.03079266 0.7752385 0.5463927 3.212935 0.6608616 0.2623804 0.2990005
59 0.440519 0.08698793 0.02841024 0.6100452 0.5214971 0.8195318 0.4766534 0.07294204 0.08037448
60 0.5298784 0.08327346 0.02780602 0.8350034 0.5667858 2.355509 1.03492 0.2245809 0.2389725
61 0.6225269 0.09927405 0.03074412 0.9285324 0.6964816 1.068095 0.4809029 0.09169586 0.1033378
62 0.4786438 0.07805594 0.02750323 0.8913645 0.5057023 1.635553 0.5386608 0.142552 0.1612297
63 0.462828 0.0869168 0.02686888 0.9896875 0.4031297 NaN NaN NaN NaN
64 0.9470912 0.1271644 0.04181935 4.582979 1.087193 3.492366 0.6710331 0.2462935 0.2829801
65 0.5711307 0.09716192 0.02902792 1.458014 0.59107 2.143983 0.5869129 0.1575554 0.1855154
66 0.4399763 0.08848317 0.02943405 0.4787527 0.5497538 1.261472 0.4836247 0.09231037 0.1095801
67 0.4352456 0.09434363 0.02856549 0.590755 0.5398561 2.032699 0.5928672 0.1391473 0.1759363
68 0.6624994 0.09511037 0.03105027 1.065376 0.7568244 1.222682 0.5125783 0.1081059 0.1231645
69 0.5712391 0.08139322 0.02450958 1.234833 0.524091 4.390696 0.8665223 0.2938401 0.3699874
70 0.5019394 0.09379356 0.03024816 1.048836 0.568841 NaN NaN NaN NaN
71 0.4569751 0.09903415 0.03181768 0.6384909 0.6215991 0.9358458 0.5508868 0.07457159 0.08749559
72 0.5287874 0.08782019 0.02645098 0.5927487 0.5794824 1.33035 0.6265653 0.1186415 0.1234452
73 0.4803487 0.09394396 0.03232882 1.005879 0.6492538 1.346924 0.5685715 0.09212683 0.1073938
74 0.6369947 0.1067539 0.037249 1.424798 0.8994091 5.951169 0.9671657 0.3868502 0.4781131
75 0.4995795 0.08866669 0.02883013 0.7683261 0.5678522 0.8941951 0.5414618 0.08573768 0.09366435
76 0.5417593 0.1019353 0.03366716 1.186804 0.6980899 2.083865 0.6321969 0.1411267 0.179101
77 0.6272033 0.09638 0.03351327 2.083591 0.675034 9.850141 0.7996567 0.7725739 0.8688864
78 0.6868623 0.106724 0.03535676 1.164736 0.8908744 1.323842 0.5007418 0.09410181 0.1129276
79 0.5385261 0.1033766 0.03774292 1.149548 0.7967609 NaN NaN NaN NaN
80 0.5634185 0.09633677 0.03027126 0.931966 0.647243 1.881422 0.5332501 0.1217007 0.159414
81 0.6001966 0.08953915 0.03291382 1.083459 0.7199148 1.632352 0.5901424 0.1220079 0.1470153
82 0.6003163 0.1036943 0.03420423 0.949758 0.795026 NaN NaN NaN NaN
83 0.6831037 0.1017502 0.03764649 1.605644 0.9115939 4.731205 0.7749845 0.2773372 0.3698869
84 0.6999453 0.1025337 0.03239725 1.29287 0.8060033 3.539081 0.6596964 0.2323021 0.29475
85 0.5098199 0.087658 0.03229262 0.9034993 0.6292011 1.484956 0.5503777 0.1213308 0.1391487
86 0.5778449 0.09524614 0.02833075 1.269181 0.6219974 1.187117 0.4964763 0.1006967 0.1088005
87 0.586098 0.08382814 0.02920646 1.32788 NaN NaN NaN NaN NaN
88 0.5422241 0.1028332 0.03628143 1.315673 0.6293195 NaN NaN NaN NaN
89 0.4250565 0.08315571 0.02616799 0.8255681 0.4448765 1.505333 0.5655218 0.1154355 0.1309017
90 0.5467454 0.1023036 0.03520649 1.706521 0.7529406 2.085722 0.5520866 0.1589659 0.1849912
91 0.4455169 0.09213251 0.01631943 NaN NaN NaN NaN NaN NaN
92 0.5224559 0.08479318 0.0282522 1.16517 0.5297105 1.280398 0.5160246 0.107053 0.118825
93 0.6273235 0.101355 0.03191428 1.587121 0.7129543 1.756987 0.5728469 0.1735687 0.1651689
94 0.6376066 0.09956626 0.02863364 2.153823 0.7901013 14.73114 1.529843 1.094888 1.295352
95 0.5135478 0.1035325 0.03002651 0.9099324 0.6590024 1.61976 0.5279429 0.09745454 0.1203157
96 0.5307366 0.08912226 0.0277356 1.300192 0.5256807 1.220092 0.53174 0.1071042 0.1137955
97 0.4853628 0.09230172 0.0301531 1.019738 0.5893001 2.242879 0.5375045 0.1578057 0.1908262
98 0.5110978 0.08155233 0.02392518 0.9303114 0.4593532 1.13854 0.5597771 0.1029511 0.1113391
99 0.5900515 0.09417944 0.03134805 0.9582551 0.7167544 1.616053 0.7020174 0.1282128 0.1557527
100 0.5279485 0.08994568 0.02915795 0.8766052 0.6570126 4.446078 1.407797 0.3198596 0.3952042
