1 26.43095 1.952404 -0.5041966 7.355968 3.70464 -4.487859 -0.7363617 -0.2697249 0.3113524
2 27.25462 2.042724 -0.5504504 7.86205 2.115705 -6.495777 -2.197659 -0.4649727 0.5531229
3 27.30973 1.902814 -0.4815341 9.695034 1.047415 -6.19673 -0.4276549 -0.4956099 0.5171844
4 27.27913 1.754562 -0.4931844 9.31819 2.600016 -7.536959 0.4917538 -0.558385 0.5916066
5 26.91205 1.827001 -0.4568545 6.973592 2.6509 -6.883519 -2.169673 -0.5650889 0.6539753
6 26.91421 2.029435 -0.5095112 7.701582 1.633065 -6.445453 -1.422752 -0.4356748 0.497286
7 26.18387 1.805321 -0.4625262 8.100515 1.498526 -5.391941 -0.3596339 -0.401926 0.4497986
8 27.0722 1.993828 -0.4745987 7.892386 1.802209 -8.097148 -0.7347188 -0.6219015 0.7137108
9 25.63159 1.719537 -0.509444 7.319341 4.148312 -6.537903 -1.049288 -0.4031857 0.4779775
10 26.57612 1.977911 -0.5417963 8.402039 2.012585 -14.28828 -0.4902693 -0.7896262 1.044214
11 26.61998 1.857229 -0.4940488 9.380396 3.354956 -6.240213 -1.239265 -0.6051969 0.5869505
12 26.60036 1.954373 -0.5164136 5.250927 2.615342 -9.070137 -0.9821999 -0.7634959 0.8395869
13 26.04869 1.936035 -0.501899 6.612596 2.511453 -6.089896 -1.293752 -0.4094096 0.4782518
14 27.64501 1.836019 -0.4343765 8.885118 0.9216942 -6.376811 -1.966838 -0.5821243 0.6088908
15 27.46709 2.054543 -0.5061833 10.24553 3.30988 -5.952399 -0.377676 -0.3500777 0.3929394
16 26.90998 1.906001 -0.4953162 5.57529 2.240076 -4.952892 -0.3459435 -0.2649952 0.3155303
17 28.80125 2.211106 -0.4519874 8.410069 4.405291 -6.261355 -0.4574162 -0.5647158 0.5927094
18 27.14713 1.923186 -0.4700878 7.788924 2.763036 -9.660995 -0.2916112 -0.6610173 0.7676252
19 26.17741 1.813936 -0.4877015 8.084942 2.80979 -4.566133 -0.1436755 -0.2158827 0.2576111
20 26.16953 1.898575 -0.4901486 9.486022 1.826625 -5.448617 -0.9611262 -0.3512521 0.408502
21 27.06808 2.000843 -0.4979292 7.154149 1.337582 -14.08606 -1.942824 -0.859095 1.09464
22 26.60247 1.950757 -0.5405938 7.307416 2.976092 -22.55275 -2.073728 -1.393552 1.779963
23 26.84905 2.139592 -0.5427292 7.080062 1.488589 -5.32634 -0.9268543 -0.4229809 0.4361181
24 25.91526 1.783616 -0.4941318 8.0162 8.886563 -8.017003 0.3752972 -0.5563998 0.6429952
25 27.53344 1.887914 -0.4678472 9.617996 7.076898 -20.73346 -4.69903 -1.248889 1.600866
26 26.5296 1.924051 -0.491454 7.00979 6.107679 -8.620079 0.1538419 -0.6804874 0.7506056
27 27.04298 1.973501 -0.5379348 9.453375 1.577366 -10.08895 -1.845162 -0.668701 0.7994638
28 27.42287 2.000112 -0.5050723 6.561717 2.640217 -11.49778 -1.959925 -1.013873 1.085628
29 27.75086 2.158041 -0.5108715 8.045762 4.709277 -7.557671 -0.8476229 -0.5224116 0.5831012
30 25.89994 1.890884 -0.5020212 7.330823 3.080252 -5.39675 -1.05847 -0.3988694 0.4404792
31 26.84983 1.867594 -0.5073193 8.15351 3.130726 -10.26283 -1.869587 -0.7180905 0.8609206
32 27.0308 1.895719 -0.4882261 7.80714 1.488711 -33.23251 0.189495 -2.1958 2.677374
33 26.58788 1.930316 -0.5214051 7.612936 3.096081 -12.00708 -1.399068 -0.6942829 0.8876037
34 25.57416 1.943891 -0.5313592 5.868399 3.961216 -16.71278 0.267569 -1.342383 1.519315
35 26.1159 1.931949 -0.5320656 8.935306 1.594332 -5.434346 -0.771542 -0.3331559 0.3885498
36 26.68201 2.024081 -0.5251419 6.790665 3.561292 -5.719944 -1.273396 -0.5384651 0.5490298
37 27.47629 2.068787 -0.4963683 8.943922 4.247332 -14.18382 -3.241702 -1.28446 1.343714
38 25.91824 1.780236 -0.4466907 6.572238 3.96052 -4.725288 -0.5994895 -0.33863 0.3786431
39 27.01242 2.044955 -0.4881431 6.014576 1.925467 -11.98773 -2.925731 -1.08042 1.179481
40 26.23129 1.920412 -0.5066686 7.565896 4.70174 -14.86601 -1.74578 -0.9562139 1.210853
41 27.00452 1.984151 -0.5042254 6.839385 1.9496 -8.263708 -0.2200991 -0.5569875 0.6460916
42 26.98126 2.12757 -0.501371 7.192817 2.241123 -4.9488 -0.3576608 -0.322199 0.370386
43 26.91967 2.266308 -0.5329327 6.034046 1.130154 -5.436394 0.6006862 -0.3904015 0.3745636
44 27.57315 2.032771 -0.4932181 6.793865 2.070637 -6.466296 -0.7081663 -0.4640895 0.5127758
45 26.00055 1.933909 -0.521325 7.630548 3.518419 -7.182043 -0.3992417 -0.5326763 0.5950476
46 26.87725 1.965779 -0.5078711 4.777432 2.328905 -6.331418 -1.432993 -0.4880294 0.5341282
47 26.93042 1.969302 -0.463847 7.69498 3.64304 -4.957488 -0.8115417 -0.2920783 0.3457542
48 27.18218 1.874702 -0.4495358 6.422984 3.474008 -8.29555 -0.8618166 -0.7073594 0.7708478
49 27.07634 1.912932 -0.458384 8.267843 1.292078 -8.562088 -0.4913932 -0.6243924 0.6858599
50 26.83881 1.83485 -0.5171599 7.590306 0.6721063 -18.38818 -0.628639 -1.619556 1.673099
51 27.31624 1.922268 -0.4707975 6.344759 2.488629 -5.163672 -0.9618043 -0.3244534 0.4016839
52 27.28087 1.922415 -0.5044491 7.813503 2.449695 -17.19175 -2.052176 -1.125454 1.380281
53 27.6548 1.982441 -0.4856799 7.507114 5.760154 -31.58754 -0.4857103 -2.181821 2.551491
54 26.83545 1.96927 -0.5320753 7.996443 3.140864 -8.111079 -0.733168 -0.5553132 0.6818887
55 27.27304 1.892049 -0.4777797 5.358409 1.432818 -5.321212 -0.7080702 -0.5072228 0.5042939
56 26.66126 2.015857 -0.5483879 6.915236 2.839931 -5.968454 -1.43122 -0.4866744 0.5240527
57 26.01472 1.791064 -0.5062669 7.543517 1.815651 -8.949482 0.06644203 -0.5568638 0.6741339
58 26.41768 2.019542 -0.5658462 5.895748 1.661522 -8.474713 -1.042281 -0.6992445 0.7713335
59 27.25572 2.020758 -0.5283598 5.665768 1.042412 -4.183638 -0.844983 -0.3600071 0.3627879
60 27.37238 1.892048 -0.4667248 6.602308 1.908643 -6.554228 -1.92741 -0.6103861 0.6233211
61 27.43033 2.038773 -0.4739629 7.137916 1.647975 -4.914175 -0.7405215 -0.4240572 0.443662
62 27.14672 1.845489 -0.4971636 5.594885 1.856353 -6.835075 -1.070316 -0.5933361 0.6436009
63 27.63633 2.07602 -0.539724 5.590605 2.272759 -14.69784 -2.396919 -1.219604 1.379253
64 25.97912 1.913644 -0.5054443 10.24657 12.35284 -9.560233 0.5403346 -0.691938 0.7745745
65 26.73627 2.055001 -0.510471 6.818448 4.77458 -8.574038 -1.050704 -0.6068995 0.7005715
66 26.67699 1.977324 -0.5261146 6.133097 0.4596244 -6.344326 -0.4538216 -0.4245376 0.4945847
67 26.85079 2.106234 -0.5312399 6.316046 1.218575 -6.960812 -1.128744 -0.5084541 0.5812785
68 28.14362 1.951672 -0.4679038 7.569071 1.783369 -6.182523 -0.8415486 -0.4695569 0.533667
69 28.01127 2.022848 -0.4640152 5.799822 4.00832 -13.35847 -1.538882 -0.8898159 1.096676
70 26.58162 1.996608 -0.5423882 6.337511 2.951164 -18.86532 -4.779256 -1.622815 1.828698
71 26.30519 2.009464 -0.5368804 7.289257 1.174197 -4.643125 -1.280092 -0.3299513 0.361687
72 28.48891 2.059117 -0.4616217 6.993392 0.8726065 -5.841808 -1.395969 -0.4863656 0.4991393
73 26.66987 1.867382 -0.5316894 8.211393 2.940297 -6.260843 -0.1710526 -0.3980841 0.4228827
74 27.03936 1.903088 -0.5283525 9.527173 3.304605 -11.66624 -1.596074 -0.7665431 0.9302523
75 26.88895 1.956189 -0.4940353 6.52067 1.732645 -3.922094 -1.606605 -0.2965326 0.3142982
76 26.24756 1.972822 -0.5302767 7.734328 2.623541 -7.570797 -1.090631 -0.5161525 0.6145907
77 26.26031 1.889657 -0.5254197 7.169344 6.669205 -11.22686 -0.5963108 -0.8916025 0.974816
78 27.04153 1.921434 -0.4690862 10.02307 2.283406 -6.27451 -1.075298 -0.3910041 0.4740043
79 26.07073 1.836434 -0.5355115 9.593567 2.321078 -19.19703 -2.640672 -1.423068 1.663667
80 27.00098 2.028309 -0.493976 6.963831 1.603527 -8.097526 -1.340793 -0.5245467 0.6643433
81 26.64233 1.774352 -0.4747754 7.959934 2.54218 -7.337055 -1.084029 -0.5135958 0.6041285
82 27.69359 1.996596 -0.5286151 8.881161 2.093476 -26.34488 -3.065258 -1.37449 1.861804
83 26.75537 1.767838 -0.4905261 9.994121 4.440697 -11.88038 -1.280683 -0.7604386 0.9364059
84 27.39717 1.967012 -0.4572098 8.493294 2.604116 -10.45158 -0.7506846 -0.7322184 0.874389
85 26.01456 1.802109 -0.5007696 6.896363 1.658409 -6.769807 -0.9241706 -0.5429357 0.5974686
86 27.35286 2.060719 -0.4768184 7.245198 3.190944 -6.215601 -0.1147438 -0.4381204 0.4745577
87 27.41584 1.95238 -0.4687909 6.661232 1.799223 -15.64518 -0.8731039 -1.211581 1.414939
88 25.70482 1.863782 -0.5752792 7.78076 3.716574 -18.02447 -3.584517 -1.32114 1.569767
89 26.54628 1.980341 -0.522024 5.668101 2.445058 -6.357405 -0.04989607 -0.4187074 0.448607
90 25.33786 1.894574 -0.5291479 8.2487 3.482977 -8.14292 -0.1451093 -0.5769532 0.6491526
91 26.75694 1.94326 -0.4952582 7.598444 4.644987 -25.01632 -2.506994 -1.701765 2.153172
92 26.66253 1.900997 -0.4937976 6.288151 3.515387 -6.280008 -0.4813083 -0.4830367 0.5202379
93 27.51427 2.010548 -0.4980379 7.859 4.475456 -6.208347 0.4207369 -0.5489297 0.5159462
94 28.11166 2.117105 -0.5061354 6.561567 5.871288 -17.05913 -1.498039 -1.264648 1.472444
95 27.48909 2.138209 -0.5222052 7.868162 2.160471 -8.109588 0.4703319 -0.4218253 0.5185405
96 26.93776 1.99726 -0.5027715 6.169873 4.04999 -6.192306 0.6253633 -0.4828401 0.4788507
97 26.64341 1.97475 -0.5374111 6.771892 2.591232 -8.881878 -0.2049314 -0.5542432 0.673646
98 27.74602 2.055614 -0.4629146 5.66833 2.779322 -5.687801 -0.9238702 -0.4593203 0.4706642
99 27.2677 1.932192 -0.4762378 7.553018 1.259089 -7.153769 -2.108045 -0.5503575 0.6461418
100 27.73219 1.945097 -0.4934328 7.495649 1.989192 -11.68392 -3.145363 -0.8392822 1.007191
