1 203.409 191.8359 205.7447 198.3221 198.4801 206.5577
2 174.5905 168.8193 172.6897 185.1438 175.7647 169.9636
3 199.251 172.5818 176.9365 195.9267 177.9951 179.6385
4 201.1637 185.1158 185.9389 201.0041 190.2714 187.5197
5 172.8218 173.8354 168.5398 178.4963 179.0411 178.7848
6 282.4864 255.3523 254.9388 288.4035 256.1118 262.6775
7 142.4678 149.6305 156.5262 144.3801 147.3669 153.0408
8 170.4059 149.1685 159.5641 167.7218 146.9166 158.2926
9 237.7319 279.683 260.6976 230.2517 290.084 256.2578
10 187.4431 190.1953 188.3177 206.3622 192.2572 185.5023
11 230.5327 238.2287 233.1737 228.5666 240.884 238.491
12 217.5275 222.3031 224.4795 218.7454 221.2741 230.385
13 242.2593 257.9016 270.0364 248.8935 256.7175 265.8548
14 216.2696 201.1628 200.1066 223.5808 196.6182 193.3659
15 291.9954 240.4234 269.2548 289.663 237.2986 257.8295
16 236.6049 241.7712 225.1002 230.3828 227.5099 213.1716
17 148.3347 119.8604 126.7293 162.7086 122.7836 127.1326
18 204.3303 200.6054 193.391 222.5114 211.8528 195.7382
19 201.2597 223.6861 220.4747 200.7992 221.0327 217.0786
20 183.2455 184.1267 181.9792 189.3119 192.5555 190.4771
21 296.5488 280.8154 276.7731 303.8996 278.321 267.2139
22 188.7002 181.6322 200.8964 204.48 186.6449 201.2805
23 274.9257 263.4981 271.5414 266.4801 275.2212 267.7471
24 164.4459 158.6862 167.361 149.0289 157.8918 173.1771
25 302.7961 271.2782 259.9906 294.2725 270.3657 259.2418
26 183.563 171.6027 173.8194 184.4748 171.9889 170.5553
27 224.5882 217.8236 202.9469 234.6464 208.8663 209.2853
28 247.1585 225.1821 234.7785 270.2382 218.1014 238.7949
29 291.2417 253.2345 256.3101 291.1739 265.6264 262.181
30 200.6239 218.4638 205.0282 198.065 220.3996 204.9223
31 204.4298 205.8541 208.9464 204.4922 212.718 205.1486
32 168.797 171.0204 156.5893 170.2765 165.1716 160.581
33 254.7412 256.6661 246.0927 267.2567 258.0636 239.9877
34 174.9362 187.5725 187.322 178.0763 188.7456 189.6698
35 202.043 205.7435 219.9803 214.8064 206.1628 220.2133
36 193.2835 211.6135 192.9914 193.8965 207.2673 200.0615
37 214.4691 190.8804 193.1694 226.0151 190.234 191.0003
38 178.8514 192.2793 186.826 179.2579 196.9307 190.8748
39 248.3357 223.1734 224.4939 250.2859 238.1363 220.1495
40 182.637 178.4608 181.0033 192.9912 177.7392 178.4483
41 237.9398 204.6463 216.2149 231.9285 207.8196 215.8666
42 184.9163 170.6543 185.6638 189.1433 175.0109 182.2033
43 310.5646 281.3937 268.4568 309.4583 261.0924 266.5515
44 230.5661 223.938 212.5495 241.4763 227.7488 207.4974
45 188.1691 205.373 215.1294 188.4018 212.2049 207.0697
46 298.4401 314.4007 301.318 308.5416 302.7028 293.1048
47 245.2639 204.6737 221.5731 227.9574 214.1116 214.4171
48 218.2467 193.1293 196.0888 216.9161 202.7706 195.7654
49 261.9433 258.4555 266.3943 282.4091 259.5652 265.7175
50 230.8162 222.6943 226.0877 233.2618 223.5509 229.0254
51 159.5654 146.1905 138.8177 157.2256 146.6226 141.2909
52 206.5646 194.3944 188.0481 208.4828 193.8997 182.6817
53 272.8287 222.28 215.7646 259.5798 224.3979 220.2098
54 133.0361 140.7571 135.2117 146.3422 144.6067 135.2213
55 225.8957 227.1929 228.2174 229.3604 225.6452 229.0691
56 201.222 216.2214 194.5364 208.4714 208.0945 190.224
57 233.5524 266.0495 262.7618 228.3777 266.2756 255.8942
58 181.9032 202.7873 203.9325 187.0514 205.9074 202.3948
59 179.5368 175.0904 175.4779 180.767 176.1264 166.5712
60 256.3375 251.2815 228.34 254.1702 239.9915 227.0442
61 175.6099 159.2059 159.9244 177.1033 164.3218 163.4522
62 216.1443 207.0021 194.0987 207.3209 203.5678 189.5208
63 200.9539 184.4641 182.8321 202.8318 181.9504 180.58
64 120.3654 131.7681 132.9218 135.6713 135.4844 133.3933
65 215.5825 207.048 213.3271 227.462 217.6157 211.2041
66 184.4791 189.752 198.24 188.2091 182.3226 200.1492
67 239.7465 229.4543 221.5568 249.5175 237.9569 221.8671
68 177.6013 150.9571 154.1981 171.1821 157.085 148.5296
69 255.3911 239.4048 225.6261 261.2297 230.9259 220.8421
70 176.3841 206.3314 185.9128 184.8153 201.9657 191.2789
71 205.4547 225.8353 213.6623 215.6386 224.0722 208.389
72 301.6871 223.4482 227.8207 306.08 221.6909 228.1927
73 319.1608 329.1768 322.0426 319.9281 326.4293 319.7472
74 175.1571 171.5241 181.7679 173.7561 176.9906 174.2376
75 219.3737 212.8726 201.9124 223.4516 209.6647 196.7009
76 184.2091 173.3712 183.1248 191.8419 181.0756 190.6422
77 180.3281 191.7156 200.2944 181.2524 192.7314 201.1978
78 195.5673 207.2808 189.2742 203.5544 197.3544 188.8471
79 190.34 201.2564 217.6173 198.3666 211.8511 214.2768
80 190.132 166.6417 174.5987 182.966 167.5821 172.4504
81 187.6566 185.3032 185.0789 186.3881 183.8777 183.3299
82 176.1845 163.5723 164.1839 194.8777 163.7947 164.3373
83 175.2554 170.1114 168.4973 172.2951 171.368 164.5213
84 176.1845 159.661 149.9064 185.9044 156.9979 147.9903
85 187.0602 204.2531 209.1848 181.9278 197.2458 198.3889
86 273.0653 234.8035 243.1226 263.8641 236.7899 243.2296
87 169.7262 160.6786 163.3699 174.5345 163.6322 163.3448
88 166.1592 198.4386 192.5854 181.4021 207.8429 190.4191
89 348.6047 356.7068 373.0389 357.5513 365.4759 373.9817
90 196.8609 212.4242 245.5311 192.6734 216.2897 237.9428
91 142.2001 132.7771 135.7637 147.7723 137.7341 133.9211
92 253.2345 251.997 251.3657 243.9078 239.8838 253.35
93 205.8401 188.3117 181.3907 216.9253 189.354 182.6409
94 220.8797 167.9804 180.948 209.2547 169.3063 179.4247
95 279.1557 230.0755 238.7345 287.0076 237.3871 237.5615
96 274.141 251.6388 252.3727 254.7377 244.4411 241.1216
97 206.5408 207.1152 230.8667 210.772 196.0519 213.4138
98 339.7186 288.0276 319.8965 339.0438 300.5212 305.0865
99 191.7127 168.0195 170.0535 190.5086 162.4426 166.4082
100 274.2358 229.1419 242.9834 276.4607 234.4139 239.957
