1 8503.325 8566.459 8555.495 8722.981 8778.014 8748.433
2 8481.027 8558.889 8521.492 8695.107 8774.535 8734.566
3 8625.688 8685.156 8707.129 8766.92 8825.623 8836.569
4 8506.38 8601.768 8576.573 8687.562 8803.259 8746.839
5 8494.511 8559.847 8554.576 8605.198 8690.678 8674.828
6 8416.546 8487.33 8460.054 8500.319 8559.002 8544.316
7 8209.021 8263.909 8274.14 8423.689 8489.594 8501.48
8 8250.471 8304.429 8308.909 8450.06 8524.108 8518.843
9 8147.292 8229.746 8220.239 8319.475 8371.636 8362.167
10 8370.443 8409.033 8399.745 8481.149 8514.303 8507.805
11 8275.544 8382.441 8346.482 8504.245 8588.194 8554.064
12 8492.313 8553.211 8584.957 8598.589 8649.562 8661.787
13 7995.872 8086.933 8100.86 8203.108 8269.52 8282.865
14 8596.189 8645.997 8662.628 8689.815 8747.265 8747.529
15 8544.655 8639.942 8577.078 8711.079 8809.801 8764.207
16 8598.153 8644.361 8640.511 8791.118 8837.161 8816.392
17 8248.469 8333.764 8331.321 8376.175 8469.034 8457.334
18 8381.48 8480.451 8443.786 8539.715 8615.873 8577.535
19 8680.992 8772.421 8720.174 8825.22 8907.079 8871.521
20 8432.311 8545.255 8509.214 8617.429 8692.96 8670.617
21 8388.205 8400.119 8425.656 8431.113 8488.97 8504.139
22 8584.499 8626.323 8643.281 8784.766 8829.387 8840.166
23 8148.979 8215.86 8216.174 8369.847 8449.121 8451.219
24 8432.113 8544.913 8511.331 8658.669 8732.354 8695.06
25 8369.553 8430.327 8405.763 8504.105 8577.708 8551.511
26 8401.052 8530.663 8490.55 8654.743 8705.45 8665.429
27 8545.142 8583.163 8565.536 8710.315 8758.277 8753.03
28 8340.225 8440.564 8432.989 8460.966 8548.411 8522.093
29 8267.582 8334.526 8348.785 8492.376 8546.742 8551.734
30 8579.07 8660.222 8673.838 8849.823 8906.809 8932.825
31 8267.858 8329.605 8292.434 8358.324 8417.344 8405.753
32 8632.874 8711.519 8673.959 8770.337 8849.49 8817.257
33 8072.734 8184.298 8159.431 8168.109 8278.199 8263.495
34 8481.731 8562.098 8558.04 8732.373 8796.218 8791.622
35 8321.666 8410.56 8405.639 8635.319 8723.469 8705.5
36 8260.96 8385.087 8350.766 8462.956 8552.448 8539.504
37 8273.836 8406.133 8369.35 8490.69 8571.514 8540.772
38 8350.573 8408.917 8416.121 8549.639 8618.115 8606.089
39 8637.927 8736.499 8679.037 8750.729 8835.373 8783.639
40 8612.829 8655.62 8638.525 8841.124 8888.744 8870.379
41 8386.877 8465.214 8434.672 8689.763 8787.855 8746.574
42 8524.503 8567.98 8598.536 8738.875 8778.939 8805.761
43 8503.976 8580.097 8590.73 8847.894 8918.348 8921.457
44 8513.944 8574.742 8535.696 8703.955 8768.216 8737.471
45 8139.667 8241.594 8199.825 8357.136 8447.449 8405.999
46 8140.139 8197.379 8199.49 8378.412 8425.122 8435.832
47 8591.998 8638.844 8630.351 8684.081 8734.656 8729.094
48 8427.785 8532.501 8494.982 8550.768 8630.93 8595.169
49 8396.015 8465.812 8427.684 8584.258 8674.726 8633.735
50 8674.791 8734.392 8732.13 8886.055 8934.24 8928.911
51 8549.854 8611.356 8621.454 8656.553 8724.212 8705.579
52 8103.626 8193.122 8200.174 8248.798 8276.042 8314.973
53 8515.664 8562.601 8579.504 8704.488 8741.119 8747.813
54 8963.051 9039.131 9009.847 9296.258 9357.864 9341.614
55 8458.401 8538.088 8541.163 8603.873 8653.155 8660.627
56 8403.891 8494.669 8458.662 8701.196 8771.242 8728.528
57 8584.474 8676.205 8648.404 8707.219 8776.822 8761.234
58 8186.248 8262.121 8272.492 8287.545 8353.833 8373.82
59 8258.337 8324.921 8353.162 8500.145 8549.904 8575.041
60 8378.156 8432.147 8451.419 8715.074 8756.677 8774.586
61 8457.954 8513.576 8484.048 8554.159 8616.28 8592.908
62 8421.704 8513.357 8468.356 8616.7 8687.74 8667.445
63 8467.05 8507.949 8512.649 8617.814 8662.621 8659.39
64 8387.75 8420.921 8414.519 8642.457 8676.825 8663.539
65 8596.035 8661.758 8637.846 8725.876 8786.342 8774.051
66 8960.083 8992.599 8958.915 9122.531 9162.242 9137.389
67 7907.59 8052.188 8009.286 8203.599 8317.535 8270.261
68 8648.947 8750.687 8713.416 8829.349 8905.907 8880.649
69 8739.065 8819.794 8789.565 8922.499 9001.181 8978.854
70 8307.102 8405.385 8379.8 8507.72 8592.185 8575.115
71 8449.089 8548.442 8493.281 8588.247 8676.018 8615.923
72 8353.602 8459.654 8395.236 8511.081 8610.381 8564.363
73 8501.67 8577.171 8566.984 8624.703 8695.383 8687.125
74 8200.399 8303.664 8284.316 8364.021 8469.208 8431.603
75 8007.89 8098.28 8093.131 8302.637 8390.227 8360.086
76 8402.434 8483.943 8458.171 8692.573 8758.663 8733.184
77 8161.151 8258.896 8226.167 8567.473 8634.911 8608.926
78 8472.078 8551.719 8557.152 8610.049 8689.881 8688.069
79 8724.157 8789.146 8779.825 8824.196 8893.709 8853.419
80 8193.605 8309.063 8281.745 8374.285 8445.543 8414.444
81 8212.844 8326.447 8289.975 8359.134 8454.992 8404.944
82 8456.352 8538.066 8527.734 8669.254 8721.667 8727.471
83 8331.523 8399.991 8412.979 8474.339 8528.848 8537.828
84 8266.203 8389.668 8337.282 8409.882 8509.052 8476.013
85 8554.099 8587.918 8577.514 8778.549 8834.005 8817.197
86 8631.256 8711.82 8699.039 8825.064 8903.225 8903.772
87 8390.246 8478.87 8444.102 8525.561 8595.451 8558.124
88 8491.181 8524.197 8522.897 8643.539 8680.663 8693.027
89 8465.548 8542.787 8521.636 8618.157 8669.014 8666.492
90 8366.455 8437.226 8413.082 8465.906 8526.418 8504.759
91 8427.333 8519.927 8512.75 8546.549 8628.306 8613.504
92 8719.078 8794.963 8773.613 8858.734 8927.907 8904.647
93 8467.12 8574.091 8528.053 8635.798 8720.29 8688.61
94 8573.868 8667.513 8617.58 8739.096 8837.652 8780.853
95 8634.471 8700.968 8697.196 8780.461 8837.808 8823.749
96 8479.742 8524.68 8537.025 8585.584 8636.897 8643.435
97 8337.389 8390.203 8384.931 8497.655 8554.843 8559.217
98 8648.978 8728.198 8724.768 8813.675 8874.284 8855.251
99 8950.03 8964.829 8959.936 9099.858 9136.277 9122.315
100 8747.9 8808.339 8820.657 8984.095 9032.211 9017.913
