1 8536.309 8596.144 8578.583 8755.964 8807.699 8771.521
2 8514.011 8588.574 8544.58 8728.09 8804.219 8757.654
3 8658.671 8714.841 8730.217 8799.903 8855.308 8859.657
4 8539.363 8631.452 8599.661 8720.545 8832.944 8769.927
5 8527.495 8589.532 8577.664 8638.181 8720.363 8697.916
6 8449.529 8517.015 8483.142 8533.302 8588.687 8567.404
7 8242.004 8293.594 8297.228 8456.672 8519.279 8524.568
8 8283.454 8334.113 8331.997 8483.043 8553.792 8541.931
9 8180.275 8259.431 8243.328 8352.458 8401.321 8385.255
10 8403.426 8438.718 8422.833 8514.132 8543.988 8530.893
11 8308.527 8412.126 8369.57 8537.228 8617.879 8577.153
12 8525.296 8582.895 8608.045 8631.573 8679.247 8684.875
13 8028.856 8116.618 8123.948 8236.091 8299.205 8305.954
14 8629.173 8675.682 8685.716 8722.799 8776.95 8770.618
15 8577.638 8669.627 8600.166 8744.062 8839.486 8787.295
16 8631.136 8674.046 8663.599 8824.101 8866.846 8839.48
17 8281.452 8363.448 8354.409 8409.158 8498.719 8480.422
18 8414.463 8510.135 8466.874 8572.698 8645.558 8600.623
19 8713.975 8802.105 8743.262 8858.203 8936.763 8894.609
20 8465.294 8574.94 8532.302 8650.412 8722.644 8693.705
21 8421.189 8429.804 8448.745 8464.096 8518.655 8527.227
22 8617.482 8656.008 8666.369 8817.75 8859.072 8863.254
23 8181.962 8245.545 8239.262 8402.83 8478.805 8474.307
24 8465.097 8574.597 8534.42 8691.652 8762.039 8718.148
25 8402.537 8460.012 8428.851 8537.088 8607.393 8574.599
26 8434.035 8560.348 8513.639 8687.726 8735.134 8688.518
27 8578.125 8612.848 8588.624 8743.298 8787.962 8776.119
28 8373.208 8470.249 8456.077 8493.949 8578.095 8545.181
29 8300.566 8364.211 8371.874 8525.359 8576.427 8574.823
30 8612.053 8689.907 8696.926 8882.806 8936.494 8955.913
31 8300.841 8359.29 8315.522 8391.308 8447.029 8428.841
32 8665.857 8741.204 8697.047 8803.32 8879.175 8840.346
33 8105.717 8213.983 8182.519 8201.092 8307.884 8286.583
34 8514.714 8591.783 8581.129 8765.356 8825.903 8814.711
35 8354.649 8440.245 8428.727 8668.303 8753.154 8728.589
36 8293.943 8414.771 8373.855 8495.939 8582.133 8562.592
37 8306.819 8435.817 8392.438 8523.674 8601.198 8563.861
38 8383.556 8438.602 8439.209 8582.622 8647.799 8629.177
39 8670.91 8766.184 8702.126 8783.712 8865.057 8806.727
40 8645.813 8685.305 8661.613 8874.107 8918.429 8893.467
41 8419.86 8494.899 8457.76 8722.746 8817.54 8769.662
42 8557.487 8597.665 8621.624 8771.858 8808.624 8828.849
43 8536.959 8609.782 8613.818 8880.878 8948.032 8944.545
44 8546.927 8604.426 8558.784 8736.938 8797.9 8760.559
45 8172.651 8271.279 8222.913 8390.119 8477.134 8429.087
46 8173.122 8227.064 8222.578 8411.395 8454.807 8458.92
47 8624.981 8668.529 8653.439 8717.064 8764.341 8752.182
48 8460.768 8562.186 8518.07 8583.751 8660.615 8618.258
49 8428.999 8495.497 8450.772 8617.241 8704.411 8656.823
50 8707.774 8764.077 8755.219 8919.038 8963.925 8951.999
51 8582.838 8641.041 8644.542 8689.536 8753.897 8728.667
52 8136.609 8222.807 8223.263 8281.782 8305.727 8338.061
53 8548.647 8592.286 8602.592 8737.471 8770.804 8770.901
54 8996.034 9068.816 9032.935 9329.241 9387.549 9364.702
55 8491.384 8567.773 8564.251 8636.856 8682.84 8683.715
56 8436.875 8524.354 8481.75 8734.179 8800.927 8751.617
57 8617.457 8705.89 8671.492 8740.202 8806.507 8784.323
58 8219.231 8291.806 8295.58 8320.528 8383.518 8396.908
59 8291.32 8354.606 8376.25 8533.128 8579.589 8598.129
60 8411.139 8461.832 8474.507 8748.058 8786.362 8797.674
61 8490.937 8543.26 8507.136 8587.142 8645.965 8615.996
62 8454.687 8543.042 8491.445 8649.684 8717.425 8690.533
63 8500.033 8537.634 8535.737 8650.798 8692.306 8682.478
64 8420.733 8450.606 8437.607 8675.441 8706.51 8686.627
65 8629.018 8691.443 8660.935 8758.86 8816.027 8797.139
66 8993.066 9022.283 8982.003 9155.514 9191.926 9160.477
67 7940.573 8081.873 8032.374 8236.582 8347.22 8293.35
68 8681.93 8780.372 8736.504 8862.332 8935.592 8903.737
69 8772.048 8849.479 8812.653 8955.482 9030.866 9001.943
70 8340.085 8435.07 8402.888 8540.703 8621.87 8598.203
71 8482.072 8578.127 8516.369 8621.23 8705.702 8639.012
72 8386.585 8489.339 8418.325 8544.064 8640.065 8587.451
73 8534.653 8606.855 8590.072 8657.686 8725.068 8710.213
74 8233.383 8333.349 8307.405 8397.005 8498.893 8454.692
75 8040.874 8127.965 8116.22 8335.62 8419.912 8383.174
76 8435.417 8513.628 8481.259 8725.556 8788.348 8756.272
77 8194.134 8288.581 8249.255 8600.456 8664.596 8632.015
78 8505.061 8581.404 8580.241 8643.032 8719.566 8711.157
79 8757.141 8818.83 8802.913 8857.18 8923.394 8876.507
80 8226.588 8338.748 8304.833 8407.269 8475.228 8437.532
81 8245.828 8356.132 8313.063 8392.118 8484.677 8428.032
82 8489.335 8567.751 8550.822 8702.237 8751.352 8750.559
83 8364.507 8429.675 8436.068 8507.322 8558.533 8560.917
84 8299.186 8419.353 8360.37 8442.865 8538.737 8499.101
85 8587.082 8617.603 8600.602 8811.532 8863.69 8840.285
86 8664.239 8741.505 8722.127 8858.047 8932.91 8926.86
87 8423.23 8508.555 8467.19 8558.544 8625.135 8581.212
88 8524.164 8553.882 8545.985 8676.523 8710.347 8716.115
89 8498.531 8572.472 8544.724 8651.141 8698.699 8689.581
90 8399.439 8466.911 8436.17 8498.889 8556.103 8527.847
91 8460.316 8549.612 8535.839 8579.532 8657.991 8636.592
92 8752.061 8824.648 8796.701 8891.717 8957.591 8927.735
93 8500.103 8603.776 8551.141 8668.781 8749.974 8711.698
94 8606.851 8697.198 8640.669 8772.079 8867.337 8803.941
95 8667.454 8730.653 8720.284 8813.444 8867.493 8846.837
96 8512.725 8554.365 8560.113 8618.567 8666.582 8666.524
97 8370.372 8419.888 8408.02 8530.639 8584.528 8582.305
98 8681.961 8757.883 8747.856 8846.658 8903.969 8878.339
99 8983.013 8994.514 8983.024 9132.841 9165.962 9145.403
100 8780.883 8838.023 8843.745 9017.078 9061.896 9041.001
