1 0.23
2 0.275
3 0.215
4 0.26
5 0.255
6 0.245
7 0.28
8 0.32
9 0.325
10 0.29
11 0.285
12 0.23
13 0.335
14 0.21
15 0.24
16 0.21
17 0.26
18 0.27
19 0.245
20 0.27
21 0.235
22 0.21
23 0.27
24 0.25
25 0.25
26 0.255
27 0.225
28 0.255
29 0.245
30 0.24
31 0.27
32 0.225
33 0.27
34 0.26
35 0.295
36 0.295
37 0.255
38 0.24
39 0.255
40 0.235
41 0.26
42 0.23
43 0.26
44 0.245
45 0.29
46 0.305
47 0.25
48 0.24
49 0.265
50 0.235
51 0.26
52 0.26
53 0.23
54 0.19
55 0.235
56 0.255
57 0.21
58 0.27
59 0.28
60 0.24
61 0.24
62 0.275
63 0.24
64 0.245
65 0.235
66 0.19
67 0.33
68 0.225
69 0.23
70 0.255
71 0.25
72 0.26
73 0.23
74 0.27
75 0.29
76 0.29
77 0.285
78 0.255
79 0.19
80 0.29
81 0.27
82 0.21
83 0.245
84 0.275
85 0.225
86 0.25
87 0.265
88 0.25
89 0.22
90 0.3
91 0.245
92 0.205
93 0.255
94 0.235
95 0.24
96 0.255
97 0.26
98 0.205
99 0.18
100 0.2
