1 -4241.663 -4274.23 -4270.747 -4351.491 -4380.007 -4367.216
2 -4230.514 -4270.444 -4253.746 -4337.553 -4378.267 -4360.283
3 -4302.844 -4333.578 -4346.565 -4373.46 -4403.811 -4411.284
4 -4243.19 -4291.884 -4281.287 -4333.781 -4392.629 -4366.42
5 -4237.256 -4270.924 -4270.288 -4292.599 -4336.339 -4330.414
6 -4198.273 -4234.665 -4223.027 -4240.159 -4270.501 -4265.158
7 -4094.51 -4122.954 -4130.07 -4201.844 -4235.797 -4243.74
8 -4115.235 -4143.214 -4147.454 -4215.03 -4253.054 -4252.421
9 -4063.646 -4105.873 -4103.12 -4149.738 -4176.818 -4174.084
10 -4175.221 -4195.516 -4192.873 -4230.574 -4248.151 -4246.902
11 -4127.772 -4182.22 -4166.241 -4242.122 -4285.097 -4270.032
12 -4236.156 -4267.605 -4285.479 -4289.295 -4315.781 -4323.893
13 -3987.936 -4034.467 -4043.43 -4091.554 -4125.76 -4134.433
14 -4288.095 -4313.998 -4324.314 -4334.908 -4364.633 -4366.765
15 -4262.328 -4310.971 -4281.539 -4345.539 -4395.901 -4375.104
16 -4289.076 -4313.181 -4313.255 -4385.559 -4409.58 -4401.196
17 -4114.234 -4157.882 -4158.661 -4178.088 -4225.517 -4221.667
18 -4180.74 -4231.225 -4214.893 -4259.857 -4298.937 -4281.767
19 -4330.496 -4377.21 -4353.087 -4402.61 -4444.539 -4428.76
20 -4206.156 -4263.627 -4247.607 -4298.715 -4337.48 -4328.309
21 -4184.103 -4191.06 -4205.828 -4205.556 -4235.485 -4245.069
22 -4282.249 -4304.161 -4314.64 -4382.383 -4405.694 -4413.083
23 -4064.49 -4098.93 -4101.087 -4174.924 -4215.56 -4218.609
24 -4206.057 -4263.456 -4248.666 -4319.335 -4357.177 -4340.53
25 -4174.777 -4206.164 -4195.882 -4242.053 -4279.854 -4268.756
26 -4190.526 -4256.332 -4238.275 -4317.371 -4343.725 -4325.715
27 -4262.571 -4282.582 -4275.768 -4345.157 -4370.138 -4369.515
28 -4160.112 -4211.282 -4209.494 -4220.483 -4265.205 -4254.046
29 -4123.791 -4158.263 -4167.393 -4236.188 -4264.371 -4268.867
30 -4279.535 -4321.111 -4329.919 -4414.912 -4444.405 -4459.413
31 -4123.929 -4155.803 -4139.217 -4169.162 -4199.672 -4195.876
32 -4306.437 -4346.76 -4329.979 -4375.169 -4415.745 -4401.629
33 -4026.367 -4083.149 -4072.715 -4074.054 -4130.1 -4124.748
34 -4230.866 -4272.049 -4272.02 -4356.187 -4389.109 -4388.811
35 -4150.833 -4196.28 -4195.819 -4307.66 -4352.735 -4345.75
36 -4120.48 -4183.543 -4168.383 -4221.478 -4267.224 -4262.752
37 -4126.918 -4194.066 -4177.675 -4235.345 -4276.757 -4263.386
38 -4165.286 -4195.458 -4201.061 -4264.82 -4300.057 -4296.044
39 -4308.963 -4359.25 -4332.519 -4365.365 -4408.686 -4384.819
40 -4296.415 -4318.81 -4312.262 -4410.562 -4435.372 -4428.189
41 -4183.438 -4223.607 -4210.336 -4334.882 -4384.927 -4366.287
42 -4252.252 -4274.99 -4292.268 -4359.437 -4380.47 -4395.88
43 -4241.988 -4281.048 -4288.365 -4413.947 -4450.174 -4453.729
44 -4246.972 -4278.371 -4260.848 -4341.977 -4375.108 -4361.736
45 -4059.834 -4111.797 -4092.913 -4168.568 -4214.725 -4196
46 -4060.069 -4089.69 -4092.745 -4179.206 -4203.561 -4210.916
47 -4285.999 -4310.422 -4308.175 -4332.04 -4358.328 -4357.547
48 -4203.892 -4257.251 -4240.491 -4265.384 -4306.465 -4290.585
49 -4188.008 -4223.906 -4206.842 -4282.129 -4328.363 -4309.867
50 -4327.395 -4358.196 -4359.065 -4433.027 -4458.12 -4457.455
51 -4264.927 -4296.678 -4303.727 -4318.276 -4353.106 -4345.79
52 -4041.813 -4087.561 -4093.087 -4114.399 -4129.021 -4150.486
53 -4247.832 -4272.301 -4282.752 -4342.244 -4361.559 -4366.906
54 -4471.526 -4510.566 -4497.924 -4638.129 -4669.932 -4663.807
55 -4219.2 -4260.044 -4263.581 -4291.937 -4317.578 -4323.313
56 -4191.946 -4238.334 -4222.331 -4340.598 -4376.621 -4357.264
57 -4282.237 -4329.103 -4317.202 -4343.61 -4379.411 -4373.617
58 -4083.124 -4122.061 -4129.246 -4133.772 -4167.916 -4179.91
59 -4119.168 -4153.46 -4169.581 -4240.072 -4265.952 -4280.52
60 -4179.078 -4207.073 -4218.709 -4347.537 -4369.339 -4380.293
61 -4218.977 -4247.788 -4235.024 -4267.08 -4299.14 -4289.454
62 -4200.852 -4247.679 -4227.178 -4298.35 -4334.87 -4326.722
63 -4223.525 -4244.974 -4249.325 -4298.907 -4322.311 -4322.695
64 -4183.875 -4201.461 -4200.26 -4311.229 -4329.413 -4324.77
65 -4288.018 -4321.879 -4311.923 -4352.938 -4384.171 -4380.025
66 -4470.041 -4487.299 -4472.457 -4551.265 -4572.121 -4561.694
67 -3943.795 -4017.094 -3997.643 -4091.8 -4149.768 -4128.131
68 -4314.473 -4366.344 -4349.708 -4404.674 -4443.954 -4433.324
69 -4359.532 -4400.897 -4387.782 -4451.25 -4491.591 -4482.427
70 -4143.551 -4193.692 -4182.9 -4243.86 -4287.092 -4280.557
71 -4214.544 -4265.221 -4239.64 -4284.123 -4329.009 -4300.962
72 -4166.801 -4220.827 -4190.618 -4245.54 -4296.19 -4275.182
73 -4240.835 -4279.585 -4276.492 -4302.351 -4338.692 -4336.562
74 -4090.2 -4142.832 -4135.158 -4172.011 -4225.604 -4208.802
75 -3993.945 -4040.14 -4039.566 -4141.318 -4186.114 -4173.043
76 -4191.217 -4232.971 -4222.085 -4336.286 -4370.332 -4359.592
77 -4070.576 -4120.448 -4106.084 -4273.736 -4308.456 -4297.463
78 -4226.039 -4266.86 -4271.576 -4295.024 -4335.941 -4337.035
79 -4352.079 -4385.573 -4382.913 -4402.098 -4437.855 -4419.71
80 -4086.802 -4145.532 -4133.873 -4177.143 -4213.771 -4200.222
81 -4096.422 -4154.223 -4137.988 -4169.567 -4218.496 -4195.472
82 -4218.176 -4260.033 -4256.867 -4324.627 -4351.833 -4356.735
83 -4155.762 -4190.995 -4199.49 -4227.17 -4255.424 -4261.914
84 -4123.101 -4185.834 -4161.641 -4194.941 -4245.526 -4231.006
85 -4267.049 -4284.959 -4281.757 -4379.275 -4408.003 -4401.598
86 -4305.628 -4346.91 -4342.519 -4402.532 -4442.613 -4444.886
87 -4185.123 -4230.435 -4215.051 -4252.781 -4288.725 -4272.062
88 -4235.59 -4253.098 -4254.448 -4311.77 -4331.331 -4339.513
89 -4222.774 -4262.394 -4253.818 -4299.079 -4325.507 -4326.246
90 -4173.228 -4209.613 -4199.541 -4222.953 -4254.209 -4245.379
91 -4203.667 -4250.963 -4249.375 -4263.275 -4305.153 -4299.752
92 -4349.539 -4388.482 -4379.806 -4419.367 -4454.953 -4445.324
93 -4223.56 -4278.045 -4257.027 -4307.899 -4351.145 -4337.305
94 -4276.934 -4324.757 -4301.79 -4359.548 -4409.826 -4383.426
95 -4307.236 -4341.484 -4341.598 -4380.23 -4409.904 -4404.874
96 -4229.871 -4253.34 -4261.512 -4282.792 -4309.449 -4314.718
97 -4158.694 -4186.102 -4185.466 -4238.828 -4268.421 -4272.608
98 -4314.489 -4355.099 -4355.384 -4396.837 -4428.142 -4420.625
99 -4465.015 -4473.415 -4472.968 -4539.929 -4559.138 -4554.158
100 -4363.95 -4395.169 -4403.329 -4482.047 -4507.105 -4501.956
