1 132.2451 126.5877 131.0337 130.3986 126.4986 130.7222
2 102.854 104.1438 103.1948 103.1854 104.5276 102.8538
3 140.415 136.9215 137.7164 139.3595 135.5087 136.9351
4 113.123 110.3429 109.8599 113.8765 110.651 108.9566
5 115.984 112.2863 110.6 114.0899 112.5155 110.6532
6 122.4695 111.3375 119.0371 121.1416 111.6862 120.5221
7 99.25686 98.71576 96.56007 99.60408 99.06467 96.78154
8 91.30088 87.99257 87.30514 92.14296 88.25033 87.17643
9 86.14452 80.6795 84.02121 85.595 80.39267 84.15313
10 102.0487 95.51546 100.5387 101.9102 94.78647 100.7745
11 104.9565 100.217 102.4808 104.6039 100.9999 102.1699
12 129.7263 120.2533 119.518 130.4321 120.8365 121.5498
13 82.39025 82.08861 78.76693 81.96328 82.58468 78.62149
14 150.5644 144.2568 143.6221 148.7793 144.2509 144.1291
15 125.084 122.8648 125.9811 123.6448 124.5335 125.0248
16 143.3075 142.768 145.4966 145.1134 142.9913 145.0153
17 112.325 111.2589 111.5531 113.3388 111.3567 111.9156
18 106.5983 107.0675 105.1567 106.7006 107.2554 105.4177
19 123.8858 121.4584 122.4528 124.3492 121.3045 122.4692
20 105.9097 102.2699 102.117 106.4168 101.228 101.4865
21 124.2037 122.1503 123.0362 125.9071 121.6316 122.9971
22 142.4178 140.3993 133.7636 142.2882 140.9501 133.7696
23 102.4661 102.5209 104.8159 104.454 102.6478 104.2402
24 121.9202 112.8762 110.8061 123.076 112.3583 110.1938
25 112.5376 109.914 115.3459 112.9582 109.3818 114.8282
26 113.4461 110.9483 115.0935 113.759 111.7694 116.1026
27 134.299 130.1021 133.5392 133.6248 129.5737 134.3572
28 114.5135 109.4303 108.1379 115.7076 110.8312 108.4482
29 123.7921 120.2376 119.4668 123.1977 121.0217 118.8771
30 121.5936 118.9184 123.5587 122.767 121.0771 123.4702
31 102.1923 101.3145 107.6666 102.4107 103.1948 108.8667
32 134.5063 132.7309 131.009 134.7369 133.1154 131.2101
33 103.9225 99.30421 104.6426 104.6335 98.82969 104.6209
34 113.0157 104.4399 104.6921 113.7116 103.5054 104.8769
35 102.2181 98.99871 96.00848 102.8715 98.93335 96.64807
36 99.79149 90.49343 92.25166 100.0212 90.54027 91.74339
37 117.3792 116.58 114.7136 118.2586 115.4625 113.6208
38 122.2786 120.6842 116.5476 124.3354 120.5196 117.1948
39 115.6428 113.4268 114.3051 115.8655 115.0858 114.3104
40 127.417 123.8298 128.219 128.7848 123.5639 127.2967
41 111.4586 110.0838 111.7373 112.1022 110.6259 112.7728
42 127.3877 120.7044 126.221 124.9 119.7917 126.5152
43 107.4287 109.5431 105.498 108.8679 109.5778 105.1004
44 116.6864 116.4365 115.2566 117.1945 115.4284 114.7831
45 98.88461 93.6701 95.62296 98.59394 94.25287 94.70595
46 92.5856 93.72266 89.20697 91.50094 92.75034 89.44623
47 114.9085 110.5607 109.7665 115.4911 110.597 108.131
48 124.1095 117.9903 123.6588 124.8738 118.7999 123.8449
49 110.8504 103.4063 110.0315 110.5064 103.2895 110.5323
50 125.062 120.8467 118.397 124.0413 120.5608 118.5042
51 110.5216 106.3413 110.4417 111.598 106.6101 110.519
52 111.6645 103.4104 103.9812 110.7818 104.1937 102.8494
53 132.7848 128.6848 127.7201 132.6007 129.7314 128.1493
54 160.4977 155.902 149.3455 161.6741 155.0695 149.1113
55 124.3873 120.509 118.1156 125.4652 119.5933 117.8957
56 116.0585 112.6026 113.6071 116.8172 113.9188 114.9341
57 144.9446 132.3119 132.5407 143.8349 132.9019 134.1772
58 108.4403 103.2743 101.8283 108.9756 102.7777 102.8053
59 101.1711 99.26621 101.5038 101.9528 99.44548 102.1777
60 129.1194 120.4636 117.5564 129.8814 121.245 118.2381
61 123.1355 120.5613 118.7053 124.6295 120.5102 118.5593
62 105.0659 99.92467 98.21118 104.7136 98.83308 98.3559
63 122.4507 123.3033 123.0657 122.2805 124.7513 122.2874
64 119.2155 117.0911 119.3139 117.6411 117.5014 119.569
65 127.3549 124.3027 126.488 128.7904 125.6289 127.0118
66 163.0442 163.4178 149.1311 163.3741 162.5445 150.5224
67 82.38874 83.45336 85.17856 82.15017 82.86975 85.10902
68 133.3506 122.9708 125.6826 135.0363 123.5908 124.7613
69 127.4446 122.898 130.6028 127.8043 124.7354 130.6176
70 120.1816 114.0218 114.9403 120.9376 114.799 114.708
71 117.9754 110.3781 116.5147 117.7883 111.8792 115.639
72 114.9021 103.2803 113.0506 113.9617 104.2465 112.6437
73 130.0127 119.7144 123.7392 130.5995 120.3693 123.6802
74 109.0818 101.0297 102.5534 110.1983 101.9808 102.891
75 100.7881 93.97357 97.37824 99.94233 94.61154 97.77683
76 103.202 99.2577 101.1719 102.5224 98.89051 100.8081
77 98.03377 96.75987 92.98787 99.33397 97.53402 93.06128
78 112.2993 105.8256 111.2955 113.3195 106.6096 111.0098
79 154.8184 149.5403 159.6741 157.348 149.7554 159.2486
80 96.19808 97.8549 96.80177 96.39028 97.12763 97.422
81 107.8655 104.3313 106.0678 107.2177 102.9966 105.9979
82 144.5316 135.0976 144.0962 142.6382 136.358 145.2731
83 118.8061 114.5742 117.5758 118.1684 114.1817 117.0314
84 104.8574 104.8125 98.49696 104.7211 105.0771 99.10355
85 133.2193 124.6407 130.2782 134.3646 123.6242 129.0035
86 115.711 117.5445 118.4111 116.5184 117.3689 117.5492
87 107.2297 106.0582 103.1942 108.4531 106.9756 103.2431
88 117.9976 116.9027 112.8508 118.5944 116.681 113.1497
89 134.0997 126.5644 128.7974 132.9202 127.4121 128.5064
90 95.70781 90.35367 90.2344 95.53359 91.02553 90.7943
91 119.681 111.5522 117.5468 120.146 111.8552 117.0944
92 144.7554 144.7241 143.4228 143.0971 145.1594 141.971
93 115.9711 117.8168 116.9843 115.9755 117.2958 117.5098
94 125.4829 121.5371 120.4997 124.4253 120.4656 120.2199
95 126.756 118.3905 121.3832 127.7389 117.2078 122.1658
96 122.4182 110.2028 116.0863 123.0335 109.4172 116.9917
97 115.0477 113.4733 111.5542 113.9568 113.5875 112.3507
98 150.3401 139.1139 137.4313 150.6833 139.1853 137.1975
99 169.6036 162.5649 168.3404 168.5842 162.1945 167.1777
100 155.7274 142.4186 140.1365 156.2734 142.3902 141.2971
