1 8.940691 8.822692 8.968351 8.841673 8.843204 8.957487
2 7.017217 7.162306 7.110245 7.006114 7.207337 7.101618
3 9.364799 9.303361 9.348307 9.27675 9.212596 9.287442
4 7.58906 7.578439 7.560157 7.623894 7.596608 7.50838
5 8.224004 8.24021 8.176319 8.208361 8.251256 8.158074
6 8.098921 7.708866 7.929337 7.997492 7.730862 8.033542
7 7.275848 7.321425 7.262414 7.22191 7.343602 7.254299
8 28.74131 25.76354 25.62498 26.96455 23.66071 25.40186
9 5.977071 5.828234 5.940998 5.924774 5.807102 5.948072
10 6.642724 6.517953 6.638523 6.635533 6.46534 6.66265
11 7.399764 7.154689 7.253878 7.354346 7.23379 7.273467
12 8.680601 8.314876 8.289942 8.684118 8.352093 8.407676
13 8.298333 8.314594 8.722276 8.387799 8.342242 8.343724
14 10.15537 9.903934 9.838654 10.13588 9.876463 9.857668
15 8.220259 8.146149 8.267957 8.145914 8.242539 8.231695
16 9.703136 9.812426 9.936424 9.840373 9.811241 9.877369
17 7.966528 7.968108 7.975844 7.985211 7.987721 7.986671
18 7.33485 7.472463 7.430596 7.358647 7.482491 7.474845
19 8.562958 8.735961 8.701449 8.662984 8.619991 8.70089
20 8.549643 8.642692 8.586038 8.513607 8.543079 8.445196
21 8.454166 8.495645 8.504122 8.493777 8.46681 8.499005
22 10.18223 10.15917 10.08715 10.09978 10.25604 10.02909
23 7.676222 7.814712 7.854031 7.794639 7.793583 7.836081
24 7.894918 7.628539 7.567135 7.946864 7.593946 7.520315
25 11.84285 12.7844 12.17417 11.98301 12.05395 12.06034
26 7.909321 7.911921 8.044772 8.078281 7.96517 8.190095
27 8.886071 8.773714 8.82397 8.797643 8.733406 8.892817
28 7.614405 7.420466 7.402439 7.66352 7.51262 7.447267
29 8.61463 8.440078 8.482079 8.659566 8.560388 8.414119
30 8.231148 8.227446 8.420429 8.318698 8.374269 8.419283
31 7.185017 7.237484 7.50932 7.180756 7.382319 7.593655
32 9.105362 9.06955 8.997965 9.108768 9.0701 8.976945
33 6.942727 6.942868 7.097974 7.01511 6.889646 7.104558
34 7.282461 6.981883 6.978128 7.278434 6.940439 6.997784
35 6.973277 6.842794 6.71524 7.000774 6.834441 6.747895
36 6.957485 6.64582 6.690791 6.988248 6.664528 6.703075
37 10.09204 9.98359 10.1369 10.02497 9.851025 9.944819
38 7.968727 8.016946 7.869467 8.087298 8.01367 7.904634
39 7.774751 7.761805 7.82256 7.790882 7.855388 7.800766
40 8.502519 8.383649 8.571565 8.524542 8.381779 8.494815
41 8.684461 8.699582 8.799115 8.721297 8.759584 8.850224
42 8.436237 8.259151 8.450074 8.270923 8.198957 8.468673
43 7.696362 7.862506 7.731921 7.763977 7.8239 7.64784
44 8.444832 8.730269 8.726631 8.602978 8.716422 8.711778
45 7.263264 7.288389 7.300694 7.243895 7.2418 7.238883
46 6.464012 6.529093 6.351273 6.360966 6.484301 6.394764
47 7.933869 7.908098 7.909651 7.930815 7.907728 7.775976
48 8.086509 7.934274 8.15229 8.157309 8.000215 8.15367
49 7.440156 7.232186 7.42921 7.380864 7.221256 7.468764
50 42.95492 40.54007 45.25289 41.95642 43.08222 43.88833
51 7.34143 7.280363 7.442093 7.407847 7.326946 7.452608
52 7.591904 7.30235 7.383501 7.53247 7.353114 7.317775
53 9.088132 8.863778 8.819089 9.051299 8.907906 8.830088
54 10.84496 10.81858 10.51061 10.90801 10.68973 10.50353
55 8.418318 8.371446 8.285266 8.424899 8.323892 8.261501
56 8.355521 8.202709 8.155146 8.492432 8.302739 8.295613
57 10.44572 10.21736 10.13743 10.55545 10.2916 10.40372
58 7.304414 7.124906 7.050337 7.354604 7.114618 7.099565
59 7.345803 7.475485 7.4743 7.405239 7.418122 7.519826
60 8.57687 8.204945 8.05516 8.62307 8.250305 8.12195
61 9.29103 9.366932 9.207382 9.477307 9.340475 9.296801
62 7.078593 6.95477 6.854584 7.066363 6.862733 6.856785
63 9.380974 9.376818 9.503596 9.140435 9.556254 9.361099
64 8.317162 8.293591 8.359761 8.176697 8.336939 8.355378
65 8.487272 8.461464 8.517855 8.60544 8.538092 8.568652
66 10.71531 10.80118 10.19445 10.72317 10.73915 10.3428
67 5.842007 6.009992 6.055085 5.862787 5.984228 6.033265
68 9.416848 9.129821 9.24355 9.595503 9.163832 9.176411
69 8.495518 8.381086 8.659161 8.523874 8.504935 8.637084
70 7.838917 7.534769 7.623923 7.884808 7.58192 7.609057
71 18.03565 16.81321 18.25789 19.08107 16.0392 17.40098
72 8.556835 8.067289 8.542959 8.499658 8.160291 8.485361
73 10.84085 10.54959 10.59354 10.89978 10.61299 10.59442
74 8.974431 8.712019 8.630442 8.958191 8.82224 8.711604
75 6.695556 6.466777 6.601563 6.620517 6.51879 6.622831
76 7.003351 6.852221 6.910362 7.009034 6.823529 6.87404
77 8.26959 8.1882 8.257272 8.525074 8.387078 8.174169
78 7.814405 7.673838 7.892814 7.846031 7.689885 7.870313
79 17.65217 17.79625 18.84858 18.63801 18.2976 18.01401
80 7.15424 7.338978 7.263298 7.230649 7.24523 7.324144
81 7.08731 6.99357 7.019341 7.026467 6.915436 7.029715
82 10.17896 9.939388 10.21414 10.08883 10.02697 10.30355
83 7.957573 7.914997 8.011727 7.892325 7.892708 7.966708
84 7.303347 7.333523 7.14795 7.292938 7.356696 7.184841
85 8.764449 8.553438 8.752983 8.80286 8.46396 8.664325
86 8.325128 8.515554 8.551767 8.342498 8.495382 8.544097
87 7.226402 7.295376 7.178409 7.313881 7.377537 7.198138
88 7.8802 7.897145 7.7698 7.914801 7.885226 7.794893
89 8.821889 8.632941 8.721269 8.748251 8.656131 8.703696
90 6.86516 6.638517 6.619229 6.790484 6.657473 6.6499
91 8.822151 8.568877 8.790426 8.843272 8.551085 8.788817
92 10.3954 10.79155 10.76242 10.57254 10.78269 10.70107
93 7.644581 7.742939 7.664651 7.631503 7.699741 7.719653
94 8.700646 8.632537 8.561149 8.563046 8.54254 8.534361
95 8.464956 8.226341 8.321608 8.51661 8.147056 8.363474
96 8.220499 7.827677 7.978457 8.263338 7.770441 8.02676
97 7.722213 7.642925 7.539402 7.648158 7.633865 7.615492
98 10.40965 10.09033 10.0768 10.36723 10.09726 9.977167
99 42.06639 40.75096 36.46319 37.84955 37.77964 38.68129
100 10.7901 10.30015 10.20119 10.84142 10.37372 10.32614
