1 0.1957092 0.04034826 0.01222664 0.4033088 0.2867254 0.8109112 NaN NaN NaN
2 0.1937564 0.04127658 0.01299334 0.3230817 0.3404158 0.7060271 NaN NaN NaN
3 0.1927659 0.04146261 0.01290279 0.3406636 0.3212573 0.9410526 NaN NaN NaN
4 0.1921316 0.04032347 0.01303271 0.3381022 0.3380035 0.6766963 NaN 0.349278 NaN
5 0.2082028 0.0436023 0.01340885 0.4142047 0.3500967 0.9536537 0.2984726 0.5575535 NaN
6 0.1966478 0.04307757 0.01398527 0.3553549 0.3283894 1.366299 NaN NaN NaN
7 0.2033564 0.04253917 0.01301707 0.4305869 0.3396184 0.6129318 NaN NaN NaN
8 0.2086951 0.04416519 0.01285496 0.3656932 0.3598918 0.6380084 2.364703 0.8702625 0.07411644
9 0.2103948 0.04502729 0.01431529 0.4132211 0.3800387 0.867447 NaN 0.3749268 NaN
10 0.2123467 0.04213618 0.01321997 0.4863019 0.3174419 1.13788 NaN NaN NaN
11 0.2030847 0.03820018 0.01237076 0.3155832 0.3267197 0.7624286 NaN 0.3947155 0.006035687
12 0.2091081 0.04105698 0.01376648 0.4468635 0.325347 1.399401 NaN 0.3940395 NaN
13 0.2106617 0.04144913 0.01294968 0.3850079 0.3499156 0.7435156 NaN 0.4818904 0.0129301
14 0.2041836 0.03965699 0.0120077 0.3399893 0.3149581 1.149502 NaN 0.8958839 0.02510166
15 0.2032811 0.03867473 0.01232599 0.3544018 0.3092935 0.8390295 NaN NaN NaN
16 0.2091729 0.04094474 0.01249027 0.4597306 0.3025047 0.9060415 NaN 0.4262795 NaN
17 0.2029052 0.04014787 0.01251797 0.3641673 0.3202095 0.9239657 NaN NaN NaN
18 0.1956208 0.04298009 0.0129804 0.375831 0.3200283 0.9168452 NaN NaN NaN
19 0.2102393 0.04560389 0.0127896 0.3980358 0.3398806 0.9962593 NaN NaN NaN
20 0.2028871 0.04613237 0.0146957 0.3696447 0.367748 1.003522 NaN NaN NaN
21 0.2016437 0.04102679 0.01262577 0.455882 0.2909034 1.234845 NaN NaN NaN
22 0.1915391 0.04028706 0.01235892 0.3690516 0.2987718 0.7264277 NaN 0.4001131 0.007487929
23 0.197732 0.03986665 0.01284437 0.4100743 0.3268923 0.5907819 NaN NaN NaN
24 0.1839011 0.04109157 0.01253728 0.3381739 0.3072633 0.7191946 NaN NaN NaN
25 0.206765 0.04033701 0.0132063 0.4757229 0.312805 0.857468 NaN 0.323819 NaN
26 0.2081393 0.03918883 0.01264124 0.4713717 0.3031283 0.9232446 NaN NaN NaN
27 0.2024652 0.03973219 0.0123767 0.4248901 0.3091931 0.8239606 NaN NaN NaN
28 0.2080555 0.03865802 0.01272936 0.4687694 0.30134 1.097678 NaN NaN NaN
29 0.2013509 0.04040624 0.01207086 0.3122713 0.3022799 0.9802046 NaN 0.9237091 0.01856961
30 0.1965825 0.04258453 0.01335146 0.3947715 0.3530165 0.5847803 0.6695825 1.042238 0.007310944
31 0.200537 0.04432055 0.01363225 0.3985637 0.3240865 1.100973 NaN NaN NaN
32 0.2056409 0.04027012 0.01250252 0.3976006 0.3179725 0.9552167 NaN 0.3311586 NaN
33 0.1848483 0.03961757 0.01289162 0.3410474 0.2883211 1.169959 NaN NaN NaN
34 0.1937017 0.04013651 0.01381899 0.382863 0.3625121 0.6719139 0.04366741 0.4473782 NaN
35 0.2076921 0.04202937 0.01222365 0.3243099 0.3570052 0.5576291 NaN NaN NaN
36 0.1981267 0.04167189 0.0137728 0.3783405 0.3518261 0.8231674 NaN NaN NaN
37 0.2076199 0.03943125 0.01170684 0.385364 0.2987788 0.9196682 NaN 0.4663098 0.001585758
38 0.1940758 0.0411558 0.01257073 0.3253251 0.3000973 1.07713 NaN 0.3756427 0.002996433
39 0.213895 0.04414946 0.0135618 0.392448 0.3702448 0.996592 NaN 0.3518209 NaN
40 0.1952612 0.04038001 0.01259023 0.3979534 0.3132894 0.8236124 NaN NaN NaN
41 0.1903011 0.04077144 0.01215715 0.3704569 0.3004698 0.6280471 NaN 0.5207235 NaN
42 0.1939551 0.03987122 0.01316342 0.3922412 0.3279046 0.7677995 NaN NaN NaN
43 0.224008 0.04151167 0.01330297 0.509915 0.3494697 0.6558377 NaN NaN NaN
44 0.1916169 0.04380557 0.0130225 0.3753697 0.3163922 0.7989753 NaN NaN NaN
45 0.2035591 0.04299125 0.01299217 0.4347287 0.3236768 0.6479087 NaN 0.3241063 NaN
46 0.1892708 0.04234377 0.01235807 0.3153766 0.3186123 0.6628537 NaN 0.3064559 NaN
47 0.2075483 0.04541762 0.01461347 0.4097208 0.3710672 1.305773 0.6073523 3.144451 0.1084417
48 0.1941747 0.04047013 0.01277725 0.3803929 0.2918315 1.321561 NaN NaN NaN
49 0.1893468 0.04041627 0.01285741 0.3842103 0.3037337 0.7301287 0.8881834 0.3629062 0.02510319
50 0.1995626 0.04404536 0.01382111 0.3705635 0.3547532 0.8485712 NaN NaN NaN
51 0.1932552 0.04235676 0.01391108 0.357473 0.3242111 1.438491 NaN NaN NaN
52 0.2081566 0.04262986 0.01326354 0.4653427 0.3137896 1.140168 NaN NaN NaN
53 0.204124 0.04042355 0.01233768 0.370659 0.3248624 0.7792522 NaN 0.5254382 0.009853825
54 0.2001516 0.04148737 0.01240723 0.4543687 0.3271545 0.602108 NaN NaN NaN
55 0.1908118 0.04156491 0.01335513 0.3150362 0.3262192 1.049969 NaN NaN NaN
56 0.2069542 0.03992854 0.0124367 0.3868536 0.3272315 0.6409321 NaN NaN NaN
57 0.1937728 0.04121441 0.01367188 0.3872609 0.3075477 1.300032 NaN NaN NaN
58 0.1965845 0.03930708 0.01332655 0.3455168 0.3191393 1.219239 NaN NaN NaN
59 0.2000195 0.0446553 0.01329489 0.3312516 0.3763906 0.6461271 NaN 0.359836 0.009261256
60 0.1951463 0.04043486 0.01236111 0.3218458 0.3185761 0.6368483 NaN 0.6043958 0.0183331
61 0.2119525 0.04012237 0.01259074 0.4752342 0.3044101 1.271841 NaN 0.3909396 NaN
62 0.2026805 0.04222222 0.0138234 0.3894306 0.3787598 0.6496235 NaN NaN NaN
63 0.1983852 0.04037152 0.0124267 0.3233327 0.321997 0.8866134 NaN NaN NaN
64 0.1995478 0.04003941 0.01220822 0.4276571 0.3029428 0.6546841 NaN NaN NaN
65 0.1975574 0.04298157 0.01284598 0.3374735 0.3297881 1.059623 NaN NaN NaN
66 0.2086734 0.04157737 0.01237439 0.4084089 0.3216274 1.014954 NaN NaN NaN
67 0.207614 0.04084669 0.01266352 0.4545593 0.2949601 0.7860583 0.7962641 0.3404939 0.02309268
68 0.195663 0.03947141 0.01353191 0.3875938 0.3277262 0.9310137 NaN NaN NaN
69 0.1942091 0.04201191 0.01350342 0.3652563 0.33213 0.9619788 NaN NaN NaN
70 0.210831 0.03821693 0.01200852 0.4082696 0.2997053 0.8959882 NaN 0.4035358 0.002670307
71 0.1865767 0.04098075 0.01330661 0.327495 0.3362108 0.8770432 NaN 0.332444 NaN
72 0.1855555 0.0421266 0.01340742 0.2933155 0.3404971 0.7360852 NaN 0.3175874 NaN
73 0.1898286 0.04118823 0.01311561 0.3844229 0.3145932 0.9908115 NaN NaN NaN
74 0.2042375 0.03769669 0.01309651 0.4441834 0.3134311 0.8309236 NaN 0.3985586 NaN
75 0.1856522 0.0391599 0.01231445 0.3292611 0.2883343 0.7338972 NaN NaN NaN
76 0.2065576 0.0383983 0.01274481 0.366475 0.3358591 0.7833104 NaN NaN NaN
77 0.1989133 0.04474755 0.01284049 0.3689754 0.3443658 0.6657651 NaN 0.3522267 NaN
78 0.2052749 0.04373713 0.01415017 0.4509052 0.3566923 0.9081479 NaN NaN NaN
79 0.1933653 0.04314636 0.0133063 0.399318 0.3250146 1.271249 NaN 0.5407491 0.01120552
80 0.2230902 0.04295476 0.01338789 0.4526146 0.3583306 1.079334 0.133073 0.4457287 NaN
81 0.1999125 0.04196465 0.01305279 0.3972466 0.3223437 1.030222 NaN NaN NaN
82 0.188122 0.04202567 0.01257597 0.3849101 0.2939525 0.8779226 1.745965 2.860489 NaN
83 0.202188 0.04277705 0.01325564 0.4173412 0.3078116 1.230809 NaN NaN NaN
84 0.2204039 0.04118195 0.01244336 0.5106764 0.2979986 1.018604 NaN NaN NaN
85 0.181015 0.04104983 0.01308161 0.3139334 0.3215149 0.829707 NaN 0.3717796 NaN
86 0.2003715 0.04499793 0.01287359 0.3680339 0.3549766 0.7099967 NaN NaN NaN
87 0.1913166 0.04085987 0.01297643 0.350084 0.3137326 0.9261003 0.8470034 0.123983 0.02743885
88 0.1991527 0.03875023 0.01262351 0.3810689 0.3006919 1.051259 NaN NaN NaN
89 0.1727878 0.0434849 0.01311402 0.2878093 0.2986916 1.099668 NaN NaN NaN
90 0.2139531 0.04348916 0.01423588 0.4255022 0.3839887 1.008835 NaN NaN NaN
91 0.1865339 0.04183142 0.01336203 0.3572375 0.3167923 1.138279 NaN 0.4000903 0.003856471
92 0.2031331 0.04311971 0.01299679 0.3827828 0.3261045 0.99887 NaN NaN NaN
93 0.1911272 0.04140399 0.01235863 0.2701357 0.3131931 1.005511 NaN NaN NaN
94 0.1823985 0.04243718 0.01299717 0.3111036 0.3209997 0.8413169 1.449542 0.5577657 0.04089213
95 0.1988042 0.04243747 0.01340214 0.4007559 0.3193559 1.050618 NaN NaN NaN
96 0.2072907 0.04371852 0.01396477 0.3618126 0.3455112 1.285706 NaN NaN NaN
97 0.206018 0.04068642 0.01183031 0.4056958 0.3093072 0.8181277 NaN NaN NaN
98 0.1864522 0.04159896 0.0127529 0.3635892 0.3083722 0.8898395 NaN NaN NaN
99 0.1927142 0.03955626 0.01264336 0.4281641 0.3088519 0.7949148 0.7249831 NaN 0.02297629
100 0.1839674 0.04411622 0.01290219 0.3490944 0.3236569 0.7458209 NaN NaN NaN
