1 26.23028 2.020531 -0.5303677 6.747702 3.660267 -2.750333 -1.876514 -0.06309703
2 26.24916 1.947652 -0.5366156 7.874908 2.594503 -2.329689 -2.990865 -0.03698342
3 26.25784 1.929241 -0.5211073 7.358288 1.979861 -3.408598 0.08617061 -0.02829984
4 26.08711 1.953585 -0.5298781 7.676881 2.406289 -1.881437 -1.195779 -0.1336111
5 26.27734 1.997153 -0.5280675 7.532757 3.070347 -2.28391 0.05972623 -0.1276786
6 25.8712 1.914298 -0.5382087 7.065815 2.295117 -1.97985 -1.417261 -0.09303198
7 25.92366 2.021486 -0.5407617 7.753326 3.491116 -1.953622 -1.370164 -0.1050699
8 26.54582 2.073427 -0.5123142 8.206784 2.878712 -2.582965 -0.126875 -0.01729619
9 25.93647 1.940342 -0.5461022 8.124469 2.866499 -2.674387 0.02861318 -0.01224208
10 25.84855 1.942697 -0.5311488 6.851217 3.562792 -2.288989 -1.58373 -0.04942961
11 26.82226 1.967009 -0.5067486 7.569104 2.443324 -1.856704 -1.089398 -0.1242745
12 26.1006 1.842741 -0.5319184 7.129597 3.328361 -2.79748 -0.3622415 -0.06191508
13 26.57849 2.062591 -0.5277372 7.754805 2.617302 -2.608424 -0.2688232 -0.05459355
14 26.95135 1.931485 -0.4920106 6.823754 2.443038 -3.331948 -0.1009084 -0.03759646
15 26.52837 1.961509 -0.5139298 7.117177 2.587804 -2.485548 -1.980625 -0.08623089
16 26.34662 1.992355 -0.5131465 7.036466 4.093599 -3.488031 0.1436978 -0.004068473
17 26.50219 1.956605 -0.5122916 6.97269 2.739354 -1.593597 -1.956083 -0.1008057
18 26.11457 2.05139 -0.5349535 7.027032 2.98515 -1.742282 -1.873267 -0.1157497
19 26.56298 2.093381 -0.5170092 7.730011 2.623549 -3.065933 -3.042395 -0.005226004
20 25.81908 2.02573 -0.5524394 8.216205 2.391995 -1.575781 -1.920143 -0.1175904
21 26.20052 2.004104 -0.5399612 6.30255 3.276314 -2.597614 -0.9365096 -0.05264482
22 26.20699 2.006952 -0.5338154 7.07921 2.817408 -3.479045 0.05600131 -0.01460642
23 26.21331 1.958189 -0.5388617 7.580885 2.972464 -1.817886 -1.256417 -0.1110549
24 26.28082 1.974713 -0.53863 7.037902 2.566196 -2.825324 -3.01548 -0.01390841
25 25.79277 1.951839 -0.550967 6.944642 4.277495 -2.101475 -0.5287264 -0.1273984
26 26.40283 1.916688 -0.5322691 7.1018 3.424311 -2.294578 -3.136173 -0.04527086
27 26.33669 1.998115 -0.5256977 7.055051 3.494289 -3.579982 -0.4121422 -0.004143502
28 26.40844 1.892963 -0.5274162 6.53306 3.920075 -1.722061 -1.900993 -0.1083998
29 26.82807 2.002853 -0.4967407 7.195524 2.072696 -2.149437 -0.7793242 -0.06585752
30 26.02445 1.973891 -0.5337412 8.234556 2.948812 -2.845673 0.3570887 -0.0863257
31 25.68294 2.074235 -0.5583509 6.827193 2.889713 -1.668555 -2.834002 -0.0607209
32 26.75457 1.991017 -0.5109297 7.208376 2.773323 -2.754139 -0.5603208 -0.1039889
33 25.69668 1.926658 -0.5554676 6.18196 2.153325 -1.539197 -1.833244 -0.1210372
34 26.25557 1.827362 -0.5389538 8.347313 3.228157 -1.856859 -0.4935974 -0.1282933
35 26.9609 2.012946 -0.4910349 8.737526 2.411119 -2.207528 -2.141884 -0.06743142
36 26.06656 1.881347 -0.5382257 7.789364 2.552896 -2.294775 -1.600132 -0.08214378
37 26.91478 2.011764 -0.5041477 6.822299 2.57758 -2.036829 -1.171937 -0.1250098
38 26.29546 1.99448 -0.5183844 6.925655 3.252381 -2.439815 -0.8087257 -0.1000993
39 26.40918 2.063587 -0.5233316 7.930015 2.478877 -2.719504 -0.2535969 -0.1197322
40 26.07952 1.903587 -0.5249716 7.335672 3.707906 -3.562282 -1.765211 0.01678008
41 26.30972 2.012569 -0.5351289 7.491683 3.091148 -1.987714 -1.310158 -0.1251687
42 25.83294 1.867708 -0.5366603 7.682125 3.099564 -2.583413 -0.5859185 -0.04858375
43 26.30654 1.906232 -0.523179 9.035825 3.207474 -1.64863 -2.355791 -0.07115163
44 25.81141 1.971895 -0.5387142 7.2128 4.209588 -2.21403 -1.767463 -0.1025868
45 26.03377 2.143451 -0.5589 7.390635 3.294012 -2.212596 -0.2348469 -0.139558
46 26.46101 2.020458 -0.5236665 7.212189 2.919973 -2.467329 -0.2260172 -0.03646246
47 25.75167 1.967993 -0.547898 7.957476 2.816042 -1.715947 -1.489571 -0.1103797
48 26.27103 1.990303 -0.5372032 6.47475 2.724201 -2.471264 -1.386779 -0.1040618
49 25.88964 1.978864 -0.5484051 6.795326 4.284346 -3.007362 -2.638628 -0.008569715
50 25.80887 2.000282 -0.5524722 8.26203 2.531263 -2.53738 -1.219943 -0.08459596
51 25.95395 1.929537 -0.5565127 7.161356 2.547167 -2.78553 -2.331444 -0.02479294
52 26.28313 1.985734 -0.541654 6.712449 3.098241 -2.229897 -0.8716973 -0.05400699
53 26.85147 1.941563 -0.5004975 7.405268 2.600511 -2.889056 -0.3105968 -0.03526938
54 26.17988 1.97443 -0.53523 8.280103 4.826705 -2.634438 0.4408201 -0.05327225
55 26.10448 1.971577 -0.5372361 7.228238 1.927606 -2.559099 -1.29689 -0.0676752
56 26.57564 1.975997 -0.5066987 7.935937 3.432853 -1.815651 -2.329829 -0.09690824
57 26.03072 1.865235 -0.5452178 6.8665 2.792172 -3.620273 0.3878963 -0.01018417
58 26.39744 1.865267 -0.5230366 6.937361 1.8794 -2.144442 -2.212274 -0.02050647
59 26.32839 2.132632 -0.5329635 8.509173 2.277847 -2.079723 -1.036455 -0.09722208
60 26.5329 1.929108 -0.5025454 8.15962 1.827699 -2.226786 -0.9697595 -0.0732425
61 26.56759 1.963707 -0.5237193 6.666901 3.636303 -2.546751 -0.6740703 -0.1100353
62 26.26602 1.890369 -0.5362666 8.526749 2.461746 -1.657639 -1.817075 -0.1182751
63 26.76681 1.994395 -0.5056004 7.256115 2.439545 -2.584643 -1.537949 -0.04656633
64 26.33877 1.997263 -0.5400167 7.315963 2.93665 -2.038421 -1.32392 -0.104436
65 26.53044 2.048915 -0.5231767 7.316699 2.295027 -2.688004 -2.112916 -0.05905079
66 26.52723 2.034233 -0.5101259 7.550293 3.031147 -2.829491 0.3893114 -0.0482531
67 25.86666 1.959648 -0.5362078 7.012831 3.210129 -2.669109 0.5245087 -0.0110403
68 25.93319 1.904002 -0.5450179 7.403505 3.244521 -3.003356 -1.951283 -0.035966
69 26.12758 1.965202 -0.5510307 7.842465 2.645703 -2.749899 -1.858829 -0.06220153
70 26.88547 1.968065 -0.4923987 7.0762 2.604013 -2.030673 -0.8913175 -0.1202488
71 26.08653 1.997576 -0.5481181 7.372078 2.123729 -2.539441 -0.6892105 -0.1191019
72 26.13542 2.010039 -0.5478316 7.600167 1.540404 -2.123834 -0.9711473 -0.1268309
73 26.26832 1.982775 -0.5574977 6.865324 2.93242 -3.405756 0.1049916 -0.007599199
74 26.25259 1.898422 -0.5395851 7.079875 2.961953 -1.714825 -0.6668844 -0.1453125
75 26.15079 1.990642 -0.5404404 7.055453 2.476772 -2.12991 -2.024911 -0.07759059
76 26.64495 1.877978 -0.5077335 8.102563 2.776841 -1.471617 -2.562998 -0.08424379
77 26.17293 2.198053 -0.5439732 8.698496 2.328645 -2.151433 -0.1232376 -0.1451424
78 26.01293 1.982897 -0.5612537 7.861203 3.279412 -2.340142 -1.077621 -0.006897481
79 25.84519 2.022681 -0.5571333 7.030556 3.164893 -3.395657 0.2923221 0.0001764932
80 26.61277 2.006725 -0.5096247 7.612335 3.506925 -2.147549 -0.1492757 -0.1424007
81 26.47381 1.966919 -0.5288658 7.014776 3.007555 -1.457793 -2.068866 -0.1180173
82 25.95585 2.020353 -0.5472824 6.848824 3.190298 -2.571231 -0.1416035 -0.0473115
83 25.95964 1.957198 -0.5390705 6.891664 2.77354 -2.066497 -1.688655 -0.05836145
84 26.42365 2.001382 -0.5115317 6.502244 4.725237 -2.025571 -2.38556 -0.07316956
85 26.01124 1.958898 -0.5434005 7.6269 2.206891 -2.945622 -0.4493303 -0.07919272
86 26.41645 2.077688 -0.5279751 8.198353 2.485208 -2.222204 -2.538177 -0.05287054
87 25.98301 1.935539 -0.5387599 6.779025 2.738026 -2.772445 -1.663736 -0.03797067
88 26.44569 1.91675 -0.5190549 6.920689 2.685177 -2.174913 -0.6443706 -0.04678687
89 26.02756 1.998953 -0.5616936 6.721557 1.849648 -2.983694 -1.705301 -0.0450314
90 26.27546 1.919043 -0.5349563 7.897125 3.195877 -1.893676 -1.89775 -0.09004405
91 25.97768 1.974853 -0.5576764 6.897226 2.729526 -2.205511 -0.8271364 -0.1095739
92 26.43483 2.023745 -0.5298944 7.395216 2.631881 -3.407629 0.9054709 -0.03052575
93 26.88029 2.020545 -0.5098716 7.184789 1.662442 -3.026639 -2.879768 -0.00571746
94 26.07545 2.037896 -0.55273 7.300367 2.024068 -2.939414 -3.167889 -0.007745014
95 26.27128 1.977263 -0.5441026 7.194298 3.347404 -3.568349 -1.328339 0.01640631
96 26.07641 1.940285 -0.513446 7.728884 2.262094 -2.014009 -1.633304 -0.05544242
97 26.93414 2.028582 -0.505347 6.934721 3.413954 -2.248752 -2.226604 -0.01514398
98 26.07439 2.0318 -0.5501852 7.022647 2.750848 -3.204941 0.859098 -0.04753727
99 25.9446 1.933551 -0.546844 7.11716 3.928098 -3.141485 0.1312938 -0.03332425
100 25.99161 2.034772 -0.5492797 7.834771 2.077955 -3.086485 0.7101692 -0.05111867
