1 26.30866 2.025825 -0.536406 4.456791 2.444662 5.550864 -2.749987 -1.917914 -0.06224202
2 26.4086 1.974403 -0.532897 4.919457 1.708609 4.997174 -2.329192 -2.987573 -0.03719864
3 26.3371 1.961681 -0.5243994 5.171255 1.890065 6.107436 -3.415343 0.1109868 -0.02702346
4 26.17895 1.939384 -0.5297593 4.913965 1.785462 4.728849 -1.876087 -1.191524 -0.1339576
5 26.22819 1.992696 -0.5312823 5.37042 2.457804 5.954188 -2.285023 0.06200104 -0.1281689
6 25.95049 1.934441 -0.5418358 5.50717 1.934392 7.762387 -1.97391 -1.421435 -0.09367529
7 26.08067 1.998237 -0.5395179 4.787781 2.410547 4.475175 -1.955947 -1.355584 -0.1049913
8 26.56402 2.072666 -0.5191523 5.071068 1.909532 4.574463 -2.589509 -0.09435081 -0.01455804
9 26.13995 1.979677 -0.5490451 5.49747 2.211469 5.625748 -2.674012 0.03526982 -0.01037647
10 26.02664 1.980926 -0.5335264 5.070203 2.903689 6.849463 -2.294308 -1.586715 -0.04893876
11 26.97435 1.916221 -0.501173 4.910725 1.726217 5.299659 -1.844736 -1.082562 -0.1261812
12 26.11813 1.873851 -0.5345687 5.411225 2.686611 8.031433 -2.787995 -0.3575917 -0.06062994
13 26.83428 1.963979 -0.5158551 5.051238 2.021598 4.986887 -2.612309 -0.2611949 -0.05401951
14 26.93759 1.981725 -0.4963013 5.05926 1.918753 6.692411 -3.313426 -0.1277379 -0.0396903
15 26.47264 1.938254 -0.5101946 4.776538 2.104001 5.643856 -2.475541 -1.939068 -0.08818234
16 26.40797 1.998356 -0.5134232 4.943681 2.709454 6.050319 -3.493697 0.1472952 -0.00181871
17 26.59886 1.958153 -0.5107766 4.99123 2.012917 5.932482 -1.575171 -2.010646 -0.1010221
18 26.10683 2.026733 -0.5359445 4.991787 2.063289 5.932104 -1.728731 -1.86243 -0.116866
19 26.58644 2.134909 -0.524629 5.405825 2.307257 6.489544 -3.041743 -3.039154 -0.006521878
20 25.97647 1.983283 -0.5471146 5.850852 1.927723 6.379775 -1.589819 -1.917964 -0.1172051
21 26.33319 2.003835 -0.5400444 4.786419 2.821022 7.226457 -2.59925 -0.9687368 -0.05329797
22 26.29115 1.994137 -0.5311019 4.626885 2.219377 5.152693 -3.484478 0.06595205 -0.0130799
23 26.22955 1.925399 -0.5319182 4.580025 2.245607 4.267923 -1.848274 -1.209329 -0.1083572
24 26.335 2.009647 -0.5423709 4.611933 1.88998 4.997894 -2.834127 -3.014027 -0.01354261
25 25.96954 1.913038 -0.5421077 4.780941 2.976143 5.719919 -2.089478 -0.5228741 -0.1258419
26 26.53472 1.922106 -0.5326436 4.857979 3.006828 6.128495 -2.301429 -3.13817 -0.04475891
27 26.40672 1.952711 -0.5222788 4.816151 2.578831 5.609158 -3.617372 -0.4900232 -0.001033543
28 26.46183 1.89096 -0.5291965 4.873156 2.943061 6.694147 -1.718619 -1.924454 -0.1085951
29 26.85571 2.006459 -0.49922 4.982268 1.690495 6.387808 -2.13854 -0.7873515 -0.0669532
30 26.19583 1.960745 -0.5356121 5.096692 2.174366 4.252579 -2.833142 0.3558498 -0.08667165
31 25.7774 2.020747 -0.5514097 4.997776 2.271684 6.655486 -1.651262 -2.836259 -0.06119908
32 26.73861 1.983727 -0.513033 5.091211 2.364123 6.159819 -2.760164 -0.5650983 -0.103237
33 25.86042 1.920471 -0.5504468 4.597516 1.956662 6.879457 -1.532175 -1.869744 -0.1208731
34 26.38997 1.848152 -0.5451469 5.325587 2.06148 4.736871 -1.859489 -0.4964492 -0.1281452
35 26.89491 2.063943 -0.4955536 4.904188 1.637923 4.150388 -2.196519 -2.121014 -0.06961378
36 26.15974 1.894087 -0.5401632 5.226915 2.059994 5.472569 -2.277597 -1.606396 -0.08246901
37 27.11291 2.014362 -0.5040264 4.716973 2.279705 6.106992 -2.053151 -1.191159 -0.1244274
38 26.43043 1.997178 -0.5222857 4.951867 1.784824 6.977119 -2.445426 -0.8043705 -0.09960991
39 26.4097 1.996828 -0.5188938 5.631381 2.175895 6.141654 -2.699309 -0.2526003 -0.1211164
40 26.27308 1.950088 -0.5289531 4.872051 2.360292 5.535373 -3.520958 -1.748035 0.01431536
41 26.4043 2.012167 -0.5318642 4.535234 2.155401 4.672349 -1.999411 -1.323348 -0.1242476
42 26.14153 1.878978 -0.5393076 5.016578 2.261803 5.335793 -2.598518 -0.5580679 -0.04649298
43 26.37882 1.929053 -0.5217282 5.174018 3.210301 4.839881 -1.644594 -2.362981 -0.07089848
44 26.00456 2.036419 -0.5454683 4.955354 2.071206 5.534529 -2.216159 -1.744399 -0.1030067
45 26.24139 2.036686 -0.5467714 4.623289 2.585713 4.65816 -2.236476 -0.2280139 -0.1391424
46 26.53848 2.058673 -0.5271084 4.643242 1.636352 4.765178 -2.460879 -0.228293 -0.03818803
47 25.87807 1.939615 -0.5434742 5.985228 2.322979 7.61022 -1.713086 -1.494383 -0.1105834
48 26.29709 1.953468 -0.5355103 4.870405 2.289921 7.652839 -2.469647 -1.384886 -0.1041515
49 26.02069 1.961431 -0.548921 4.447731 2.139707 5.04685 -2.991569 -2.654094 -0.008821718
50 25.96348 1.988389 -0.5458346 5.383876 2.124054 5.70604 -2.550269 -1.192027 -0.08359505
51 26.04782 1.93032 -0.5558051 5.379907 2.049506 8.217533 -2.785708 -2.323769 -0.02554667
52 26.38182 1.99282 -0.5443399 4.992781 2.791901 6.919319 -2.248433 -0.8564809 -0.05204051
53 26.72058 1.97615 -0.5056758 4.854394 2.119539 5.242708 -2.891517 -0.3194206 -0.03709172
54 26.38797 2.013924 -0.5406865 4.769503 2.804827 4.495466 -2.645151 0.4352551 -0.05256575
55 26.16871 1.948146 -0.5352635 5.151269 1.70331 6.528576 -2.575194 -1.297521 -0.06697829
56 26.74535 1.961081 -0.5103662 4.82796 2.226896 4.701092 -1.81119 -2.327857 -0.0972989
57 25.99536 1.899746 -0.5500267 5.149895 2.351404 7.703925 -3.633203 0.3732776 -0.008529826
58 26.31063 1.87009 -0.526261 5.169694 1.877033 7.182352 -2.143706 -2.21975 -0.02037234
59 26.46859 2.05677 -0.5289927 5.308941 1.654397 4.596156 -2.058681 -1.072641 -0.09982515
60 26.56608 1.977095 -0.5097485 4.817636 1.709455 4.791422 -2.213107 -0.9930899 -0.07502297
61 26.64235 1.956851 -0.5229336 4.938909 3.049761 7.409668 -2.550409 -0.6824473 -0.1092411
62 26.38547 1.924389 -0.5388806 5.343568 2.133943 4.62325 -1.660713 -1.786672 -0.1193631
63 26.75825 1.985723 -0.5069886 4.936942 1.738125 5.827588 -2.572479 -1.499007 -0.04740966
64 26.4787 1.999329 -0.5395802 4.417836 2.664218 4.81353 -2.036003 -1.280584 -0.1038006
65 26.44058 2.033572 -0.5239287 5.204964 1.807589 6.590964 -2.678957 -2.059847 -0.06082558
66 26.55847 2.006617 -0.5099345 5.150362 2.534907 6.515704 -2.824456 0.3722661 -0.04817179
67 26.04996 2.002065 -0.5400937 4.363503 2.667169 5.358288 -2.668694 0.5204051 -0.01094965
68 26.08659 1.834127 -0.5359128 5.136805 2.250736 6.016969 -2.998065 -1.956162 -0.03639913
69 26.33796 1.931982 -0.5425984 5.414058 2.097807 6.358893 -2.753135 -1.820249 -0.06259734
70 26.8404 1.952675 -0.4948334 4.762311 2.441015 6.019795 -2.023191 -0.8727505 -0.1187423
71 26.222 1.906765 -0.5394509 5.100549 1.727475 5.668879 -2.561616 -0.6854212 -0.1173871
72 26.15735 1.958483 -0.5463874 4.996226 1.512777 5.021676 -2.104316 -0.9696175 -0.1280742
73 26.2798 1.976588 -0.556143 4.859054 2.238371 6.167254 -3.411466 0.09329287 -0.006994909
74 26.24518 1.837124 -0.5336508 4.684077 2.669415 5.551788 -1.715309 -0.6696245 -0.1456492
75 26.20764 1.978557 -0.537617 4.23866 1.857138 5.211594 -2.120996 -2.02503 -0.0779349
76 26.80392 1.880028 -0.5059194 4.9633 1.983677 5.355276 -1.471706 -2.565371 -0.08425128
77 26.29527 2.118845 -0.5389311 4.804974 1.942649 4.673414 -2.149227 -0.1207971 -0.1455548
78 26.13295 1.943122 -0.5536504 5.392812 2.598573 5.876423 -2.330976 -1.082272 -0.007275807
79 26.04584 1.984098 -0.5511898 5.233731 2.31518 7.195562 -3.389559 0.2914482 6.972586e-05
80 26.75693 1.987468 -0.5094976 5.580828 2.445603 6.517334 -2.153962 -0.1440527 -0.1424655
81 26.58673 1.981731 -0.5320134 5.060651 2.182096 6.416161 -1.459925 -2.06238 -0.1179746
82 26.10511 2.007894 -0.5457144 4.697419 2.304561 5.936234 -2.575198 -0.1371749 -0.04696664
83 26.03717 1.996358 -0.5405359 5.045752 2.536124 7.241577 -2.07149 -1.68386 -0.05799487
84 26.5747 2.014973 -0.5129477 4.834909 3.126376 6.447627 -2.030595 -2.375015 -0.07287593
85 26.09738 1.963205 -0.5480859 4.920464 1.727908 5.533994 -2.945349 -0.4421033 -0.07963786
86 26.50447 2.089304 -0.5320294 5.263723 2.056704 4.963071 -2.233326 -2.544498 -0.05210299
87 26.09727 1.937906 -0.5370088 4.769859 1.934258 5.883084 -2.763374 -1.661317 -0.03896449
88 26.51037 1.912261 -0.5175747 4.877172 2.150908 6.68028 -2.157108 -0.6578542 -0.04758957
89 26.02503 2.038888 -0.5616471 4.878822 1.484649 6.777647 -2.987931 -1.684804 -0.0455821
90 26.29829 1.910844 -0.5325919 5.716055 2.271775 6.168363 -1.906953 -1.886038 -0.08994174
91 26.1292 1.944761 -0.5517058 5.146484 2.012804 6.773268 -2.202109 -0.8119818 -0.108786
92 26.40243 2.007929 -0.5240875 5.297001 2.233384 6.330759 -3.410864 0.9026493 -0.0303895
93 26.94836 2.039417 -0.5126802 5.101646 1.335958 6.479891 -3.024576 -2.884383 -0.005607462
94 26.1239 2.010736 -0.5508741 4.830177 1.639582 5.524496 -2.934445 -3.166924 -0.008287742
95 26.25505 1.955828 -0.540565 5.274962 2.361624 6.661418 -3.573966 -1.323166 0.01638476
96 26.09685 1.926558 -0.5154929 5.766903 1.948839 7.691955 -2.007953 -1.661346 -0.05543505
97 26.85366 2.054141 -0.5121807 4.593008 2.420127 5.479732 -2.241533 -2.214683 -0.01557785
98 26.18491 2.00224 -0.5486494 4.859417 2.161751 5.810137 -3.19942 0.8574976 -0.04773943
99 26.17528 1.927788 -0.5429697 4.779901 2.703933 5.377121 -3.144922 0.1324582 -0.03398378
100 26.09227 2.051488 -0.5527421 5.023147 2.000457 5.258136 -3.094826 0.7470807 -0.05148419
