1 0.2255778 0.04632366 0.01392465 0.5465011 0.2513771 NaN NaN NaN
2 0.2243036 0.04841796 0.01549743 0.4422415 0.3012446 NaN NaN NaN
3 0.2109275 0.04554707 0.01455639 0.3674725 0.2721393 NaN NaN NaN
4 0.2196985 0.04791475 0.01518997 0.4444556 0.2920132 NaN 0.3544424 NaN
5 0.2299653 0.04837518 0.01485639 0.5130181 0.287157 0.2799804 0.5294677 NaN
6 0.2087703 0.04576231 0.01495456 0.4004883 0.2675313 NaN NaN NaN
7 0.2363979 0.0511455 0.01563019 0.6358707 0.3072637 NaN NaN NaN
8 0.2505345 0.05195716 0.01522637 0.5308374 0.3281009 NaN NaN NaN
9 0.2340627 0.05037669 0.01646248 0.5203792 0.3272146 NaN 0.3734041 NaN
10 0.2301176 0.04597034 0.01469183 0.5521682 0.2654762 NaN NaN NaN
11 0.2334021 0.04613926 0.01447353 0.4258465 0.2921486 NaN 0.4023919 0.006141258
12 0.2236946 0.04379669 0.01493548 0.5093208 0.267787 NaN 0.3930629 NaN
13 0.2366068 0.0506514 0.01515019 0.4766721 0.3140555 NaN 0.4842019 0.01293295
14 0.2248453 0.04211134 0.01325533 0.4083053 0.2518831 NaN 0.8403517 0.02321683
15 0.2217154 0.04486615 0.01406808 0.4219879 0.2656477 NaN NaN NaN
16 0.2376263 0.04581209 0.01393531 0.6360246 0.262404 NaN 0.4239742 NaN
17 0.2266066 0.04484104 0.01413081 0.472729 0.2680841 NaN NaN NaN
18 0.2212016 0.04839657 0.01449176 0.4961084 0.2696743 NaN NaN NaN
19 0.2309469 0.05021612 0.01440328 0.4650881 0.2908285 NaN NaN NaN
20 0.2197964 0.0528743 0.01623334 0.4444492 0.3161309 NaN NaN NaN
21 0.2134209 0.04475802 0.01373567 0.4906668 0.2364892 NaN NaN NaN
22 0.2142787 0.0469924 0.01431018 0.4537188 0.2613233 NaN 0.4010097 0.007688788
23 0.227162 0.04819207 0.01540295 0.4954761 0.2937201 NaN NaN NaN
24 0.2120824 0.04622157 0.01451108 0.439503 0.2655333 NaN NaN NaN
25 0.230866 0.04695496 0.01505066 0.6175071 0.2643667 NaN 0.3247584 NaN
26 0.2263724 0.04470319 0.01455861 0.5271892 0.269307 NaN NaN NaN
27 0.2279864 0.04655462 0.01416053 0.5549702 0.2648398 NaN NaN NaN
28 0.2284436 0.04239186 0.01397846 0.5727583 0.2484066 NaN NaN NaN
29 0.2262539 0.04537742 0.01378224 0.3835342 0.2722655 NaN 1.004722 0.02019669
30 0.2308855 0.0504298 0.01577005 0.5187307 0.3119631 0.7013885 1.090937 0.007770025
31 0.2126707 0.05001727 0.01491009 0.4768669 0.2633982 NaN NaN NaN
32 0.2259978 0.04539095 0.01388715 0.4686714 0.2688637 NaN 0.3306203 NaN
33 0.1939126 0.04380103 0.01442084 0.3686562 0.2374182 NaN NaN NaN
34 0.2324146 0.04669968 0.01638134 0.5965959 0.3230244 0.03876338 0.4452677 NaN
35 0.2596051 0.05025103 0.01516881 0.4795818 0.3420091 NaN NaN NaN
36 0.2242616 0.04717429 0.01585848 0.4664161 0.3056207 NaN NaN NaN
37 0.225857 0.04442671 0.01343424 0.4426367 0.2598359 NaN 0.4627885 0.003364072
38 0.229908 0.04625668 0.0140772 0.6046905 0.2679204 NaN 0.3725609 0.002773707
39 0.2285038 0.0507101 0.01491508 0.4468283 0.3008166 NaN 0.3486117 NaN
40 0.2324472 0.04553481 0.01479018 0.5766917 0.2747384 NaN NaN NaN
41 0.2256487 0.04858567 0.01482147 0.5215794 0.2861416 NaN 0.4803457 NaN
42 0.2234903 0.04638764 0.01564981 0.531723 0.2902145 NaN NaN NaN
43 0.2470599 0.05022881 0.01644791 0.5324789 0.3446358 NaN NaN NaN
44 0.2351437 0.04776501 0.01501141 0.6079678 0.2717479 NaN NaN NaN
45 0.225947 0.05344474 0.01526761 0.5437974 0.2893366 0.006605291 0.3260224 NaN
46 0.2314182 0.04756223 0.01448903 0.5296705 0.2862401 NaN 0.307442 NaN
47 0.2221666 0.05056067 0.01600114 0.495397 0.3037126 0.6561427 3.399222 0.1169526
48 0.2084058 0.04468524 0.01382949 0.4247555 0.2422831 NaN NaN NaN
49 0.2317922 0.04689935 0.01467276 0.6825453 0.2623055 0.9485991 0.3873792 0.02681124
50 0.2165504 0.05196388 0.01614845 0.4424491 0.3091848 NaN NaN NaN
51 0.2067701 0.04643258 0.01522707 0.4438857 0.2717287 NaN NaN NaN
52 0.2184682 0.04607488 0.01441318 0.4959681 0.2592913 NaN NaN NaN
53 0.2301725 0.04450218 0.01406568 0.4372968 0.2768557 NaN 0.5194831 0.009485815
54 0.2461332 0.0499637 0.01544468 0.6901341 0.3011193 NaN NaN NaN
55 0.2048555 0.04702643 0.01476071 0.3553593 0.2706546 NaN NaN NaN
56 0.2478545 0.04790075 0.01483092 0.5903058 0.3043905 NaN NaN NaN
57 0.2060844 0.04343956 0.01474702 0.4337527 0.2531468 NaN NaN NaN
58 0.2094918 0.04298683 0.01455886 0.355654 0.2670964 NaN NaN NaN
59 0.2324153 0.05530355 0.01575077 0.4846481 0.3343312 NaN 0.3669519 0.009183176
60 0.2311899 0.04736412 0.0150742 0.3940573 0.3091344 NaN 0.6015928 0.01804487
61 0.2269818 0.04400966 0.01379358 0.5313828 0.2507547 NaN 0.3992929 NaN
62 0.2296281 0.04888813 0.01641273 0.4499546 0.3297687 NaN NaN NaN
63 0.225764 0.04560809 0.01393713 0.4151832 0.2729018 NaN NaN NaN
64 0.219979 0.04781359 0.01479432 0.4749185 0.276428 NaN NaN NaN
65 0.217675 0.04801731 0.01418824 0.3927554 0.272825 NaN NaN NaN
66 0.2286217 0.04757492 0.01403963 0.4621713 0.2727106 NaN NaN NaN
67 0.2311273 0.04717148 0.01507716 0.5556418 0.2829655 0.7553023 0.3211191 0.0219103
68 0.2189422 0.04632597 0.0152548 0.4977627 0.2746932 NaN NaN NaN
69 0.2130943 0.04883732 0.01550027 0.4393222 0.2909352 NaN NaN NaN
70 0.2340814 0.04401234 0.01368404 0.4370969 0.2685779 NaN 0.4254334 0.003170626
71 0.2073064 0.04864172 0.0151052 0.3914359 0.279273 NaN 0.3391579 NaN
72 0.2023714 0.04951863 0.01533646 0.3278691 0.2891159 NaN 0.2927793 NaN
73 0.2074526 0.04629847 0.01455127 0.4557331 0.2560908 NaN NaN NaN
74 0.2201694 0.04503962 0.01493925 0.4876973 0.273696 NaN 0.3841703 NaN
75 0.2157099 0.04738568 0.01483383 0.4327691 0.2752767 NaN NaN NaN
76 0.2420437 0.0458496 0.01529463 0.4816399 0.3130232 NaN NaN NaN
77 0.2322905 0.05853107 0.01608691 0.4857831 0.3420722 NaN 0.3432697 NaN
78 0.223596 0.05046011 0.01597903 0.5239674 0.2998961 NaN NaN NaN
79 0.2099591 0.0485432 0.0147274 0.4800824 0.2570545 NaN 0.5348479 0.01113538
80 0.2493786 0.04812064 0.01470948 0.6551565 0.3038735 0.1329464 0.4484478 NaN
81 0.225112 0.04582979 0.01442814 0.4935169 0.2716777 NaN NaN NaN
82 0.2130808 0.04760621 0.01443141 0.4993552 0.2541028 1.367222 2.160678 NaN
83 0.2138028 0.04615576 0.01464626 0.4481229 0.2608566 NaN NaN NaN
84 0.2479873 0.04452557 0.01356466 0.6915396 0.2511669 NaN NaN NaN
85 0.2086148 0.04819956 0.01530384 0.4137889 0.2851334 NaN 0.3736702 NaN
86 0.2286056 0.05199106 0.01516645 0.4552404 0.3098423 NaN NaN NaN
87 0.2129162 0.04506955 0.01458283 0.4392076 0.2574228 0.787664 0.08963762 0.02552016
88 0.2193424 0.04363705 0.0140916 0.4416494 0.2607844 NaN NaN NaN
89 0.18853 0.0465218 0.0145382 0.3318975 0.2488292 NaN NaN NaN
90 0.2364125 0.04799095 0.01575963 0.5224061 0.3104995 NaN NaN NaN
91 0.2055406 0.04679129 0.01485064 0.444012 0.2602017 NaN 0.4013898 0.003883842
92 0.2158541 0.04775525 0.01437511 0.4358585 0.2723012 NaN NaN NaN
93 0.2133878 0.04562865 0.01380251 0.3372665 0.2705551 NaN NaN NaN
94 0.2018482 0.04917388 0.01491016 0.3697437 0.2719747 1.537182 0.5857676 0.04358126
95 0.2203688 0.04691909 0.01467507 0.5191637 0.2694235 NaN NaN NaN
96 0.2293116 0.04803345 0.01514003 0.4217926 0.2941609 NaN NaN NaN
97 0.2376523 0.04541033 0.01355342 0.5216852 0.2640503 NaN NaN NaN
98 0.2068855 0.04815037 0.01450299 0.4334364 0.2577128 NaN NaN NaN
99 0.2199548 0.0458326 0.01468533 0.5575986 0.2567016 0.7202056 NaN 0.02185409
100 0.2048178 0.0508757 0.01529069 0.3867965 0.2870415 NaN NaN NaN
