1 0.233676 0.04597079 0.01337105 0.5640012 0.2502076 0.1873701
2 0.2248023 0.04735499 0.01555674 0.4484399 0.3008531 0.1551279
3 0.2119595 0.04567962 0.01447195 0.3735287 0.2726885 0.2029097
4 0.2173076 0.04759167 0.0153127 0.4417324 0.2888048 0.1616816
5 0.2258156 0.0481883 0.01509152 0.4976225 0.2870944 0.1636826
6 0.2251873 0.04567917 0.01377959 0.4140118 0.2646584 0.1704715
7 0.2331472 0.05091079 0.01594914 0.6344814 0.3068366 0.1500531
8 0.2489769 0.05188954 0.01541007 0.5207847 0.3263976 0.137123
9 0.243353 0.05066428 0.01572495 0.5258065 0.3266508 0.1331511
10 0.2441294 0.04676162 0.01383497 0.5663762 0.2661787 0.1475003
11 0.2368012 0.04614473 0.01427678 0.4302193 0.2917198 0.1489089
12 0.2221822 0.04415635 0.01493611 0.5053552 0.2679935 0.1839044
13 0.2244921 0.05079172 0.0159916 0.4666824 0.3137819 0.130383
14 0.2265452 0.04152828 0.01315998 0.4082512 0.2506808 0.2089676
15 0.2274514 0.04412626 0.01381642 0.4267035 0.2657857 0.1804811
16 0.2396061 0.04551497 0.01364937 0.6161868 0.2608097 0.2081098
17 0.2267362 0.04491548 0.01405984 0.4782588 0.2665087 0.1600441
18 0.2179898 0.04875612 0.01480652 0.5000081 0.2697856 0.1559297
19 0.2371528 0.04958348 0.0141643 0.4683724 0.2923293 0.1729104
20 0.2193484 0.05286419 0.01621823 0.445979 0.3156873 0.1550635
21 0.2156989 0.04462468 0.01357488 0.4962721 0.2367463 0.1800383
22 0.2045441 0.04721302 0.01512388 0.4456005 0.2628801 0.2262221
23 0.2327655 0.04723649 0.01498018 0.4881612 0.2933422 0.1542148
24 0.2088568 0.04580809 0.01472384 0.4349334 0.2647455 0.1688001
25 0.2381358 0.04681792 0.01429212 0.621391 0.2622353 0.1663506
26 0.2374723 0.04457659 0.01391899 0.5446383 0.2692806 0.1714657
27 0.2359515 0.04644584 0.01358658 0.5573209 0.2643083 0.1910788
28 0.222373 0.04269616 0.01435805 0.5642176 0.2478457 0.1640307
29 0.2201329 0.04506842 0.01398918 0.379141 0.2699448 0.1703962
30 0.240122 0.05008851 0.01535225 0.5384624 0.3141024 0.1759202
31 0.2263575 0.0493802 0.01398668 0.4905792 0.2632597 0.1549905
32 0.2229196 0.04512011 0.01404853 0.4666454 0.2681016 0.1931245
33 0.2052083 0.04408266 0.0136426 0.376789 0.2376887 0.1655721
34 0.2424141 0.04828386 0.01637691 0.6162285 0.3221064 0.199297
35 0.250674 0.05047887 0.01563511 0.4703823 0.3419738 0.1446769
36 0.227455 0.04695634 0.01563193 0.4669436 0.3059873 0.1446166
37 0.2189441 0.04492704 0.01376995 0.4333469 0.2601771 0.1640878
38 0.2227859 0.04611527 0.01449168 0.5996962 0.266197 0.1750544
39 0.2300375 0.04993256 0.01486828 0.4593433 0.299787 0.1643209
40 0.2398507 0.0450462 0.0142472 0.5767158 0.2742933 0.1823605
41 0.2300502 0.04867608 0.01452624 0.5270378 0.2855265 0.1615746
42 0.2337666 0.04696742 0.01493302 0.547026 0.2922626 0.1844999
43 0.2362422 0.05027775 0.01720895 0.5180508 0.3449972 0.1669903
44 0.2345006 0.04793497 0.01510644 0.6106939 0.2721107 0.1715447
45 0.2279806 0.05267954 0.01502742 0.5393597 0.2871449 0.1497515
46 0.2191233 0.04863775 0.01530781 0.5118976 0.2868916 0.1409106
47 0.2203863 0.04997637 0.01626121 0.4959114 0.3036619 0.16648
48 0.2191432 0.04435084 0.01319465 0.4381084 0.2434911 0.1798438
49 0.2461506 0.04698486 0.01363917 0.7163655 0.2629309 0.1588277
50 0.2118791 0.05252232 0.01652385 0.4359476 0.3098229 0.180605
51 0.2120677 0.04613269 0.01465017 0.4315394 0.2718307 0.1621674
52 0.2189871 0.04640722 0.01464945 0.4989197 0.2607441 0.1766495
53 0.2287463 0.04419966 0.01415279 0.4476455 0.2742082 0.1853147
54 0.2381294 0.0501942 0.0161326 0.6798061 0.3032694 0.2489925
55 0.2028314 0.04702863 0.01496706 0.354474 0.2712567 0.1800358
56 0.2515893 0.04743724 0.01457046 0.5867429 0.3030447 0.1633446
57 0.2076441 0.04361556 0.01462879 0.438572 0.2522417 0.2084892
58 0.210991 0.04301438 0.01456589 0.3591124 0.2690187 0.1548468
59 0.2386101 0.05570715 0.01536927 0.4842453 0.3356073 0.1499582
60 0.2268336 0.04716033 0.01541532 0.4046206 0.3084068 0.174629
61 0.2242022 0.04399249 0.01401035 0.5293326 0.2506835 0.175493
62 0.2277595 0.04935196 0.01660327 0.4531326 0.3314291 0.1524266
63 0.2228195 0.04507277 0.01410393 0.4227809 0.269546 0.1754818
64 0.2249847 0.04759172 0.01445318 0.4854047 0.2755561 0.1708483
65 0.2230466 0.0477172 0.01399414 0.4037366 0.27482 0.1813793
66 0.2108926 0.04807995 0.01525267 0.4401166 0.2715322 0.2507262
67 0.2411208 0.04654002 0.01444647 0.567889 0.2819833 0.1327547
68 0.2212836 0.04582506 0.01500494 0.4945567 0.2730875 0.1923658
69 0.2290948 0.04792832 0.01457211 0.4618458 0.2906072 0.2070109
70 0.2304434 0.04449696 0.01379602 0.4365932 0.2681248 0.1638523
71 0.2195897 0.04702662 0.01427109 0.3966713 0.277245 0.167129
72 0.2234334 0.04912949 0.01407916 0.3395143 0.2892228 0.1603258
73 0.2137962 0.04549375 0.01403705 0.4591774 0.2553139 0.1860248
74 0.2228728 0.04441783 0.01465503 0.4778104 0.2721605 0.1548494
75 0.2214974 0.04716968 0.01429152 0.4232133 0.2744849 0.146445
76 0.2496777 0.04544701 0.0148501 0.4807975 0.313292 0.1473568
77 0.2205698 0.05941236 0.01701763 0.4895633 0.3419242 0.1478233
78 0.2301418 0.05071202 0.01537679 0.5300212 0.2997847 0.1670936
79 0.2225799 0.04807932 0.01373894 0.5028128 0.254257 0.2791916
80 0.2452065 0.04884554 0.01479201 0.6290919 0.3032337 0.1458169
81 0.2276502 0.0458964 0.01399346 0.4866135 0.2681907 0.1548104
82 0.2259881 0.04691086 0.01341419 0.5016542 0.2537814 0.2075068
83 0.2206029 0.04563223 0.01415624 0.454183 0.2599715 0.1704716
84 0.2333376 0.04511862 0.01458528 0.6630042 0.2511828 0.1534109
85 0.2155948 0.04833044 0.01467559 0.4078169 0.2833703 0.1910801
86 0.2292034 0.05214483 0.01519451 0.447843 0.3134031 0.1682237
87 0.2063571 0.04438086 0.01496274 0.4296481 0.2550432 0.1588282
88 0.2108249 0.0442795 0.01470013 0.4351259 0.2619156 0.1689465
89 0.1909501 0.04666833 0.01444859 0.3353936 0.2505231 0.1970606
90 0.2349151 0.04813385 0.01581113 0.5201873 0.3088402 0.1423248
91 0.2130241 0.04679272 0.0142079 0.4531135 0.2593124 0.1716206
92 0.2108305 0.04787621 0.01472423 0.4305727 0.2720283 0.2153595
93 0.212906 0.04588021 0.01381278 0.3317301 0.2713955 0.1654977
94 0.1995602 0.04933421 0.01495377 0.3666797 0.2711927 0.1821643
95 0.2246602 0.04779561 0.01422671 0.5223223 0.267256 0.1779125
96 0.2446208 0.04834764 0.01412681 0.4155871 0.292934 0.1634007
97 0.2333117 0.04559901 0.01375939 0.5047117 0.2656029 0.1607608
98 0.2056534 0.04797063 0.01467896 0.438132 0.257316 0.216065
99 0.2258929 0.0454038 0.0141513 0.5639409 0.2550406 0.2866906
100 0.2023741 0.05117412 0.01545264 0.3832211 0.2872098 0.223888
