1 26.63012 2.05077 -0.5159233 4.497861 2.565676 5.548817 -3.540774
2 26.38278 1.957757 -0.5322173 4.886927 1.735902 4.922782 -3.455859
3 26.38903 1.968075 -0.5221942 5.196874 1.888227 5.972027 -3.580059
4 26.09607 1.946288 -0.5382639 4.936675 1.843848 4.759006 -3.501922
5 26.09076 1.971189 -0.5385008 5.375423 2.507133 5.958434 -3.506399
6 26.60771 2.011067 -0.5056916 5.363755 1.97708 7.506734 -3.519858
7 25.92155 1.96348 -0.5474544 4.807435 2.495055 4.52113 -3.404408
8 26.47439 2.063034 -0.5247452 5.160601 1.94172 4.754174 -3.199294
9 26.52416 2.034985 -0.528537 5.514218 2.20226 5.635229 -3.147175
10 26.56415 2.060439 -0.5055107 5.093232 2.989143 6.994708 -3.386917
11 27.11457 1.94566 -0.4970351 4.887332 1.745026 5.281157 -3.403181
12 26.1012 1.883724 -0.5367985 5.412851 2.722837 7.673869 -3.534941
13 26.39057 1.931824 -0.5443372 5.081115 1.904717 5.049269 -3.093388
14 26.97849 1.972652 -0.4917465 5.11943 1.958908 6.860096 -3.605362
15 26.67531 1.982151 -0.5022331 4.727473 2.08143 5.594823 -3.528836
16 26.55731 2.037648 -0.5067559 4.921931 2.641785 5.879471 -3.703664
17 26.59676 1.955955 -0.5105379 5.021315 2.058248 6.098574 -3.491485
18 25.93909 2.00962 -0.5473646 5.038262 2.039221 6.049872 -3.472234
19 26.75072 2.14135 -0.5125726 5.388697 2.268332 6.50273 -3.627656
20 25.9637 1.984075 -0.5479556 5.763273 1.868251 6.257447 -3.460694
21 26.44332 2.013345 -0.5339696 4.829134 2.829454 7.208279 -3.530829
22 25.89933 1.950905 -0.5577947 4.697122 2.155578 5.24198 -3.713657
23 26.47949 1.972668 -0.5203867 4.548936 2.382571 4.3413 -3.396334
24 26.18757 1.972162 -0.546881 4.605001 1.851704 4.923847 -3.518592
25 26.3652 1.965441 -0.520252 4.695233 3.068602 5.561417 -3.512321
26 26.91245 1.976215 -0.511405 4.824966 3.207769 6.04842 -3.509217
27 26.76634 1.969345 -0.4995817 4.725036 2.470888 5.33709 -3.630213
28 26.24924 1.901385 -0.5476479 4.944556 3.021175 6.923954 -3.507843
29 26.69963 2.001744 -0.5102559 4.929422 1.707683 6.256253 -3.519713
30 26.48152 2.010236 -0.5220466 5.099441 2.157823 4.204224 -3.526726
31 26.29133 2.099546 -0.5213438 4.833451 2.310267 6.299892 -3.398234
32 26.62578 1.964048 -0.5182622 5.119807 2.179337 6.249334 -3.549506
33 26.31441 1.986776 -0.5250539 4.589988 1.981042 6.839458 -3.335552
34 26.445 1.845032 -0.5398646 5.320453 2.157325 4.779425 -3.49358
35 26.59881 2.019191 -0.5095671 4.995751 1.680229 4.304513 -3.24371
36 26.30733 1.917211 -0.5337431 5.16613 1.937949 5.403946 -3.341456
37 26.91733 2.004053 -0.5168008 4.7161 2.18569 6.169458 -3.508077
38 26.14912 1.947181 -0.5358683 5.011352 1.778784 7.090419 -3.525548
39 26.43776 1.996682 -0.5172197 5.637626 2.02849 6.211137 -3.508993
40 26.58131 1.981937 -0.5104645 4.886385 2.353382 5.647453 -3.534044
41 26.57431 2.034541 -0.5225602 4.512093 2.170172 4.443292 -3.501362
42 26.56301 1.931922 -0.5167887 5.059278 2.306766 5.379358 -3.53587
43 26.05151 1.892609 -0.543242 5.184583 3.141367 4.775372 -3.494258
44 25.96013 2.017766 -0.5469124 4.938245 1.951722 5.485589 -3.521789
45 26.37527 2.072228 -0.5425591 4.516626 2.63493 4.606902 -3.355895
46 26.05145 1.97897 -0.5521754 4.636618 1.591022 4.784097 -3.289273
47 25.77799 1.947733 -0.5533044 5.916376 2.310033 7.319888 -3.512721
48 26.73673 2.009738 -0.5117318 4.822367 2.282999 7.119428 -3.528013
49 26.6475 2.047165 -0.5139303 4.519468 2.189319 5.219705 -3.519878
50 25.79443 1.981101 -0.558092 5.36891 2.143867 5.556852 -3.531598
51 26.37117 1.972395 -0.5375854 5.438029 2.085412 7.934162 -3.57627
52 26.32104 2.011325 -0.5540239 4.951581 2.659007 6.884118 -3.482143
53 26.64356 1.95858 -0.5095567 4.873102 2.171321 5.34252 -3.53717
54 26.05863 1.96653 -0.5593056 4.758978 2.729306 4.502923 -3.840859
55 26.05888 1.905886 -0.5379532 5.142916 1.671207 6.354452 -3.530829
56 26.8822 1.974352 -0.5023734 4.858124 2.123975 4.711867 -3.504882
57 26.0295 1.891727 -0.5456899 5.059044 2.400264 7.483284 -3.602912
58 26.28555 1.831986 -0.5209086 5.202836 1.844694 7.319784 -3.457429
59 26.68879 2.099529 -0.5177818 5.389029 1.748358 4.786889 -3.33583
60 26.36896 1.9482 -0.5192932 4.847784 1.65557 4.865769 -3.52495
61 26.50898 1.944982 -0.5309834 4.903656 2.985868 7.323663 -3.526139
62 26.28163 1.881974 -0.5398334 5.243047 2.15133 4.540987 -3.433465
63 26.63109 1.993498 -0.5173283 4.914261 1.848566 5.930522 -3.526139
64 26.61507 2.010942 -0.5283718 4.450786 2.677445 4.88859 -3.520568
65 26.60781 2.061707 -0.5160971 5.210013 1.847799 6.666624 -3.532656
66 25.83031 1.883108 -0.5462251 5.089208 2.454443 6.496022 -3.968947
67 26.35266 2.006765 -0.5152689 4.367988 2.639453 5.353089 -3.143982
68 26.22997 1.875993 -0.532236 5.065611 2.133931 5.89067 -3.537248
69 26.86764 2.003243 -0.5130713 5.351373 2.10616 6.230817 -3.541763
70 26.77469 1.980393 -0.5039698 4.726537 2.409332 6.075842 -3.50713
71 26.7168 1.975613 -0.5138569 5.04775 1.724808 5.547262 -3.584293
72 26.90924 2.07815 -0.5085279 4.954797 1.516374 5.093677 -3.443477
73 26.59031 2.021106 -0.5399778 4.762751 2.368807 5.908582 -3.538371
74 26.38753 1.845613 -0.5240591 4.698756 2.622306 5.486874 -3.457429
75 26.49431 2.028129 -0.5220775 4.312283 1.930979 5.369276 -3.305864
76 27.08551 1.899639 -0.4906157 4.952604 1.996549 5.347756 -3.388502
77 25.85459 2.088544 -0.570073 4.817732 1.8816 4.643541 -3.377883
78 26.43859 2.022747 -0.5405836 5.386021 2.689482 5.843722 -3.503015
79 26.56329 2.057652 -0.5215392 5.331382 2.346072 7.409605 -3.769441
80 26.67116 1.97575 -0.5132402 5.537438 2.415993 6.294963 -3.319626
81 26.7717 2.003993 -0.5206294 5.00722 2.336949 6.491448 -3.456875
82 26.71318 2.075805 -0.509698 4.591582 2.314863 5.733512 -3.598144
83 26.29445 2.022909 -0.5240256 5.044644 2.559355 7.209282 -3.519858
84 26.00391 1.943568 -0.5483955 4.695132 3.003986 5.967752 -3.451356
85 26.43134 2.006653 -0.5299954 4.90288 1.672769 5.441967 -3.546705
86 26.53051 2.101297 -0.5307785 5.206506 2.044236 4.783998 -3.51735
87 25.85506 1.91339 -0.5518322 4.741809 1.903736 5.96355 -3.490319
88 26.17223 1.872353 -0.537213 4.777753 2.142164 6.309728 -3.518891
89 26.12054 2.063979 -0.5584648 4.858682 1.54243 6.802099 -3.560939
90 26.24642 1.91094 -0.5355204 5.706782 2.26672 6.301899 -3.21873
91 26.47521 2.011637 -0.534687 5.210389 2.010486 6.991278 -3.521921
92 26.22053 2.015477 -0.5391348 5.312752 2.221235 6.323738 -3.636505
93 26.92516 2.009977 -0.5096912 5.05939 1.30392 6.474174 -3.413983
94 26.06762 1.998141 -0.5525465 4.835271 1.708965 5.615614 -3.53376
95 26.45897 1.984303 -0.5282025 5.256854 2.423556 6.605435 -3.529311
96 26.69666 1.979125 -0.4827089 5.719816 2.003667 7.570805 -3.50514
97 26.74906 2.038953 -0.5179439 4.547516 2.512659 5.458426 -3.496554
98 26.09093 1.9867 -0.5544268 4.92283 2.155629 5.843425 -3.640327
99 26.44415 1.977252 -0.5282328 4.772439 2.616712 5.324033 -4.039151
100 25.99363 2.042958 -0.5578904 5.100983 2.023143 5.235658 -3.681187
