1 0.2036449 0.04013028 0.01184704 0.4214525 0.2886051 0.8102722 0.1873674
2 0.1938646 0.04089333 0.01297652 0.3298979 0.340874 0.6953337 0.1536921
3 0.1938046 0.04166666 0.01291817 0.3405636 0.324844 0.9085942 0.202911
4 0.1908319 0.04105651 0.01322669 0.3436146 0.3404992 0.6853927 0.1616832
5 0.2066319 0.04359949 0.01366213 0.4208571 0.351185 0.9533622 0.1636829
6 0.2105327 0.04225946 0.01279414 0.3572878 0.3236969 1.298307 0.170472
7 0.2020811 0.04207216 0.01332175 0.4437452 0.3395061 0.6243294 0.1500517
8 0.207645 0.04483664 0.01303994 0.3685414 0.3610824 0.6676077 0.1382993
9 0.2181238 0.04532974 0.01370971 0.4163369 0.3791911 0.867646 0.1331513
10 0.2248666 0.04262942 0.01241257 0.4989681 0.3177741 1.170901 0.1472931
11 0.2056385 0.03834567 0.01216743 0.3186906 0.3265486 0.7587355 0.1488396
12 0.2095096 0.04146295 0.01383644 0.4505078 0.3294466 1.306616 0.1838991
13 0.1985875 0.04216524 0.01370825 0.368274 0.3508235 0.7545355 0.1320938
14 0.2074707 0.03965144 0.01202884 0.347435 0.3164524 1.195896 0.2089652
15 0.2059057 0.03876929 0.01196978 0.3519191 0.3070526 0.8334884 0.1775378
16 0.2111323 0.04123089 0.0122372 0.4517872 0.3048336 0.8719889 0.2156766
17 0.2041445 0.04031398 0.01255673 0.3705587 0.3204367 0.9639148 0.1600434
18 0.1925164 0.04331932 0.01333335 0.3744352 0.3197851 0.9350469 0.1559292
19 0.2139899 0.04509285 0.01251681 0.3983768 0.3382332 0.9960169 0.1851358
20 0.2007319 0.04573322 0.01453831 0.359536 0.3644976 0.9767752 0.1550642
21 0.2037919 0.04110822 0.01254555 0.4573974 0.2933746 1.23718 0.1800316
22 0.1846186 0.040953 0.01308845 0.3648292 0.3013933 0.7392913 0.2335836
23 0.2037484 0.04017948 0.01243472 0.4304438 0.3260237 0.6049775 0.1627933
24 0.1816312 0.04063493 0.01270666 0.3347906 0.3085727 0.7096175 0.1687982
25 0.2135027 0.03985854 0.01244313 0.4887662 0.3097968 0.8234392 0.1663505
26 0.2177459 0.03904353 0.01205344 0.4988514 0.3021784 0.9079177 0.1643807
27 0.2080746 0.03845387 0.01175987 0.4149293 0.3082037 0.7732369 0.2465924
28 0.2049986 0.03995169 0.01319057 0.4781914 0.3020924 1.144629 0.1640283
29 0.196173 0.04048918 0.0122085 0.3132576 0.3013879 0.9564633 0.1703962
30 0.201386 0.04286021 0.01292725 0.3921565 0.3547835 0.575528 0.175919
31 0.2095403 0.04355543 0.0125236 0.4000619 0.3205509 1.022679 0.155947
32 0.2010726 0.04029926 0.01272448 0.3727464 0.3170805 0.9660605 0.1922543
33 0.1926917 0.0397432 0.01213321 0.3454486 0.2863038 1.152773 0.1586831
34 0.1965775 0.03979374 0.013701 0.3948234 0.3609018 0.6770736 0.1603255
35 0.2026148 0.04246632 0.01272065 0.3305169 0.3590794 0.5810518 0.1468161
36 0.1981918 0.04150444 0.01349138 0.3610185 0.3514454 0.8129705 0.1446138
37 0.2015082 0.03966521 0.0120331 0.3671757 0.2979817 0.9278781 0.1640854
38 0.1894974 0.04106687 0.01311656 0.3243524 0.3019781 1.093313 0.175051
39 0.2122019 0.04401873 0.01355693 0.3750449 0.3680968 1.006274 0.1643223
40 0.2019622 0.04019009 0.01220493 0.398332 0.3117114 0.8428326 0.1823605
41 0.1933842 0.0407192 0.01189725 0.3728808 0.3034405 0.5885368 0.1615752
42 0.2029295 0.04016398 0.01263936 0.3981614 0.3308669 0.7765868 0.1844983
43 0.2165362 0.04177777 0.01386759 0.5001363 0.3516879 0.6440194 0.1604205
44 0.1892658 0.04325759 0.01313436 0.361087 0.3168207 0.7906953 0.1715434
45 0.2046821 0.04290449 0.01259201 0.4368033 0.3204698 0.6425981 0.1461326
46 0.1803065 0.04190258 0.01309775 0.3095891 0.3199934 0.6763552 0.140912
47 0.2040699 0.04579655 0.01471764 0.4048716 0.3723849 1.244252 0.1664793
48 0.2021493 0.04032888 0.01208673 0.3828877 0.2938988 1.190763 0.1768999
49 0.2025017 0.04074923 0.01206903 0.3940032 0.3044711 0.7593377 0.1683828
50 0.1969902 0.04426613 0.01409852 0.3748475 0.3567208 0.8217773 0.1806051
51 0.2007472 0.04272509 0.01352961 0.365109 0.3295367 1.357563 0.206739
52 0.2031386 0.0430274 0.01326334 0.4483363 0.3103941 1.136227 0.158985
53 0.2037347 0.04033602 0.01247476 0.3793209 0.3241285 0.7984811 0.1853089
54 0.1946132 0.04115781 0.01292677 0.4489611 0.3272241 0.6046616 0.286178
55 0.188596 0.04083109 0.0135071 0.3109051 0.3274397 1.014346 0.1800316
56 0.2088278 0.03993383 0.01226506 0.3776766 0.3276361 0.6423298 0.1633437
57 0.1946685 0.04045782 0.01343367 0.3929586 0.3045408 1.250467 0.208482
58 0.1978076 0.03850857 0.01342524 0.3426431 0.3188553 1.248767 0.1548466
59 0.2076176 0.04541644 0.01305503 0.3458756 0.3776881 0.6844725 0.1507168
60 0.190934 0.04045219 0.01271013 0.3161715 0.3203232 0.6498375 0.1746284
61 0.2085677 0.04005942 0.01278059 0.4669707 0.3043342 1.248453 0.1754821
62 0.2011142 0.04094877 0.01382362 0.3877748 0.3719071 0.6306959 0.1524274
63 0.1960463 0.04090645 0.01252076 0.3359303 0.317897 0.8963833 0.1754823
64 0.2029056 0.04010255 0.01201634 0.4319177 0.3031528 0.6686056 0.17085
65 0.201813 0.04319446 0.01262474 0.3415467 0.32788 1.062251 0.1813785
66 0.1937586 0.04059326 0.01336896 0.3942737 0.3173412 1.008263 0.2734633
67 0.2136878 0.03991242 0.01222438 0.4509498 0.2947352 0.7834798 0.1321652
68 0.1947436 0.03955938 0.01317216 0.3722061 0.3245472 0.9049301 0.1932234
69 0.2054273 0.04182688 0.01260833 0.3697829 0.3322706 0.9442704 0.1878936
70 0.2065843 0.03889908 0.0120606 0.4049236 0.2975626 0.9082832 0.1638528
71 0.195842 0.04096885 0.01251328 0.3288205 0.3360219 0.8535905 0.1785256
72 0.2010181 0.04253875 0.01220981 0.2964501 0.3365367 0.7493506 0.1615634
73 0.1956995 0.04096889 0.01246981 0.3974999 0.313909 0.9373385 0.1860231
74 0.206712 0.03756617 0.0129329 0.4409435 0.3159125 0.8215697 0.1548473
75 0.1931356 0.04006869 0.01206339 0.3434333 0.2906572 0.7619869 0.1602677
76 0.2139715 0.03800649 0.01238571 0.3677307 0.3356126 0.7821921 0.1473564
77 0.1897755 0.04544191 0.01362382 0.363799 0.3445045 0.6605641 0.1479631
78 0.2111374 0.04489883 0.01361784 0.4623406 0.3588374 0.9073134 0.1629631
79 0.204543 0.04373872 0.01264909 0.4038187 0.3287852 1.330605 0.2415267
80 0.2206662 0.04277119 0.01342691 0.4524179 0.3614522 1.040986 0.15011
81 0.2062497 0.04157743 0.01271041 0.4160931 0.3210063 1.051441 0.1548101
82 0.1984054 0.04094071 0.01162966 0.3852664 0.2901491 0.8342991 0.2075024
83 0.207662 0.04261952 0.01283049 0.4221326 0.3078537 1.224367 0.1704704
84 0.2069515 0.04057504 0.01310655 0.4952927 0.2961076 0.9233123 0.1534104
85 0.1858961 0.04109291 0.01252947 0.3067152 0.3206183 0.8083969 0.191079
86 0.2003545 0.04488358 0.01274636 0.3687429 0.3574076 0.6821192 0.1682238
87 0.1863845 0.04075961 0.01328761 0.3429802 0.3104789 0.9361959 0.1588275
88 0.1912626 0.03835894 0.01301575 0.3773703 0.3005041 0.9776 0.1689421
89 0.1748381 0.04365835 0.01295412 0.2945592 0.2967776 1.100553 0.197062
90 0.2127163 0.04358268 0.01431114 0.4225609 0.3805459 1.032793 0.1443103
91 0.1925533 0.04280514 0.01290977 0.3578882 0.3158385 1.191061 0.171622
92 0.1981304 0.04398542 0.01332209 0.3819381 0.3258086 0.998282 0.215355
93 0.1907828 0.04043057 0.01234034 0.2662718 0.3110649 1.000412 0.1696986
94 0.1824998 0.04233677 0.01306229 0.320747 0.3213088 0.8627023 0.1821635
95 0.2037314 0.04247278 0.0130528 0.4074911 0.3198662 1.041956 0.1779086
96 0.2247338 0.04297089 0.01311059 0.3692401 0.3437215 1.251064 0.1634011
97 0.2048399 0.04033603 0.01190783 0.4170363 0.3068526 0.8114048 0.16076
98 0.1853567 0.04185887 0.01304586 0.3641642 0.3119624 0.9014999 0.2160757
99 0.1957663 0.03989051 0.01222439 0.4162646 0.3098325 0.7865363 0.3043136
100 0.1836852 0.04459198 0.01319865 0.3528338 0.3284813 0.7419132 0.2239127
