1 26.57435 2.062414 -0.5123759 6.714022 3.793987 -3.540774
2 26.20078 1.911908 -0.5339425 7.868263 2.658879 -3.378783
3 26.32248 1.94419 -0.5198208 7.374696 2.032549 -3.580059
4 25.96156 1.931493 -0.5351002 7.581057 2.426097 -3.501922
5 26.14418 1.970831 -0.5343673 7.527358 2.954636 -3.506399
6 26.56814 2.010824 -0.5040913 6.990758 2.397774 -3.519858
7 25.7466 1.990385 -0.548676 7.755263 3.478432 -3.404408
8 26.45046 2.045926 -0.5161925 8.186787 2.785239 -3.158517
9 26.33043 2.001862 -0.5266084 8.103896 2.8848 -3.147175
10 26.42728 2.040567 -0.5052367 6.874313 3.649178 -3.343999
11 26.93533 1.98563 -0.501024 7.558707 2.481317 -3.401833
12 26.10078 1.856686 -0.5347308 7.132107 3.308337 -3.534941
13 26.11285 2.00462 -0.5543575 7.752834 2.579458 -3.105643
14 27.0094 1.922395 -0.4874026 6.799262 2.460793 -3.605362
15 26.67824 1.958368 -0.5010143 7.120741 2.598811 -3.474566
16 26.50054 2.008001 -0.5038102 6.990584 3.939573 -3.601103
17 26.51409 1.96737 -0.5131262 6.925235 2.810281 -3.491485
18 25.93733 2.035914 -0.5460161 7.024622 2.997273 -3.472234
19 26.74959 2.094938 -0.5049122 7.766563 2.638502 -3.523936
20 25.82627 2.02818 -0.5535437 8.193698 2.402044 -3.460694
21 26.3091 2.014861 -0.5342701 6.29668 3.318721 -3.530829
22 25.7719 1.951071 -0.5588663 7.113571 2.745292 -3.822973
23 26.45248 1.959274 -0.5219444 7.576609 2.926805 -3.446988
24 26.14315 1.947116 -0.5441532 7.029065 2.538496 -3.518592
25 26.19907 2.00755 -0.5291982 6.899469 4.320413 -3.512321
26 26.79683 1.962282 -0.509737 7.10431 3.533045 -3.473856
27 26.71394 2.049429 -0.5065263 7.043882 3.456231 -3.546705
28 26.16829 1.877701 -0.5429178 6.518265 3.862897 -3.507843
29 26.64255 1.974851 -0.5054646 7.125636 2.044039 -3.519713
30 26.27155 1.993404 -0.5169429 8.299637 3.071763 -3.526726
31 26.20392 2.127268 -0.5246722 6.822891 2.999758 -3.459617
32 26.63279 1.969603 -0.5158701 7.197444 2.764894 -3.536733
33 26.17864 1.99448 -0.5293559 6.19798 2.205193 -3.399756
34 26.33051 1.844586 -0.5363134 8.334094 3.335784 -3.550958
35 26.67255 1.977042 -0.5056521 8.73737 2.390015 -3.343247
36 26.20914 1.892998 -0.5304196 7.814151 2.561771 -3.341456
37 26.69234 1.999318 -0.5172887 6.837786 2.507097 -3.508077
38 26.01715 1.961756 -0.5339156 6.896418 3.268446 -3.525548
39 26.40822 2.04351 -0.5200707 7.891352 2.564142 -3.508993
40 26.41807 1.934154 -0.5062948 7.324529 3.68991 -3.534044
41 26.47743 2.038175 -0.5260999 7.494577 3.136455 -3.501362
42 26.26799 1.938782 -0.5164249 7.723978 3.174335 -3.53587
43 25.93047 1.860324 -0.5438745 9.05784 3.101265 -3.44126
44 25.76322 1.967412 -0.5415473 7.219463 4.225995 -3.521789
45 26.12215 2.138239 -0.5502686 7.325893 3.263817 -3.3033
46 26.01569 1.992803 -0.5534898 7.24294 2.80651 -3.289273
47 25.6227 1.931524 -0.5524113 7.958814 2.826113 -3.512721
48 26.71567 2.03707 -0.5126613 6.500723 2.78721 -3.471454
49 26.52618 2.071432 -0.5144345 6.808938 4.444305 -3.490319
50 25.64112 1.989797 -0.5646929 8.28621 2.479436 -3.531598
51 26.29045 1.963448 -0.5371629 7.16928 2.430018 -3.504334
52 26.18575 1.96923 -0.547116 6.748609 3.1206 -3.34267
53 26.74742 1.923487 -0.5044905 7.339206 2.715256 -3.53717
54 25.84052 1.934132 -0.5545118 8.337813 4.745882 -3.80119
55 25.99488 1.956074 -0.5428691 7.244286 1.940118 -3.530829
56 26.72445 1.983115 -0.4981309 7.890637 3.42102 -3.504882
57 26.08269 1.878272 -0.5433222 6.839322 2.83325 -3.602912
58 26.41425 1.862677 -0.5216544 6.973507 1.917811 -3.457429
59 26.56753 2.17514 -0.5218638 8.533649 2.259809 -3.402104
60 26.30611 1.894223 -0.5116713 8.140668 1.895748 -3.52495
61 26.42328 1.944687 -0.5304938 6.667779 3.632828 -3.526139
62 26.18863 1.892464 -0.5425482 8.56596 2.495422 -3.433465
63 26.60851 1.961723 -0.511949 7.176004 2.53026 -3.526139
64 26.5065 2.017761 -0.5294686 7.288726 3.040856 -3.520568
65 26.67874 2.057135 -0.5133586 7.368447 2.360528 -3.532656
66 25.79243 1.946207 -0.550281 7.516784 2.879231 -3.808089
67 26.2156 1.987223 -0.5136219 6.986106 3.287901 -3.205525
68 26.05518 1.906398 -0.5367569 7.363831 3.228814 -3.549772
69 26.64244 2.005949 -0.5174946 7.827668 2.818701 -3.604819
70 26.79388 1.975096 -0.499468 7.071496 2.597467 -3.50713
71 26.52879 2.013634 -0.5169713 7.313935 2.16408 -3.514619
72 26.90835 2.103227 -0.5070368 7.582839 1.613402 -3.49358
73 26.56024 1.996067 -0.5377321 6.847397 2.955766 -3.538371
74 26.39974 1.897905 -0.5288439 7.038124 2.881235 -3.457429
75 26.46855 2.028774 -0.5233755 7.032046 2.394278 -3.364588
76 26.91227 1.900671 -0.4924351 8.102487 2.743045 -3.388502
77 25.70204 2.156426 -0.5742862 8.705502 2.342755 -3.382307
78 26.32018 2.033923 -0.5444766 7.860666 3.313153 -3.390859
79 26.37839 2.090424 -0.5262047 6.947967 3.324373 -3.811846
80 26.55399 2.024655 -0.5160187 7.61295 3.380625 -3.34699
81 26.70178 2.009388 -0.519804 6.932448 2.9735 -3.456875
82 26.58782 2.088324 -0.5110155 6.834878 3.179528 -3.598144
83 26.2243 1.978958 -0.5218669 6.867887 2.819586 -3.519858
84 25.80275 1.937638 -0.5484045 6.507055 4.547511 -3.451356
85 26.3621 2.01063 -0.526377 7.585566 2.15722 -3.546705
86 26.44356 2.080044 -0.5257685 8.296989 2.40666 -3.51735
87 25.72386 1.887667 -0.5505142 6.724273 2.672367 -3.490319
88 26.09196 1.89068 -0.5403498 6.951851 2.620742 -3.518891
89 26.09864 2.01004 -0.5567275 6.770952 1.864398 -3.560939
90 26.23704 1.919673 -0.5383874 7.868115 3.189159 -3.30283
91 26.33146 2.026517 -0.5386455 6.871431 2.793566 -3.521921
92 26.23244 1.999401 -0.5417713 7.390856 2.609846 -3.636505
93 26.88413 2.027797 -0.5103885 7.205135 1.615821 -3.512949
94 26.03371 2.041875 -0.5563338 7.279219 2.0044 -3.53376
95 26.52839 2.043179 -0.5359268 7.14424 3.386777 -3.529311
96 26.73332 2.043609 -0.4860129 7.687943 2.215222 -3.50514
97 26.81885 2.016428 -0.5115021 6.972138 3.261877 -3.496554
98 25.97354 2.013671 -0.5555294 7.010895 2.810791 -3.640327
99 26.22795 1.962213 -0.529922 7.07108 3.975336 -3.9363
100 25.91354 2.030707 -0.5552657 7.832335 2.047571 -3.681187
