1 0.2080365 0.04026218 0.01192742 0.4202191 0.2998035 0.9140911 0.7598277 0.3378606 0.05028125 0.06137241
2 0.2033966 0.04053071 0.01283567 0.3366808 0.3523103 0.7413222 0.5294254 0.3025746 0.03714638 0.04276421
3 0.2051986 0.04090708 0.01246202 0.3442194 0.3376906 0.9739972 0.8709245 0.3576115 0.06291287 0.07093388
4 0.2089238 0.04028796 0.01281112 0.3507004 0.3605818 0.8182714 0.8164235 0.3249744 0.0643501 0.07241196
5 0.2212729 0.04404363 0.01327393 0.425075 0.3682404 1.13292 0.8663633 0.316185 0.06112045 0.0696715
6 0.2187347 0.04265809 0.01271984 0.3731811 0.3381819 1.370286 0.7974651 0.3285274 0.06220319 0.07167848
7 0.2133577 0.0418502 0.01298913 0.4291748 0.3599762 0.6742874 0.5858273 0.3495695 0.05034977 0.05367477
8 0.2209777 0.04433314 0.01281491 0.3879239 0.3821847 0.7122816 0.6270336 0.2862196 0.04350014 0.0511305
9 0.2300145 0.04472181 0.01341812 0.4367784 0.3955131 0.929455 0.6589194 0.2802407 0.04752908 0.05316245
10 0.2357541 0.0419115 0.01249442 0.5170301 0.3330049 1.314331 0.6372708 0.2930542 0.04765096 0.05467735
11 0.208807 0.0391331 0.01212628 0.3133391 0.3366178 0.7978352 0.5623776 0.2987056 0.04337646 0.04722966
12 0.2301345 0.04068749 0.01268783 0.4500374 0.3328901 1.526913 1.075608 0.3612314 0.09435286 0.1037084
13 0.2106798 0.04071812 0.01306216 0.3795985 0.3675885 0.77345 0.6998187 0.3031643 0.04531893 0.05621917
14 0.2177232 0.04047764 0.01188105 0.3667888 0.3245597 1.410098 0.9873804 0.3440267 0.08048454 0.08570386
15 0.2130621 0.03890565 0.01220508 0.3717934 0.3194902 0.9132065 0.6687914 0.3284665 0.04700734 0.05443441
16 0.2194929 0.04055206 0.0122574 0.480424 0.3181445 0.9298624 0.7246622 0.3367682 0.06528578 0.0663693
17 0.2197519 0.040029 0.01243743 0.4170001 0.3349503 1.092912 NaN 0.1530718 NaN NaN
18 0.2029823 0.04140601 0.01291862 0.392605 0.3270798 1.012672 0.6233387 0.3075145 0.04736396 0.05417256
19 0.2180148 0.04438796 0.01261634 0.4158478 0.3456483 1.101943 0.5753393 0.3197915 0.03726024 0.04414448
20 0.2172617 0.04364188 0.01399739 0.3751248 0.3816259 1.025298 0.6910135 0.3302959 0.05096081 0.05817706
21 0.214566 0.04091764 0.0125022 0.4792764 0.3055591 1.466025 0.6713543 0.3462109 0.04808002 0.05539812
22 0.1994557 0.03978272 0.01207729 0.3685312 0.3086643 0.7789214 0.5862515 0.3466565 0.04363619 0.04920613
23 0.2122412 0.03912995 0.01267864 0.449732 0.3428472 0.678291 0.6718058 0.3189776 0.05970673 0.0607633
24 0.2013984 0.04109259 0.01187842 0.3602556 0.3353144 0.7515229 1.413186 0.4250656 0.0945494 0.114446
25 0.2181689 0.03932202 0.01277939 0.4827199 0.3264788 0.9366885 0.6691221 0.3205387 0.05480682 0.06072117
26 0.2180553 0.0405658 0.01249277 0.5019906 0.3182743 1.08743 NaN 0.2376122 NaN NaN
27 0.2156032 0.03959306 0.01205507 0.4397978 0.326287 0.8663052 0.7389686 0.356148 0.04643616 0.05762255
28 0.2218067 0.03911789 0.01223607 0.4890351 0.3207818 1.193092 1.268351 0.3613082 0.08866418 0.106148
29 0.2054237 0.04092 0.01205771 0.3170948 0.3170245 1.039629 1.169013 0.3346649 0.09297019 0.1003801
30 0.2104793 0.04144087 0.01297521 0.4038485 0.3773087 0.6233152 1.41257 0.3904315 0.08842856 0.1020116
31 0.2075462 0.04286535 0.01333719 0.4015403 0.3309872 1.194317 0.5552992 0.3277077 0.04650702 0.0523746
32 0.2117962 0.04055708 0.01251803 0.400127 0.3299339 1.088817 0.7157811 0.3242549 0.04574242 0.05444651
33 0.202423 0.03928394 0.01231384 0.3506399 0.3054283 1.548156 2.094639 0.5975745 0.1738055 0.196587
34 0.2198858 0.04030662 0.01280554 0.431998 0.3861413 0.7419974 1.979285 0.3635548 0.1821864 0.1881337
35 0.214889 0.04243759 0.01199259 0.3295796 0.3689795 0.585632 0.4802847 0.2986671 0.03631557 0.04004115
36 0.2225909 0.04179706 0.01262294 0.3871371 0.3636603 0.9304803 0.7613472 0.3273119 0.05719147 0.06562136
37 0.2115529 0.03914495 0.01183646 0.3844978 0.3102243 1.045694 1.359135 0.3316121 0.09272547 0.1086818
38 0.2096344 0.03993767 0.01233252 0.3477694 0.3158075 1.160683 1.146394 0.3810937 0.09622573 0.1063824
39 0.2203446 0.0434911 0.01345481 0.3852333 0.3784381 1.10991 0.606049 0.2995254 0.04355554 0.04968717
40 0.2139333 0.04020955 0.01231391 0.4216165 0.3341577 0.9838986 0.8043204 0.3838024 0.05514467 0.06758049
41 0.1964264 0.04042201 0.01217525 0.3784366 0.3165935 0.6782677 0.5647984 0.3163236 0.03882791 0.04562189
42 0.213603 0.03941989 0.01236248 0.4066875 0.3392555 0.8266121 0.7015575 0.3531038 0.05725806 0.06259496
43 0.235133 0.0394934 0.01300454 0.5366828 0.3581044 0.666744 0.5178806 0.3467544 0.03899858 0.04325296
44 0.2057884 0.04180808 0.01275322 0.3868745 0.3317341 0.8845063 0.6526764 0.3136208 0.04777918 0.05469762
45 0.2104882 0.04262969 0.01261085 0.447064 0.3299914 0.7537061 0.545657 0.2903306 0.0423096 0.04662054
46 0.1933718 0.04185542 0.01277605 0.3283768 0.3413093 0.753384 0.7266534 0.2951198 0.05043678 0.0587515
47 0.2260197 0.04405815 0.01387687 0.418259 0.3885392 1.343212 0.6364095 0.3267013 0.05331666 0.05791715
48 0.2092456 0.03990391 0.01234319 0.4091511 0.3085041 1.519063 1.429636 0.3754678 0.1143103 0.1292467
49 0.2090458 0.0418124 0.01237587 0.4248986 0.3247793 0.8221287 0.8384433 0.3236929 0.04858324 0.06273783
50 0.2101765 0.04335592 0.01334136 0.3729081 0.3648524 0.8879487 0.6104061 0.3241892 0.04543904 0.05115231
51 0.2102845 0.04112433 0.01322956 0.3808611 0.3312818 1.484791 0.6912117 0.3268039 0.04615837 0.05617551
52 0.2194321 0.042533 0.01258219 0.4808755 0.3219206 1.249229 NaN 0.332036 NaN NaN
53 0.2141723 0.0404789 0.01215216 0.3907216 0.3417322 0.8127943 1.098706 0.4706602 0.09718006 0.1067443
54 0.2111706 0.04062882 0.01195905 0.4918294 0.337124 0.6127651 0.6107947 0.377451 0.0428696 0.04728944
55 0.2059714 0.03968027 0.01259787 0.3103501 0.3352119 1.035868 0.7809847 0.342994 0.05830964 0.06653866
56 0.217288 0.04099436 0.01230495 0.401805 0.3475824 0.7052416 0.7493918 0.3656149 0.05737971 0.06646598
57 0.2108944 0.04074307 0.01220595 0.4031815 0.3085927 1.225357 0.5856655 0.3815676 0.04901991 0.05291314
58 0.2186669 0.03901196 0.01275853 0.3675918 0.3384877 1.434757 4.10952 0.9765109 0.4219101 0.4278017
59 0.206544 0.04353973 0.013306 0.3430137 0.3880967 0.7092263 0.605313 0.3234121 0.05119204 0.0535896
60 0.2138787 0.0399257 0.01170176 0.341858 0.3299636 0.6550318 0.5833947 0.3791978 0.05318241 0.05721723
61 0.2223299 0.03993627 0.01227026 0.4938135 0.3164839 1.350428 0.5929012 0.3171379 0.04813286 0.0524665
62 0.2212367 0.04216083 0.01313535 0.4151015 0.3890428 0.7153655 0.5468418 0.3083512 0.04034701 0.0452523
63 0.2013586 0.04100883 0.01266351 0.3328204 0.3348032 1.001901 0.677039 0.3416095 0.05748937 0.06249202
64 0.2084667 0.03995276 0.01214286 0.4662372 0.313981 0.708882 0.5645659 0.322643 0.04005766 0.0472797
65 0.204169 0.04259233 0.01259471 0.3356897 0.3343118 1.116678 0.5493455 0.3244277 0.03969841 0.0452939
66 0.213974 0.04057981 0.01234995 0.4191756 0.326703 1.036925 0.5901727 0.3599439 0.04523565 0.05119982
67 0.2176202 0.03918912 0.01233025 0.4651622 0.3055479 0.886332 0.6901584 0.2925534 0.04946646 0.05852809
68 0.2161382 0.03936391 0.01239246 0.4087808 0.3415223 0.9872205 0.9682005 0.357882 0.06594102 0.07799508
69 0.2031238 0.04153546 0.0129728 0.3731216 0.3412618 0.995147 0.5985149 0.3259521 0.0402866 0.04560758
70 0.2175385 0.03932571 0.01181225 0.4012834 0.3119366 1.008407 0.8687399 0.3185942 0.07567414 0.0776813
71 0.2018884 0.04081903 0.01252276 0.350196 0.3435502 0.9197179 0.6148149 0.3101409 0.04051986 0.04929264
72 0.2021074 0.04243553 0.01235005 0.3076876 0.3486701 0.8068841 0.6095556 0.3005234 0.04170789 0.0498755
73 0.2025018 0.04115158 0.01221124 0.4106137 0.3214866 1.020011 0.6445635 0.3613385 0.04884943 0.05476107
74 0.2198561 0.03793331 0.01214359 0.4390775 0.3235876 0.8686156 0.5576863 0.3077747 0.05358859 0.05303315
75 0.1978019 0.03934908 0.01165117 0.3384826 0.2913674 0.7679033 0.5196019 0.2983621 0.04204364 0.04655478
76 0.2235757 0.03836766 0.01223431 0.381802 0.3443205 0.8303116 0.4708967 0.3094671 0.03728868 0.04134552
77 0.1989622 0.0442554 0.01336833 0.3596301 0.3585416 0.7571265 0.7288727 0.3021493 0.05493834 0.06306243
78 0.217555 0.04338893 0.01345775 0.4679483 0.3711931 0.9856503 0.716941 0.4339655 0.05959669 0.06611683
79 0.2083105 0.04152216 0.01289119 0.4220818 0.3299735 1.523111 1.077574 0.3854318 0.0856972 0.09857717
80 0.2292962 0.04357745 0.01396883 0.5089755 0.3775972 1.299619 NaN 0.329793 NaN NaN
81 0.2103642 0.04130932 0.01255759 0.4188294 0.3364249 1.041299 0.8274866 0.3376077 0.07389566 0.07838438
82 0.1989629 0.0408675 0.01188751 0.3877033 0.3045896 0.8934697 2.740726 0.9266601 0.2633807 0.2723356
83 0.2189096 0.04143192 0.01258561 0.4274257 0.3164834 1.424605 NaN NaN NaN NaN
84 0.2235261 0.04101688 0.0124909 0.5000587 0.3215698 1.087501 1.175208 0.3488969 0.07253162 0.09175624
85 0.200042 0.04026935 0.01224685 0.3284918 0.3369543 0.8457816 0.7114892 0.3236583 0.05517578 0.06099666
86 0.2027337 0.04288326 0.01301334 0.3710171 0.371605 0.7329465 0.6082241 0.3451917 0.04320447 0.04950075
87 0.2079148 0.0391039 0.01225438 0.3850843 0.314593 0.9806506 0.6318535 0.2993573 0.04259986 0.05192296
88 0.2132774 0.03888588 0.01246053 0.3991218 0.3178053 1.141445 0.6643702 0.3828607 0.0442271 0.0537133
89 0.1844392 0.04310911 0.01253815 0.3055926 0.3076248 1.233754 0.9415076 0.3495447 0.06992029 0.08096294
90 0.2321673 0.04405771 0.01347667 0.4348016 0.3923267 1.103037 0.5119206 0.3089236 0.03950994 0.04475849
91 0.199769 0.04156271 0.01285534 0.3607547 0.3295214 1.398917 1.403191 0.3525019 0.09903301 0.1188451
92 0.2052498 0.04290727 0.01310594 0.3873024 0.3406477 1.083709 0.8077337 0.3891141 0.05952144 0.06783232
93 0.1898478 0.04116755 0.01262861 0.2676338 0.322792 1.098577 0.7435067 0.3213719 0.04842469 0.05779521
94 0.1889651 0.04185015 0.0127523 0.3113173 0.3330854 0.9170086 0.7565377 0.3228038 0.04365177 0.05675598
95 0.2139687 0.04172338 0.01259866 0.419979 0.3314817 1.048812 0.718655 0.3451102 0.04534281 0.05573095
96 0.2400832 0.04307642 0.01282794 0.3797957 0.3584486 1.421086 0.6783028 0.3490455 0.06691321 0.06658176
97 0.2081356 0.04112707 0.01185245 0.4195119 0.3125045 0.8436786 0.5062519 0.3366877 0.040914 0.04599493
98 0.1998496 0.04114503 0.01198242 0.3857343 0.3216697 0.9286526 0.8733394 0.3867893 0.06843848 0.07627099
99 0.2076831 0.04048481 0.0121823 0.443397 0.327862 0.9023221 0.8974821 0.366709 0.05854465 0.06943391
100 0.1971564 0.04382662 0.01229005 0.3463368 0.3329729 0.824847 0.5694206 0.3759132 0.0421724 0.04676032
