1 26.87764 2.041085 -0.5079011 4.844612 2.552754 6.057522 -6.187939 -0.7126183 -0.3393434 0.3793675
2 26.67686 1.949184 -0.5114689 5.20029 1.733424 5.157751 -4.925335 -0.6851038 -0.2446626 0.2684345
3 26.7955 1.978766 -0.4975025 5.44666 1.894907 6.1455 -6.085135 -0.5451892 -0.3520811 0.3723212
4 26.70702 1.937179 -0.4965577 5.494383 1.802871 5.379941 -6.105013 -0.5555587 -0.3683912 0.3971705
5 26.75156 2.009557 -0.5061056 5.911548 2.464987 6.665739 -6.309759 0.1569131 -0.3640614 0.3831414
6 26.89895 2.020056 -0.4944561 5.678641 2.013579 7.610788 -5.593358 -0.7364628 -0.3450544 0.3587359
7 26.46586 1.962955 -0.5124161 5.244449 2.388769 4.751488 -5.16848 -1.056683 -0.361832 0.3577075
8 27.07472 2.07716 -0.5015284 5.587988 2.038229 4.910977 -5.662719 -0.5079491 -0.3193068 0.353587
9 27.01567 2.030512 -0.5080175 5.935428 2.304179 5.83975 -5.640111 -0.1463398 -0.3292598 0.3484813
10 26.90972 2.022762 -0.4870894 5.496288 3.05065 7.453609 -5.512692 -0.5124551 -0.317415 0.3446069
11 27.36125 1.973668 -0.4923866 5.146882 1.66268 5.425306 -5.225282 -0.4468996 -0.3105069 0.3193802
12 26.98081 1.943967 -0.4856503 5.70747 2.644034 8.499651 -5.836656 -0.5150179 -0.3775398 0.3858298
13 27.05817 1.941307 -0.5141138 5.436922 1.945436 5.051967 -5.909638 -0.8116922 -0.3574053 0.395963
14 27.33895 2.022533 -0.4806282 5.419122 2.067402 7.573998 -6.079533 -0.3571857 -0.3553075 0.3714788
15 26.797 1.957841 -0.493993 5.052506 2.192699 5.950823 -5.915377 -0.6583525 -0.3240862 0.3549039
16 26.73595 1.994701 -0.4932624 5.215224 2.806758 6.095315 -5.731571 -0.1067904 -0.3458907 0.344621
17 26.97367 1.945899 -0.4895278 5.469731 2.358992 6.635132 -6.063014 -0.6477921 -0.4097066 0.4236084
18 26.36767 1.972322 -0.5190429 5.254459 2.175166 6.335061 -5.423228 -0.6565973 -0.3190881 0.3392301
19 26.92516 2.103426 -0.5109303 5.623577 2.451905 6.915765 -5.258677 -0.8222208 -0.2575632 0.2852516
20 26.62987 1.955944 -0.5104986 6.129766 1.93654 6.34473 -5.623134 -0.9192509 -0.3511688 0.3685687
21 26.73172 1.988093 -0.5127853 5.18675 3.009085 7.970737 -5.700491 -0.901326 -0.3428849 0.3604435
22 26.64114 1.98001 -0.5082505 4.872477 2.184679 5.381918 -5.204741 -0.6846233 -0.2913272 0.293476
23 26.60187 1.893208 -0.5048695 4.986672 2.54683 4.676486 -5.485433 -0.5435611 -0.3734226 0.3668946
24 27.18655 2.063061 -0.5035822 5.072482 1.96821 5.071109 -7.077677 -1.032135 -0.3940891 0.4594072
25 26.45543 1.901684 -0.5059615 5.105564 2.9586 6.011459 -5.564968 -0.4277259 -0.3450055 0.3511645
26 26.92005 1.974666 -0.5176373 5.455511 3.241298 6.715785 -9.455479 -1.132003 -0.5338044 0.6455943
27 26.94875 1.970009 -0.4958898 5.135603 2.661005 5.724858 -5.981041 -0.9645053 -0.3217178 0.3586394
28 27.02415 1.943952 -0.5011674 5.247511 3.084101 6.922375 -6.392361 -0.7154657 -0.3810315 0.4193346
29 27.1212 2.030202 -0.4946989 5.272254 1.682223 6.53672 -6.165633 -0.3432494 -0.3923112 0.4042985
30 26.67751 1.949711 -0.5023921 5.548654 2.190647 4.425552 -6.925565 0.5076072 -0.368096 0.3985735
31 26.10933 1.979145 -0.5260094 5.233055 2.294217 6.982073 -4.668937 -1.103082 -0.2967933 0.2991563
32 27.00471 1.987169 -0.5033429 5.437416 2.363912 6.677882 -6.254845 -0.1700151 -0.3196492 0.3535868
33 26.62529 1.941674 -0.5046817 5.113798 1.972488 8.063465 -6.431003 -1.024355 -0.4305536 0.464894
34 27.32864 1.919201 -0.4943159 5.822708 2.317039 5.037463 -5.967174 -0.2418918 -0.3724299 0.3812794
35 27.26225 2.091588 -0.4852418 5.185512 1.616344 4.288544 -4.620317 -0.6676196 -0.2560602 0.2626225
36 27.26961 1.993247 -0.489103 5.66221 2.054701 5.981371 -5.983653 -0.8881693 -0.3772236 0.4053314
37 27.3508 1.992393 -0.4982319 5.094203 2.271573 6.673433 -7.01253 -0.1649782 -0.4084957 0.454202
38 26.91889 1.957244 -0.4930864 5.352307 1.892667 7.318266 -6.069605 -0.6701267 -0.3774324 0.4001582
39 26.77167 1.98466 -0.5034288 5.94847 2.055061 6.565787 -5.635241 -0.08492973 -0.2981348 0.3169813
40 26.8253 1.959712 -0.4920216 5.361816 2.488107 6.212443 -5.813855 -1.208136 -0.3203451 0.3603269
41 26.62695 1.984999 -0.5186297 4.858524 2.224979 4.883953 -5.276894 -0.5591784 -0.2746409 0.2958261
42 26.86673 1.922432 -0.4939814 5.330294 2.339747 5.58815 -5.402509 -0.8824982 -0.3375824 0.3411435
43 26.62198 1.874011 -0.4954834 5.394635 3.390724 4.887517 -4.826399 -1.198988 -0.2835643 0.2888854
44 26.43618 1.981352 -0.5080227 5.310626 2.11554 5.864585 -5.528306 -0.5064792 -0.3116915 0.3292852
45 26.79159 2.053635 -0.5273381 4.914244 2.682835 5.189266 -4.947721 -0.174177 -0.3022273 0.2967867
46 26.63718 1.991701 -0.5230714 5.149051 1.675546 5.15264 -6.489997 -0.2215936 -0.363368 0.4094793
47 26.58207 1.946446 -0.5010691 6.333347 2.325557 7.656437 -5.138442 -0.7661572 -0.3188535 0.3189908
48 26.9379 1.96321 -0.5039824 5.273953 2.454293 8.226208 -6.612496 -0.6293256 -0.400448 0.4407556
49 26.85011 2.043291 -0.5116698 5.021509 2.395106 5.5111 -6.880321 -0.6645798 -0.3558142 0.4256545
50 26.45519 2.001635 -0.516944 5.656855 2.116761 5.876434 -5.339272 -0.6049348 -0.2957385 0.3059453
51 26.65917 1.939574 -0.5168081 5.621845 2.225967 8.381355 -5.881198 -1.051347 -0.3097653 0.3573215
52 27.06576 2.04472 -0.5167253 5.310729 2.911741 7.322691 -6.132217 -0.5663858 -0.4377563 0.4410981
53 27.07153 1.999299 -0.4912691 5.156796 2.229039 5.325267 -5.704952 -0.8939081 -0.3535903 0.3682263
54 26.78892 2.025746 -0.5130346 4.948271 3.016082 4.518132 -5.684433 -0.9675681 -0.2924192 0.315323
55 26.8318 1.948054 -0.497525 5.335981 1.649691 6.413031 -5.91331 -0.8113176 -0.356695 0.3788635
56 27.15366 1.996875 -0.4946061 5.267144 2.255147 4.993463 -5.818619 -1.065 -0.3452571 0.3757572
57 26.88268 2.012669 -0.5028808 5.133406 2.444977 7.316449 -5.062693 -1.202595 -0.2969761 0.3015205
58 27.00436 1.902883 -0.4860127 5.538802 1.975924 7.544586 -5.47804 -1.148823 -0.3856479 0.3915189
59 26.81548 2.008792 -0.5174077 5.671087 1.681959 4.895689 -5.00251 -0.8179956 -0.3462757 0.3323732
60 27.25523 2.034371 -0.4770852 5.021979 1.79289 4.846324 -5.091235 -1.134711 -0.3307758 0.3301396
61 27.07125 1.96966 -0.5017138 5.182165 3.141965 7.56611 -5.423875 -0.4513344 -0.3197838 0.3267322
62 27.03696 1.973155 -0.5038517 5.672392 2.324502 4.938724 -4.859168 -0.657778 -0.2826231 0.2847945
63 26.82629 1.978756 -0.5066766 5.291811 1.769917 6.284343 -5.380019 -0.9982797 -0.3375924 0.3487854
64 26.75802 1.994902 -0.521679 4.691616 2.896932 5.061251 -4.761018 -0.6740231 -0.2518881 0.2571969
65 26.84842 2.038796 -0.509164 5.404322 1.777194 6.838048 -5.059486 -0.7026956 -0.2606364 0.2754368
66 26.71623 1.96624 -0.4991727 5.311085 2.60083 6.624767 -5.1645 -0.8533897 -0.2535371 0.2677987
67 26.41199 1.956845 -0.505673 4.721856 2.685381 5.801377 -6.244064 -0.629596 -0.3756201 0.42649
68 27.03008 1.934742 -0.4917426 5.410378 2.354633 6.137556 -6.454661 -0.6958409 -0.3592586 0.4011472
69 26.77749 1.965146 -0.5199865 5.551009 2.135816 6.409051 -5.603363 -0.596734 -0.2893021 0.3110939
70 27.28275 2.007865 -0.4834921 5.095372 2.306723 6.485423 -5.997341 -0.1011209 -0.3898311 0.3933908
71 26.9148 1.969351 -0.507421 5.282763 1.876241 5.796228 -5.475009 -0.3834124 -0.2808899 0.3039316
72 27.10222 2.064295 -0.5104422 5.217704 1.575591 5.30633 -5.266209 -0.3246196 -0.2766559 0.2935032
73 27.06163 2.053219 -0.5240197 5.035953 2.428516 6.222224 -5.444964 -1.196731 -0.3292598 0.3441694
74 27.1003 1.928927 -0.4948133 4.921259 2.629497 5.681874 -5.185426 -0.3386747 -0.3621222 0.3441929
75 26.90057 2.044881 -0.506984 4.42018 1.91613 5.384848 -4.832948 -0.7735552 -0.2935275 0.301809
76 27.36412 1.931486 -0.4777054 5.176432 2.041171 5.54589 -4.373346 -0.9924675 -0.2327367 0.242462
77 26.52723 2.052626 -0.5382864 5.316652 1.879783 5.159219 -6.082972 -0.1819744 -0.366712 0.3907485
78 26.76662 1.983923 -0.524089 5.68658 2.718853 6.094592 -5.152563 -1.562604 -0.3279276 0.3407583
79 26.57453 1.953149 -0.5152775 5.578333 2.508876 8.217228 -5.885952 -0.6287833 -0.3509155 0.3657458
80 26.80665 1.945437 -0.5130922 6.319677 2.812787 7.385483 -8.287976 -0.1134488 -0.5278066 0.5813133
81 27.07364 2.00337 -0.5112618 5.29314 2.309583 6.345844 -5.768299 -0.8052615 -0.3862275 0.3995886
82 26.80757 2.040812 -0.5093777 4.907934 2.296987 5.923686 -5.570395 -0.8888735 -0.3746546 0.3688527
83 26.72818 1.992845 -0.4968734 5.454003 2.544326 7.829367 -5.806982 -1.193906 -0.4035612 0.4140982
84 26.78579 1.998826 -0.5051373 5.221282 3.033819 6.523122 -6.896361 -0.7247539 -0.3846939 0.4473915
85 26.9198 1.996399 -0.5024792 5.224194 1.786704 5.570637 -5.702042 -0.2506275 -0.3261995 0.3367409
86 26.62976 2.000324 -0.5229538 5.539888 2.042251 4.999528 -5.67314 -1.060461 -0.3179055 0.3467051
87 26.56345 1.932313 -0.5011043 4.901719 2.197224 6.1108 -5.626416 -0.4768948 -0.2853066 0.3236617
88 26.91179 1.925146 -0.4939574 5.251803 2.264594 6.928951 -5.698203 -1.640497 -0.3069168 0.3550835
89 26.61772 2.070671 -0.5322153 5.157381 1.589246 7.276705 -6.073216 -0.6833003 -0.3384179 0.3729616
90 27.03371 1.987597 -0.4989995 6.019621 2.286402 6.533825 -4.507006 -1.039524 -0.2621091 0.2716212
91 26.83004 1.973915 -0.5171152 5.558352 1.995875 7.616659 -6.320023 -0.4978564 -0.372565 0.40588
92 26.50673 1.983725 -0.5196748 5.585547 2.244153 6.560467 -5.655235 -0.9378706 -0.3165643 0.3354729
93 26.94147 2.001043 -0.5165279 5.371153 1.291089 6.810852 -6.238613 -0.7997655 -0.3334549 0.3807908
94 26.55097 2.000491 -0.5293762 5.14122 1.609278 5.827593 -6.266375 -0.7312474 -0.2919455 0.3519501
95 27.01283 2.006998 -0.5066669 5.480518 2.510953 6.580329 -6.087639 -1.050693 -0.3066551 0.357633
96 27.24007 2.005835 -0.4649176 6.084148 2.020935 8.086869 -4.944768 -1.011738 -0.3517918 0.3365508
97 27.01628 2.075848 -0.5135732 4.739647 2.513344 5.619356 -4.397666 -1.259753 -0.2604431 0.2599315
98 26.92748 2.050549 -0.5157027 5.093133 2.316978 5.890779 -5.610228 -0.9124473 -0.3304219 0.3438249
99 26.76314 1.973842 -0.5067029 5.216084 2.754732 5.841246 -6.494347 -0.3598469 -0.3226625 0.3642872
100 26.85197 2.093744 -0.5153001 5.291509 1.957845 5.634401 -5.076664 -1.033397 -0.2793774 0.2809209
