1 0.24085 0.04478489 0.01347827 0.5633067 0.2674677 1.51801 0.373083 0.09570683 0.1216248
2 0.2364029 0.04632936 0.0152237 0.4604701 0.3129197 0.6765112 0.3069782 0.04577425 0.05417444
3 0.2268185 0.04448214 0.01407169 0.3825331 0.2930189 3.216219 0.3930146 0.2362927 0.2678549
4 0.2372706 0.04643209 0.01457726 0.4487667 0.2975024 NaN 0.1021553 NaN NaN
5 0.2428028 0.04625588 0.01447282 0.5021781 0.3071688 1.858549 0.3298182 0.125572 0.1481269
6 0.2345959 0.04416496 0.01369997 0.4171212 0.276807 0.8649217 0.3285116 0.06653157 0.07717289
7 0.2458692 0.04699312 0.01515449 0.5372612 0.3253423 NaN NaN NaN NaN
8 0.2608066 0.05103041 0.01496078 0.5038097 0.3493487 1.155147 0.3027392 0.07745262 0.09350894
9 0.2570499 0.04942901 0.01552211 0.5318968 0.3494819 0.9175295 0.2864556 0.06233179 0.07287385
10 0.254937 0.04521514 0.01373302 0.5733881 0.2828832 0.7223222 0.296059 0.05228091 0.06084376
11 0.2433351 0.04639948 0.01425831 0.433942 0.305095 0.8084373 0.3050705 0.05889897 0.06693864
12 0.2489994 0.04277031 0.01374231 0.5254878 0.2833734 NaN 0.338733 NaN NaN
13 0.2396681 0.04884356 0.01546925 0.4480205 0.340526 2.656915 0.4765494 0.1667267 0.2149925
14 0.235797 0.04165357 0.01295903 0.4091996 0.2618747 1.407938 0.3502939 0.1076584 0.1189601
15 0.2345294 0.04343831 0.01393902 0.430114 0.2782829 1.02801 0.3476789 0.06983039 0.08361372
16 0.2476758 0.04469582 0.01363338 0.6402409 0.2735337 0.8699529 0.3364305 0.07770367 0.08109233
17 0.2375574 0.0438548 0.01378754 0.4630422 0.2808013 NaN 0.34595 NaN NaN
18 0.2315303 0.04637931 0.01438881 0.5137452 0.28111 0.8111045 0.3145417 0.05959881 0.06985224
19 0.2365617 0.04922575 0.01429732 0.4453766 0.3041784 0.7108323 0.3270306 0.04359334 0.0536194
20 0.2361177 0.0507644 0.01557351 0.4416774 0.3354523 1.09455 0.3594683 0.0782293 0.09166943
21 0.2237052 0.04361406 0.01321091 0.4977494 0.2426832 0.7502528 0.3471974 0.05401005 0.06270233
22 0.2258184 0.0449344 0.01390561 0.4677071 0.2683161 0.6755534 0.3534999 0.05183798 0.05803174
23 0.2378891 0.0469337 0.01500477 0.487903 0.3085853 NaN 0.3013687 NaN NaN
24 0.2323054 0.04645848 0.01368145 0.459175 0.2853756 NaN 0.2937339 NaN NaN
25 0.2424999 0.04517621 0.01438142 0.6072927 0.2784528 0.9893042 0.3443118 0.07937423 0.089118
26 0.2381313 0.04504724 0.01444014 0.5314728 0.301218 NaN 0.3616069 NaN NaN
27 0.2411325 0.04539018 0.01377654 0.5579053 0.2811431 1.30162 0.3814673 0.07882228 0.09951866
28 0.2415095 0.0424969 0.01329913 0.5633523 0.2317055 NaN NaN NaN NaN
29 0.2315366 0.04510892 0.01374867 0.3827653 0.2852165 NaN 0.3448629 NaN NaN
30 0.2481931 0.04858613 0.01525489 0.5117424 0.3274079 NaN 0.3007352 NaN NaN
31 0.2220803 0.04611933 0.01458767 0.4651074 0.2739044 0.6544586 0.3320108 0.05335382 0.06099959
32 0.2299298 0.0448214 0.01378904 0.4435933 0.279052 0.8242294 0.3265926 0.05184377 0.06272344
33 0.2126117 0.04255039 0.01348171 0.3652762 0.2516856 NaN 0.2367621 NaN NaN
34 0.2578997 0.04676448 0.01506238 0.5981069 0.3457105 NaN 0.3360812 NaN NaN
35 0.269751 0.05013035 0.01492795 0.4782266 0.3551759 0.64717 0.3086635 0.04657024 0.05322047
36 0.2533724 0.04690973 0.01452116 0.464791 0.3283239 NaN 0.1649027 NaN NaN
37 0.2305415 0.04503796 0.01355527 0.446474 0.2801128 NaN 0.3631845 NaN NaN
38 0.2417391 0.04481795 0.01360933 0.6074173 0.2726527 NaN 0.2083507 NaN NaN
39 0.2391494 0.04882516 0.01472474 0.4550623 0.314399 0.8034801 0.3055501 0.05667123 0.06574496
40 0.2478694 0.04497825 0.01408961 0.55223 0.2903303 0.8062871 0.3624103 0.05291701 0.06629468
41 0.230552 0.04750164 0.01461962 0.5025467 0.2941558 0.6709793 0.3178352 0.0455079 0.05466641
42 0.2461008 0.04472074 0.0147046 0.5277686 0.3089921 1.961499 0.4649625 0.1542191 0.1748673
43 0.2598192 0.04903194 0.01616361 0.5344899 0.3583388 0.6815542 0.3633885 0.04905084 0.05636723
44 0.250019 0.04564998 0.0144239 0.6167565 0.2834803 0.7470768 0.3146276 0.05296835 0.06182787
45 0.2341583 0.05077161 0.01476707 0.5323083 0.3013527 0.7074116 0.2938323 0.05513634 0.06119786
46 0.2358017 0.04671225 0.0148377 0.5288514 0.3053987 1.08658 0.300293 0.07029332 0.08602861
47 0.2421964 0.04818834 0.01510237 0.4965641 0.3202861 0.7820361 0.3382948 0.06521355 0.07103784
48 0.2226292 0.04394139 0.01336373 0.4317491 0.2785668 4.47 0.594587 0.33323 0.3877656
49 0.2481666 0.04607989 0.01380091 0.6660866 0.2885229 2.407393 0.3630609 0.1302501 0.1756491
50 0.2305566 0.04984267 0.01552835 0.4410543 0.3217439 0.7103659 0.3281248 0.04971301 0.05792245
51 0.2234764 0.04506234 0.0144287 0.437428 0.2851503 0.924119 0.3418773 0.05837954 0.07307779
52 0.2337562 0.04506096 0.01383491 0.5086542 0.2793848 NaN 0.3826929 NaN NaN
53 0.2422952 0.04401916 0.01387417 0.4513942 0.291757 NaN 0.2784705 NaN NaN
54 0.2579278 0.04928625 0.01493304 0.6860956 0.3179076 1.046818 0.4368751 0.07216689 0.08234674
55 0.222274 0.0456489 0.01404257 0.348369 0.2805058 NaN 0.2898627 NaN NaN
56 0.2609508 0.04805584 0.01436598 0.5922107 0.2773965 NaN NaN NaN NaN
57 0.2286092 0.04247344 0.01339648 0.4560969 0.2572359 0.6561614 0.382322 0.0524442 0.05846341
58 0.2330278 0.04285268 0.01367788 0.3800229 0.2800797 NaN 0.2247537 NaN NaN
59 0.2377324 0.05348533 0.01576088 0.4700498 0.3549897 1.234709 0.3379446 0.1057741 0.1116478
60 0.2543271 0.04711627 0.01428924 0.4063374 0.3228065 0.881435 0.4294119 0.07819077 0.08632768
61 0.2379165 0.04378201 0.01335447 0.5421487 0.2597194 0.6785289 0.3187396 0.05389595 0.05967107
62 0.2495254 0.04893891 0.01553501 0.4585805 0.3449234 0.7195201 0.3148481 0.05210601 0.05995232
63 0.2271318 0.0447162 0.01413706 0.4054881 0.2856659 1.056054 0.3759674 0.08941542 0.09816737
64 0.2311216 0.04581162 0.0145269 0.4941117 0.2865892 0.6526112 0.3204221 0.04569709 0.05529065
65 0.2258927 0.04718299 0.01393278 0.3940893 0.2828102 0.6956938 0.3294911 0.0484351 0.05658289
66 0.2329893 0.046697 0.01397507 0.4587113 0.2803243 0.7005123 0.3675095 0.05273212 0.05986847
67 0.2484281 0.04501899 0.01477988 0.5560283 0.3064684 1.776103 0.3307858 0.1205569 0.1492358
68 0.2419694 0.04625898 0.01398375 0.5160603 0.2838917 NaN 0.2399584 NaN NaN
69 0.2253778 0.04755533 0.01495783 0.449915 0.3010076 0.7427197 0.3307471 0.04845813 0.0563762
70 0.2437622 0.04466838 0.01343517 0.4408851 0.2851426 NaN 0.3228412 NaN NaN
71 0.2235321 0.04723073 0.01424452 0.394098 0.2888653 0.6883946 0.3112895 0.0441974 0.05478997
72 0.2234751 0.0481224 0.01421151 0.3330852 0.3011378 0.7342896 0.304157 0.047886 0.05893021
73 0.2210151 0.04544111 0.01366286 0.4542285 0.2674396 1.045713 0.4211407 0.07895725 0.0901324
74 0.2385081 0.04499992 0.01388955 0.4815204 0.2851518 0.8143266 0.3134562 0.07790401 0.0783266
75 0.2336113 0.04571993 0.01405253 0.4396934 0.2878815 0.7546224 0.3109329 0.05876078 0.06636347
76 0.2613608 0.04561939 0.01469597 0.48567 0.3281086 0.5430782 0.3157321 0.0414179 0.04712295
77 0.2348686 0.05667239 0.01646744 0.4939576 0.3848852 NaN 0.3505074 NaN NaN
78 0.2368689 0.04924395 0.01515956 0.526757 0.3126902 NaN NaN NaN NaN
79 0.2235442 0.04664633 0.01400739 0.4914071 0.2588951 NaN 0.3025456 NaN NaN
80 0.2523427 0.04819186 0.01523963 0.6753823 0.3433774 NaN 0.3741503 NaN NaN
81 0.2363495 0.04552643 0.01401699 0.497903 0.2880153 NaN 0.2501044 NaN NaN
82 0.2278334 0.04519781 0.01365491 0.4901137 0.264857 NaN 0.2638003 NaN NaN
83 0.2349244 0.04365527 0.01373501 0.4694219 0.2678167 NaN NaN NaN NaN
84 0.2508803 0.04436644 0.01364215 0.6389763 0.2682723 NaN 0.2197776 NaN NaN
85 0.2295902 0.04737493 0.0141987 0.4191484 0.298535 0.9627987 0.3280663 0.0719851 0.0814087
86 0.2310194 0.05014779 0.01532795 0.4424498 0.3248279 0.8867889 0.3667555 0.06121886 0.07223805
87 0.2291425 0.04345001 0.01397425 0.4429171 0.2707135 0.862324 0.3080748 0.05568632 0.06949177
88 0.2322962 0.04324557 0.01370916 0.4449531 0.2725664 0.8417193 0.400467 0.054195 0.06761157
89 0.2023239 0.04485065 0.013967 0.3394271 0.26587 1.512077 0.3776848 0.1087413 0.1278598
90 0.2595681 0.04720144 0.01494245 0.5424765 0.3268812 0.674613 0.3173398 0.05121959 0.05872387
91 0.220802 0.0458204 0.01399914 0.4535838 0.2706644 NaN 0.2745891 NaN NaN
92 0.2206754 0.04604758 0.01450038 0.443794 0.2831314 1.008015 0.4045763 0.07228811 0.08390895
93 0.2126876 0.04558531 0.01410976 0.3347958 0.282553 0.9254337 0.3289567 0.05704524 0.0702387
94 0.2108216 0.04772412 0.01455194 0.3719489 0.2874244 1.126105 0.3440249 0.06040695 0.08140786
95 0.2368554 0.04724741 0.0138276 0.5346685 0.2841033 1.070824 0.3707954 0.06585969 0.08227705
96 0.2593895 0.0469906 0.01373862 0.4281529 0.3044781 0.7498099 0.3474162 0.07058555 0.07176791
97 0.2400613 0.04483517 0.01363317 0.5145421 0.2744212 0.6982274 0.3560445 0.05570238 0.06346003
98 0.2247548 0.04708021 0.01366034 0.4646742 0.2721835 1.612721 0.4212295 0.1265736 0.141096
99 0.2368174 0.04436005 0.01390351 0.5747438 0.2706996 1.331872 0.3790251 0.08424318 0.1024709
100 0.2225416 0.04996135 0.01428238 0.3932342 0.2945322 0.6433401 0.376982 0.04619061 0.05241449
