1 26.8529 2.007712 -0.5009417 7.028055 3.756211 -6.94522 -0.6763294 -0.385396 0.4432702
2 26.56823 1.902286 -0.5133468 8.058949 2.698316 -5.851878 -0.698737 -0.31309 0.3533959
3 26.75109 1.939252 -0.4947807 7.54784 2.109184 -6.874712 -0.4985684 -0.4113802 0.4414407
4 26.70646 1.953134 -0.4977059 7.988094 2.394551 -6.975652 -0.6041769 -0.4356895 0.4781097
5 26.81823 1.961181 -0.4997646 7.818899 2.932121 -6.863771 0.140566 -0.3999843 0.4318893
6 26.84511 1.965105 -0.4882561 7.188638 2.385218 -5.63777 -0.7087393 -0.3500444 0.3655742
7 26.41246 1.967671 -0.5135131 8.130872 3.170339 -5.751522 -1.05231 -0.3949273 0.4074617
8 27.17354 2.070019 -0.4958837 8.593678 2.585194 -6.726893 -0.4893762 -0.3885924 0.4420392
9 26.85481 1.979613 -0.5057753 8.496474 2.86033 -6.337419 -0.1754172 -0.375638 0.4080008
10 26.82968 1.998054 -0.4869518 7.175238 3.643092 -6.044999 -0.519359 -0.3574382 0.3935077
11 27.24627 1.994704 -0.4957475 7.820141 2.482662 -6.081703 -0.4439812 -0.369804 0.3935171
12 27.04742 1.905488 -0.483235 7.391976 3.416409 -8.398669 -0.7250487 -0.5769452 0.6169567
13 26.8366 1.979092 -0.5211283 8.180455 2.388679 -6.638084 -0.7973989 -0.3988408 0.4533807
14 27.33723 1.948405 -0.4748239 6.975194 2.434938 -6.452007 -0.3336338 -0.3736883 0.3986044
15 26.8254 1.921531 -0.4927095 7.35822 2.615584 -6.599768 -0.6496796 -0.3652181 0.4140588
16 26.72083 1.978871 -0.4926017 7.198032 4.015712 -5.685319 -0.1363137 -0.3429595 0.3445035
17 26.95062 1.951003 -0.4924164 7.186047 2.661429 -7.269487 -0.674941 -0.5039832 0.5307823
18 26.41006 1.988073 -0.517457 7.218274 3.121891 -5.895204 -0.6707482 -0.3536918 0.3833502
19 26.95074 2.073451 -0.5055195 7.973772 2.432405 -5.943106 -0.878882 -0.3001523 0.3439383
20 26.55126 2.008163 -0.5183872 8.556526 2.303857 -5.982123 -0.9242229 -0.3655863 0.3941309
21 26.7197 2.01037 -0.5155504 6.398486 3.336521 -5.7894 -0.8896233 -0.3495078 0.3704562
22 26.60145 1.972483 -0.5087147 7.183434 2.902809 -5.543472 -0.683756 -0.3222435 0.3301026
23 26.70658 1.949061 -0.5154435 7.837959 2.900356 -6.001367 -0.5534177 -0.397419 0.40784
24 27.24347 2.051199 -0.5042551 7.468154 2.592766 -9.255735 -1.177615 -0.5213021 0.6245389
25 26.39718 1.943411 -0.515852 7.161483 4.124571 -5.969615 -0.4336939 -0.3650428 0.3848083
26 26.85493 1.934534 -0.5148502 7.629763 3.414344 -14.73116 -1.722306 -0.8245799 1.029543
27 26.89524 1.998015 -0.4994912 7.3413 3.446036 -6.922193 -0.8859619 -0.384205 0.4393061
28 27.05504 1.94952 -0.500645 6.815556 3.855654 -7.267688 -0.7683991 -0.4358056 0.4912957
29 27.10669 1.99834 -0.4907659 7.412119 2.047124 -6.424145 -0.3173614 -0.402301 0.4225666
30 26.59719 1.95416 -0.5007083 8.632654 2.902194 -8.552791 0.6310743 -0.4659131 0.5218819
31 26.04594 1.966832 -0.5265348 6.988939 2.810278 -5.106402 -1.149487 -0.3301522 0.3427913
32 27.04615 1.984853 -0.5012098 7.383963 2.587894 -6.500478 -0.1962519 -0.3309809 0.3737545
33 26.54823 1.955256 -0.5094553 6.452901 2.091855 -7.246408 -1.108138 -0.4883698 0.5360101
34 27.34687 1.919661 -0.4929405 8.768873 3.137083 -7.39085 -0.2209521 -0.4797372 0.5035126
35 27.40366 2.033479 -0.4810256 8.955449 2.404402 -5.606994 -0.7373321 -0.3319957 0.3534639
36 27.25896 1.978032 -0.4881719 8.201372 2.492352 -6.732099 -0.8721995 -0.4193581 0.4640741
37 27.21223 2.020026 -0.5028533 7.216683 2.548103 -11.08742 0.0222201 -0.6406353 0.7550373
38 26.86532 1.992035 -0.4938272 7.209864 3.175888 -7.247528 -0.6868691 -0.4655399 0.5051042
39 26.79158 2.01996 -0.5058103 8.140224 2.528417 -6.202884 -0.09226004 -0.3423395 0.3718434
40 26.75672 1.946183 -0.4912781 7.613698 3.487566 -5.790955 -1.166174 -0.3152361 0.3554165
41 26.61357 1.993712 -0.5225542 7.630946 2.970892 -5.80407 -0.5811858 -0.3217251 0.3512473
42 26.60989 1.884832 -0.490031 7.944906 3.053529 -5.939945 -0.8159472 -0.3711987 0.3871089
43 26.62611 1.888583 -0.5020484 9.273453 3.162732 -5.477085 -1.198941 -0.3250922 0.3451083
44 26.34469 1.946214 -0.5044736 7.403186 4.242065 -5.738398 -0.4645787 -0.3216678 0.3446917
45 26.6507 2.100687 -0.5343914 7.553386 3.187638 -5.579904 -0.1933354 -0.3553336 0.358454
46 26.64779 1.962612 -0.5207998 7.585751 2.884511 -6.843832 -0.1917884 -0.3847891 0.4406423
47 26.51327 1.962064 -0.5044313 8.220782 2.777827 -5.298705 -0.7874934 -0.3319225 0.3365549
48 26.95939 2.011385 -0.5077218 6.7779 2.690311 -7.709711 -0.7164961 -0.4757204 0.5350793
49 26.80271 2.029638 -0.5090763 7.159198 4.14865 -9.229248 -0.6579131 -0.4900037 0.6072106
50 26.34686 1.978387 -0.5204468 8.467855 2.478019 -5.682795 -0.620382 -0.3169204 0.3366806
51 26.64161 1.939109 -0.517531 7.39536 2.495409 -6.457737 -1.065287 -0.3457697 0.4067909
52 27.04312 1.998806 -0.5124663 7.069472 3.165351 -9.322927 -0.564182 -0.6848969 0.7134756
53 27.221 1.939135 -0.485418 7.680018 2.711288 -7.647791 -1.189546 -0.5056491 0.5466493
54 26.7476 1.998056 -0.5096746 8.597233 4.718325 -6.599881 -1.005571 -0.3481151 0.3900176
55 26.81845 1.982087 -0.5025362 7.529209 1.841308 -7.991952 -0.9099587 -0.5014152 0.5542297
56 27.06253 1.996975 -0.4912304 8.368042 3.394328 -7.327477 -1.196735 -0.4519617 0.5079282
57 26.95437 1.943284 -0.4959499 6.899923 2.907873 -5.248348 -1.155935 -0.3025281 0.3149224
58 27.15762 1.930086 -0.4875595 7.146113 2.024988 -6.050885 -1.136404 -0.4320767 0.4447747
59 26.75969 2.074508 -0.5227981 8.860064 2.150594 -5.68529 -0.6983702 -0.3759761 0.3829877
60 27.26688 1.989913 -0.4719404 8.373844 1.844616 -5.479104 -1.038568 -0.3473718 0.3597847
61 27.05947 1.99546 -0.504089 6.815435 3.694342 -5.704181 -0.4403716 -0.3418266 0.3542116
62 27.00631 1.955131 -0.5043243 8.794373 2.486096 -5.558401 -0.6926222 -0.3298457 0.3460499
63 26.84603 1.94698 -0.5026976 7.450953 2.325455 -5.726038 -0.9551423 -0.3551453 0.3750597
64 26.67831 1.947286 -0.5177239 7.484811 3.047724 -5.183588 -0.6657715 -0.2852906 0.2979325
65 26.93615 2.046637 -0.5079042 7.497098 2.257306 -5.789134 -0.7025342 -0.3166292 0.3435682
66 26.73978 2.012195 -0.5018328 7.673645 2.969558 -5.53651 -0.8376737 -0.2820669 0.3060252
67 26.37118 1.906131 -0.5019431 7.411174 3.167281 -7.120722 -0.5787971 -0.4295889 0.4974716
68 26.92492 2.001246 -0.5011144 7.667845 3.340175 -8.200791 -0.8538115 -0.4679495 0.5396923
69 26.60692 1.964409 -0.5247558 8.005899 2.683091 -6.02 -0.5853507 -0.3141794 0.3455857
70 27.36397 2.014607 -0.4818133 7.350704 2.564442 -6.596346 -0.07712074 -0.427338 0.443741
71 26.79872 2.024681 -0.512877 7.508495 2.124302 -5.829327 -0.3961685 -0.3043841 0.3357232
72 27.10247 2.058943 -0.5072514 7.747882 1.557353 -5.943334 -0.3505216 -0.3249993 0.355957
73 27.09298 2.028033 -0.522326 7.053274 2.862477 -5.992321 -1.181221 -0.3599811 0.3876094
74 27.14276 1.986093 -0.5010892 7.284043 2.881775 -5.616844 -0.2841091 -0.3832241 0.3782003
75 26.92365 1.999675 -0.5051649 7.241404 2.524392 -5.872823 -0.8129456 -0.3714747 0.3991881
76 27.22689 1.917991 -0.4787006 8.364956 2.684683 -4.770822 -1.044684 -0.2646893 0.2812681
77 26.49833 2.112355 -0.5459315 9.251626 2.355451 -11.74602 -0.5917544 -0.7329862 0.8458287
78 26.74023 2.00366 -0.5304406 8.123541 3.259318 -6.566138 -1.86268 -0.4292107 0.465622
79 26.47945 2.016849 -0.5239168 7.232821 3.265745 -7.748425 -0.8017985 -0.492916 0.5352426
80 26.7114 1.969327 -0.5156816 8.137354 3.629315 -13.73961 -0.1897261 -0.8726434 0.9947049
81 27.05338 1.991503 -0.509803 7.287176 3.004709 -6.316927 -0.8214109 -0.4234023 0.4481011
82 26.68325 2.005476 -0.5073961 7.080155 3.122386 -6.679283 -1.020269 -0.4637538 0.4717876
83 26.70575 1.945795 -0.4948448 7.065453 2.884778 -6.214968 -1.20992 -0.4338141 0.4505854
84 26.68026 1.985749 -0.5045558 6.868312 4.417032 -8.73057 -0.8389969 -0.5010653 0.596387
85 26.94574 2.022415 -0.5024906 7.825913 2.202406 -5.957762 -0.2326155 -0.3385245 0.3580934
86 26.62019 2.008849 -0.5218868 8.460919 2.36304 -6.151054 -0.9868802 -0.3451931 0.3853428
87 26.52046 1.927751 -0.5028508 6.981607 2.731291 -6.375741 -0.5045269 -0.3442719 0.3976579
88 26.90387 1.938619 -0.4966952 7.132642 2.704864 -6.08707 -1.53936 -0.3285509 0.3858471
89 26.62363 1.98519 -0.528119 6.955535 1.8408 -6.97464 -0.737552 -0.3960583 0.447696
90 27.05961 1.950989 -0.497675 8.192945 3.294986 -5.422357 -1.087617 -0.3287641 0.3543814
91 26.771 2.008321 -0.5231158 7.131273 2.787281 -7.493903 -0.5989304 -0.4561983 0.5083762
92 26.56881 1.954847 -0.521866 7.577664 2.683537 -5.979952 -0.9032273 -0.3348483 0.3611283
93 26.9273 1.990313 -0.5157166 7.397729 1.676591 -6.618656 -0.7721879 -0.3516498 0.4095008
94 26.54822 2.022647 -0.5322027 7.498437 2.029552 -7.351013 -0.7566432 -0.3549304 0.4400468
95 27.12151 2.06197 -0.5148315 7.431677 3.44805 -6.847243 -1.025047 -0.3543664 0.4201056
96 27.27609 2.043447 -0.4665594 7.881599 2.303549 -5.099272 -0.9389211 -0.3500762 0.3429412
97 27.12469 2.000881 -0.5024867 7.104734 3.318589 -5.188595 -1.313264 -0.3246471 0.3391758
98 26.88595 2.072304 -0.5167871 7.215545 2.994934 -6.235199 -0.9013551 -0.3782034 0.3997371
99 26.59148 1.94637 -0.507566 7.339732 4.005466 -7.108443 -0.3676662 -0.3673782 0.4196059
100 26.85318 2.090896 -0.5142944 7.978765 2.120238 -5.288793 -0.9631492 -0.2932891 0.2994551
