1 572.7893 526.0405 561.1512 556.9928 524.4309 557.6936
2 427.8549 438.0067 430.5845 429.646 440.5291 427.2542
3 598.6265 574.5617 581.5823 590.5087 562.6988 573.3219
4 484.2442 462.1578 459.0611 490.0633 463.3365 451.2242
5 503.5464 472.9882 460.7563 485.9254 474.2997 460.7582
6 531.8142 455.4011 509.9453 518.7399 457.0013 522.0711
7 415.8021 415.4545 400.0983 419.433 416.8994 401.5534
8 402.8406 378.5262 372.2148 407.9574 380.3813 370.9519
9 372.251 332.5303 354.883 367.8532 329.3255 355.7741
10 441.5699 396.2873 433.7048 438.1019 389.8256 435.6878
11 468.0432 430.7933 449.9838 465.3885 436.3961 446.7199
12 556.4362 492.104 488.3404 560.0652 495.7702 502.0409
13 349.5655 350.4311 327.6065 347.2591 354.5905 326.1465
14 654.8699 615.6944 611.3515 638.103 615.3145 614.778
15 533.7553 515.3292 541.8833 522.1279 527.9736 534.0122
16 611.5996 614.5212 639.1182 625.687 616.0821 633.6241
17 558.6836 555.1516 558.2978 569.8169 555.4321 560.6017
18 452.615 460.2979 446.0043 454.1843 461.4375 448.2174
19 541.3968 522.6516 532.1376 543.3559 520.4335 531.5225
20 456.3418 439.1649 438.3523 459.5902 431.4241 432.8592
21 525.0737 512.3875 518.0785 537.2053 506.4838 516.3926
22 601.9815 587.2328 545.217 598.1422 591.4115 545.2197
23 431.067 431.2104 446.456 445.1531 430.2206 441.1683
24 539.9936 479.2885 466.088 552.4856 474.3128 461.0306
25 468.6951 452.6367 490.5673 471.2348 447.6627 485.3906
26 482.3239 457.938 491.4937 485.5976 463.3609 499.3862
27 586.5651 548.3812 577.9753 579.3894 543.1685 582.9947
28 492.0641 449.8865 445.0737 503.5659 461.0898 446.6999
29 544.1748 521.5822 514.5489 539.4937 528.0979 508.7114
30 515.6574 493.5932 529.6781 525.3533 510.8103 529.1603
31 419.3378 414.2734 464.2741 418.6972 429.1999 473.6218
32 581.0053 565.3692 550.8541 581.4615 567.2098 551.2897
33 431.6578 403.5643 437.6773 437.0768 399.118 437.2594
34 490.2161 429.5543 430.0014 493.2655 422.3433 431.0574
35 450.8146 434.8401 410.0566 456.9381 433.796 413.187
36 435.164 371.543 381.9468 439.1759 371.1126 377.823
37 517.955 512.6889 495.9792 526.1088 501.5882 485.8065
38 517.5837 513.2045 484.3238 536.9126 511.0775 488.7621
39 493.7173 474.7703 482.2436 496.9593 487.345 480.921
40 544.7788 527.5891 561.3156 562.3923 524.9001 553.3387
41 469.9865 457.1311 469.9128 472.2885 460.8599 477.9143
42 537.2639 490.7451 527.9344 516.6322 482.5209 529.5782
43 444.2487 457.0189 429.0057 455.7823 456.5617 426.0345
44 486.1011 482.0296 472.9698 487.679 473.2466 468.963
45 422.7831 386.6264 400.2722 419.8759 390.7094 392.4286
46 390.5405 401.5804 367.8084 380.7076 392.5806 369.2689
47 486.5041 463.3629 460.8173 493.7419 463.2912 447.1779
48 531.1996 482.5251 525.3987 536.5805 488.5672 526.0672
49 476.7838 417.9487 466.4189 470.8496 416.9527 470.6599
50 540.7912 529.1926 515.8731 542.3915 526.2544 515.2565
51 458.3777 430.2675 458.5652 464.9309 432.6701 457.6908
52 487.8187 428.8761 434.2597 480.0482 433.4409 425.0177
53 578.5598 552.4961 543.7844 574.9815 560.261 546.6379
54 682.2669 638.6391 598.9171 689.9892 631.2984 596.1365
55 524.9536 499.4209 482.3431 532.2598 490.9399 480.3828
56 499.4507 478.6254 488.1416 506.7623 489.5201 498.6744
57 630.2085 543.8418 544.1768 619.7782 547.1662 555.6312
58 472.3641 429.9246 418.9547 472.6632 424.8897 424.854
59 428.866 415.5818 434.6222 432.8656 416.9304 439.6185
60 564.5961 511.2958 490.1116 574.6043 516.8571 494.3382
61 527.2254 503.4269 489.713 538.8753 502.3508 488.3522
62 458.5789 421.0242 408.1174 455.77 410.7401 409.0723
63 525.7974 528.4102 525.1437 522.0219 539.3215 518.1578
64 506.7026 492.7452 509.2845 491.8611 494.9223 510.1447
65 542.758 521.0564 539.5404 554.5066 531.1571 542.7884
66 695.5128 698.1935 597.1469 695.2654 690.0792 607.5364
67 347.4949 353.3049 367.9665 343.4974 347.744 366.3025
68 569.3285 494.9532 511.8491 581.6997 498.5301 504.1027
69 530.2668 493.7694 552.4493 530.2501 508.2196 552.4141
70 524.5099 484.653 491.3383 529.2617 489.3276 487.9031
71 506.209 450.5801 495.123 504.5329 462.015 487.3848
72 500.444 416.5784 488.356 492.0421 423.5091 484.18
73 550.5893 481.7628 507.7013 555.4652 486.2937 504.1127
74 485.9706 427.2005 437.4174 494.0087 434.4937 438.8529
75 443.1613 391.5601 417.0708 435.0221 396.8449 419.6641
76 451.3179 423.6799 439.4954 445.6228 420.1469 436.4633
77 411.9545 404.2088 381 425.0698 409.9986 381.7825
78 486.1876 446.4548 484.3597 493.3844 452.017 481.0661
79 641.9362 609.4641 681.7311 661.0397 610.6349 676.4316
80 409.1556 421.4917 412.3058 412.4815 414.8332 416.8175
81 470.7952 442.0042 454.8477 463.6548 430.7433 454.1333
82 628.5455 565.0602 631.8781 614.4649 574.8774 641.0962
83 504.1054 472.9681 493.9952 496.8272 469.7755 488.8935
84 453.4769 449.1696 403.0661 446.7844 450.5125 407.55
85 578.1514 513.7314 551.363 582.46 506.2978 541.4537
86 482.4982 500.083 507.6845 489.7637 497.645 499.6114
87 446.1671 437.0412 418.6133 455.8869 443.359 418.7
88 500.6564 487.9623 459.4647 505.038 484.3296 461.284
89 559.4663 511.1651 526.011 549.9114 516.6009 522.8773
90 418.8751 377.106 376.7417 417.4475 382.174 380.905
91 503.7743 449.2864 489.3899 507.0977 450.7497 484.945
92 603.1001 602.8152 593.9851 587.6514 605.4419 581.6902
93 492.5611 508.6516 501.8157 490.9041 503.5081 505.6438
94 526.1368 498.4597 491.3983 517.1998 489.0904 488.3927
95 552.991 485.7366 506.5058 561.0513 476.1787 511.7881
96 536.878 456.2776 503.2251 541.6086 449.8045 510.4377
97 503.3582 489.0811 472.7263 494.4284 489.5867 479.0005
98 647.8231 568.6249 560.6129 648.2844 569.1512 557.2649
99 713.8786 662.4518 700.2414 702.1708 658.8878 689.9975
100 683.1206 580.2234 567.3252 679.6295 578.9958 574.0271
