1 798.0051 811.382 812.5266 803.3599 814.565 819.1852
2 814.4543 835.4624 832.9226 836.2497 837.8268 838.0024
3 836.3972 846.5061 842.3673 851.3153 850.8642 846.7233
4 883.1748 888.4711 890.6462 909.4537 891.3538 886.2752
5 853.6959 872.209 861.8876 874.4523 880.4264 876.5084
6 750.8453 768.4327 770.5847 797.6251 783.2823 786.2759
7 910.9717 911.5342 904.1764 906.2616 918.0502 907.4242
8 740.4374 768.7319 765.7296 785.121 780.9145 783.3876
9 881.5408 880.9127 882.5913 895.1341 892.1441 889.2419
10 798.6173 808.2779 806.9639 814.6749 823.0096 825.7341
11 856.125 863.4584 870.9946 880.0098 875.0322 884.0957
12 860.1858 867.1826 862.5832 872.9717 875.3963 873.1223
13 827.9187 838.6272 835.102 857.6328 840.5363 837.6582
14 1006.95 1010.253 1005.071 1005.168 1006.894 1005.48
15 824.2552 841.6136 834.1081 858.9752 848.3778 846.7523
16 1053.065 1057.228 1070.689 1092.889 1088.812 1093.42
17 954.0276 960.7676 952.5296 963.482 963.1997 955.1894
18 973.2958 990.7336 992.8202 1007.693 1016.805 1022.436
19 937.8918 947.6063 943.7824 945.1982 955.0928 953.0467
20 1127.907 1136.113 1123.544 1134.063 1140.644 1132.447
21 1042.159 1058.297 1057.08 1082.089 1075.466 1065.969
22 612.6451 619.727 625.6504 713.7732 634.7323 632.6992
23 878.8073 880.6932 883.179 879.0561 885.2444 883.2105
24 831.4476 842.221 840.708 875.9284 866.7237 866.0645
25 716.8125 733.6596 729.9622 764.3423 766.8901 763.4257
26 1011.756 1016.971 1003.512 1008.502 1017.454 1005.156
27 828.6838 844.6126 846.8419 841.3424 864.3225 858.5446
28 783.6986 796.0351 787.8957 791.0265 799.5312 797.6076
29 899.9167 902.6894 896.6985 916.8298 908.4828 901.5769
30 924.002 925.7962 925.4637 957.8776 959.9261 958.9905
31 817.4553 840.6365 834.6117 842.5064 839.7157 837.042
32 701.5027 702.3119 699.6109 718.0573 722.5179 719.2521
33 976.0058 979.0054 965.9919 968.6469 972.7684 968.8335
34 906.4235 908.5014 898.9593 903.8727 905.5323 896.9963
35 913.0893 917.6224 914.1437 955.1142 958.1601 952.5501
36 906.5785 908.0248 901.0086 902.6172 906.5499 900.8033
37 726.4887 753.5594 747.996 755.0401 769.9233 766.0221
38 840.05 860.3211 851.7894 883.3452 867.1469 858.4752
39 935.4392 957.8214 953.645 957.0101 968.1908 961.3728
40 851.341 863.1884 863.6806 905.9937 900.0632 900.0346
41 910.428 924.4641 923.2463 923.1812 932.5669 928.7292
42 867.3975 886.3814 880.479 888.6674 885.5821 880.6077
43 918.7997 928.6171 921.8738 923.196 933.5129 928.5472
44 776.8944 791.7319 787.8658 784.9876 798.9898 797.3711
45 805.9255 831.7841 829.1338 867.1086 870.97 862.2314
46 760.6297 784.0398 788.5932 770.8447 792.6535 794.6758
47 908.9527 913.7756 909.0382 924.3397 928.0212 926.8235
48 905.2474 923.8062 927.6625 908.211 921.4825 925.7772
49 908.0518 907.7918 910.5232 917.4005 918.8881 917.2096
50 910.7711 923.7386 914.4526 922.758 925.5574 918.1732
51 989.2585 989.3442 982.0172 996.94 1002.09 996.2673
52 816.1856 831.4583 830.3221 833.652 839.6288 837.3792
53 759.6997 770.7397 779.5599 765.7331 777.2772 780.9776
54 928.8203 939.5255 932.3256 934.8452 944.0186 932.7797
55 889.3887 907.609 905.727 898.9337 915.0642 920.8944
56 664.5016 698.2813 695.5449 679.451 701.0326 698.5115
57 890.2527 894.7728 891.8176 901.4872 907.1117 905.8722
58 1020.151 1028.03 1030.557 1042.601 1054.138 1057.036
59 836.8793 843.8547 841.9047 848.8738 851.4732 849.337
60 973.657 971.5085 965.1119 986.4562 991.5124 984.3576
61 962.0218 973.1695 970.4026 984.1069 983.4073 979.4192
62 844.3803 845.729 841.1518 863.4936 862.5345 858.3296
63 952.7465 946.2438 947.9808 945.9639 957.2597 954.8338
64 774.4562 787.578 779.7687 784.3536 792.3326 788.7473
65 790.2196 805.7454 801.5991 811.6039 825.2878 817.171
66 807.0439 816.3904 813.5263 804.7829 818.803 816.1523
67 858.1612 878.687 876.228 882.4697 889.9164 884.5005
68 834.7136 852.9571 841.8104 861.6814 853.2532 846.9133
69 845.0006 869.5114 864.294 858.2182 867.2503 862.0812
70 823.577 843.0222 834.0646 852.355 853.9043 848.0171
71 1042.737 1040.629 1038.72 1089.489 1094.081 1082.374
72 828.9673 843.2372 839.6974 847.0214 849.5006 847.7772
73 776.4344 791.5478 791.3354 777.326 797.94 796.1826
74 826.4421 840.4481 841.6252 879.4956 879.8824 882.5574
75 959.398 960.3887 956.8283 987.1755 989.7996 989.5149
76 971.9082 968.0497 960.0601 989.6377 989.2137 983.2185
77 958.9687 961.0217 955.3549 960.8717 965.6263 955.2708
78 922.4264 942.1825 939.7536 967.5516 965.6711 964.8511
79 839.5331 856.7255 856.308 848.1739 863.061 859.3298
80 971.0641 997.0718 986.6284 1007.542 1004.294 995.929
81 917.5577 921.3806 920.2721 921.5608 923.3717 926.3349
82 755.1693 775.6622 780.5193 854.557 789.7369 790.5257
83 1020.26 1023.49 1020.362 1036.757 1045.706 1036.872
84 971.2093 985.3297 977.3128 982.9521 991.0352 976.5944
85 836.6161 853.5082 846.196 849.8532 868.7696 860.6878
86 907.7447 924.4485 918.5072 976.668 948.7098 942.4421
87 907.8539 931.3227 931.0654 924.8593 933.2279 931.9793
88 800.651 818.7094 817.837 821.5421 823.644 820.8838
89 805.3099 815.5787 810.166 823.2783 833.7957 829.1841
90 809.9367 832.4237 826.5055 840.3213 829.9588 834.9257
91 881.7248 904.9153 900.2573 912.3054 918.6023 914.9407
92 830.9684 843.2084 854.5458 845.6551 855.5933 863.708
93 1062.126 1074.626 1068.441 1086.587 1094.493 1088.106
94 927.9652 937.3848 935.0412 991.2473 991.3358 984.9124
95 958.4714 974.8385 976.5381 995.5423 987.1248 984.0702
96 1041.721 1056.902 1049.747 1060.016 1059.865 1060.497
97 856.1261 863.3186 860.1168 865.1213 869.0381 869.4126
98 824.5142 842.7145 832.5259 841.9042 839.2539 832.0253
99 872.4192 882.0861 875.7649 882.0611 885.7459 881.6593
100 804.7962 809.466 810.8963 818.4957 822.1187 816.4752
