1 810.1939 822.3519 821.0587 815.5486 825.5349 827.7173
2 826.643 846.4323 841.4548 848.4384 848.7966 846.5346
3 848.586 857.476 850.8995 863.504 861.834 855.2554
4 895.3636 899.441 899.1784 921.6425 902.3237 894.8073
5 865.8846 883.1789 870.4198 886.641 891.3962 885.0406
6 763.034 779.4026 779.1168 809.8138 794.2522 794.808
7 923.1605 922.5041 912.7086 918.4503 929.0201 915.9563
8 752.6262 779.7018 774.2618 797.3098 791.8844 791.9197
9 893.7295 891.8826 891.1235 907.3229 903.114 897.774
10 810.806 819.2478 815.4961 826.8637 833.9795 834.2663
11 868.3137 874.4283 879.5267 892.1986 886.0021 892.6279
12 872.3745 878.1525 871.1153 885.1604 886.3662 881.6544
13 840.1074 849.5971 843.6342 869.8215 851.5062 846.1904
14 1019.139 1021.223 1013.603 1017.357 1017.864 1014.012
15 836.444 852.5835 842.6402 871.1639 859.3477 855.2844
16 1065.254 1068.197 1079.221 1105.078 1099.782 1101.952
17 966.2163 971.7375 961.0617 975.6708 974.1696 963.7215
18 985.4846 1001.703 1001.352 1019.882 1027.775 1030.968
19 950.0806 958.5762 952.3145 957.387 966.0627 961.5789
20 1140.096 1147.083 1132.076 1146.252 1151.614 1140.98
21 1054.348 1069.267 1065.612 1094.278 1086.436 1074.501
22 624.8339 630.6969 634.1825 725.9619 645.7022 641.2313
23 890.9961 891.663 891.7111 891.2449 896.2143 891.7427
24 843.6363 853.1909 849.2402 888.1171 877.6936 874.5966
25 729.0012 744.6295 738.4943 776.5311 777.86 771.9579
26 1023.945 1027.941 1012.044 1020.691 1028.424 1013.688
27 840.8725 855.5825 855.374 853.5312 875.2923 867.0768
28 795.8873 807.005 796.4278 803.2153 810.5011 806.1397
29 912.1055 913.6593 905.2306 929.0185 919.4527 910.1091
30 936.1908 936.7661 933.9958 970.0664 970.896 967.5226
31 829.644 851.6064 843.1439 854.6951 850.6856 845.5741
32 713.6915 713.2817 708.1431 730.2461 733.4878 727.7842
33 988.1946 989.9753 974.5241 980.8357 983.7382 977.3657
34 918.6123 919.4713 907.4915 916.0615 916.5022 905.5284
35 925.2781 928.5922 922.6759 967.303 969.13 961.0822
36 918.7672 918.9947 909.5407 914.806 917.5198 909.3354
37 738.6774 764.5293 756.5282 767.2289 780.8931 774.5542
38 852.2387 871.291 860.3215 895.5339 878.1168 867.0073
39 947.628 968.7913 962.1771 969.1989 979.1606 969.9049
40 863.5298 874.1583 872.2127 918.1825 911.0331 908.5667
41 922.6167 935.434 931.7785 935.3699 943.5368 937.2613
42 879.5863 897.3513 889.0111 900.8562 896.552 889.1398
43 930.9884 939.587 930.4059 935.3847 944.4828 937.0794
44 789.0832 802.7017 796.3979 797.1764 809.9597 805.9032
45 818.1142 842.754 837.6659 879.2974 881.9399 870.7636
46 772.8184 795.0097 797.1254 783.0334 803.6234 803.2079
47 921.1414 924.7454 917.5704 936.5285 938.9911 935.3556
48 917.4362 934.7761 936.1946 920.3998 932.4524 934.3094
49 920.2405 918.7616 919.0553 929.5893 929.858 925.7417
50 922.9599 934.7085 922.9847 934.9468 936.5273 926.7053
51 1001.447 1000.314 990.5493 1009.129 1013.06 1004.799
52 828.3744 842.4282 838.8543 845.8408 850.5987 845.9113
53 771.8884 781.7096 788.092 777.9219 788.2471 789.5097
54 941.009 950.4953 940.8578 947.034 954.9884 941.3119
55 901.5774 918.5788 914.2591 911.1225 926.0341 929.4265
56 676.6903 709.2512 704.077 691.6397 712.0025 707.0436
57 902.4414 905.7427 900.3498 913.676 918.0815 914.4043
58 1032.34 1039 1039.089 1054.79 1065.108 1065.568
59 849.068 854.8246 850.4368 861.0626 862.4431 857.8691
60 985.8458 982.4784 973.6441 998.6449 1002.482 992.8898
61 974.2106 984.1394 978.9348 996.2956 994.3772 987.9514
62 856.5691 856.6989 849.684 875.6823 873.5044 866.8617
63 964.9352 957.2137 956.5129 958.1526 968.2295 963.3659
64 786.645 798.5478 788.3008 796.5423 803.3025 797.2795
65 802.4083 816.7153 810.1313 823.7926 836.2577 825.7031
66 819.2327 827.3603 822.0585 816.9716 829.7729 824.6844
67 870.35 889.6569 884.7601 894.6584 900.8863 893.0326
68 846.9023 863.927 850.3426 873.8701 864.2231 855.4454
69 857.1893 880.4812 872.8261 870.407 878.2202 870.6133
70 835.7657 853.9921 842.5967 864.5437 864.8742 856.5492
71 1054.926 1051.599 1047.253 1101.678 1105.051 1090.906
72 841.156 854.2071 848.2295 859.2101 860.4705 856.3093
73 788.6231 802.5176 799.8676 789.5148 808.9099 804.7148
74 838.6309 851.418 850.1573 891.6844 890.8523 891.0895
75 971.5867 971.3586 965.3605 999.3643 1000.769 998.0471
76 984.0969 979.0195 968.5922 1001.826 1000.184 991.7506
77 971.1575 971.9915 963.887 973.0605 976.5962 963.8029
78 934.6151 953.1524 948.2857 979.7404 976.641 973.3832
79 851.7219 867.6954 864.8402 860.3627 874.0309 867.862
80 983.2529 1008.042 995.1605 1019.731 1015.264 1004.461
81 929.7464 932.3505 928.8042 933.7496 934.3416 934.8671
82 767.3581 786.6321 789.0514 866.7457 800.7068 799.0579
83 1032.449 1034.46 1028.894 1048.946 1056.676 1045.404
84 983.3981 996.2996 985.845 995.1409 1002.005 985.1265
85 848.8048 864.4781 854.7281 862.042 879.7395 869.2199
86 919.9334 935.4184 927.0393 988.8567 959.6797 950.9742
87 920.0426 942.2926 939.5975 937.0481 944.1978 940.5114
88 812.8398 829.6793 826.3692 833.7309 834.6139 829.4159
89 817.4986 826.5486 818.6981 835.467 844.7656 837.7162
90 822.1254 843.3936 835.0376 852.5101 840.9287 843.4579
91 893.9136 915.8852 908.7894 924.4942 929.5722 923.4729
92 843.1572 854.1783 863.078 857.8438 866.5632 872.2402
93 1074.315 1085.596 1076.973 1098.776 1105.463 1096.638
94 940.1539 948.3547 943.5733 1003.436 1002.306 993.4446
95 970.6601 985.8084 985.0702 1007.731 998.0947 992.6023
96 1053.909 1067.872 1058.279 1072.205 1070.835 1069.029
97 868.3148 874.2885 868.6489 877.3101 880.008 877.9448
98 836.703 853.6844 841.0581 854.0929 850.2238 840.5575
99 884.608 893.056 884.297 894.2498 896.7158 890.1914
100 816.985 820.4359 819.4284 830.6844 833.0886 825.0073
