1 0.52
2 0.56
3 0.56
4 0.52
5 0.52
6 0.68
7 0.44
8 0.64
9 0.44
10 0.56
11 0.52
12 0.56
13 0.56
14 0.24
15 0.56
16 0.28
17 0.44
18 0.36
19 0.44
20 0.24
21 0.32
22 0.68
23 0.44
24 0.56
25 0.68
26 0.36
27 0.52
28 0.52
29 0.64
30 0.32
31 0.56
32 0.72
33 0.4
34 0.52
35 0.48
36 0.52
37 0.64
38 0.56
39 0.48
40 0.52
41 0.36
42 0.52
43 0.4
44 0.56
45 0.52
46 0.56
47 0.36
48 0.4
49 0.4
50 0.64
51 0.4
52 0.52
53 0.56
54 0.44
55 0.48
56 0.72
57 0.48
58 0.48
59 0.6
60 0.44
61 0.44
62 0.56
63 0.36
64 0.6
65 0.56
66 0.52
67 0.48
68 0.56
69 0.52
70 0.52
71 0.32
72 0.48
73 0.56
74 0.6
75 0.52
76 0.4
77 0.28
78 0.48
79 0.52
80 0.36
81 0.4
82 0.56
83 0.48
84 0.4
85 0.56
86 0.6
87 0.44
88 0.56
89 0.56
90 0.48
91 0.48
92 0.48
93 0.44
94 0.44
95 0.44
96 0.28
97 0.4
98 0.64
99 0.56
100 0.6
