1 1000 1000 260 1000 1000 526
2 1000 1000 1000 1000 1000 423
3 1000 1000 222 1000 1000 615
4 1000 1000 803 1000 1000 1000
5 1000 1000 373 1000 1000 937
6 1000 1000 1000 1000 1000 735
7 1000 1000 517 1000 1000 1000
8 1000 1000 278 1000 1000 275
9 1000 1000 749 1000 1000 485
10 1000 1000 552 1000 1000 636
11 1000 1000 370 1000 1000 774
12 1000 1000 157 1000 1000 1000
13 1000 1000 464 1000 1000 782
14 1000 1000 233 1000 1000 384
15 1000 1000 1000 1000 1000 1000
16 1000 1000 1000 1000 1000 1000
17 1000 1000 92 1000 1000 1000
18 1000 1000 256 1000 1000 707
19 1000 1000 357 1000 1000 395
20 1000 1000 606 1000 1000 993
21 1000 1000 615 1000 1000 830
22 1000 1000 828 1000 1000 465
23 1000 1000 442 1000 1000 476
24 1000 1000 372 1000 1000 1000
25 1000 1000 455 1000 1000 881
26 1000 1000 658 1000 1000 429
27 1000 1000 332 1000 1000 130
28 1000 1000 1000 1000 1000 622
29 1000 1000 541 1000 1000 557
30 1000 1000 598 1000 1000 165
31 1000 1000 642 1000 1000 1000
32 1000 1000 910 1000 1000 548
33 1000 1000 402 1000 1000 737
34 1000 1000 659 1000 1000 229
35 1000 1000 744 1000 1000 694
36 1000 1000 241 1000 1000 1000
37 1000 1000 778 1000 1000 347
38 1000 1000 1000 1000 1000 1000
39 1000 1000 516 1000 1000 278
40 1000 1000 451 1000 1000 1000
41 1000 1000 307 1000 1000 109
42 1000 1000 191 1000 1000 280
43 1000 1000 406 1000 1000 638
44 1000 1000 508 1000 1000 949
45 1000 1000 684 1000 1000 1000
46 1000 1000 994 1000 1000 499
47 1000 1000 924 1000 1000 356
48 1000 1000 510 1000 1000 380
49 1000 1000 760 1000 1000 917
50 1000 1000 852 1000 1000 681
51 1000 1000 260 1000 1000 500
52 1000 1000 739 1000 1000 802
53 1000 1000 645 1000 1000 340
54 1000 1000 726 1000 1000 196
55 1000 1000 311 1000 1000 165
56 1000 1000 1000 1000 1000 406
57 1000 1000 482 1000 1000 333
58 1000 1000 529 1000 1000 555
59 1000 1000 306 1000 1000 1000
60 1000 1000 440 1000 1000 847
61 1000 1000 604 1000 1000 894
62 1000 1000 766 1000 1000 973
63 1000 1000 211 1000 1000 393
64 1000 1000 411 1000 1000 619
65 1000 1000 363 1000 1000 675
66 1000 1000 841 1000 1000 603
67 1000 1000 568 1000 1000 132
68 1000 1000 800 1000 1000 478
69 1000 1000 298 1000 1000 506
70 1000 1000 1000 1000 1000 388
71 1000 1000 405 1000 1000 103
72 1000 1000 1000 1000 1000 540
73 1000 1000 341 1000 1000 1000
74 1000 1000 278 1000 1000 1000
75 1000 1000 994 1000 1000 583
76 1000 1000 256 1000 1000 671
77 1000 1000 414 1000 1000 656
78 1000 1000 264 1000 1000 1000
79 1000 1000 706 1000 1000 854
80 1000 1000 536 1000 1000 158
81 1000 1000 428 1000 1000 159
82 1000 1000 1000 1000 1000 200
83 1000 1000 535 1000 1000 817
84 1000 1000 1000 1000 1000 1000
85 1000 1000 688 1000 1000 585
86 1000 1000 938 1000 1000 1000
87 1000 1000 839 1000 1000 667
88 1000 1000 651 1000 1000 1000
89 1000 1000 602 1000 1000 734
90 1000 1000 496 1000 1000 132
91 1000 1000 1000 1000 1000 143
92 1000 1000 392 1000 1000 382
93 1000 1000 223 1000 1000 328
94 1000 1000 629 1000 1000 79
95 1000 1000 169 1000 1000 166
96 1000 1000 611 1000 1000 727
97 1000 1000 360 1000 1000 503
98 1000 1000 926 1000 1000 890
99 1000 1000 1000 1000 1000 525
100 1000 1000 232 1000 1000 443
