1 -389.0026 -396.691 -399.2633 -391.6799 -398.2825 -402.5926
2 -397.2271 -408.7312 -409.4613 -408.1248 -409.9134 -412.0012
3 -408.1986 -414.253 -414.1837 -415.6576 -416.4321 -416.3616
4 -431.5874 -435.2356 -438.3231 -444.7269 -436.6769 -436.1376
5 -416.8479 -427.1045 -423.9438 -427.2261 -431.2132 -431.2542
6 -365.4226 -375.2163 -378.2924 -388.8125 -382.6412 -386.1379
7 -445.4859 -446.7671 -445.0882 -443.1308 -450.0251 -446.7121
8 -360.2187 -375.366 -375.8648 -382.5605 -381.4572 -384.6938
9 -430.7704 -431.4563 -434.2957 -437.567 -437.072 -437.6209
10 -389.3086 -395.1389 -396.482 -397.3375 -402.5048 -405.8671
11 -418.0625 -422.7292 -428.4973 -430.0049 -428.5161 -435.0479
12 -420.0929 -424.5913 -424.2916 -426.4858 -428.6981 -429.5612
13 -403.9593 -410.3136 -410.551 -418.8164 -411.2681 -411.8291
14 -493.475 -496.1265 -495.5354 -492.5841 -494.4472 -495.7399
15 -402.1276 -411.8068 -410.054 -419.4876 -415.1889 -416.3762
16 -516.5327 -519.6138 -528.3445 -536.4446 -535.406 -539.7098
17 -467.0138 -471.3838 -469.2648 -471.741 -472.5999 -470.5947
18 -476.6479 -486.3668 -489.4101 -493.8465 -499.4024 -504.2181
19 -458.9459 -464.8032 -464.8912 -462.5991 -468.5464 -469.5234
20 -553.9536 -559.0564 -554.7721 -557.0317 -561.3222 -559.2237
21 -511.0794 -520.1485 -521.5401 -531.0444 -528.7332 -525.9845
22 -296.3226 -300.8635 -305.8252 -346.8866 -308.3662 -309.3496
23 -429.4037 -431.3466 -434.5895 -429.5281 -433.6222 -434.6053
24 -405.7238 -412.1105 -413.354 -427.9642 -424.3619 -426.0322
25 -348.4062 -357.8298 -357.9811 -372.1712 -374.4451 -374.7129
26 -495.8779 -499.4853 -494.7559 -494.2512 -499.7272 -495.5779
27 -404.3419 -413.3063 -416.4209 -410.6712 -423.1612 -422.2723
28 -381.8493 -389.0175 -386.9479 -385.5132 -390.7656 -391.8038
29 -439.9583 -442.3447 -441.3492 -448.4149 -445.2414 -443.7885
30 -452.001 -453.8981 -455.7318 -468.9388 -470.9631 -472.4953
31 -398.7276 -411.3182 -410.3059 -411.2532 -410.8579 -411.521
32 -340.7513 -342.1559 -342.8055 -349.0287 -352.259 -352.626
33 -478.0029 -480.5027 -475.996 -474.3235 -477.3842 -477.4168
34 -443.2118 -445.2507 -442.4797 -441.9364 -443.7662 -441.4981
35 -446.5447 -449.8112 -450.0719 -467.5571 -470.0801 -469.275
36 -443.2892 -445.0124 -443.5043 -441.3086 -444.275 -443.4017
37 -353.2443 -367.7797 -366.998 -367.5201 -375.9616 -376.0111
38 -410.025 -421.1605 -418.8947 -431.6726 -424.5735 -422.2376
39 -457.7196 -469.9107 -469.8225 -468.5051 -475.0954 -473.6864
40 -415.6705 -422.5942 -424.8403 -442.9969 -441.0316 -443.0173
41 -445.214 -453.2321 -454.6232 -451.5906 -457.2835 -457.3646
42 -423.6988 -434.1907 -433.2395 -434.3337 -433.7911 -433.3038
43 -449.3998 -455.3085 -453.9369 -451.598 -457.7564 -457.2736
44 -378.4472 -386.8659 -386.9329 -382.4938 -390.4949 -391.6855
45 -392.9627 -406.8921 -407.5669 -423.5543 -426.485 -424.1157
46 -370.3148 -383.0199 -387.2966 -375.4223 -387.3268 -390.3379
47 -444.4763 -447.8878 -447.5191 -452.1699 -455.0106 -456.4117
48 -442.6237 -452.9031 -456.8313 -444.1055 -451.7413 -455.8886
49 -444.0259 -444.8959 -448.2616 -448.7002 -450.4441 -451.6048
50 -445.3856 -452.8693 -450.2263 -451.379 -453.7787 -452.0866
51 -484.6293 -485.6721 -484.0086 -488.47 -492.0449 -491.1336
52 -398.0928 -406.7291 -408.1611 -406.826 -410.8144 -411.6896
53 -369.8498 -376.3699 -382.7799 -372.8666 -379.6386 -383.4888
54 -454.4101 -460.7627 -459.1628 -457.4226 -463.0093 -459.3899
55 -434.6943 -444.8045 -445.8635 -439.4669 -448.5321 -453.4472
56 -322.2508 -340.1407 -340.7724 -329.7255 -341.5163 -342.2558
57 -435.1263 -438.3864 -438.9088 -440.7436 -444.5558 -445.9361
58 -500.0756 -505.015 -508.2785 -511.3004 -518.0692 -521.5182
59 -408.4396 -412.9273 -413.9524 -414.4369 -416.7366 -417.6685
60 -476.8285 -476.7542 -475.556 -483.2281 -486.7562 -485.1788
61 -471.0109 -477.5847 -478.2013 -482.0534 -482.7037 -482.7096
62 -412.1902 -413.8645 -413.5759 -421.7468 -422.2673 -422.1648
63 -466.3732 -464.1219 -466.9904 -462.9819 -469.6298 -470.4169
64 -377.2281 -384.789 -382.8843 -382.1768 -387.1663 -387.3737
65 -385.1098 -393.8727 -393.7996 -395.8019 -403.6439 -401.5855
66 -393.522 -399.1952 -399.7632 -392.3914 -400.4015 -401.0761
67 -419.0806 -430.3435 -431.114 -431.2348 -435.9582 -435.2502
68 -407.3568 -417.4786 -413.9052 -420.8407 -417.6266 -416.4566
69 -412.5003 -425.7557 -425.147 -419.1091 -424.6252 -424.0406
70 -401.7885 -412.5111 -410.0323 -416.1775 -417.9522 -417.0086
71 -511.3684 -511.3143 -512.3602 -534.7445 -538.0404 -534.187
72 -404.4836 -412.6186 -412.8487 -413.5107 -415.7503 -416.8886
73 -378.2172 -386.7739 -388.6677 -378.663 -389.97 -391.0913
74 -403.2211 -411.2241 -413.8126 -429.7478 -430.9412 -434.2787
75 -469.699 -471.1943 -471.4142 -483.5878 -485.8998 -487.7575
76 -475.9541 -475.0248 -473.03 -484.8188 -485.6068 -484.6093
77 -469.4844 -471.5108 -470.6774 -470.4359 -473.8132 -470.6354
78 -451.2132 -462.0912 -462.8768 -473.7758 -473.8356 -475.4256
79 -409.7666 -419.3627 -421.154 -414.087 -422.5305 -422.6649
80 -475.5321 -489.5359 -486.3142 -493.7709 -493.147 -490.9645
81 -448.7788 -451.6903 -453.136 -450.7804 -452.6859 -456.1675
82 -367.5847 -378.8311 -383.2596 -417.2785 -385.8685 -388.2629
83 -500.1299 -502.745 -503.1808 -508.3787 -513.8529 -511.4361
84 -475.6047 -483.6649 -481.6564 -481.4761 -486.5176 -481.2972
85 -408.308 -417.7541 -416.098 -414.9266 -425.3848 -423.3439
86 -443.8723 -453.2243 -452.2536 -478.334 -465.3549 -464.221
87 -443.9269 -456.6614 -458.5327 -452.4297 -457.614 -458.9897
88 -390.3255 -400.3547 -401.9185 -400.7711 -402.822 -403.4419
89 -392.6549 -398.7893 -398.083 -401.6391 -407.8979 -407.592
90 -394.9683 -407.2119 -406.2527 -410.1607 -405.9794 -410.4629
91 -430.8624 -443.4576 -443.1287 -446.1527 -450.3011 -450.4704
92 -405.4842 -412.6042 -420.2729 -412.8275 -418.7967 -424.854
93 -521.0631 -528.313 -527.2205 -533.2934 -538.2466 -537.053
94 -453.9826 -459.6924 -460.5206 -485.6236 -486.6679 -485.4562
95 -469.2357 -478.4193 -481.2691 -487.7711 -484.5624 -485.0351
96 -510.8604 -519.4511 -517.8733 -520.0081 -520.9327 -523.2484
97 -418.063 -422.6593 -423.0584 -422.5606 -425.5191 -427.7063
98 -402.2571 -412.3573 -409.263 -410.9521 -410.6269 -409.0127
99 -426.2096 -432.0431 -430.8824 -431.0305 -433.8729 -433.8296
100 -392.3981 -395.733 -398.4481 -399.2478 -402.0594 -401.2376
