1 43.73986 45.11937 45.9015 43.93685 45.77508 45.56443
2 42.92221 40.36019 38.52859 42.73808 39.71013 38.89648
3 39.4256 40.93326 40.03108 40.56615 40.50712 40.7492
4 50.22984 44.54918 46.76501 45.06535 43.80266 45.5721
5 46.99712 45.23157 48.11399 47.81531 44.53017 47.13387
6 27.21335 31.72296 31.5754 28.14312 31.31798 30.42279
7 65.1208 56.57031 54.34942 66.43163 56.24677 54.31378
8 33.67938 33.91357 33.1829 33.44328 34.56993 33.2562
9 56.05894 56.72289 53.3934 57.92583 56.44993 52.8255
10 37.20154 40.09894 38.97972 38.37969 40.35107 38.58029
11 47.95724 44.69598 42.73991 49.21124 45.62482 44.20277
12 43.17935 42.66678 44.03902 44.72695 41.06304 44.45537
13 44.57645 40.66347 40.40763 45.45899 40.33189 39.93748
14 124.6312 111.1263 113.355 125.5216 112.1012 112.1623
15 41.12307 38.4376 41.01397 41.75306 38.07549 40.86592
16 104.9904 99.53396 101.5602 109.1279 100.9916 100.0345
17 56.76987 57.03983 56.46022 56.28808 59.41399 56.77179
18 75.58998 75.98916 73.3895 74.56847 73.29529 73.67338
19 60.61196 56.13122 57.09644 60.25809 55.60644 57.82152
20 127.4285 132.6146 129.5762 126.5815 131.8111 130.0478
21 89.82982 89.39163 82.23765 91.55668 88.7447 80.36136
22 29.22805 29.27829 29.13071 29.13634 28.44212 29.55014
23 58.21041 57.29511 57.85618 57.73419 58.19699 57.96595
24 39.98169 43.10536 41.92135 41.22243 42.74717 41.447
25 33.34531 30.21187 31.77337 32.57339 30.8818 30.46907
26 73.06101 74.92647 72.66398 74.02884 75.42609 71.64598
27 44.61735 44.47586 43.18852 46.01388 43.22758 43.30551
28 46.8429 46.58946 44.69536 46.12131 44.86321 43.74954
29 35.69678 36.43361 36.53685 35.16241 37.42256 37.87444
30 82.18419 81.67614 80.50322 82.14033 79.68122 80.91032
31 43.18429 40.49542 39.51224 41.2708 39.35741 39.37939
32 27.75272 27.36762 26.93214 28.82014 28.06772 27.51307
33 70.11813 66.21469 68.83582 69.54489 66.74187 69.54032
34 45.00861 49.20328 47.86979 47.45278 49.85122 48.03692
35 53.17997 52.54184 52.16708 53.98989 53.04279 51.87547
36 43.59385 44.95829 44.86521 44.66375 45.16646 45.78603
37 34.02997 32.24306 32.17745 34.24443 31.55369 31.29059
38 37.4295 38.92867 39.13038 38.12915 38.80351 39.32051
39 55.09902 49.82704 51.06224 56.46158 50.03234 49.58033
40 38.66189 43.12562 42.66861 42.72358 45.39016 44.19871
41 81.06222 72.01188 71.90847 81.1266 73.91326 72.55109
42 42.63419 44.70173 46.27762 43.98802 44.71576 46.50717
43 70.56555 66.00455 65.14916 69.08154 65.25251 65.77776
44 37.83061 38.99873 39.35428 36.49679 37.93614 39.56937
45 41.16241 45.22688 45.36376 42.94161 45.73333 46.77244
46 44.46473 38.88331 39.49469 43.81399 39.78616 39.79848
47 77.60747 73.41026 74.13729 77.2195 73.54928 74.54643
48 60.69968 63.39442 61.29593 60.85294 63.84491 61.76625
49 65.56683 65.35288 64.58369 61.30164 64.41165 64.51908
50 36.98089 38.76405 37.90798 38.09788 39.0187 37.42972
51 70.84309 60.203 60.65896 75.03542 61.55897 61.45345
52 51.68966 47.41263 44.8551 53.55541 47.38946 45.88244
53 39.61478 39.19134 37.70143 39.71364 39.22637 38.16595
54 63.49499 58.39401 58.22214 63.5727 57.68973 57.07182
55 53.30826 49.86819 49.47703 53.11247 49.43506 49.60793
56 27.57508 26.36374 25.5007 26.70441 26.71104 25.50232
57 53.17457 51.94399 51.49891 52.05263 51.17723 51.49749
58 61.28854 52.40389 52.56297 60.79554 52.45571 52.32876
59 36.45655 36.83305 35.46397 36.73521 37.47215 35.77494
60 58.96079 57.8611 56.9273 57.78207 56.18683 57.66152
61 60.43331 58.62579 59.58458 59.25894 57.33918 57.65729
62 37.1194 38.79004 41.46357 38.95389 38.85395 41.51522
63 75.38362 70.34004 72.3693 72.14897 69.99461 72.51526
64 32.47051 38.13257 37.63718 32.55797 38.14645 38.08428
65 43.90883 40.97108 39.58904 42.64936 40.53997 39.02989
66 49.04949 43.24024 43.70576 48.00275 43.41349 44.96586
67 48.94275 46.98841 49.51064 49.24394 47.57199 50.75694
68 37.1777 39.94298 41.56018 38.48978 41.23126 41.10454
69 40.67344 45.04188 42.0909 41.67582 44.58551 42.07088
70 46.58376 43.2221 47.96259 44.39978 44.31594 46.84005
71 90.69834 92.23477 89.96274 90.71073 90.74312 89.05158
72 47.20472 46.5978 46.85471 47.53543 46.57338 46.85678
73 39.35662 39.92985 38.28085 37.95127 40.18565 38.66224
74 42.70147 38.50379 37.43705 43.36145 37.19643 37.97655
75 46.83577 48.64546 51.43159 48.78124 48.89172 49.59955
76 67.19888 65.12821 64.77371 68.25959 63.66906 65.24447
77 104.7854 101.3262 101.1425 103.4503 101.0703 101.5016
78 58.46825 48.71279 51.59436 55.9877 49.50675 51.09416
79 49.3085 46.15813 45.01939 49.10323 46.04424 46.08899
80 77.79624 73.73911 77.27521 74.88958 76.39359 79.09364
81 63.97126 62.59742 59.84781 63.37009 62.79356 61.00376
82 39.19486 37.57029 39.84481 39.78547 37.58562 40.12245
83 54.46501 54.21435 55.9086 54.05003 53.86065 54.76403
84 71.62158 63.22768 66.2829 71.91627 63.14481 63.80794
85 45.69759 41.53603 44.1093 45.85516 42.4467 43.40644
86 42.93623 40.9925 43.28693 43.93124 41.65747 43.22957
87 58.11787 61.06363 57.87235 56.8448 60.4111 56.74753
88 43.42593 43.01769 42.043 42.47341 41.99746 41.92445
89 41.56078 39.62884 40.23845 41.55324 39.36595 40.77337
90 50.05695 49.46305 50.75274 50.9215 49.64422 49.8987
91 51.99395 51.25601 49.45543 53.49671 50.8644 48.47208
92 48.57603 48.77896 45.79132 48.77191 48.19846 47.23141
93 57.78143 60.51539 64.55697 61.47407 62.28787 62.29928
94 47.70588 53.03718 55.14812 48.91977 52.92664 56.2442
95 50.36747 56.95856 54.57201 50.68341 56.78902 54.86289
96 106.6498 97.438 99.59591 106.5499 99.59467 98.97909
97 65.39247 63.4253 61.94754 65.6727 61.12725 63.9496
98 38.25089 36.64397 36.7765 37.44291 36.24036 36.92474
99 43.77346 42.37672 41.55626 43.64854 40.54352 41.32109
100 41.83133 39.31535 37.22892 42.30413 38.38983 38.27386
