1 3.168962 3.261784 3.328322 3.194095 3.306314 3.323625
2 2.95387 2.852761 2.754897 2.995747 2.802794 2.761711
3 2.899042 3.045132 3.014589 3.023429 2.995309 3.042301
4 3.360158 3.113886 3.253708 3.094271 3.069833 3.142546
5 3.633206 3.685186 3.842221 3.64069 3.65748 3.771456
6 2.149232 2.403523 2.410719 2.180413 2.384632 2.313698
7 4.228029 3.78863 3.664092 4.257356 3.762441 3.669943
8 4.282279 4.520121 4.599225 4.262339 4.481908 4.45362
9 3.845971 3.893691 3.764899 3.951043 3.852069 3.701133
10 2.860868 3.135271 3.138984 2.972515 3.153685 3.09207
11 3.362208 3.311006 3.257435 3.452193 3.375513 3.349512
12 3.747124 3.795818 3.947494 3.858609 3.668373 3.860274
13 3.674731 3.445286 3.427267 3.670028 3.359305 3.375294
14 8.263947 7.847954 7.859242 8.293305 7.891913 7.801294
15 2.874934 2.791835 2.898159 2.914983 2.779434 2.904181
16 6.782777 6.737296 6.813907 7.068597 6.833525 6.68967
17 4.037286 4.142931 4.128144 4.053818 4.307069 4.130635
18 5.151233 5.266242 5.095825 5.095259 5.067607 5.091714
19 4.161287 3.930418 3.894155 4.159747 3.9166 3.96468
20 7.981012 8.23959 8.014616 7.925965 8.190422 8.062941
21 5.849839 5.889416 5.646493 5.947579 5.874066 5.557055
22 2.292872 2.277823 2.326908 2.240091 2.245488 2.321906
23 4.015269 4.031754 4.049567 3.963222 4.072692 4.047968
24 4.146148 4.593542 4.472759 4.46284 4.445847 4.466546
25 2.678155 2.532215 2.593015 2.625468 2.55582 2.485102
26 5.149249 5.355514 5.25393 5.193314 5.348244 5.16511
27 3.129613 3.134498 3.081361 3.241604 3.07197 3.072812
28 3.301105 3.363035 3.241757 3.23344 3.225316 3.164835
29 2.500087 2.584958 2.606814 2.485757 2.685108 2.687798
30 5.492245 5.578707 5.489713 5.470182 5.432797 5.50409
31 3.041803 2.902239 2.825699 2.924864 2.805699 2.818797
32 2.450119 2.466315 2.446946 2.496433 2.511797 2.49909
33 4.693494 4.579977 4.676006 4.653308 4.603063 4.722427
34 3.144325 3.389101 3.353205 3.277683 3.420298 3.355268
35 4.273188 4.441682 4.423663 4.340469 4.469811 4.341389
36 3.089202 3.195577 3.163855 3.137806 3.190199 3.214986
37 2.662079 2.646767 2.606632 2.656983 2.585526 2.57849
38 2.598345 2.712275 2.717967 2.649051 2.710964 2.742336
39 4.274745 4.151378 4.293932 4.441578 4.216836 4.166835
40 3.056914 3.427529 3.460576 3.313969 3.57264 3.543782
41 5.291506 4.929032 4.919037 5.294467 5.050853 4.961045
42 3.213006 3.473839 3.516164 3.311521 3.460679 3.529403
43 4.499819 4.247119 4.18832 4.394084 4.200742 4.246325
44 2.83426 2.937442 2.957707 2.722291 2.86281 2.98061
45 3.223909 3.546888 3.562213 3.378393 3.616637 3.604932
46 3.122932 2.910298 2.877791 3.078945 2.968347 2.906478
47 5.194932 5.01958 5.075241 5.159019 5.034014 5.118343
48 4.362011 4.583291 4.484679 4.360572 4.604253 4.498227
49 4.598664 4.636488 4.628209 4.364209 4.602944 4.618385
50 2.615156 2.757462 2.713557 2.690741 2.767464 2.671449
51 4.740762 4.205817 4.217633 5.004504 4.291307 4.285789
52 3.484351 3.263704 3.15467 3.601837 3.269233 3.231136
53 2.797075 2.783019 2.728946 2.802899 2.797781 2.756727
54 4.118714 3.85455 3.887117 4.130871 3.815107 3.811819
55 3.983151 3.974793 3.929022 3.965832 3.960687 3.958596
56 2.094168 2.030785 1.99833 2.042479 2.044393 1.993694
57 3.671937 3.605736 3.583996 3.604977 3.566223 3.58859
58 4.065177 3.635911 3.650976 4.033538 3.629713 3.630092
59 2.901241 2.961875 2.95037 2.931063 3.062122 2.982748
60 3.895599 3.861567 3.738241 3.819669 3.748297 3.785913
61 4.027267 3.994784 4.045864 3.971399 3.915205 3.930403
62 2.753864 2.973697 3.119124 2.897976 2.966967 3.124891
63 5.053853 4.900355 4.93781 4.844415 4.875073 4.945921
64 2.309197 2.682536 2.636956 2.346727 2.681129 2.660176
65 4.068996 3.895395 3.91428 3.889673 3.91109 3.935512
66 3.376223 3.106107 3.07335 3.296962 3.105879 3.163768
67 3.458098 3.431045 3.551608 3.452924 3.473587 3.634932
68 6.452351 7.166293 7.530467 7.148066 7.392371 7.166416
69 3.507108 4.086667 3.800369 3.571428 3.902792 3.748814
70 3.244087 3.134264 3.369805 3.111128 3.195497 3.287339
71 5.839974 5.808987 5.716703 5.78998 5.706553 5.639003
72 3.167402 3.177748 3.175304 3.174252 3.173109 3.167479
73 3.036112 3.027079 2.965096 2.808767 3.051842 2.99494
74 3.090911 2.879773 2.830803 3.134143 2.805481 2.841829
75 3.551069 3.701747 3.920445 3.762897 3.732208 3.773345
76 4.508016 4.5218 4.482717 4.558689 4.400566 4.496134
77 6.628652 6.465037 6.412076 6.519417 6.453442 6.429401
78 6.472971 5.450188 5.734139 6.473544 5.449221 5.880722
79 3.333002 3.208061 3.158747 3.320907 3.201249 3.216183
80 5.228817 5.158905 5.291934 5.097847 5.3086 5.421099
81 4.455196 4.517548 4.393286 4.425423 4.52557 4.464198
82 3.022499 3.065022 3.157754 2.999253 3.068504 3.165093
83 3.608061 3.648146 3.766281 3.594146 3.629541 3.681916
84 4.569797 4.17153 4.297658 4.599483 4.161562 4.121632
85 3.259597 3.080038 3.267021 3.270936 3.176398 3.146892
86 3.072355 3.068588 3.165554 3.110074 3.126666 3.15252
87 3.84257 4.030896 3.969257 3.776081 3.990424 3.863724
88 3.180685 3.260974 3.207079 3.156506 3.192399 3.203648
89 2.897447 2.871262 2.831939 2.882888 2.849542 2.845276
90 3.400689 3.432527 3.47028 3.496822 3.43326 3.43113
91 3.465829 3.43668 3.352104 3.54151 3.388465 3.279797
92 4.603593 4.714886 4.555 4.533592 4.689098 4.692473
93 4.019207 4.203344 4.403951 4.2439 4.321641 4.276825
94 3.35522 3.639485 3.699107 3.438279 3.627905 3.770581
95 4.153771 4.588227 4.593372 4.127139 4.531997 4.49486
96 8.212061 7.729346 7.872053 8.242637 7.937548 7.882779
97 4.33833 4.380593 4.243575 4.371846 4.218228 4.389386
98 2.599286 2.492351 2.473617 2.544179 2.46962 2.493768
99 2.99166 2.984804 2.910453 2.98122 2.870955 2.917719
100 2.995649 2.863139 2.776055 3.029573 2.812962 2.845421
