1 0.563868 0.1163084 0.03978224 0.7338957 0.8520124 5.113979 0.4706379 0.5994508 0.008581036
2 0.8120839 0.1181669 0.0375514 2.357227 0.9323123 4.048761 0.509317 0.5756508 0.01291607
3 0.7588791 0.133892 0.04069481 1.420327 0.9857609 3.410918 0.4760247 0.6277341 0.01876352
4 0.8191172 0.1322778 0.04447194 2.272258 1.160546 7.029558 0.4558469 NaN NaN
5 0.56877 0.1357853 0.03803876 1.157399 0.8704934 2.47841 0.4892669 NaN NaN
6 0.6739111 0.1766718 0.04986308 1.300888 1.264118 1.47593 0.4529947 0.5644457 0.01312022
7 0.7546166 0.1005742 0.03582592 2.255286 0.5771476 169.2354 0.6801167 0.7155689 0.01870039
8 0.5890341 0.1373913 0.04157327 0.8203452 1.057322 0.8508131 0.408313 2.393423 NaN
9 0.6013003 0.1065015 0.03399199 0.7980124 0.8045932 3.082369 0.527021 0.7159329 0.02741715
10 0.6517799 0.1276565 0.03848943 1.154787 0.9284102 1.648751 0.4692178 0.5711819 0.01372413
11 0.8484305 0.113009 0.03887264 2.58004 0.9065209 2.824381 0.4172401 NaN NaN
12 0.5686348 0.1011375 0.03921675 0.5743198 0.9834312 1.887614 0.6801126 0.6897271 NaN
13 0.8116258 0.1210956 0.04006296 1.866794 1.097901 3.821873 0.481375 0.6286472 0.02132891
14 0.4920669 0.1229957 0.03838274 0.7531164 0.6793147 23.46005 0.5794323 1.484381 0.02994404
15 0.6346022 0.1509609 0.04128672 1.019479 1.07044 3.221338 0.6007062 0.6685043 0.01904046
16 0.6267603 0.1019114 0.03441922 2.003422 0.6901749 2.325051 3.075938 13.81426 0.1850114
17 0.6781756 0.1423565 0.04345257 1.744086 0.8880097 13.86526 NaN NaN NaN
18 0.5666823 0.1430624 0.0419151 0.9586697 1.090177 1.728591 0.5835701 0.7175845 NaN
19 0.6672454 0.1332187 0.04676637 0.991336 1.160405 4.633673 0.5794951 0.6543029 0.01530484
20 0.5062631 0.1078763 0.03462711 0.7557836 0.8236788 4.87614 1.277134 0.90401 0.04099636
21 0.6724008 0.1289798 0.03728717 1.189639 0.9306462 3.691275 0.6279731 NaN NaN
22 0.6945804 0.1000549 0.03462694 1.823998 0.6513499 2.290513 0.4649775 0.5698868 0.01038399
23 0.6311356 0.1114765 0.03444809 1.842137 0.5873889 7.90285 0.6060083 1.585636 0.07019064
24 0.6961188 0.1210446 0.0345168 1.408222 0.8434397 1.082841 0.5801166 NaN NaN
25 0.5704571 0.1167062 0.04312016 NaN 0.8959109 0.9325581 0.4036804 NaN NaN
26 0.6564632 0.1303894 0.03955154 1.430457 0.8131689 29.2654 0.750405 0.7468327 0.01995073
27 0.8141091 0.1319906 0.04043187 1.820265 1.007317 3.402811 0.4970566 0.6206819 0.01116939
28 0.6022395 0.1217951 0.03393626 1.254467 0.7027479 4.445844 0.4544731 NaN NaN
29 0.8321739 0.1127015 0.0393549 3.401574 0.8077291 5.879254 NaN 1.079908 NaN
30 0.4906234 0.1083032 0.03210871 0.8254121 0.6437068 1.801444 0.5014879 0.7981802 0.01566162
31 0.6661878 0.1254985 0.04217999 1.09316 0.9888427 3.858121 0.4670456 NaN NaN
32 0.645069 0.1110449 0.03782381 1.254253 0.9315722 1.455731 0.5070205 0.533211 0.01252335
33 0.6001179 0.1206316 0.04140288 1.076426 0.7158451 76.5643 0.7320868 0.7809679 0.02216768
34 0.6372847 0.1138427 0.03844506 1.227866 0.6717527 48.08404 0.525484 NaN NaN
35 0.5108012 0.1173047 0.03669876 0.6420815 0.8603995 1.353814 0.4918248 NaN NaN
36 0.668656 0.1158438 0.04298013 1.370272 1.004216 7.286705 0.51365 0.4168872 NaN
37 0.6801561 0.132387 0.03869055 1.875135 0.9871743 1.133138 0.4694484 0.55213 0.01006949
38 0.7146619 0.1187254 0.04621264 1.282137 1.110606 4.549795 0.5445013 0.5889222 0.01523842
39 0.736724 0.1383145 0.04141341 2.07954 1.118349 2.134775 0.5217528 0.02133349 NaN
40 0.6453486 0.1305302 0.04116394 1.186607 1.11521 1.366802 0.4622319 0.6135048 0.01758173
41 0.4855252 0.1049431 0.03274281 0.4703782 0.6802514 4.364535 0.6099283 NaN NaN
42 0.6624939 0.1666026 0.04502648 1.486042 0.9504466 5.889923 0.551625 0.6303417 0.01342101
43 0.5197806 0.08008124 0.03243636 0.7693905 0.698219 3.043061 0.2810912 0.1104543 NaN
44 0.5534473 0.121651 0.03788024 0.8262833 0.7894896 2.761766 0.6320749 0.6398865 0.01445161
45 0.7724175 0.1014454 0.03406088 2.564187 0.864778 0.8123669 0.5509974 0.6044527 0.01402688
46 0.7098441 0.1451681 0.04482832 1.41046 1.117586 5.158263 0.4308423 0.6100726 NaN
47 0.5700713 0.1229411 0.03063578 1.188967 0.6724063 2.984847 0.5962477 1.878967 0.08442915
48 0.6604377 0.1502798 0.04240568 1.23792 1.032106 18.26828 0.5806457 0.7075895 NaN
49 0.7342615 0.1104402 0.0359056 2.164134 0.8022815 2.277654 1.187011 7.088654 0.3585025
50 0.8257145 0.1218795 0.04268566 1.924817 0.9512974 7.203107 0.7644979 NaN 0.02358902
51 0.7282479 0.1077105 0.03947444 2.11599 0.9968083 2.901922 0.6108278 0.669347 0.01698997
52 0.5781479 0.093665 0.03126284 0.783118 0.6048993 3.62429 0.519998 0.867787 0.03076652
53 0.6389845 0.1328203 0.04213723 NaN 0.9989928 9.40553 0.4656185 0.6563713 0.02249244
54 0.5614704 0.1028126 0.03531696 0.6299668 0.8446872 5.456383 0.5503439 0.2920882 NaN
55 0.5949491 0.1977242 0.04367779 1.413108 1.080075 2.644667 0.6155183 NaN NaN
56 0.782143 0.1285784 0.04163372 1.403422 0.7791418 5.920984 0.356846 0.194762 NaN
57 0.7338109 0.1248617 0.03953615 1.260951 0.9417655 4.678233 0.5738906 NaN NaN
58 0.647413 0.128011 0.04104135 1.120592 1.194447 1.467202 0.5385899 0.6280103 NaN
59 0.7299068 0.1422304 0.04177954 1.572585 1.050079 3.118007 NaN NaN NaN
60 0.7077264 0.1067042 0.04263607 1.736137 0.8665231 3.881992 0.6074158 0.1940499 NaN
61 0.6201824 0.1303147 0.0440762 0.9560003 1.041202 6.286575 0.6136494 NaN NaN
62 0.6841694 0.1501961 0.04102119 1.255089 0.9698844 2.221379 0.4409819 NaN NaN
63 0.5984778 0.1319122 0.03848122 1.372525 0.875203 4.415907 0.8446719 0.8614963 0.03156834
64 0.7668219 0.1142078 0.03237002 3.186009 0.5656157 5.783192 0.5008894 0.5759686 0.01383866
65 0.6094866 0.1005411 0.031262 0.8357145 0.9093572 1.053639 0.4920345 0.586999 0.01139578
66 0.6604942 0.121514 0.04392698 0.9971513 0.9912093 8.392481 0.5137301 0.6628392 0.01691156
67 0.5133645 0.1170345 0.04312407 0.7415324 0.8963437 2.56751 0.498878 0.6428638 0.01468051
68 0.7034533 0.1845077 0.05323541 1.252507 1.351241 5.043145 0.5132178 0.5792283 0.0125853
69 0.6093034 0.1677719 0.04587892 0.954911 1.036878 6.209776 0.4720768 0.6073584 0.0213393
70 0.5515979 0.1036809 0.03369032 1.034162 0.6912877 1.730214 0.4712236 0.6421449 0.01372461
71 0.5512663 0.08280314 0.03039599 0.9205002 0.7735646 1.191908 0.8509071 0.9477506 0.02517368
72 0.6086924 0.1137053 0.03910399 0.9681155 0.8339623 5.613302 0.5137026 0.6844852 0.02099636
73 0.6858212 0.107225 0.03801134 1.524469 0.949113 2.711666 0.4432005 0.6005032 0.01158315
74 0.7155208 0.1330253 0.0388571 1.15517 1.148424 0.9991099 0.396214 NaN NaN
75 0.6032599 0.09402822 0.03739739 1.037525 0.800218 1.571632 1.272512 NaN NaN
76 0.6324682 0.1234141 0.03483833 1.678661 0.7476803 2.237593 0.6168075 0.6867129 0.01747771
77 0.4680654 0.1010842 0.03048422 0.5514649 0.5698062 19.05384 NaN NaN NaN
78 0.7832742 0.1279032 0.04577331 2.205186 1.277261 1.981366 0.498062 0.6847146 0.02537029
79 0.6666399 0.119289 0.03740135 0.7532161 0.9083583 3.812092 0.4098095 NaN NaN
80 0.5946944 0.1205712 0.03446334 1.521583 0.7128204 4.083663 0.6478353 0.7226719 0.02118126
81 0.5156805 0.1642109 0.03881283 0.7460991 0.8562328 6.578337 0.5976625 0.833357 0.03211553
82 0.950502 0.1463954 0.04004152 4.435739 0.8896691 2.558652 0.4048075 0.6357083 NaN
83 0.6672089 0.1108393 0.03709768 2.015612 0.9771672 1.365773 NaN NaN NaN
84 0.6851747 0.1112642 0.04092716 1.487548 0.7416855 100.208 NaN NaN NaN
85 0.528244 0.1041768 0.03732977 0.6895594 0.9585296 1.690192 1.019383 6.41273 0.28738
86 0.6018125 0.1322335 0.03938356 1.07759 0.9104658 1.317148 0.4595371 NaN 0.008162287
87 0.5869412 0.1136437 0.03620172 0.989515 0.6385718 62.61699 0.4007406 NaN NaN
88 0.7224264 0.1429282 0.03799138 1.730579 0.7856555 7.095736 0.5305713 NaN NaN
89 0.6472074 0.1093923 0.03700735 1.245046 0.8749893 1.477233 0.4802885 0.5771334 0.01375001
90 0.6828519 0.1105997 0.03748173 1.359963 0.759022 4.583948 0.4352951 NaN NaN
91 0.57944 0.1239248 0.03787792 0.744695 0.8943398 2.742023 0.5267419 0.6227683 0.01562474
92 0.6111028 0.1307367 0.04270554 1.051242 1.196656 1.607051 0.2310444 NaN NaN
93 0.5838026 0.1295791 0.04299032 0.7442917 1.153605 2.068952 0.6558411 NaN NaN
94 0.5870907 0.1257993 0.04379925 1.236072 1.057101 1.696075 0.4630824 NaN NaN
95 0.6337801 0.1339547 0.04766372 0.7908514 1.22069 3.537293 0.5374471 0.634588 0.01569639
96 0.5516462 0.1108628 0.03879852 0.7894136 0.8815151 4.755193 0.9801924 NaN 0.06668015
97 0.5201283 0.1106833 0.03290278 0.9768359 0.641028 7.122376 0.7095807 0.749484 NaN
98 0.7325231 0.1209004 0.04639983 1.075659 0.9502905 66.77343 0.5495652 0.5943806 0.01899836
99 0.6508029 0.1446868 0.0430807 0.8912521 1.162861 4.083875 0.3839021 NaN NaN
100 0.6122873 0.1140911 0.03664443 0.8089738 1.013197 1.933746 NaN NaN NaN
