1 26.46425 2.083491 -0.5397434 5.639691 0.6756282 -1.132766 -1.139168 -0.1080971
2 25.92435 1.801235 -0.4843177 5.795882 7.257594 -1.600716 -0.2844618 -0.0630316
3 26.04981 1.811154 -0.4803158 6.458526 4.065769 -2.004288 -0.4987264 -0.02650163
4 26.88752 1.836047 -0.5229845 7.141538 5.048864 -1.450863 -2.33594 -0.04448247
5 25.61822 2.138924 -0.5505003 6.007574 2.135523 -1.866471 -1.53336 -0.02020331
6 24.86259 1.914062 -0.5532349 8.653104 2.160401 -1.136435 -0.7103561 -0.0455608
7 25.27326 1.696087 -0.4830986 4.802347 9.337475 -2.406423 -0.390764 0.02305869
8 25.72531 2.305792 -0.5789384 7.355261 1.467297 -1.245635 -2.905398 -0.07324845
9 26.76797 1.925744 -0.5022024 5.81721 1.810721 -1.868801 -0.6490031 -0.05259994
10 25.0907 2.044767 -0.5130014 6.774357 2.518251 -1.615756 -0.3096198 -0.05023993
11 26.05872 2.039564 -0.5139174 6.422148 7.664411 -1.762285 -1.562899 -0.008523535
12 25.70817 1.827651 -0.5292447 6.523736 0.7556561 -2.066203 -1.60133 0.006328501
13 26.17499 1.844715 -0.4819347 6.487019 4.070321 -1.524079 -0.5874101 -0.00215561
14 25.62247 2.037345 -0.5440446 5.379042 1.345078 -2.570771 -0.3272505 -0.06467125
15 26.02154 1.982876 -0.5754832 6.743419 1.615607 -1.465597 -0.6004416 -0.05324464
16 25.79383 1.900767 -0.5445929 6.170803 7.433616 -1.843603 -8.517337 -0.0104511
17 25.65504 2.033394 -0.5610221 6.505438 4.107541 -2.089169 -0.6682325 -0.01305798
18 26.46641 2.106563 -0.5611239 9.206197 1.379692 -2.123103 0.1923209 -0.05440583
19 25.55944 1.740691 -0.5065453 8.494758 1.312748 -2.001617 -0.03276739 -0.07746576
20 26.62164 1.893472 -0.5142564 6.178416 1.503034 -4.983023 0.4201442 -0.002444022
21 26.53453 2.00731 -0.4968789 7.558721 2.998047 -2.44432 -1.287632 -0.07642192
22 25.8792 1.823945 -0.489614 3.733279 7.202387 -1.266596 -0.2551035 -0.02375776
23 26.13261 2.028148 -0.5432436 4.397841 4.493642 -1.498051 -1.123237 -0.06262683
24 26.0362 2.278865 -0.5390261 6.607286 4.367611 -1.999487 -1.357781 -0.00362366
25 25.89013 1.908055 -0.5207337 9.028265 0.5988419 -1.787461 -2.16722 0.007836503
26 25.92653 2.052084 -0.5326039 5.907179 3.990631 -2.572428 0.2249791 -0.0929094
27 26.51596 1.847214 -0.4782668 7.553055 2.718143 -1.163023 -1.253777 -0.10396
28 26.7734 2.114057 -0.5319474 4.761178 1.7134 -1.705792 -2.083551 -0.019039
29 26.18915 2.037912 -0.5777556 5.551833 7.777964 -1.61179 0.08644515 -0.02437496
30 25.78428 2.016057 -0.5437926 5.869084 1.789235 -1.624987 -1.473116 -0.1323605
31 25.69978 1.802134 -0.5026811 6.139477 2.435023 -1.74516 -1.431847 -0.04095314
32 26.19708 2.172224 -0.5351732 6.397303 2.207878 -1.88043 0.07675768 0.01326138
33 25.41479 1.875115 -0.5278234 5.824246 1.559112 -2.637661 -0.2038638 -0.004271825
34 25.24235 1.950224 -0.5111859 4.934621 1.806774 -1.950558 -1.395933 -0.0223435
35 25.5234 2.23889 -0.5616989 7.556863 0.9158503 -2.235982 -0.3404956 -0.03385412
36 25.32206 1.80797 -0.5345135 6.09873 3.501873 -2.153847 -0.7669289 0.019306
37 25.26896 2.165929 -0.5439773 6.977611 2.898449 -1.683209 0.349137 -0.09161129
38 25.44457 1.70907 -0.535561 7.011792 2.871886 -1.983398 0.06973841 -0.06845927
39 25.29693 2.139722 -0.5456172 7.613813 4.128413 -2.426993 0.02106505 0.00657546
40 25.27261 2.197803 -0.553791 8.801029 5.79694 -1.74658 -0.546485 -0.02321007
41 26.6629 2.134442 -0.5230234 5.202975 0.4295374 -2.141522 -3.341499 -0.02080359
42 25.67929 2.368225 -0.6162922 6.378177 3.499526 -1.76584 -0.2327146 -0.02187897
43 26.67046 1.662464 -0.5022825 4.569199 2.994033 -1.625495 -2.005752 -0.04959893
44 25.15623 2.026084 -0.5446945 5.354292 1.419718 -1.96739 -0.1267655 -0.04776388
45 25.95862 2.042021 -0.5532698 7.398303 5.53456 -1.520236 -0.613158 -0.09319114
46 27.58262 2.16997 -0.5324171 7.83377 0.8881037 -1.372615 -0.1499406 -0.1295724
47 27.20337 2.124566 -0.5221914 4.853321 3.637058 -2.239833 -0.1868744 -0.01347194
48 26.25633 2.192815 -0.5291365 7.083861 1.616265 -1.407667 -0.5991685 -0.156814
49 25.91135 1.906094 -0.523193 5.522582 4.274212 -1.732667 -1.604668 -0.01007405
50 26.03692 1.924973 -0.5278962 6.28553 5.595384 -1.625306 -0.1906633 -0.02881764
51 25.06624 1.731402 -0.5036151 7.189323 6.368402 -2.203305 -0.2727853 -0.09015906
52 26.42036 1.81866 -0.475626 4.453856 1.335884 -1.823168 -1.291381 -0.04030998
53 26.64967 2.077935 -0.510886 6.827853 0.3635727 -0.8038367 -1.744892 -0.02732652
54 26.83703 1.784327 -0.4887536 5.839178 0.7561398 -2.041219 0.3143233 -0.02400744
55 25.45023 2.442727 -0.5720374 7.732557 1.061753 -1.805941 -1.714733 -0.05461279
56 25.5742 1.916853 -0.515804 4.88567 2.973869 -1.551144 -0.754355 -0.02106294
57 26.8111 1.926825 -0.4893648 7.155825 2.904395 -2.199645 -1.148986 0.01411047
58 26.15595 1.703486 -0.4930031 9.388507 6.435751 -2.12179 -1.57024 0.02675874
59 26.32034 2.280383 -0.5404692 7.319227 2.156609 -1.952945 -1.296168 -0.02587473
60 25.13502 1.612577 -0.5266091 7.009895 4.116273 -1.546288 -0.9820718 -0.0620357
61 25.24513 1.71801 -0.5237329 7.783799 1.625669 -2.120288 -0.7198023 -0.05856055
62 25.38498 2.337765 -0.6017898 6.881824 3.12647 -2.077443 -1.346542 0.008149571
63 25.46667 2.056843 -0.5489783 6.170803 2.981682 -2.282053 0.5920864 -0.05137034
64 25.53012 2.031231 -0.5569348 3.564303 11.97749 -1.437614 -0.459107 -0.08102486
65 27.30992 2.077771 -0.4956418 6.663651 2.633965 -1.85586 0.0649144 -0.007010601
66 25.75091 1.850453 -0.5192077 6.120047 2.454605 -1.47637 -1.146145 -0.08450578
67 24.98689 1.955518 -0.5717176 6.371958 0.7449648 -2.136369 0.01039511 -0.01501427
68 24.79677 2.265505 -0.5744731 8.411147 2.533626 -1.688428 -0.01923623 -0.09507081
69 25.59208 2.450384 -0.5796976 6.645018 1.03724 -1.916219 -0.4188026 0.006038075
70 25.45188 2.100652 -0.5714789 4.615995 3.645673 -2.148285 0.007949319 0.004499336
71 26.29945 1.601708 -0.4745571 7.343893 2.947569 -2.678607 -0.8609779 -0.04317196
72 26.27913 1.82139 -0.5331833 5.991515 1.72046 -1.1979 -1.057065 -0.1087903
73 25.7324 1.868616 -0.5246603 5.367624 4.297477 -1.773103 -0.07973943 -0.009704392
74 26.55387 1.824599 -0.4784012 11.27539 5.268747 -1.476761 -1.049093 -0.01165745
75 26.09227 1.810725 -0.5376634 7.221239 3.140804 -2.481536 -0.5418813 0.02213924
76 26.37954 1.97528 -0.5227265 6.112407 6.4126 -2.34609 -0.502155 -0.05471034
77 27.2298 2.029857 -0.5189824 4.320055 1.032629 -4.90766 2.309357 -0.03557828
78 24.25256 1.755817 -0.5066922 8.887232 16.51016 -1.028522 -1.862862 -0.08541943
79 26.81084 2.107257 -0.5113675 6.305749 0.8869854 -1.721966 -0.6220264 -0.04998527
80 26.16545 2.20649 -0.5636766 5.317236 4.165763 -2.183921 -0.8972264 -0.05685105
81 25.90418 2.477328 -0.5845646 6.060599 1.019821 -2.243927 -0.8263805 -0.0036914
82 26.02172 2.26755 -0.5501342 5.64689 17.3358 -1.253143 -0.9108907 -0.1215397
83 25.73464 1.750063 -0.5449336 8.068308 5.82727 -2.784213 0.1239732 -0.01174792
84 25.62382 1.719221 -0.495921 6.385166 4.101014 -4.21623 2.053087 -0.05300285
85 26.28167 1.884499 -0.5361971 6.769197 0.8561239 -1.76439 -0.6497404 0.008209754
86 25.43872 2.172928 -0.5521787 7.307924 4.018946 -2.655176 0.8259382 -0.000902173
87 26.03967 1.970485 -0.5119686 5.021447 1.935743 -1.739056 -1.199537 -0.05321063
88 25.95231 2.214909 -0.5287092 5.35895 4.706883 -1.631572 -2.707326 -0.02503782
89 26.35779 1.86535 -0.5401703 6.378969 4.362681 -1.752903 -0.1545139 -0.01720664
90 26.56426 1.864545 -0.506995 5.073161 3.044688 -1.571479 -0.9067523 -0.03657255
91 26.63773 1.878759 -0.5201819 6.755478 1.779491 -2.278663 0.1193994 -0.004306076
92 25.75789 2.102125 -0.5255113 7.800477 1.360984 -0.7037816 -2.329966 -0.1081828
93 25.37227 2.057892 -0.554262 9.490428 1.211867 -3.194497 0.1238957 0.01214743
94 25.65438 1.712999 -0.589288 10.53024 3.471145 -1.931679 -0.4058187 -0.01920384
95 25.46283 2.059904 -0.5652065 9.121973 1.247084 -1.90378 -0.2707723 -0.1005112
96 26.62196 1.903512 -0.539679 6.498436 1.425895 -1.703171 -3.888874 -0.006833228
97 26.65381 1.994841 -0.5330313 4.576704 1.732736 -2.237701 0.08690824 -0.03363869
98 25.8556 1.797665 -0.516968 6.175524 1.596936 -1.994001 0.06296729 0.01258718
99 26.15924 2.018312 -0.5444751 7.705184 1.341759 -1.566336 -1.666968 -0.02737601
100 27.05161 1.835493 -0.4709355 6.783881 0.7490622 -1.61273 -0.04200193 -0.03776547
