1 26.46488 1.96766 -0.5283139 4.48337 0.8300654 8.446765 -1.098947 -1.124322 -0.1059312
2 26.55996 1.898472 -0.495398 4.440683 4.344074 7.14366 -1.607184 -0.2840211 -0.0618302
3 25.8888 2.018883 -0.5051356 4.570867 2.623967 6.429667 -1.924932 -0.5464508 -0.03817332
4 26.83694 1.909612 -0.5398691 5.917057 4.486688 9.481954 -1.421286 -2.324411 -0.04691488
5 26.04581 2.226985 -0.5648451 4.271756 1.785692 5.42699 -1.865912 -1.496726 -0.02217391
6 25.21447 2.278288 -0.595873 5.334225 1.896378 3.655686 -1.141064 -0.7076743 -0.04428658
7 26.58711 1.769767 -0.4910082 4.818441 5.39534 200 -2.413073 -0.38823 0.02336501
8 25.79027 2.289776 -0.5866043 3.385663 1.195777 2.247182 -1.246334 -2.868004 -0.07332623
9 26.90361 1.946654 -0.5027382 3.896356 1.444424 6.359968 -1.834873 -0.6891942 -0.0586163
10 25.5376 2.060933 -0.5258116 3.898325 1.788384 3.898156 -1.662031 -0.2514688 -0.04159741
11 26.42072 1.803744 -0.4925236 4.560642 4.978301 6.077004 -1.726818 -1.519495 -0.01097874
12 25.84934 1.84423 -0.5391931 3.819815 0.6131472 3.983485 -2.109917 -1.589329 0.00916982
13 26.05113 1.779121 -0.4739641 4.74036 3.446709 6.440726 -1.500472 -0.6018296 -0.003544066
14 25.66873 2.034993 -0.5460859 5.119559 1.196572 25.14726 -2.56737 -0.3511219 -0.06517619
15 26.21824 2.181975 -0.5894193 4.82847 1.632901 6.023122 -1.459118 -0.6058092 -0.05379999
16 25.78051 1.848933 -0.5371906 3.778688 4.568926 5.745567 -1.86155 -8.492756 -0.01015112
17 25.48041 2.000241 -0.5505429 5.888478 3.03767 16.55088 -2.071594 -0.6466962 -0.02090238
18 26.52002 2.211907 -0.5691098 5.399504 1.631137 4.467422 -2.138117 0.1718697 -0.05368858
19 25.71112 1.890377 -0.5251842 6.310442 1.333065 8.709759 -1.996953 -0.03982703 -0.07698971
20 26.4559 1.890802 -0.5126109 5.129135 1.22687 8.759262 -5.003995 0.4962424 -0.002264731
21 26.30199 2.115643 -0.5002945 5.466834 2.423295 7.595981 -2.449733 -1.312348 -0.07505919
22 26.52635 1.855937 -0.4924019 2.919643 2.50498 4.841025 -1.194803 -0.3003511 -0.04379249
23 26.214 2.051465 -0.5467818 3.73617 4.104476 12.79609 -1.477522 -1.135896 -0.06334354
24 26.95921 2.164924 -0.5188818 3.399523 2.633738 2.870301 -2.003059 -1.440531 -0.001464139
25 25.62689 1.981384 -0.5613552 3.715355 0.261982 2.668825 -1.793457 -2.152032 0.006569609
26 25.88903 2.072058 -0.5351402 5.448223 3.372156 27.14381 -2.574856 0.2127522 -0.09221406
27 26.6471 1.90033 -0.4901625 5.13743 2.644396 7.062963 -1.170279 -1.245559 -0.1036728
28 26.89718 2.16003 -0.5390515 3.636628 1.984619 8.049441 -1.682636 -2.079483 -0.02228883
29 26.36883 1.914482 -0.5613152 4.367496 8.240704 9.282325 -1.632962 0.09727545 -0.02430331
30 25.58852 2.114904 -0.5446232 3.104926 1.599073 4.688115 -1.635155 -1.459934 -0.1313144
31 25.99198 1.94266 -0.5176973 5.146708 1.305977 7.160929 -1.750035 -1.432137 -0.04071722
32 26.57545 1.901816 -0.5154306 3.572812 1.018574 3.567278 -1.882935 0.0741765 0.01472512
33 25.43366 1.885518 -0.5301165 5.791355 1.91029 73.58403 -2.61538 -0.2231536 -0.00751687
34 25.2673 1.915863 -0.5076167 4.775285 2.016034 41.73165 -1.966548 -1.433797 -0.02055345
35 25.72754 2.103372 -0.5424006 3.946454 0.7313881 3.690852 -2.248508 -0.3531334 -0.03323432
36 25.59806 1.805454 -0.5362867 5.124254 2.582948 9.849507 -2.137534 -0.7926152 0.01857732
37 25.59288 2.125441 -0.5566148 4.015173 3.248484 2.998567 -1.705471 0.350277 -0.08735171
38 25.38721 1.724201 -0.5358822 5.274042 2.337691 7.498539 -1.988821 0.07233759 -0.06773807
39 25.69389 2.00729 -0.5394758 5.051089 3.874412 4.549429 -2.412463 0.03884176 0.005583942
40 25.81024 2.057114 -0.5372257 4.410579 1.853574 3.521858 -1.728171 -0.5974644 -0.02806618
41 26.60963 2.063857 -0.512401 4.023882 0.4765637 8.437894 -2.104695 -3.302582 -0.02475071
42 25.78963 2.30604 -0.6119227 5.428598 2.994316 9.854282 -1.781553 -0.2237582 -0.01866498
43 26.56561 1.63835 -0.5043204 3.219885 1.295724 5.608944 -1.616589 -1.969174 -0.05145753
44 25.50019 2.101516 -0.5546816 3.605872 1.164287 5.517392 -1.982289 -0.1295365 -0.0452601
45 26.40369 1.835544 -0.5229907 3.422563 5.72251 2.423663 -1.556889 -0.576746 -0.08625837
46 27.48572 2.081147 -0.5320876 6.131427 0.9544946 9.314011 -1.354381 -0.1495098 -0.130261
47 27.07878 2.265029 -0.5309067 3.663512 2.394316 6.330654 -2.204174 -0.1709074 -0.01529304
48 26.08449 2.147766 -0.5229766 6.452989 1.900627 18.60446 -1.425877 -0.5848864 -0.1565131
49 26.11111 1.987104 -0.5343635 3.850888 4.963066 4.976099 -1.70938 -1.667037 -0.01110657
50 26.41205 1.915453 -0.515611 5.369243 3.819392 10.26912 -1.615759 -0.1959039 -0.0301305
51 25.56128 1.728045 -0.5025196 4.895994 4.702553 6.028387 -2.175044 -0.273433 -0.09298108
52 26.42029 1.844917 -0.4835721 3.234667 1.390649 7.276466 -1.819511 -1.316324 -0.04014737
53 26.5143 2.086917 -0.5165383 5.602549 0.3501324 12.30269 -0.7922844 -1.762644 -0.02944944
54 26.80266 1.828252 -0.4959169 4.609211 0.8632349 8.622734 -2.010392 0.3008923 -0.02520779
55 25.31546 2.578719 -0.5965812 5.626185 1.716748 5.82482 -1.795359 -1.716215 -0.05601747
56 25.37782 1.987494 -0.5264396 3.948756 2.274835 9.236086 -1.57119 -0.7611797 -0.01790799
57 26.67711 1.959475 -0.4991037 5.235641 2.443628 8.896728 -2.211508 -1.181722 0.01704643
58 26.09955 1.933035 -0.5169367 5.534066 1.719956 3.90176 -2.094377 -1.553238 0.02374735
59 26.49911 2.132276 -0.5383772 5.149457 2.784589 6.164802 -1.914807 -1.277093 -0.02848687
60 25.37082 1.739962 -0.5395255 4.6933 4.008637 7.758852 -1.553648 -0.9933605 -0.06241395
61 25.53923 1.847124 -0.5349578 6.10508 1.362258 10.60573 -2.119743 -0.7228002 -0.05816432
62 25.9363 2.239221 -0.5835705 4.7006 2.304353 4.989976 -2.072561 -1.323459 0.00838257
63 25.46584 2.143995 -0.5563811 4.636988 2.448977 7.572512 -2.281886 0.5186298 -0.0436818
64 26.15942 2.063028 -0.55717 3.17841 6.404034 9.287199 -1.444286 -0.4593301 -0.07986655
65 27.82954 2.083181 -0.4953621 3.13 1.203902 2.626559 -1.854322 0.05715273 -0.007053889
66 25.86288 1.881906 -0.5181787 5.129151 1.397624 11.14609 -1.434687 -1.190009 -0.09030671
67 25.13637 1.791305 -0.5537475 4.693871 0.781812 5.714214 -2.122231 0.001650189 -0.01844536
68 25.02717 2.191548 -0.5614458 7.155683 1.416571 8.12863 -1.683249 -0.0198175 -0.09570226
69 25.6035 2.302309 -0.5637607 5.560141 1.107804 9.44236 -1.924754 -0.40167 0.006183894
70 25.71008 1.995875 -0.5561241 3.020914 1.86403 4.058324 -2.148079 0.00159118 0.002546149
71 26.52531 1.741186 -0.4865263 3.536576 2.058099 3.343362 -2.669888 -0.8695761 -0.04281914
72 26.41702 1.889282 -0.5376501 4.590004 1.751093 9.904338 -1.147154 -1.072126 -0.1132476
73 26.05538 1.823673 -0.517157 3.94255 2.782494 4.981861 -1.783859 -0.05517603 -0.00993909
74 27.3339 2.201642 -0.5160053 4.437223 1.869674 2.872264 -1.494822 -1.046838 -0.01056874
75 26.35101 1.753745 -0.5417059 3.691947 2.315922 4.077468 -2.483993 -0.6012447 0.02461332
76 26.59275 2.173764 -0.5424027 3.971244 3.75978 5.563706 -2.344372 -0.5033156 -0.05585249
77 27.27721 2.003709 -0.5166624 3.833177 1.001369 19.90488 -4.879487 2.274899 -0.03649018
78 26.22958 1.803226 -0.5258078 6.395558 4.418345 4.846134 -1.016321 -1.859329 -0.0856758
79 27.05921 2.097881 -0.5075807 4.541631 0.9343919 7.190912 -1.703744 -0.6429962 -0.05207982
80 26.38384 2.028946 -0.5510535 4.377311 3.519533 7.777805 -2.164918 -0.9231708 -0.0590732
81 25.72283 2.51484 -0.5853235 4.917858 0.9577699 10.46693 -2.249955 -0.7769742 -0.001531636
82 26.53997 2.100253 -0.5383843 4.4191 9.373651 5.643438 -1.240163 -0.9217373 -0.1215654
83 26.48705 1.898139 -0.5645484 4.253871 4.432291 3.534506 -2.7629 0.1285091 -0.01300215
84 26.1715 1.753083 -0.4989357 6.186355 2.985439 114.0973 -4.242965 2.074398 -0.05199471
85 26.2886 1.821334 -0.5213517 4.255685 0.9203408 3.943856 -1.763339 -0.6496881 0.007645689
86 25.55365 2.115711 -0.5557465 4.202884 1.681865 3.611837 -2.648534 0.8218734 -0.0009901999
87 26.09505 1.982856 -0.5130608 4.778132 1.83265 45.17953 -1.747592 -1.186472 -0.05187995
88 26.05309 2.309492 -0.54297 4.452134 3.256156 10.85189 -1.630383 -2.649289 -0.02689254
89 26.65667 1.925669 -0.5457629 3.721252 2.402752 3.674682 -1.773577 -0.1285156 -0.01338671
90 26.68682 1.868307 -0.5070842 4.331818 2.88526 8.513055 -1.556925 -0.8060967 -0.04023075
91 26.63312 2.055769 -0.5391717 4.599983 1.051527 6.088992 -2.278255 0.1228354 -0.005264971
92 25.78401 1.927007 -0.5082619 5.45895 0.9245184 3.696902 -0.7067101 -2.330861 -0.1081411
93 25.32614 1.902134 -0.5273276 6.142265 0.9154992 5.016486 -3.147183 0.1283056 0.009905551
94 26.05605 1.91891 -0.5929752 4.834152 2.281303 4.287559 -1.929501 -0.3821686 -0.0204797
95 25.81903 1.89839 -0.5323249 6.478219 0.7651663 7.235734 -1.896069 -0.2800877 -0.1011576
96 26.70716 1.851116 -0.5285096 5.239796 1.35876 8.633824 -1.578904 -3.880418 -0.013485
97 26.85316 2.017917 -0.5377814 3.857739 1.589709 10.8936 -2.194053 0.1273015 -0.05203403
98 25.89743 1.809047 -0.5160643 6.011423 1.545482 51.56944 -1.996668 0.05979461 0.01275375
99 26.32339 2.138141 -0.5535428 5.498265 1.115565 7.268394 -1.574442 -1.678638 -0.02623552
100 27.0273 2.002405 -0.4915401 4.475454 0.6356427 4.186467 -1.638477 -0.01589529 -0.03779669
