1 0.5753905 0.130017 0.04087571 0.8357558 0.6874395 0.4765261 0.6076407 0.00901322
2 0.9453754 0.1240449 0.04242434 3.335297 0.7406643 0.509775 0.5759968 0.01301039
3 0.8576081 0.1248392 0.04409009 1.789197 0.7977879 0.4798486 0.6493337 0.01932816
4 0.828332 0.1292482 0.04564551 2.641985 0.8943268 0.4593045 NaN NaN
5 0.6562987 0.1439423 0.04266966 1.460194 0.7302263 0.4904142 NaN NaN
6 0.8429801 0.1651495 0.06031303 1.60734 1.170417 0.4526076 0.5659707 0.01309167
7 1.084481 0.09885715 0.03634298 5.28626 0.5660208 0.6812728 0.7147276 0.01873325
8 0.7249326 0.1792306 0.05088378 1.183058 0.9631812 0.413378 2.318994 NaN
9 0.6560547 0.1173714 0.03889991 0.9682859 0.6715392 0.5293944 0.7387133 0.02893497
10 0.7998022 0.1510518 0.04721246 1.601117 0.8591668 0.4697818 0.5698135 0.01395842
11 0.9575281 0.1465741 0.04255066 3.930898 0.8199893 0.4243467 NaN NaN
12 0.6311856 0.1231838 0.04558891 0.8529885 0.7706049 0.5735799 0.5888284 NaN
13 0.8733471 0.1269615 0.04367433 2.232398 0.8155618 0.4764167 0.6263346 0.02176964
14 0.4942392 0.1215669 0.03706687 0.7683178 0.5646939 0.5794816 1.47843 0.03025502
15 0.6711408 0.1413338 0.0475009 1.193197 0.8370085 0.6002053 0.6674852 0.01906368
16 0.7324181 0.1207855 0.03993935 2.520064 0.6402833 4.683242 14.04301 0.2818234
17 0.7197169 0.1411589 0.04440077 1.962847 0.7472537 2.456558 2.950726 0.05243334
18 0.6310738 0.1654272 0.04920734 1.008371 1.017072 0.5845307 0.7186366 NaN
19 0.7175846 0.1322289 0.05062438 1.165528 0.9749102 0.5797126 0.6562889 0.01527444
20 0.550778 0.1122583 0.03681949 0.9131698 0.6278138 1.293472 0.9042228 0.04180121
21 0.7132886 0.1345927 0.04102693 1.369964 0.8044408 0.6237806 NaN NaN
22 0.9267815 0.1157497 0.03916513 3.43214 0.5943309 0.4641578 0.5645881 0.01088149
23 0.6508076 0.113276 0.03531493 1.973094 0.5094716 0.6190103 1.847938 0.08156294
24 0.8305185 0.1628438 0.04344923 2.42029 0.8386396 0.5825475 NaN NaN
25 0.8436588 0.1564497 0.05791551 NaN 1.184389 0.3987475 NaN NaN
26 0.6612871 0.1297966 0.03885746 1.547393 0.6375148 0.7506012 0.7468678 0.0197754
27 0.8951139 0.1371424 0.04598918 1.929313 0.9614203 0.4953998 0.6172634 0.01108748
28 0.6152148 0.1213905 0.03680609 1.132383 0.5905871 0.4530377 NaN NaN
29 0.8154046 0.132775 0.04231029 3.194721 0.6828787 NaN 1.232012 NaN
30 0.5563704 0.1276531 0.03988041 0.9247161 0.6416682 0.5029136 0.7997362 0.01601527
31 0.7909695 0.1238601 0.04434051 2.222802 0.8134529 0.4643383 NaN NaN
32 0.8639476 0.1593872 0.04781516 2.907282 1.018349 0.5052503 0.5328503 0.01245452
33 0.5777261 0.1182441 0.04072658 0.9299744 0.6428856 0.732745 0.7834355 0.02236332
34 0.6129071 0.1155694 0.03789237 1.035355 0.5745432 0.5256842 NaN NaN
35 0.6104627 0.1667398 0.04632122 1.038141 0.8586693 0.4950046 NaN NaN
36 0.7114664 0.1227573 0.04446865 1.590731 0.7247383 0.5310795 0.4587043 NaN
37 0.8480651 0.1691391 0.05097926 2.242362 0.9713402 0.4696511 0.5516243 0.009979814
38 0.7606766 0.1264378 0.05020689 1.537306 0.8694476 0.5429785 0.5874134 0.01521574
39 0.7917765 0.1626691 0.04784907 2.239995 0.8994912 0.5241831 0.06251728 NaN
40 0.9165238 0.1944441 0.05388524 5.254417 1.320841 0.460281 0.6131392 0.01765363
41 0.4976047 0.1203405 0.03499617 0.5751517 0.5594453 0.6216868 NaN NaN
42 0.6718786 0.1725977 0.04589382 1.618472 0.7641838 0.5519418 0.6304353 0.01339867
43 0.6105416 0.08853979 0.03477699 1.207356 0.5076529 0.2681666 0.224957 NaN
44 0.6326318 0.1312476 0.04319574 0.9998727 0.6628602 0.6312192 0.6386927 0.01457293
45 0.8559528 0.1562231 0.04921843 3.31321 0.9675283 0.5530925 0.6019547 0.01370788
46 0.7968664 0.1622002 0.04704401 1.95451 1.01602 0.4312822 0.6100272 NaN
47 0.6633546 0.1193984 0.03380429 2.19431 0.5714196 0.6034406 2.749294 0.1268373
48 0.652933 0.1522165 0.04301713 1.077484 0.818585 0.5787173 0.7045686 NaN
49 0.6940118 0.1185602 0.03927546 1.898754 0.6333012 NaN NaN NaN
50 0.8275214 0.1292585 0.04434262 2.38384 0.7635174 0.7662012 NaN 0.02348408
51 0.8517367 0.1230156 0.04595718 3.052472 0.8143853 0.6116306 0.6693619 0.01692244
52 0.6351612 0.09770532 0.03487148 0.8293639 0.5266109 0.5196884 0.8429554 0.02987536
53 0.6806992 0.1396584 0.04475383 NaN 0.8348868 0.4648146 0.6560921 0.0226126
54 0.6089028 0.104404 0.03813431 0.6812852 0.6494126 0.5370008 0.2742306 NaN
55 0.6479025 0.1907645 0.04728516 1.195306 0.9111569 0.6126124 NaN NaN
56 0.8577212 0.1289404 0.04381266 1.481947 0.6781518 0.3940429 0.3598183 NaN
57 0.8043117 0.1309923 0.04341348 1.469839 0.8446428 0.5761309 NaN NaN
58 0.9378629 0.1327551 0.05046676 3.047129 1.064963 0.5226564 0.6087736 NaN
59 0.7746595 0.1678268 0.04657924 1.473801 0.9248221 NaN NaN NaN
60 0.7342155 0.1139909 0.04796234 1.841243 0.7902437 0.6135309 0.2109614 NaN
61 0.6720051 0.1271603 0.0492396 1.335128 0.8889188 0.614133 NaN NaN
62 0.7131371 0.1787805 0.04875096 2.221838 0.87809 0.4441694 NaN NaN
63 0.6338402 0.1378979 0.04198397 1.430392 0.6913319 0.8372218 0.8461995 0.02950953
64 0.8853516 0.1180397 0.03508471 4.530643 0.4737119 0.5004331 0.5753725 0.01381642
65 0.815592 0.1378575 0.0423012 1.447828 0.8379318 0.491959 0.5867497 0.0113988
66 0.7104348 0.124895 0.0448747 1.340304 0.7581818 0.5276231 0.6656364 0.01817847
67 0.5649971 0.1373973 0.04692609 1.014278 0.7439819 0.4992289 0.6428922 0.01473747
68 0.779528 0.1928277 0.05472376 1.671773 1.058516 0.5143848 0.58013 0.01255819
69 0.605949 0.1754338 0.04538417 0.9348259 0.7927991 0.4730239 0.6128519 0.02157079
70 0.652964 0.1303822 0.03850266 1.87156 0.577487 0.4696865 0.6431345 0.01351709
71 0.718013 0.1048207 0.04262409 1.473748 0.780756 0.8474875 0.9391274 0.0252585
72 0.633296 0.1174121 0.04336226 1.015644 0.7190624 0.5066794 0.6882052 0.0215698
73 0.7739975 0.1234825 0.04302324 2.66028 0.7304824 0.4427662 0.6016071 0.01151054
74 1.150332 0.1639118 0.05812327 2.814736 1.432103 0.3951119 NaN NaN
75 0.7138072 0.1254839 0.04619633 1.350752 0.8152257 1.187429 NaN NaN
76 0.7756712 0.1255979 0.03970732 2.419028 0.6804392 0.6184107 0.6873403 0.01763173
77 0.4720888 0.1008838 0.03049578 0.5717636 0.4546793 NaN NaN NaN
78 1.413037 0.1490116 0.0529976 10.06049 1.118021 0.4982362 0.6873784 0.02578828
79 0.6707984 0.134401 0.04079264 0.9271922 0.7549494 0.412581 NaN NaN
80 0.6284274 0.1340781 0.03681663 1.716603 0.5782693 0.6458122 0.7207247 0.02097733
81 0.5321307 0.1670285 0.04044654 0.8055421 0.6798053 0.6046835 0.8783924 0.03550729
82 1.115022 0.1680217 0.04320556 7.622846 0.836617 0.406031 0.6363003 NaN
83 0.7835301 0.1301673 0.04965291 2.41989 0.905085 NaN NaN NaN
84 0.833681 0.1143825 0.04183069 2.692445 0.7194843 NaN NaN NaN
85 0.6371173 0.1288071 0.04559213 0.9749033 0.811873 0.2933369 NaN NaN
86 0.7995303 0.1630527 0.04718518 2.386147 0.9081609 0.458507 NaN 0.008743912
87 0.5929795 0.1125816 0.03629073 1.022839 0.5669877 0.3327372 NaN NaN
88 0.7951924 0.143396 0.03973264 2.1672 0.6727483 0.4628518 NaN NaN
89 0.7890599 0.1287477 0.04597087 2.09766 0.8072282 0.4801956 0.578438 0.01378852
90 0.6875445 0.1103876 0.03812741 1.395243 0.609875 0.4339568 NaN NaN
91 0.6740788 0.1231421 0.0434809 1.046219 0.787103 0.5279804 0.6234604 0.01562923
92 0.707555 0.1579486 0.04810114 1.344572 0.9500528 0.2280036 NaN NaN
93 0.6576599 0.165971 0.05101715 0.9831038 1.020253 0.6630777 NaN NaN
94 0.7451287 0.1501723 0.0625936 1.801893 1.224072 0.4617001 NaN NaN
95 0.6466421 0.1678195 0.05231958 1.066468 1.034853 0.5383081 0.6351893 0.01572603
96 0.5423159 0.1187832 0.03945532 0.8456454 0.6809806 1.048881 NaN 0.06899643
97 0.5483729 0.1101633 0.03471351 1.024103 0.5344114 0.7163328 0.7469599 0.004025367
98 0.727992 0.1214156 0.04552648 1.164747 0.7807504 0.5485115 0.5936686 0.01899419
99 0.7034319 0.1481722 0.04863051 1.109676 0.9322924 0.374935 NaN NaN
100 0.7888392 0.1204395 0.04357823 0.9762805 0.8379349 NaN NaN NaN
