1 26.34036 2.096581 -0.5482618 5.744471 0.8130446 -2.465774
2 25.63118 1.756518 -0.487393 5.924495 7.503719 -2.367146
3 25.78669 1.835502 -0.4995858 6.431267 4.25762 -2.378069
4 27.20722 1.88448 -0.5096268 6.983194 5.219698 -2.491431
5 26.36672 2.232984 -0.5103455 5.939738 2.265392 -2.522246
6 24.76506 1.832103 -0.5387929 8.7757 2.323171 -2.028976
7 25.32909 1.650961 -0.4831357 4.839857 8.388722 -2.761939
8 25.588 2.194631 -0.5772232 7.481171 1.380484 -2.14036
9 26.16572 1.822757 -0.5280374 5.823292 1.726201 -2.724647
10 24.66213 1.982984 -0.5349123 6.962827 2.444294 -2.340934
11 24.51967 1.881414 -0.5217719 6.265867 12.53074 -2.490743
12 26.48224 1.970272 -0.4995989 6.654318 0.611463 -2.428507
13 26.04338 1.82935 -0.4929363 6.563384 3.772362 -2.367161
14 25.7956 2.006668 -0.5267683 5.359477 1.357171 -3.425388
15 26.73039 2.108755 -0.541681 6.957129 1.551172 -2.374841
16 25.89958 1.859016 -0.5258333 6.063302 7.533573 -3.457033
17 25.45316 1.925178 -0.5585272 6.42538 4.043484 -2.781426
18 26.49989 2.110286 -0.5604861 9.273258 1.428581 -3.034435
19 26.25287 1.776155 -0.4680817 8.610375 1.344988 -2.723317
20 26.67619 1.852076 -0.5032549 6.299752 1.285782 -3.539443
21 25.64743 1.850736 -0.5359579 7.443688 2.64978 -3.249062
22 25.96201 1.953816 -0.5185664 3.809508 5.810008 -1.912771
23 26.17564 2.032896 -0.538038 4.294258 4.643704 -2.753519
24 25.69621 2.213044 -0.5620577 6.71643 3.792544 -2.395214
25 26.12086 1.871229 -0.4964563 8.956409 0.5821554 -2.017933
26 25.55115 1.971083 -0.5489371 5.840573 3.922093 -3.091809
27 26.37913 1.851662 -0.4965587 7.305414 2.559944 -2.459617
28 26.6341 2.065837 -0.5351179 4.677293 2.040113 -2.466539
29 26.4343 2.057792 -0.566419 5.527493 8.162905 -2.318098
30 25.87035 2.047053 -0.5404188 5.892944 1.712066 -3.206246
31 25.83212 1.811005 -0.5045865 6.39735 1.946936 -2.374841
32 25.95303 2.114777 -0.5447463 6.477396 2.661556 -1.925464
33 25.76503 1.94378 -0.5108915 5.792509 1.716275 -2.933726
34 24.6818 1.903636 -0.545888 4.861935 1.912915 -2.589699
35 25.43586 2.176674 -0.5597481 7.439856 0.9215085 -2.661859
36 25.49306 1.830355 -0.5207026 6.05751 3.531044 -2.540187
37 25.23302 2.152247 -0.5426716 6.978146 3.11457 -2.101514
38 25.46044 1.735056 -0.5376711 6.941493 2.889972 -2.381654
39 25.2643 2.113106 -0.5448141 7.521783 4.393017 -2.664248
40 24.87054 2.168859 -0.5842516 8.611842 7.3462 -2.465321
41 26.58869 2.077163 -0.5230692 5.141668 0.5044209 -3.027753
42 26.01907 2.404126 -0.5865988 6.309739 3.380091 -2.51023
43 26.68921 1.681659 -0.504632 4.624119 2.862363 -2.931675
44 25.31414 2.121773 -0.5526656 5.495384 1.366223 -2.355472
45 26.31707 2.063827 -0.5460315 7.125014 4.677193 -2.458604
46 28.06386 2.132101 -0.4966649 7.99588 0.8883588 -2.29411
47 27.17407 2.171933 -0.528424 4.973981 3.419112 -3.035654
48 26.00164 2.129446 -0.5368529 7.142174 1.850028 -2.838647
49 25.80264 1.927315 -0.5357001 5.387518 4.40743 -2.85989
50 25.7113 1.844064 -0.5427847 6.25884 5.386673 -2.317067
51 24.56251 1.719928 -0.5049938 7.181269 7.830406 -2.869757
52 25.90519 1.770297 -0.4982663 4.604314 1.358117 -2.529363
53 26.28007 2.031369 -0.5311202 6.641384 0.4332314 -2.311065
54 26.59472 1.771525 -0.5024909 5.769307 0.883649 -2.772983
55 25.47851 2.43519 -0.5676448 7.755577 1.3167 -2.615944
56 24.77294 1.804284 -0.5394803 4.868376 3.128631 -1.944866
57 26.7594 1.937178 -0.4943328 7.147743 2.567469 -2.607686
58 26.16044 1.708856 -0.5011492 9.56129 5.783566 -2.722897
59 25.74749 2.196832 -0.5803592 7.402241 2.392802 -2.28699
60 25.49313 1.637098 -0.504 6.962948 4.264858 -2.785146
61 25.29002 1.7308 -0.5244288 7.768572 1.56759 -2.784155
62 25.97281 2.434483 -0.5571248 6.928943 3.229943 -2.382416
63 25.94224 2.09417 -0.5186891 6.108015 3.151972 -3.032736
64 25.46676 2.000249 -0.5426456 3.682826 11.76274 -2.297978
65 26.59034 2.025772 -0.5363784 6.5784 2.249114 -2.340094
66 26.1911 1.88457 -0.4950615 6.06216 2.35267 -2.44081
67 25.38428 2.068614 -0.5597126 6.292366 0.7565882 -2.623819
68 24.94949 2.213421 -0.5492036 8.412552 2.76362 -2.339213
69 24.99288 2.406395 -0.626759 6.624391 1.232595 -2.490944
70 26.08407 2.189086 -0.5358488 4.738397 3.275869 -2.522331
71 25.98959 1.574888 -0.482696 7.29212 2.909805 -3.162331
72 26.42474 1.813743 -0.5263188 6.074223 1.745982 -2.572653
73 25.47567 1.824796 -0.536286 5.445819 4.480716 -2.333783
74 26.64557 1.869386 -0.4809518 11.36384 5.309296 -2.248751
75 26.23986 1.829986 -0.5303618 7.275896 3.351673 -2.61144
76 26.50255 2.015632 -0.5225993 6.169834 6.107682 -2.927897
77 27.33208 2.024503 -0.5106191 4.175215 1.225115 -3.331469
78 25.50581 1.847877 -0.4909965 9.256549 11.77133 -2.605528
79 26.65078 2.121941 -0.5238775 6.165302 0.9642598 -2.50399
80 26.52646 2.24357 -0.5423917 5.304831 3.692489 -3.120872
81 25.68502 2.432811 -0.6009344 6.131529 1.234641 -2.881921
82 26.78013 2.392039 -0.5168767 5.596174 20.11718 -2.288519
83 25.77054 1.781994 -0.5456504 7.899279 5.833965 -2.723887
84 26.29107 1.728449 -0.4697727 6.256458 3.654295 -2.916342
85 26.51673 1.909605 -0.5251426 6.661105 0.9345487 -2.413421
86 26.1575 2.262684 -0.5094595 7.364615 4.306022 -2.395214
87 25.36512 1.899934 -0.5528719 5.081374 2.122135 -2.806155
88 25.78853 2.231391 -0.5468813 5.318287 4.419283 -2.374841
89 27.04129 1.868219 -0.4921863 6.304211 4.409046 -2.356987
90 26.68629 1.851905 -0.4914869 5.107466 3.455527 -2.578529
91 26.20328 1.814371 -0.5432031 6.856538 1.618107 -2.63319
92 25.50263 2.091131 -0.5411786 7.638928 1.432699 -2.550491
93 25.63402 2.034681 -0.5281345 9.403978 1.223516 -2.880599
94 26.16145 1.737731 -0.5436011 10.14492 3.651475 -2.720474
95 25.06102 2.049027 -0.6054306 9.161054 1.278958 -2.751097
96 26.67065 1.88597 -0.5314479 6.543562 1.312091 -3.315212
97 26.84103 2.100331 -0.5371438 4.627888 1.599418 -2.836442
98 26.05137 1.825229 -0.5080803 6.234213 1.660203 -2.225417
99 26.34928 2.056044 -0.5364049 7.793788 1.230122 -2.406776
100 26.6151 1.841535 -0.4985348 6.699592 0.8754228 -2.275467
