1 26.45502 2.072877 -0.5463988 4.771921 0.8168193 11.23966 -2.464051
2 26.10522 1.764159 -0.4896165 4.300278 4.637858 6.515024 -2.368012
3 25.75534 2.03458 -0.522551 4.46916 2.430928 5.627685 -2.373204
4 27.00638 2.002229 -0.5288169 6.324053 5.101024 13.03859 -2.490958
5 26.74671 2.2953 -0.5207598 4.036364 1.558694 5.225877 -2.522195
6 25.19846 2.264753 -0.5891098 5.45156 2.068317 3.764877 -2.03233
7 26.45684 1.693091 -0.4874899 4.905197 5.454067 200 -2.75868
8 25.77311 2.087616 -0.5747293 3.014331 1.301595 2 -2.139715
9 26.28898 1.851617 -0.5295902 4.10855 1.572919 6.574357 -2.717183
10 25.01595 2.055235 -0.5537325 3.793496 1.994583 3.838007 -2.348711
11 26.23766 1.758904 -0.5065011 4.729547 4.649002 6.32188 -2.491865
12 26.55112 1.834955 -0.4888531 3.510958 0.5665195 3.424215 -2.433423
13 25.95045 1.792809 -0.4879404 4.723648 3.329992 6.328415 -2.363414
14 25.90776 2.038306 -0.5331352 4.906965 1.45485 22.76272 -3.637712
15 26.85906 2.314446 -0.5545437 4.508351 1.670686 5.108209 -2.374841
16 26.00958 1.837506 -0.5218166 3.904606 4.883776 5.576285 -3.457033
17 25.43076 1.983247 -0.5570036 5.814271 3.156628 17.39722 -2.776106
18 26.47072 2.019946 -0.5483135 5.466125 1.407992 4.486122 -2.970296
19 26.33481 1.891688 -0.4819318 6.214059 1.237137 7.919275 -2.732827
20 26.51346 1.855606 -0.5029476 4.975217 1.442784 8.509844 -3.696872
21 25.53848 1.989878 -0.5449884 5.555412 2.576477 7.749866 -3.165582
22 26.23184 1.867588 -0.5079502 3.096944 2.543513 4.69002 -1.927477
23 26.27908 2.063309 -0.5432824 3.741793 4.688103 12.50886 -2.748504
24 26.55562 2.10082 -0.5406847 3.345511 2.350633 2.783423 -2.397992
25 25.99808 2.101451 -0.554657 3.411344 0.2371586 2.56168 -2.011945
26 25.62609 1.990309 -0.5512904 5.645317 3.636193 85.24768 -3.060045
27 26.47854 1.842291 -0.5007592 5.204648 2.533134 6.648621 -2.460879
28 26.73183 2.098854 -0.5401456 3.528101 1.929251 8.594807 -2.465321
29 26.35545 1.92635 -0.5496017 4.727977 7.200034 12.76224 -2.319582
30 25.66765 2.044582 -0.5303019 3.089669 1.647778 4.569512 -3.104512
31 25.89397 1.862318 -0.5099733 5.140851 1.455777 6.979717 -2.375919
32 26.34816 1.885417 -0.5265472 3.615535 1.141077 3.554821 -1.921145
33 25.78625 1.912914 -0.5093226 5.454853 1.49831 39.79156 -2.93531
34 24.79043 1.887794 -0.5431598 4.720979 2.036816 50.17113 -2.585401
35 25.68801 2.090307 -0.5444492 3.814097 0.857992 3.493188 -2.664285
36 25.75249 1.761223 -0.515058 5.097864 2.649932 10.51197 -2.542263
37 25.55096 2.114306 -0.5547233 4.010374 3.643458 3.129733 -2.105258
38 25.40292 1.72935 -0.5354259 5.175294 2.395717 7.348347 -2.381654
39 25.75171 2.054777 -0.5478451 4.96934 3.523873 4.208207 -2.662748
40 25.4822 2.013095 -0.5610488 4.899256 1.600558 4.15628 -2.463893
41 26.59372 2.09064 -0.5216379 4.133663 0.474199 9.209691 -3.018181
42 26.1989 2.283402 -0.5777493 5.154207 2.825509 8.14896 -2.510219
43 26.53666 1.629903 -0.5029426 3.418653 1.673255 7.22375 -2.920161
44 25.5275 2.113515 -0.5538596 3.888814 1.349185 7.07032 -2.361622
45 26.46073 1.805497 -0.5112291 3.459988 5.86228 2.447043 -2.458014
46 27.92896 2.055177 -0.4963728 6.39422 1.151759 10.50394 -2.285586
47 27.15636 2.290744 -0.5348269 3.618418 2.641364 6.137211 -2.980587
48 25.80892 2.093434 -0.5310711 6.586159 1.945515 19.31085 -2.823765
49 26.00436 1.965895 -0.5419119 3.854187 4.493578 4.878294 -2.853402
50 26.01663 1.879571 -0.5355451 5.370001 4.100177 11.75138 -2.323685
51 25.70731 1.756087 -0.5102452 4.961438 5.315216 6.265285 -2.875703
52 25.86123 1.744516 -0.5000735 3.460897 1.50259 8.504012 -2.529292
53 26.15069 2.033651 -0.535776 5.794644 0.3367394 14.02463 -2.30443
54 26.59708 1.830506 -0.5109374 4.830891 0.8644073 10.47668 -2.780579
55 25.3365 2.515256 -0.5861797 5.549301 1.635461 6.470515 -2.623408
56 24.93019 1.845355 -0.5447077 4.37979 2.700719 22.23105 -1.931196
57 26.57301 1.893996 -0.4963758 5.05058 2.418516 8.223099 -2.612077
58 25.98889 1.908829 -0.5220212 5.520978 1.928245 3.936701 -2.721151
59 26.05251 2.096714 -0.582379 5.163375 2.779412 5.811122 -2.295378
60 25.72256 1.694364 -0.5089353 4.721297 3.832322 7.602912 -2.774902
61 25.65414 1.879093 -0.5374869 5.995226 1.320776 9.336546 -2.79087
62 26.5347 2.288156 -0.5369273 4.573407 2.497558 4.313912 -2.384944
63 25.9219 2.122384 -0.5197347 4.673213 2.443654 7.012196 -2.984707
64 26.00769 2.0149 -0.5423063 3.10241 6.937535 9.10025 -2.296988
65 27.10006 2.019424 -0.5349113 3.34194 1.227982 2.833394 -2.3436
66 26.30251 1.834262 -0.4869167 5.046311 1.412927 11.3084 -2.440497
67 25.47036 1.924725 -0.5459257 4.82288 0.7813124 6.355765 -2.623135
68 25.42871 2.299918 -0.5514233 6.411025 1.664032 5.957641 -2.342036
69 25.05913 2.322061 -0.6170066 5.866578 1.277601 13.49669 -2.491403
70 26.332 2.195699 -0.5333951 3.01074 2.043407 4.25598 -2.522395
71 26.23106 1.717735 -0.4941013 3.738862 2.393779 3.482611 -3.255208
72 26.52328 1.889215 -0.5321901 4.658975 1.764698 10.534 -2.569323
73 25.70082 1.727094 -0.5209602 4.1359 2.381252 4.852317 -2.339993
74 27.1876 2.13147 -0.5049363 4.635997 1.850112 2.991214 -2.255396
75 26.61309 1.851146 -0.5424744 3.517673 2.142889 3.805821 -2.607957
76 26.65957 2.138607 -0.5348794 3.954276 3.917759 5.615372 -2.886977
77 27.4146 1.973152 -0.5048866 3.682258 0.9417172 13.02225 -3.340858
78 26.64809 1.907975 -0.5125163 6.362624 4.517865 4.939862 -2.613604
79 26.81438 2.076294 -0.5162626 4.556036 0.9904001 7.423906 -2.503855
80 26.67722 2.107507 -0.5346964 4.24959 4.099896 8.313055 -3.040948
81 25.44619 2.418318 -0.5972103 5.093349 0.9018598 11.8826 -2.857753
82 27.17018 2.163945 -0.4988839 4.523272 10.06917 5.24241 -2.292879
83 26.59035 1.98315 -0.5712934 4.467706 4.575282 3.816851 -2.732742
84 26.67805 1.82565 -0.4812303 6.228306 2.806246 71.51387 -2.916342
85 26.6391 1.985427 -0.5287525 4.358639 0.8828311 4.438583 -2.407973
86 26.35516 2.236605 -0.5139084 4.239552 1.794619 3.602992 -2.397909
87 25.46121 1.942352 -0.5581428 4.916363 1.696092 41.4846 -2.792998
88 25.808 2.250555 -0.553236 4.656429 3.291092 14.0143 -2.375368
89 27.12698 1.888789 -0.494673 3.736945 2.5477 3.880514 -2.358281
90 26.93797 1.857333 -0.4907161 3.940677 2.864419 7.011522 -2.580421
91 26.28138 1.986606 -0.5635488 4.570317 1.013269 6.047042 -2.629506
92 25.45156 1.771487 -0.5059787 5.405483 1.027479 3.682304 -2.550769
93 25.7897 2.008085 -0.5135401 6.064588 0.9692264 5.017992 -2.836215
94 26.5424 1.904691 -0.5448105 4.799534 2.334562 4.23157 -2.729271
95 25.30676 1.84964 -0.5658998 6.746429 0.8992429 7.217229 -2.749435
96 26.79765 1.888567 -0.5273619 4.805685 1.662665 7.478783 -3.404366
97 26.90896 1.942852 -0.5235979 3.700554 1.623794 10.32842 -2.866593
98 26.04522 1.799218 -0.5032648 5.845387 1.595461 40.45802 -2.226377
99 26.4395 2.106237 -0.5375117 5.457815 0.93387 7.082247 -2.401951
100 26.51407 1.875159 -0.5056255 4.873036 0.7150141 4.689871 -2.271629
