1 0.5522307 0.1269907 0.0403803 0.8090743 0.835172 7.548978 0.2888771
2 0.840777 0.1111721 0.03831794 2.486582 0.9605607 3.72776 0.2794763
3 0.7219265 0.1336984 0.04093445 1.371072 0.9700888 2.741397 0.2794078
4 0.8704641 0.141999 0.04435765 2.692487 1.146612 10.90056 0.2886003
5 0.5940649 0.129492 0.03390382 1.060239 0.8363457 2.302428 0.2882617
6 0.6910654 0.1781278 0.05007348 1.34844 1.254798 1.483136 0.2580263
7 0.7572299 0.09773332 0.03686156 2.301641 0.5896466 123.1236 0.3110379
8 0.585703 0.1151359 0.0367563 0.9015564 1.030724 0.7508463 0.2646016
9 0.582145 0.1074473 0.03709399 0.8569532 0.8336642 3.306416 0.3113401
10 0.6376445 0.1320545 0.03962435 1.272773 0.9120347 1.588687 0.2798376
11 0.8052107 0.1143245 0.04107227 2.239985 0.9304696 2.959526 0.2886099
12 0.6288245 0.09353203 0.03514452 0.5718317 0.9720762 1.55958 0.2787999
13 0.7816073 0.1205189 0.04044247 1.790896 1.097298 3.726749 0.2795224
14 0.5133459 0.1187965 0.03649805 0.8400391 0.6565164 18.89784 0.4308827
15 0.6724403 0.1498455 0.03696633 1.077277 1.099355 2.742563 0.2793978
16 0.6486273 0.101041 0.03437521 2.145546 0.7131984 2.243147 0.3891681
17 0.6942718 0.1400757 0.04383291 1.937359 0.8683715 14.34936 0.3108384
18 0.5707066 0.1296048 0.04135474 0.8987864 1.110909 1.785281 0.3433437
19 0.7338175 0.1265309 0.04422268 0.988946 1.19171 4.124689 0.3115706
20 0.522785 0.102155 0.03384569 0.8168882 0.8051095 4.642738 0.4251366
21 0.6257482 0.1286302 0.04149904 1.254468 0.9516019 3.846996 0.364298
22 0.6984367 0.1066072 0.03637511 1.966802 0.690386 2.142254 0.2597853
23 0.6563622 0.1136159 0.0338866 2.122618 0.5889216 7.725966 0.3111361
24 0.6561526 0.1185697 0.03558281 1.341692 0.8728226 1.078375 0.2792067
25 0.5828578 0.118216 0.04044708 NaN 0.8252621 0.8629654 0.2584449
26 0.635961 0.1264492 0.04040366 1.451366 0.6894755 95.50128 0.342223
27 0.7685097 0.1277676 0.04146825 1.623815 1.023997 3.140411 0.2889674
28 0.5902747 0.1145044 0.03383589 1.186206 0.6720688 4.956245 0.2889039
29 0.807653 0.1180581 0.04004309 2.950375 0.8001754 9.271198 0.2621283
30 0.50274 0.1030238 0.03170682 0.8652621 0.6534267 1.764856 0.3637399
31 0.6816036 0.1209977 0.04225406 1.271145 0.967288 3.626788 0.279422
32 0.6475199 0.1131395 0.03933484 1.145537 0.9674215 1.476616 0.2524825
33 0.5947488 0.1170671 0.03865257 0.9093768 0.7448485 40.63224 0.326009
34 0.5932661 0.115169 0.04031544 1.190956 0.6399422 51.13982 0.2875945
35 0.5151491 0.1151032 0.03647196 0.7145326 0.8506753 1.260872 0.2985442
36 0.6909303 0.1114741 0.04147737 1.370709 0.9719619 8.059765 0.2880658
37 0.6982761 0.1319157 0.03852414 2.002575 0.9600493 1.183346 0.2648369
38 0.7145289 0.1175046 0.04568454 1.303028 1.094243 4.391726 0.2793201
39 0.7185773 0.1422855 0.0415267 1.897014 1.149656 1.951822 0.2986809
40 0.6193416 0.1378677 0.04563084 1.173939 1.153887 1.666873 0.2888954
41 0.478155 0.1084095 0.03326887 0.4969593 0.6861627 5.060356 0.3425848
42 0.6691849 0.1576826 0.04148152 1.387408 0.9455355 4.435208 0.2883973
43 0.5428184 0.08160692 0.03306448 0.90196 0.6847707 4.368128 0.3260201
44 0.5745397 0.1264982 0.03924685 0.9344808 0.7908568 3.880491 0.2796191
45 0.7840936 0.09804274 0.0337969 2.645603 0.8705699 0.816792 0.2889814
46 0.8115574 0.1445639 0.04406422 1.735025 1.147186 6.104901 0.2805039
47 0.5821703 0.1239438 0.03025017 1.316464 0.6691739 2.815721 0.3425659
48 0.6539874 0.1500387 0.04414821 1.291335 1.028343 18.26003 0.3256565
49 0.7116777 0.1095494 0.03696848 1.977894 0.815897 2.220098 0.3257691
50 0.7977966 0.1218771 0.04396025 2.018196 0.9118222 8.766676 0.2620469
51 0.7431783 0.1101125 0.03978083 2.370671 0.9886437 3.038884 0.3254715
52 0.5719236 0.09316076 0.0342366 0.8416076 0.6188928 4.456508 0.2881957
53 0.6146282 0.1345219 0.04487144 NaN 0.9800831 11.14975 0.2802589
54 0.5520391 0.1063153 0.03697173 0.6425885 0.8588624 7.467015 0.3110079
55 0.5975557 0.1881696 0.04274514 1.350879 1.019897 3.004183 0.299115
56 0.7926466 0.1259358 0.04581119 1.532332 0.7572235 25.60051 0.2521828
57 0.7234795 0.1182838 0.03909607 1.227636 0.9163086 4.092243 0.2991158
58 0.6477319 0.1272163 0.04151012 1.195812 1.188637 1.490159 0.2981789
59 0.7002642 0.1454597 0.04552704 1.630982 1.075313 2.833432 0.2710715
60 0.7233235 0.1012409 0.04149422 1.66324 0.8591294 3.681139 0.3110108
61 0.614931 0.1308774 0.04344604 0.9402336 1.056529 5.239371 0.311054
62 0.7316132 0.1445483 0.0374172 1.337 0.9873184 1.840129 0.2792897
63 0.6315508 0.1261712 0.03705654 1.377669 0.9071458 4.03362 0.3443876
64 0.7889745 0.1098758 0.0318294 3.184844 0.5594679 5.469439 0.2708338
65 0.5676789 0.1047326 0.03438014 0.8311741 0.9292148 1.161406 0.2798763
66 0.702885 0.1137476 0.04220409 0.9557425 0.9773304 8.539443 0.2891905
67 0.530409 0.124935 0.04155302 0.7773776 0.8916115 2.970268 0.2990723
68 0.7003436 0.1820858 0.04860705 1.234733 1.307634 3.122118 0.2798897
69 0.5787382 0.1756765 0.04799048 1.105791 1.002926 10.19696 0.2885936
70 0.588728 0.1101649 0.0315563 1.09721 0.6751119 1.850552 0.2882619
71 0.564397 0.08599978 0.03246297 1.050862 0.7876881 1.216488 0.3637533
72 0.6155883 0.1142032 0.03915023 0.9840701 0.8426967 6.25906 0.299509
73 0.6648501 0.1058053 0.04033611 1.449729 0.9834575 2.626035 0.279967
74 0.7354219 0.1336257 0.03921507 1.209063 1.180202 1.045721 0.2715677
75 0.5971435 0.09552806 0.03569271 0.9799664 0.7998735 1.459359 0.28739
76 0.6415652 0.1193233 0.03436152 1.74246 0.7432516 2.291717 0.3255102
77 0.4733197 0.09707763 0.02966624 0.5344445 0.5861259 9.80594 0.3898077
78 0.8096803 0.1330968 0.04313017 2.319968 1.27571 2.035274 0.2991472
79 0.6613427 0.1199898 0.03828589 0.7973656 0.9226575 4.070275 0.288467
80 0.6270728 0.1202155 0.03254814 1.720185 0.6754092 4.383621 0.3432091
81 0.5050331 0.1610523 0.04069509 0.8208576 0.8515394 8.156072 0.3259957
82 1.014083 0.1523615 0.03802189 4.820601 0.9342201 2.340384 0.2804096
83 0.6732558 0.1192605 0.03770774 2.004712 0.9860642 1.477955 0.2980947
84 0.7115906 0.1136625 0.03938671 1.431762 0.7828513 85.63139 0.3251364
85 0.5348062 0.1169167 0.03665374 0.7075348 0.9399254 1.936942 0.2790153
86 0.6620337 0.1350879 0.03620161 1.109737 0.9337127 1.329191 0.2697147
87 0.5380806 0.1177696 0.03946307 0.9763571 0.6564369 53.81189 0.3107131
88 0.7148645 0.1429486 0.03973112 1.763487 0.7629978 10.08843 0.2794173
89 0.6983952 0.102654 0.03472166 1.349676 0.864467 1.584131 0.2796812
90 0.6890179 0.1036552 0.03477972 1.370381 0.7259164 3.536413 0.2994516
91 0.5508071 0.1214924 0.03981469 0.7271796 0.9072804 2.791576 0.298923
92 0.6096059 0.1218361 0.04445569 1.134634 1.195951 1.625124 0.2997034
93 0.6119589 0.1320676 0.04123805 0.7625307 1.159107 2.096814 0.3108782
94 0.6233624 0.1194467 0.04051585 1.266186 1.055002 1.670023 0.3114907
95 0.5988063 0.1389815 0.05174412 0.8861515 1.232698 3.430625 0.3116801
96 0.5590119 0.1078783 0.03648511 0.8498874 0.8459562 3.843432 0.392141
97 0.5233942 0.1014411 0.03199308 0.9486768 0.6331787 6.567473 0.326103
98 0.7514151 0.1183012 0.0459008 1.064451 1.010031 57.63796 0.263122
99 0.655827 0.141378 0.04219471 0.8175948 1.179715 3.974528 0.279092
100 0.6125973 0.1144444 0.04039283 0.8521628 1.035296 2.163767 0.2711373
