1 0.5786681 0.1330827 0.04168318 0.8563518 0.6963628 0.2888797
2 0.9788615 0.1262567 0.04375705 3.488586 0.761621 0.2794776
3 0.8350772 0.1284148 0.04492131 1.841708 0.7964379 0.2794306
4 0.8500066 0.1295265 0.04376633 2.813529 0.8766025 0.2886086
5 0.7167122 0.143631 0.03921875 1.472913 0.7290032 0.2882647
6 0.8840436 0.1608998 0.06103087 1.689102 1.191016 0.2580355
7 0.973357 0.09654697 0.03696168 4.299411 0.5667662 0.3111938
8 0.7221451 0.1716994 0.05213534 1.234173 0.981145 0.2645944
9 0.6123988 0.11445 0.04155679 0.9281344 0.6731778 0.3112722
10 0.7656456 0.1520788 0.05009715 1.620886 0.8806785 0.2798352
11 1.196748 0.1388599 0.04453685 6.591962 0.7891546 0.2886023
12 0.6888222 0.129225 0.04248012 0.8487889 0.7832311 0.2787983
13 0.8439952 0.1268379 0.04468112 2.080318 0.8223318 0.2795346
14 0.511452 0.1174956 0.03629328 0.7892306 0.5631598 0.4272116
15 0.719774 0.1472613 0.0446032 1.180224 0.8642448 0.2793978
16 0.7445093 0.1152773 0.03890221 2.569367 0.6284655 0.3891683
17 0.7115379 0.133228 0.04514168 1.917288 0.7387221 0.311058
18 0.6368237 0.1662955 0.0492629 1.028705 1.025356 0.3425637
19 0.8043664 0.1310047 0.04770177 1.18735 0.9929472 0.3114779
20 0.5569119 0.109811 0.03695519 0.8494588 0.6409408 0.42339
21 0.6367787 0.1293351 0.04487362 1.246921 0.7913189 0.3631479
22 0.8725104 0.1233247 0.03942558 3.163488 0.6081244 0.259837
23 0.6577561 0.112065 0.03466407 1.961467 0.4971359 0.311026
24 0.7831581 0.1617597 0.04587881 2.121861 0.8523947 0.2791672
25 0.8924214 0.1512274 0.05625971 NaN 1.177886 0.2583412
26 0.6392265 0.1264619 0.04031086 1.512968 0.629561 0.3435787
27 0.8293242 0.1352771 0.04618776 1.69484 0.9238676 0.2889193
28 0.6234842 0.119002 0.03709754 1.245336 0.5824406 0.2889045
29 0.832256 0.1325444 0.04122717 3.250594 0.6813732 0.2621388
30 0.5618346 0.129899 0.03956276 0.9190439 0.647397 0.3659094
31 0.7600694 0.1248682 0.04505202 1.934215 0.8522082 0.2793978
32 0.8673237 0.1583503 0.0495107 3.112299 1.02795 0.2524285
33 0.6081323 0.1200786 0.03896576 0.9917464 0.6401402 0.3255984
34 0.5766943 0.1162812 0.04020373 1.093397 0.5680512 0.2875567
35 0.6073998 0.1607594 0.04640222 1.011363 0.8454795 0.298596
36 0.728274 0.1225338 0.04322989 1.645965 0.7195542 0.2880668
37 0.8562519 0.1690012 0.05117341 2.42961 0.9776981 0.2648274
38 0.759783 0.1275522 0.04975916 1.53472 0.8612356 0.2793201
39 0.8009276 0.159956 0.04780281 2.401757 0.8893351 0.2987283
40 0.9053637 0.1943699 0.05588293 5.324337 1.22239 0.2889039
41 0.4995689 0.1170584 0.03524761 0.635215 0.5563025 0.3428485
42 0.688436 0.1704146 0.04346295 1.590114 0.7592102 0.2883976
43 0.6069585 0.09015748 0.03493127 1.176809 0.5124192 0.3253008
44 0.630765 0.1388618 0.04325836 0.9826486 0.6791725 0.2796579
45 0.8144401 0.1512086 0.04697654 2.625427 0.9121168 0.2889801
46 0.88574 0.1586552 0.04559416 2.306003 1.049051 0.2805349
47 0.650233 0.12342 0.03420665 1.916136 0.5794988 0.3427818
48 0.6532985 0.1502757 0.04430588 1.175473 0.8280849 0.3262231
49 0.6835113 0.1198344 0.03936286 1.932567 0.6209828 0.3253892
50 0.8012679 0.1256763 0.04615457 2.261672 0.7572481 0.2620029
51 0.9786794 0.1247116 0.04650611 4.214498 0.819953 0.32552
52 0.6129995 0.09937334 0.03724803 0.8991226 0.5467517 0.2882018
53 0.6434824 0.1384773 0.04591098 NaN 0.8183492 0.2803371
54 0.5983174 0.1058121 0.03908976 0.7892902 0.6445292 0.3112992
55 0.6709736 0.1902897 0.04712255 1.438927 0.9166903 0.2991324
56 0.8410068 0.1269849 0.04699645 1.640575 0.6835121 0.2522747
57 0.7814582 0.1318495 0.04354243 1.334364 0.8436304 0.2992152
58 0.9117018 0.1351634 0.05148117 2.724588 1.088259 0.2982346
59 0.7334824 0.1685262 0.05022063 1.591949 0.9330286 0.270982
60 0.76226 0.1128564 0.04586122 1.869916 0.7830309 0.3107748
61 0.6644513 0.1274464 0.04898889 1.281017 0.8872224 0.3108613
62 0.7668756 0.1799961 0.04512813 2.243483 0.8922578 0.2793296
63 0.673666 0.1355962 0.03959788 1.473262 0.6836202 0.3432955
64 0.8883727 0.1165555 0.0351656 4.426538 0.4862924 0.2708695
65 0.7302983 0.1383598 0.04511876 1.315946 0.8253536 0.279805
66 0.7408747 0.1237173 0.04266744 1.333618 0.7522526 0.2892158
67 0.5831216 0.1428724 0.04459024 1.120621 0.7314943 0.2992213
68 0.8217222 0.1856318 0.05333979 1.821954 1.064192 0.2798579
69 0.5742991 0.1804982 0.04910455 1.065392 0.7890964 0.2885982
70 0.6831202 0.1325153 0.03625375 1.774701 0.596164 0.28826
71 0.7415753 0.1085674 0.04384999 1.608833 0.7827307 0.3677812
72 0.6433535 0.1167538 0.04321169 1.017866 0.7298632 0.299539
73 0.7643615 0.1232134 0.04472118 2.604543 0.7414015 0.2798831
74 1.151912 0.1681038 0.05782724 2.839686 1.443302 0.2715131
75 0.7335619 0.1266071 0.04561355 1.415487 0.8232881 0.2874291
76 0.7701905 0.1282523 0.03946874 2.332404 0.6879533 0.3254915
77 0.4853455 0.09827741 0.02966126 0.6225107 0.439493 0.3911831
78 1.234441 0.1567686 0.05138129 7.138184 1.186918 0.2991425
79 0.6502621 0.1354353 0.04093788 0.9154732 0.7392176 0.2884639
80 0.6278355 0.1325237 0.03527637 1.532696 0.5737231 0.3447568
81 0.5320289 0.1677462 0.04194936 0.9089227 0.6868726 0.3267965
82 1.194732 0.1715578 0.04013458 8.655773 0.8272914 0.280503
83 0.7805487 0.1310724 0.04877301 2.418722 0.887833 0.2980441
84 0.7862303 0.1102235 0.03975964 2.026196 0.708012 0.3251358
85 0.6599172 0.1284164 0.04426667 1.108327 0.8041856 0.2790248
86 0.8813995 0.1646803 0.04391323 2.578953 0.9206165 0.2697022
87 0.5600516 0.114126 0.03952769 1.091942 0.5727922 0.3110084
88 0.765672 0.1455576 0.0405201 2.041296 0.6650451 0.2793978
89 0.8498311 0.1233358 0.04248425 2.115612 0.7977149 0.2796117
90 0.7271983 0.1094478 0.0376749 1.631244 0.6192342 0.2995579
91 0.6370951 0.1227598 0.04604671 1.008102 0.7971614 0.2991315
92 0.6820895 0.158204 0.04890247 1.376791 0.9328062 0.2997079
93 0.6928025 0.159459 0.04908368 0.9897103 1.00947 0.3107041
94 0.8010816 0.1446925 0.05689728 1.945519 1.176493 0.3111795
95 0.6067043 0.1735692 0.05587146 1.127888 1.039543 0.3117056
96 0.5466525 0.1171793 0.03930041 0.8219758 0.6849446 0.390468
97 0.5442582 0.1162814 0.03430717 0.9942838 0.5388228 0.325606
98 0.7589418 0.1236465 0.0447861 1.193498 0.7906785 0.2631459
99 0.7140098 0.150224 0.04790948 1.055643 0.9463013 0.2790639
100 0.7342894 0.123234 0.04504777 1.093157 0.8285931 0.2711433
