1 26.56079 1.862352 -0.53155 5.225927 0.7917945 13.62173 -5.964776 -1.397331 -0.5216532 0.5527244
2 27.69435 1.990285 -0.4647576 5.744526 4.210351 9.897876 -7.974102 -1.177722 -0.7267334 0.7725288
3 26.18075 1.887759 -0.4482631 4.325808 3.365562 6.122436 -3.325433 -0.3865767 -0.2028307 0.2111957
4 28.1543 2.088925 -0.5167686 7.956869 6.740552 32.37097 -14.11883 -4.471302 -0.9768959 1.190585
5 27.1671 2.112756 -0.5006014 4.382542 1.619071 5.362582 -4.799745 -1.22073 -0.333871 0.3726264
6 25.20872 1.910445 -0.5387583 5.619709 1.910256 3.460476 -4.362244 -1.201119 -0.3261884 0.3764539
7 28.66815 1.995848 -0.4267786 5.729079 5.101028 40.53064 -8.440273 0.4659254 -0.5861749 0.65743
8 26.43842 2.080414 -0.5584537 3.311233 1.122505 2.066571 -5.873842 -2.213695 -0.3830458 0.4730199
9 27.01698 1.902839 -0.4940251 4.442552 1.693526 7.539177 -4.445963 -0.7052701 -0.3004379 0.3300178
10 25.72138 1.901896 -0.4795907 4.527521 2.296251 4.650843 -4.561009 -0.2885519 -0.3894596 0.3948269
11 28.1807 1.84196 -0.448103 6.338286 3.082915 6.738236 -7.206889 -2.993594 -0.6344192 0.7200183
12 26.89216 1.792686 -0.4651233 4.127588 0.5032835 4.309778 -4.01271 -1.053833 -0.1971269 0.2562901
13 27.82476 1.847656 -0.4320223 6.845717 3.211924 11.64799 -8.597882 -3.021451 -0.8958789 0.9618686
14 26.78824 2.086792 -0.4908308 5.195351 1.262374 20.63168 -5.949946 -0.9348448 -0.4362836 0.4323582
15 26.92735 2.158468 -0.5735008 6.445456 1.507401 8.354031 -9.759669 -0.09654931 -0.6842815 0.7838565
16 26.57169 1.913304 -0.4885966 4.23013 4.444951 6.046273 -7.29735 -18.36788 -0.4136401 0.5293423
17 25.80069 2.032802 -0.5418986 6.102576 4.260956 13.41122 -6.084542 -0.04198063 -0.291438 0.3730104
18 26.79732 2.049986 -0.5582437 5.786969 1.457344 4.590785 -5.356284 0.297949 -0.439711 0.3793881
19 26.97694 1.962533 -0.4519093 6.940398 1.099153 9.423363 -5.760531 0.5286447 -0.3767786 0.3961283
20 26.46762 1.878957 -0.5002685 5.067422 1.65628 9.616409 -5.084934 -0.05609991 0.01761072 0.04855942
21 26.62774 2.040695 -0.482074 6.380257 2.412716 8.266533 -15.06574 -1.914821 -1.101694 1.262753
22 26.96049 1.808827 -0.4404055 4.249615 5.708186 4.988027 -16.13248 0.6789007 -1.531573 1.671132
23 26.54069 2.005985 -0.5119834 4.055612 4.484543 12.07145 -5.013527 -1.37156 -0.3920572 0.4288048
24 26.75144 2.024451 -0.5376951 4.705335 2.565235 3.611195 -8.38762 -1.506653 -0.4839381 0.6417872
25 26.77759 2.081401 -0.4973188 3.479897 1.580824e-08 2.515235 -3.560222 -1.645496 -0.2721509 0.3034044
26 26.15573 1.963064 -0.4965053 5.46656 3.768749 26.68914 -3.977303 -0.02520376 -0.1756152 0.1830008
27 27.31397 1.806914 -0.461214 6.360199 2.215878 6.018154 -7.449386 -2.105475 -0.8283458 0.8018735
28 27.38771 2.095491 -0.5221251 3.888005 1.478787 7.682082 -4.482706 -1.155441 -0.3493237 0.383999
29 26.59052 1.825216 -0.5294879 5.028089 7.772772 11.47929 -4.630147 0.5889752 -0.1925828 0.2460909
30 25.89906 2.037661 -0.5090829 3.246134 1.603273 4.849817 -3.064488 -1.243185 -0.2720468 0.2084128
31 27.06262 2.047616 -0.4755191 6.2727 0.9947103 8.179912 -8.679954 -0.5563215 -0.5773933 0.7013602
32 27.74744 1.900879 -0.4734821 4.416625 1.706996 3.762295 -4.166568 -0.2011331 -0.2794892 0.3252074
33 26.43858 1.903792 -0.4593655 5.576288 1.911297 32.86105 -3.521414 -0.2440843 -0.1395906 0.1476727
34 25.54202 1.739737 -0.4725068 6.014256 1.97142 34.88668 -21.40422 -1.397486 -1.488298 1.860327
35 26.44091 2.05111 -0.506451 4.053712 0.6160814 3.702947 -3.787874 -0.781128 -0.178518 0.207452
36 26.13756 1.739033 -0.4834554 5.868139 2.694361 10.54662 -4.516071 -1.194769 -0.265257 0.3192691
37 26.6145 2.058349 -0.4985797 5.048434 3.98319 3.456429 -7.886097 -0.2023202 -0.6571867 0.7127738
38 25.95369 1.688777 -0.4977072 6.683807 2.929512 11.73182 -13.05588 -1.470067 -1.030612 1.185828
39 26.90149 2.071899 -0.4832625 6.538032 4.457901 6.715886 -9.245315 0.2863613 -0.6305472 0.7198032
40 25.44463 1.693216 -0.4977886 4.483681 2.285592 3.83053 -2.899512 -0.8343479 -0.1941978 0.1881843
41 27.66605 2.183374 -0.4857208 4.297188 0.2211923 9.17696 -5.404056 -1.930342 -0.443289 0.4659346
42 25.93155 1.963494 -0.5984633 5.953415 3.174806 10.36844 -7.558188 -0.5570665 -0.5404627 0.6235462
43 27.38508 1.808675 -0.4629297 3.6061 1.699563 7.28783 -4.508778 -1.112716 -0.2903053 0.3289872
44 25.81667 1.980173 -0.52654 4.344276 0.9606957 6.619816 -6.334162 -0.4372203 -0.4502779 0.5301537
45 26.07558 1.71524 -0.5314013 4.608686 5.990996 3.053086 -7.776233 -1.094136 -0.598888 0.6839502
46 28.93478 2.147311 -0.5098915 7.365294 0.2858197 10.71656 -6.408239 -0.9948594 -0.6901233 0.6350875
47 27.55821 2.300524 -0.5361941 3.756836 3.572022 5.824985 -4.849105 -0.8329747 -0.3146927 0.3346834
48 26.12933 1.970454 -0.5250904 6.879672 1.68267 25.23349 -5.643697 -0.5134888 -0.4999837 0.4692987
49 26.41705 2.051817 -0.5144178 4.367947 5.833766 4.832699 -4.852025 -1.402236 -0.3439911 0.3809875
50 27.21614 1.796032 -0.4732257 6.474896 4.229713 9.061243 -8.960162 -0.5631241 -0.4907558 0.6520527
51 27.57602 1.903381 -0.4257526 5.625232 6.338706 6.7704 -4.522472 -0.08752295 -0.290102 0.2953615
52 27.73758 1.927909 -0.4262976 3.596012 1.452435 8.1461 -5.135023 -0.5196686 -0.409081 0.4472684
53 26.76237 2.021237 -0.5171166 6.186848 1.412581e-08 15.99081 -3.384399 -2.06386 -0.3442127 0.3625497
54 27.65841 1.968101 -0.4654633 5.070615 0.9617034 10.2351 -5.566392 -0.5524152 -0.2857514 0.3575258
55 26.14908 2.37334 -0.5665654 6.084098 1.017046 6.496572 -4.86462 -1.484616 -0.3646863 0.3909668
56 26.54894 2.060498 -0.5053912 5.221228 2.598437 14.82888 -48.51626 -6.571057 -3.561306 4.431804
57 27.08457 1.889774 -0.4663475 5.236285 2.880369 8.908848 -3.046755 -1.744294 -0.1847686 0.1891046
58 27.90466 2.185783 -0.4623567 7.148711 2.224634 5.152159 -5.524854 -2.529409 -0.3851414 0.4730278
59 26.62165 1.973361 -0.5437703 5.308418 2.401132 5.226458 -4.133587 -0.8259481 -0.2071007 0.2579554
60 26.46253 1.794782 -0.4508853 5.191319 3.99183 8.115925 -4.173387 -0.6995787 -0.2183766 0.2499239
61 26.63263 1.838395 -0.46156 6.849298 1.196211 10.90246 -6.437991 -1.349963 -0.4925205 0.5439529
62 26.09974 1.973356 -0.5573094 5.492255 2.405026 5.761297 -3.805877 -0.5899301 -0.2104457 0.2376268
63 26.30137 2.102618 -0.501201 5.283903 3.029619 7.074744 -6.01723 0.7316026 -0.4393237 0.4216055
64 25.27981 1.736625 -0.5469444 4.215513 6.384688 11.15463 -12.64732 0.2214126 -0.8334269 1.051884
65 28.59196 2.140072 -0.4911951 4.570626 1.882819 3.497837 -8.204174 0.7640218 -0.5904385 0.653026
66 27.57293 2.02751 -0.455478 5.914317 1.76013 16.99024 -4.638932 -1.083693 -0.5042866 0.4800792
67 25.85066 1.778793 -0.5186863 6.270847 0.3693071 7.384451 -28.80835 2.439328 -1.669483 2.158479
68 25.3824 1.889057 -0.5442834 8.782733 1.639599 9.111227 -15.06361 -0.7225276 -0.9342926 1.189708
69 25.23461 2.070233 -0.6202822 6.389024 1.079813 16.73805 -8.344207 -1.566017 -0.4747746 0.6256039
70 26.47943 2.076607 -0.5322301 3.191928 1.367007 4.066731 -5.224875 0.1067189 -0.3692587 0.398186
71 26.98795 1.847908 -0.4429937 4.320483 2.618571 3.691757 -6.495239 -0.4911688 -0.2415588 0.3402218
72 26.99117 1.914116 -0.5175884 5.524804 2.039532 11.97082 -10.66761 -1.911473 -1.000122 1.037254
73 26.53894 1.83615 -0.4847606 5.167913 3.17394 7.107842 -6.779985 -0.7162908 -0.5994055 0.6380567
74 28.58161 2.231603 -0.4576408 5.430935 1.893789 3.296545 -3.570412 -1.696158 -0.2946326 0.3033374
75 26.74337 1.735611 -0.5011762 4.198859 2.500239 4.741034 -4.617934 -0.9396955 -0.1639439 0.2494151
76 27.20379 2.096329 -0.499275 4.153947 3.60087 5.181801 -4.087551 -0.2867007 -0.2101559 0.2262075
77 27.45843 2.041262 -0.5233198 3.853322 1.092809 16.8424 -4.958561 0.479764 -0.2069922 0.2218226
78 28.16615 1.979943 -0.4745875 8.669378 3.456007 4.897993 -9.742836 -3.079193 -0.8714286 0.9231475
79 27.76255 2.151719 -0.5063522 5.221219 0.8990694 7.492738 -7.180211 -1.111508 -0.5862189 0.637156
80 26.78968 2.040341 -0.5534761 4.975063 3.700703 7.96569 -26.68523 -1.916606 -1.277192 1.841792
81 25.99998 2.334158 -0.5886982 4.942416 0.8253634 9.476358 -3.158021 -1.125733 -0.2233659 0.2108155
82 27.03361 1.966524 -0.4930209 5.952944 12.08581 5.035742 -27.42946 -1.379143 -2.547721 2.703545
83 27.00607 1.951105 -0.5109741 5.135477 4.851512 4.470511 -4.623405 -1.71934 -0.2029127 0.2657586
84 27.94614 1.90664 -0.4274374 6.716312 2.714742 77.91031 -7.177865 -0.008664744 -0.5233419 0.5642191
85 27.66089 1.983874 -0.4753492 4.981535 0.7453175 4.726747 -4.542439 -0.9836536 -0.3329859 0.3675766
86 26.74483 2.086595 -0.5005213 5.210019 1.944614 3.923565 -6.99912 -0.2644411 -0.3841228 0.490279
87 26.40859 1.916213 -0.504194 5.525447 2.050963 200 -38.5863 -0.9151065 -2.823496 3.392913
88 26.4598 2.145427 -0.5305771 4.862786 2.754734 14.10392 -6.186553 -2.088461 -0.51323 0.5820738
89 27.65528 1.986111 -0.4913152 4.460224 3.11012 4.353399 -4.518892 -0.1563831 -0.3764397 0.373866
90 27.54599 1.828512 -0.4680939 4.353776 3.016074 6.577939 -7.322537 -2.117933 -0.652681 0.7019018
91 27.20407 2.016543 -0.5155518 5.396223 1.137176 7.016741 -12.89022 0.5469268 -0.7487809 0.935154
92 26.27827 1.805146 -0.480999 6.210813 0.8482122 4.309078 -4.85473 -3.086187 -0.4386752 0.4842169
93 25.41795 1.752247 -0.5052553 6.668253 0.7840137 5.349901 -5.948499 -0.6356589 -0.2599725 0.3488487
94 26.03639 1.735715 -0.5660144 6.141545 3.057655 4.997027 -6.4213 -1.871728 -0.445895 0.5120606
95 25.47885 1.687599 -0.5450002 7.492838 0.7433474 8.382407 -7.046664 -0.6767074 -0.4746105 0.5354048
96 27.51723 1.970899 -0.501667 5.62395 2.04149 10.61041 -14.88645 -3.607085 -0.7534762 1.05472
97 27.57546 1.920752 -0.4994512 3.795892 1.289982 8.295766 -3.958461 0.2961249 -0.2964142 0.2619762
98 26.99605 1.783479 -0.4734366 7.719983 1.007124 200 -33.38335 3.238899 -2.586874 2.924933
99 27.24046 2.099643 -0.5105982 6.075679 0.9065948 8.009356 -4.074346 -1.054391 -0.2696464 0.3052124
100 27.83259 1.989176 -0.44784 4.96434 0.618058 4.952117 -4.076213 0.4247802 -0.2095374 0.2348833
