1 26.56344 1.905203 -0.5384112 6.059161 0.668286 -6.364854 -1.375174 -0.5560289 0.5914965
2 27.49004 1.938724 -0.4597219 6.852155 5.645334 -10.92171 -1.65132 -0.9492771 1.040436
3 26.70754 1.824518 -0.4378165 6.804012 4.389853 -4.531553 -0.4117757 -0.3085956 0.3432459
4 27.95004 1.876101 -0.4971634 8.495375 5.925043 -20.86818 -5.241931 -1.387481 1.708307
5 27.0663 2.092199 -0.4932206 6.410972 2.689838 -7.358598 -1.553782 -0.5662809 0.6422538
6 25.43942 1.628288 -0.5092757 10.72001 2.115523 -13.40153 -1.880489 -0.7759957 1.05099
7 28.65153 2.058772 -0.4296755 5.425705 5.467969 -7.544264 0.3923745 -0.5251112 0.5802372
8 26.48445 2.024473 -0.5564306 8.722721 1.328896 -44.12902 -2.635356 -2.892885 3.589017
9 27.06011 1.920935 -0.5025139 6.405448 1.881215 -11.50037 -1.345309 -0.8086611 0.9756833
10 25.75662 1.904135 -0.4745741 7.356383 2.183592 -4.787725 -0.3148157 -0.3937443 0.407593
11 27.93499 2.083122 -0.47214 7.776407 6.434504 -10.95536 -4.155337 -1.007124 1.122036
12 26.85094 1.944726 -0.4826032 6.965657 0.5354145 -4.808665 -1.121873 -0.2626823 0.3429806
13 27.7705 1.962657 -0.4420235 7.58908 3.80698 -15.33855 -6.619633 -1.645025 1.780341
14 26.78404 2.087424 -0.4884797 5.476002 1.520931 -5.934275 -0.9743519 -0.4559581 0.4436823
15 26.92907 2.002181 -0.5664215 8.018906 1.161428 -22.09479 0.3119033 -1.394924 1.675295
16 26.77815 1.971931 -0.4946061 6.491937 7.47884 -16.87863 -14.45423 -0.921174 1.233342
17 25.904 1.907587 -0.5369117 7.128763 5.348091 -8.668718 -0.01949549 -0.4230952 0.5646312
18 26.80485 2.008681 -0.5610543 9.911064 1.22083 -9.952181 -0.01396979 -0.834789 0.7687187
19 26.8543 1.817941 -0.443066 9.584916 1.042788 -16.5707 2.528321 -1.071051 1.218874
20 26.59995 1.861782 -0.500357 6.148185 1.573061 -4.73133 -0.05636148 0.03702449 0.01629049
21 26.99353 1.953857 -0.47999 8.255245 2.679966 -29.23271 -1.93315 -1.948869 2.317085
22 26.49383 1.824017 -0.447145 4.63631 18.86111 -33.47649 0.6636767 -3.140208 3.443174
23 26.62243 1.945917 -0.5055328 4.540203 4.586783 -5.253712 -1.401176 -0.4169513 0.4563671
24 26.20148 2.053612 -0.5559831 7.914291 4.258019 -22.47118 -4.475479 -1.271505 1.708611
25 27.3908 1.902912 -0.4563949 9.97679 1.837732e-08 -6.610079 -2.037251 -0.4980943 0.5894268
26 26.24664 1.952918 -0.4946715 5.86866 3.955817 -4.1463 -0.03537955 -0.1772527 0.1921311
27 27.28899 1.893051 -0.4640826 8.220864 1.841607 -7.704409 -1.574363 -0.7835629 0.785872
28 27.41763 2.094208 -0.5227121 4.853172 2.236279 -6.031821 -1.23201 -0.4919469 0.5485447
29 26.46671 1.825201 -0.5313424 6.250221 8.203898 -5.002768 0.6178877 -0.2042846 0.2684362
30 26.26885 1.996819 -0.5161254 5.971787 1.733012 -3.572763 -1.494972 -0.3380453 0.2817526
31 26.92158 1.877797 -0.4640179 7.665734 1.717322 -16.79135 -0.173768 -1.080675 1.347586
32 27.591 2.123685 -0.4925766 6.807325 4.235865 -5.44459 -0.305067 -0.3782071 0.453339
33 26.36382 1.898901 -0.4579487 5.617374 1.895931 -3.354232 -0.2104832 -0.1171042 0.1243032
34 25.60893 1.839057 -0.4837549 5.722519 1.739824 -20.16927 -0.9428745 -1.387201 1.735137
35 26.28706 2.104296 -0.5208088 7.895112 0.7268477 -4.38569 -0.8078882 -0.2220032 0.2662575
36 25.90915 1.799771 -0.488851 6.541027 3.369389 -5.397298 -1.431915 -0.3490597 0.4173906
37 26.77524 2.151105 -0.5043388 8.000329 3.851309 -16.19262 -0.8384363 -1.228294 1.422888
38 26.19994 1.676714 -0.5007407 8.435542 2.464635 -29.52652 -3.578701 -2.211452 2.587921
39 26.85509 2.177858 -0.4891535 8.183859 5.444929 -13.12458 0.7516283 -0.8851812 1.01508
40 24.64865 1.84893 -0.5260245 8.295 17.77224 -2.666324 -0.7968928 -0.1795781 0.1634972
41 27.69305 2.146793 -0.4853767 5.425589 0.1920304 -5.909594 -1.80388 -0.4658939 0.5014572
42 26.07457 2.052235 -0.6087556 7.308123 2.933832 -16.52202 -1.338385 -1.118201 1.373702
43 27.61823 1.785485 -0.458079 4.872989 3.012419 -6.411906 -1.322712 -0.4484064 0.5250952
44 25.59123 1.885356 -0.5210211 5.958923 1.328892 -8.536922 -0.5625392 -0.5864241 0.7180298
45 26.0764 1.9146 -0.5712767 7.854487 4.822017 -27.17332 -3.045355 -1.917128 2.307687
46 28.98814 2.163724 -0.5072032 8.813973 0.2529257 -8.817202 -1.834265 -0.9413001 0.8860161
47 27.66263 2.149732 -0.5268221 4.773925 5.39701 -4.555055 -0.8041023 -0.2792309 0.2983126
48 26.27353 1.985065 -0.5305846 7.585615 1.626244 -7.042009 -0.734314 -0.6295248 0.6067187
49 26.14634 1.787458 -0.4876251 5.699927 4.679696 -4.144185 -1.503388 -0.3058972 0.3276621
50 26.89072 1.877972 -0.4902303 7.117122 6.480115 -12.01388 -0.9368985 -0.6634572 0.8906261
51 27.47569 2.040058 -0.4369623 7.736983 6.059161 -5.431124 -0.1305791 -0.3827331 0.394476
52 27.92641 1.974258 -0.4254327 4.795244 1.349938 -7.064992 -0.7538857 -0.5922273 0.6586452
53 26.87788 2.007694 -0.5129134 7.000394 1.386913e-08 -3.591949 -2.128374 -0.3589535 0.3810675
54 27.68787 1.941229 -0.4625521 6.131319 0.7839622 -6.669271 -0.6486478 -0.3553612 0.4531258
55 26.36782 2.327143 -0.5521685 7.891331 0.8054934 -5.049217 -1.702034 -0.3799331 0.4111681
56 26.50482 1.94131 -0.4927028 5.720821 2.756119 -49.647 -6.358204 -3.478841 4.405517
57 27.29328 1.909083 -0.4642719 7.200458 2.907983 -3.31417 -1.565917 -0.2020224 0.2130373
58 28.33249 1.910115 -0.43727 10.68119 4.965234 -11.84965 -3.879924 -0.7956664 0.9933639
59 26.52526 2.092285 -0.5442831 7.487341 2.319784 -4.035792 -0.8136957 -0.2064121 0.2543235
60 26.60651 1.688776 -0.4414045 7.514922 3.486923 -5.417449 -0.8000542 -0.305806 0.3677837
61 26.36767 1.739948 -0.4549715 8.789028 1.289985 -11.403 -1.870384 -0.8736069 0.9887843
62 25.83207 2.19167 -0.588086 7.280697 3.245524 -3.689099 -0.6704792 -0.1976828 0.2230238
63 26.37214 1.986808 -0.4943705 6.267826 3.118499 -6.590377 0.9131808 -0.4732279 0.4694435
64 25.12503 1.743829 -0.5474248 4.590219 6.917735 -16.4228 0.3394415 -1.118617 1.40307
65 28.12863 2.03892 -0.4890731 7.22377 2.798056 -16.89936 1.558477 -1.115058 1.303481
66 27.43888 1.934815 -0.4482447 6.323485 2.345323 -5.294664 -1.161725 -0.568394 0.5549215
67 25.74606 1.894899 -0.5323634 7.253703 0.3071088 -29.04876 2.495517 -1.594399 2.119687
68 25.14758 1.964229 -0.5612838 10.07653 2.149813 -22.11956 -0.7539615 -1.296259 1.697302
69 25.32856 2.17098 -0.6368588 7.225442 1.161471 -14.84438 -2.643541 -0.8043457 1.106909
70 26.12483 1.953252 -0.5248203 5.337219 2.892761 -6.301324 0.1191555 -0.4521593 0.5027101
71 26.88788 1.669645 -0.4297048 7.715623 2.63793 -5.656007 -0.2836554 -0.195836 0.270392
72 26.95216 1.823899 -0.5136144 6.803987 1.835622 -19.39364 -2.764667 -1.733404 1.821471
73 26.24028 1.771708 -0.4795451 5.380807 4.804647 -6.412171 -0.5972869 -0.585641 0.6148313
74 28.58064 1.91619 -0.4335908 12.65745 4.383801 -9.705194 -2.804783 -0.7456761 0.8413945
75 26.83078 1.877208 -0.50638 7.684527 3.245611 -6.365117 -0.9428217 -0.2543503 0.3846151
76 27.23733 2.026216 -0.4926244 6.390844 5.548174 -4.217515 -0.2354428 -0.2164054 0.2386532
77 27.39577 2.03125 -0.5225161 4.335143 1.116835 -5.159635 0.472356 -0.2262341 0.2472295
78 27.86688 1.980578 -0.4612071 11.42468 6.315523 -9.138708 -2.458823 -0.7953766 0.8380036
79 27.50643 2.121671 -0.5062895 6.868935 0.8166165 -8.044185 -0.9601609 -0.618904 0.6928318
80 26.48169 2.016686 -0.5466593 6.05225 3.360187 -29.04307 -1.761493 -1.455748 2.044032
81 26.1634 2.283485 -0.5868373 6.23263 0.9749678 -3.400043 -1.036099 -0.2406163 0.2325434
82 26.36134 2.087416 -0.5072784 7.095827 28.11426 -40.4146 -1.006505 -3.468845 3.769064
83 26.62385 1.742575 -0.4820349 8.399591 5.8387 -5.955587 -1.943794 -0.2883589 0.3835502
84 28.02196 1.906188 -0.4267472 7.232408 2.33894 -8.244007 -0.1315122 -0.5957137 0.65309
85 27.68413 1.925801 -0.472882 7.235526 0.6428762 -6.047271 -1.270794 -0.4447725 0.5103355
86 27.13267 2.092963 -0.4894773 9.068898 3.188381 -20.15407 -0.9905104 -1.146657 1.479681
87 26.29592 1.888171 -0.5014541 5.502345 2.125029 -40.5455 -0.4582705 -2.9251 3.530024
88 26.42761 2.108872 -0.5233774 6.076017 4.738642 -10.03611 -2.726899 -0.8198739 0.9524748
89 27.75971 1.877889 -0.4830757 6.895646 4.52941 -6.53014 0.03126324 -0.5389911 0.5607343
90 27.336 1.875361 -0.4790322 5.941345 3.138656 -17.25854 -4.957206 -1.41516 1.606525
91 27.33472 1.931171 -0.5096833 7.676574 1.704795 -33.37095 2.001942 -1.735947 2.270918
92 26.31573 1.978855 -0.501494 7.985917 1.335541 -4.84724 -3.130842 -0.4422685 0.4835957
93 25.64115 1.869632 -0.5273921 10.53386 0.9544134 -9.398381 -1.03249 -0.434762 0.6014593
94 25.71325 1.572684 -0.5706163 11.50247 2.900257 -18.99877 -5.105341 -1.209425 1.474601
95 25.22046 1.797121 -0.5805232 10.15041 1.202428 -21.02297 -1.845314 -1.301351 1.58969
96 27.36602 1.958364 -0.5057392 6.750617 1.574052 -23.78361 -5.497426 -1.268403 1.739448
97 27.44193 2.036354 -0.5081759 4.775191 1.363304 -3.951053 0.3263482 -0.2893868 0.2547786
98 26.95707 1.738856 -0.4699953 7.571827 0.9954789 -34.20538 3.480045 -2.619324 2.976692
99 27.25882 2.008704 -0.5063061 8.280076 1.166073 -5.640206 -1.334309 -0.3991603 0.4627338
100 28.01995 1.960514 -0.4434615 7.091156 0.6020961 -4.469849 0.4242468 -0.2402568 0.2735073
