1 0.5762999 0.120866 0.0430079 0.6712498 0.7507279 2.207156 0.9071409 0.1833823 0.2119733
2 0.9658693 0.1285374 0.04070659 2.577894 0.8558624 5.116494 1.266084 0.4413104 0.4925283
3 0.9847864 0.124961 0.04266042 1.982876 0.8743464 1.42325 0.6209177 0.1205462 0.1425608
4 0.9313043 0.1343725 0.04523329 3.349155 1.071982 6.964395 2.021338 0.4525134 0.5677564
5 0.7718589 0.1330105 0.03946562 1.573167 0.7941882 2.319647 0.9475625 0.1836961 0.2165044
6 0.9532261 0.1490157 0.06432083 1.73683 1.465652 4.973513 1.047008 0.2622777 0.3792588
7 0.9282162 0.116204 0.03218172 2.51409 0.6509155 2.104508 0.7480815 0.1563241 0.1790373
8 0.7831285 0.1596881 0.05293077 1.16344 1.105091 10.81215 1.460581 0.7046635 0.8855569
9 0.6899443 0.1220776 0.0398617 1.041521 0.7808654 3.566995 0.8466448 0.2516099 0.314351
10 0.8581509 0.138041 0.04723911 1.478314 0.9514781 1.401297 0.6672647 0.1178981 0.1291896
11 0.9914056 0.1431576 0.04129351 3.644053 0.9936033 4.204481 1.805473 0.4012637 0.4393932
12 0.7358688 0.1274713 0.04226037 0.6697654 0.8523838 1.548633 0.6316384 0.1044931 0.1369455
13 1.002394 0.1344467 0.04143055 2.41648 1.09594 4.863574 2.638472 0.549743 0.5934253
14 0.5746618 0.1169926 0.0335872 0.8480091 0.5879843 2.37336 1.176615 0.2067784 0.2306623
15 0.6862518 0.1450878 0.04823931 1.118271 0.977909 7.249108 1.112555 0.4515834 0.5415576
16 0.7888778 0.1192384 0.03671218 2.504342 0.6699121 6.104819 125.6867 0.3448478 0.4504739
17 0.8082191 0.1371652 0.045753 2.451953 0.8403731 2.550247 0.8044963 0.1427371 0.1896466
18 0.6353375 0.1598783 0.05072438 0.9701214 1.111839 4.428682 1.078271 0.3889798 0.3576585
19 0.9006822 0.1353317 0.04724168 1.101499 1.166068 4.82771 1.331238 0.3074867 0.3548874
20 0.5783939 0.1094507 0.03652577 0.9821046 0.6247163 2.100904 0.8339716 0.1254746 0.1687969
21 0.7470693 0.1311473 0.04137393 1.30102 0.8715291 9.23965 1.458152 0.6417753 0.758325
22 1.370625 0.1266016 0.03907807 9.303977 0.7652148 7.400468 1.091809 0.6952177 0.7595135
23 0.6903141 0.105556 0.03416408 2.00763 0.5375062 1.632 0.7435102 0.1301921 0.1580503
24 0.8271996 0.1542307 0.04852483 2.821786 1.028135 6.469856 1.7855 0.359007 0.4892159
25 1.018884 0.1511858 0.05337242 NaN 1.303954 2.190219 0.8381894 0.1604975 0.1987862
26 0.6983583 0.1183375 0.03737775 1.536415 0.6405881 1.385461 0.7320904 0.1218474 0.145394
27 0.883363 0.1339865 0.04513037 1.53414 1.004094 3.392167 1.080333 0.3416023 0.3500169
28 0.6738384 0.1212152 0.03617373 1.41971 0.6254025 1.738922 0.7326203 0.1494098 0.1717859
29 0.9006346 0.1205212 0.04347136 3.495079 0.7925952 1.332693 0.5626639 0.08238046 0.106772
30 0.5866192 0.1232604 0.03845115 0.9119618 0.659967 1.056523 1.00157 0.1197531 0.1191904
31 0.8854361 0.1313855 0.04447811 1.773861 0.9971634 5.329765 0.9947101 0.3420061 0.4313667
32 1.060336 0.1572934 0.04532879 4.793747 1.143004 1.726025 0.6103833 0.1248497 0.1566903
33 0.6974049 0.1107074 0.03609456 1.025162 0.6230482 1.103776 0.7158291 0.09950526 0.1125016
34 0.6657204 0.1116123 0.03921085 0.9803782 0.6597688 7.550891 1.00541 0.5035441 0.6441468
35 0.6585122 0.1504171 0.04483935 0.7909595 0.9201568 1.283498 0.6849063 0.08814669 0.1117034
36 0.7838073 0.1205231 0.04300533 1.594531 0.7961176 1.451262 0.7520616 0.119107 0.1394016
37 0.9745221 0.1655684 0.04854201 2.743123 1.10713 6.543511 1.133489 0.4733962 0.5674655
38 0.836226 0.1261739 0.05072223 1.385025 1.063366 8.353298 1.612269 0.6491471 0.7509239
39 0.9448645 0.1582552 0.04353573 2.699268 0.9797772 3.95129 0.9576635 0.275724 0.3145029
40 1.201163 0.1563183 0.05422869 8.77699 1.125587 0.9298132 0.6271328 0.08579574 0.1005744
41 0.554533 0.1165737 0.03307275 0.4664946 0.6026559 2.10645 0.9759888 0.1851732 0.2089582
42 0.6585945 0.1523028 0.04886012 1.489006 0.8985625 5.821129 1.093177 0.3891641 0.4912405
43 0.6876908 0.09286371 0.03265487 1.226453 0.5537414 1.841515 0.7800498 0.14597 0.1716571
44 0.6911225 0.1254498 0.04455468 0.9333838 0.7561714 2.431819 0.8376338 0.1628926 0.2083765
45 0.8046585 0.1445913 0.05074947 2.677264 0.9835881 8.841315 1.590181 0.6507715 0.7781865
46 0.77695 0.1541087 0.04549893 0.9828355 1.155074 4.664384 1.885816 0.5138807 0.4919025
47 0.7284899 0.1223023 0.0332345 3.092496 0.5774364 1.598559 0.754903 0.124428 0.1511994
48 0.6522275 0.1400347 0.04551588 1.081247 0.8886157 2.973146 0.9979237 0.2618528 0.2686546
49 0.749331 0.1100902 0.03895599 2.132215 0.6707307 1.599239 0.7594312 0.1239284 0.1536429
50 0.9368353 0.1280357 0.04357756 2.649743 0.8804787 3.616324 0.7483381 0.2018982 0.2703294
51 0.9762596 0.1356472 0.03991952 2.725125 0.8986752 1.583762 0.7055192 0.1385597 0.1525522
52 0.7804212 0.1035824 0.03213252 0.8533318 0.5877051 1.853767 0.7126977 0.1702865 0.1943023
53 0.6501173 0.1338983 0.0452371 NaN 0.8600771 1.146796 0.8199323 0.1126787 0.1174073
54 0.6930984 0.1119561 0.03610644 0.6736034 0.7025767 1.997578 0.6998937 0.1135396 0.1509085
55 0.643408 0.1716567 0.04562907 0.896327 0.9469556 1.563244 0.8699795 0.1173298 0.1335708
56 0.9448422 0.1331767 0.0433835 1.418964 0.735272 NaN NaN NaN NaN
57 0.8625735 0.1275308 0.04201024 1.469469 0.8564718 1.031684 0.8070814 0.09754558 0.1080214
58 1.074038 0.1411262 0.04555653 2.32484 1.206922 4.997815 1.650012 0.3256777 0.4057877
59 0.7792796 0.1539937 0.04796016 1.540869 0.9635533 1.154995 0.6329057 0.08400076 0.1035056
60 0.8646511 0.1127565 0.04298954 1.555237 0.8697025 1.522505 0.7136412 0.1055162 0.1317317
61 0.8013543 0.1239137 0.0461425 1.139834 1.019123 3.673731 1.08245 0.2929327 0.3318181
62 0.7355401 0.1659034 0.04952079 2.295375 0.9488964 1.027777 0.7247287 0.07287745 0.08902885
63 0.7060462 0.1261249 0.03905658 1.484803 0.711405 1.930728 0.8503664 0.148816 0.1585421
64 0.8217734 0.1064433 0.0399453 3.158416 0.5924859 6.48182 0.9585261 0.4163287 0.5411092
65 0.8635222 0.1362778 0.04213272 1.540085 0.9179084 8.696828 1.253686 0.534257 0.6565668
66 0.8614772 0.1229635 0.0395726 1.331741 0.7979762 1.498833 0.7461169 0.1635393 0.1671702
67 0.6067732 0.1339537 0.0610527 0.9504171 1.350244 169.1293 17.34031 8.974353 12.28976
68 0.8060416 0.1751702 0.05942384 1.618461 1.566917 5.62728 0.9637919 0.3306304 0.4420703
69 0.5749929 0.1641496 0.05172342 0.8486861 0.8875044 4.553566 1.159848 0.2365401 0.3360559
70 0.6942783 0.1199472 0.03892332 1.710268 0.681156 1.719846 0.7410838 0.1316856 0.1579468
71 0.816101 0.1073221 0.04092545 1.352277 0.8427994 1.869544 0.7746526 0.1010559 0.1387223
72 0.6953084 0.1194246 0.04406929 1.080005 0.8412023 11.10039 2.003668 1.053832 1.087366
73 0.8420257 0.1115033 0.04059331 2.817147 0.7192046 1.853648 0.7703301 0.1716883 0.1904441
74 1.334193 0.1669196 0.05390759 2.560361 1.624441 2.916389 1.162357 0.2212578 0.2538735
75 0.7886996 0.1291413 0.04445499 1.44849 0.8953344 1.730828 0.6704334 0.09449291 0.1273172
76 0.8032482 0.1252648 0.0379149 2.146848 0.7250419 1.383711 0.6778347 0.1209073 0.1432505
77 0.4741966 0.1008398 0.03051427 0.5982943 0.4604056 1.562303 0.8655457 0.1122658 0.1357356
78 1.125189 0.1633156 0.04990666 4.377225 1.501082 4.764808 1.360664 0.4132288 0.4342885
79 0.6891805 0.134685 0.04078986 0.8062146 0.8287215 2.819332 0.8907073 0.2091542 0.2456066
80 0.6184665 0.1237299 0.03834715 1.336799 0.6485888 7.4434 1.180142 0.3703908 0.5289109
81 0.5239465 0.1529029 0.04158062 0.7130071 0.7083023 1.080249 0.6962728 0.09156634 0.09934598
82 1.546038 0.1563019 0.04345033 15.0359 0.9838698 5.678616 1.145635 0.5004249 0.5432226
83 0.8806661 0.1240381 0.0460158 2.455433 0.9693667 1.601547 0.9263699 0.09881372 0.1280887
84 0.854628 0.1161824 0.03747491 1.304843 0.8343712 2.89009 0.9216548 0.2404376 0.2658174
85 0.7564661 0.1248341 0.04181875 0.7569533 0.8877251 1.704041 0.7624385 0.1244315 0.1534906
86 0.9113214 0.1536387 0.04579202 2.541026 1.10733 6.818536 1.099862 0.399792 0.5099282
87 0.6233517 0.1097749 0.03705509 1.089924 0.6086194 NaN 1.114076 NaN NaN
88 0.8285248 0.138226 0.041232 2.191538 0.7902015 3.450726 1.182306 0.2861533 0.3380229
89 0.896834 0.1252196 0.04272931 2.1549 0.8855359 1.775859 0.7230076 0.1512617 0.1608466
90 0.7606291 0.112913 0.03848735 1.495267 0.7426396 5.678046 2.086828 0.4646706 0.5369676
91 0.7306756 0.1290899 0.04355531 1.04511 0.882374 9.081683 1.171844 0.4626537 0.6171582
92 0.7490535 0.1452517 0.04720008 1.180643 0.9958843 1.680264 1.123365 0.1421531 0.1677256
93 0.6975553 0.1528281 0.05297059 0.9072089 1.167581 2.956538 0.8675279 0.1445475 0.1980606
94 0.7534263 0.1398877 0.06460728 1.658361 1.333449 8.19555 2.677833 0.5378637 0.6520625
95 0.637206 0.1534331 0.05804839 1.035033 1.171959 6.142197 1.214064 0.3742597 0.4679327
96 0.6022186 0.1181855 0.03725285 0.9183621 0.7099487 6.368689 1.766165 0.351014 0.47478
97 0.5654078 0.1095039 0.03333685 0.921596 0.5583581 1.216095 0.7642519 0.105952 0.1099813
98 0.7843496 0.1173109 0.04528551 1.444181 0.9109157 NaN NaN NaN NaN
99 0.7800795 0.1436806 0.04646412 1.023581 1.040299 1.600503 0.7197382 0.126255 0.1497302
100 0.8955137 0.1276872 0.04140418 0.7870326 0.9111721 1.225668 0.5904111 0.08712077 0.1063148
