1 0.5672801 0.1147044 0.04237412 0.6817893 0.8840133 10.85366 1.624533 0.8185111 0.1394595 0.1595783
2 0.8761306 0.1238746 0.0380886 2.323342 1.055446 6.905037 3.225102 1.045817 0.3087802 0.3319713
3 0.8632759 0.1158855 0.03738117 1.759876 0.925113 3.133182 0.9405595 0.5838074 0.09368392 0.1070648
4 0.9715834 0.1517272 0.04359042 3.404527 1.242497 36.57259 5.824083 1.971996 0.3753354 0.4789052
5 0.6152344 0.1158307 0.03430835 1.049106 0.8945271 2.415186 1.29817 0.8210241 0.1112234 0.1269897
6 0.7017337 0.1361023 0.04802133 1.24681 1.329948 1.33691 1.216818 0.6611591 0.08253366 0.1068436
7 0.9271597 0.1171343 0.0336975 2.536344 0.7866752 68.44786 2.6074 0.8091778 0.1871333 0.2163148
8 0.5828095 0.1117941 0.03612224 0.7573155 1.049737 0.7699193 1.790502 1.126592 0.1140248 0.1518311
9 0.6494764 0.1097779 0.0357237 0.9159941 0.8705917 3.91852 1.509797 0.6808799 0.1252254 0.1503368
10 0.7461238 0.1193897 0.03877315 1.463951 0.9927468 2.00826 1.165608 0.6409697 0.106605 0.1131278
11 0.8757464 0.1187016 0.04021401 2.000498 1.147091 3.315786 2.253649 1.221785 0.2112438 0.2417607
12 0.679217 0.09491152 0.03620166 0.4834955 1.010897 2.042358 1.169679 0.5992196 0.08401457 0.1064627
13 0.9405429 0.1299244 0.04068717 1.997027 1.301986 8.439836 2.823365 1.381975 0.3111687 0.3371824
14 0.5668981 0.1181187 0.03474374 0.7671921 0.7238256 19.29849 2.284006 1.162264 0.1986094 0.2220731
15 0.6596989 0.1587869 0.04324874 1.100893 1.225016 5.165808 3.205392 0.9296508 0.2285847 0.2561571
16 0.6721623 0.1010028 0.03229454 2.065464 0.7358411 2.505876 2.556648 2204.144 0.165235 0.2096802
17 0.7566354 0.1491253 0.04334445 2.305426 0.9741176 11.02689 1.629714 0.7106343 0.09893449 0.1263787
18 0.5670554 0.1290866 0.04160417 0.8925551 1.153046 1.813808 1.693191 0.890238 0.1542539 0.1404708
19 0.8225635 0.1315756 0.04262424 0.9841771 1.236384 5.201871 1.714773 0.7598136 0.1270677 0.1428933
20 0.5435865 0.1054092 0.0339669 0.939838 0.7862602 5.450383 2.340506 0.8395864 0.1289904 0.1777565
21 0.7072632 0.1260833 0.03790501 1.252416 1.041143 4.096989 4.872122 1.227794 0.3689378 0.4274522
22 1.281146 0.09991625 0.03659685 9.905033 0.876106 3.223275 5.955499 1.037539 0.5363021 0.5960485
23 0.6707981 0.1089665 0.03350749 2.12108 0.6332579 7.944538 1.545094 0.7250408 0.1226971 0.1487721
24 0.6938653 0.1338318 0.04019725 1.449045 1.06187 1.436837 2.27678 0.8883874 0.1295353 0.1776945
25 0.6445669 0.1139605 0.0363825 NaN 0.8339553 0.8524283 0.9253389 0.6994113 0.08325182 0.09393399
26 0.7099877 0.1193354 0.03810434 1.586951 0.8314472 28.63156 1.312275 0.730667 0.116168 0.1376853
27 0.8137991 0.1220825 0.04109192 1.617499 1.195061 2.87544 3.443911 1.467772 0.4170287 0.399731
28 0.5949299 0.1152217 0.0339041 1.163723 0.7424096 4.396752 1.377551 0.679576 0.1201663 0.1389961
29 0.8568403 0.110189 0.03955427 3.317392 0.8580512 8.790184 1.26892 0.558832 0.08309547 0.1051828
30 0.5139859 0.1023825 0.03163529 0.7935065 0.6571936 1.864418 0.9031334 0.9286994 0.1070334 0.1060839
31 0.761806 0.1302386 0.04041699 1.23633 1.117276 4.790747 2.668046 0.8257521 0.1775455 0.2224183
32 0.800258 0.117646 0.03773186 1.589033 1.093103 1.525295 1.170025 0.5741104 0.09149189 0.1110386
33 0.7053326 0.1133592 0.03705558 1.043017 0.8036127 43.41685 1.128805 0.7212877 0.1003022 0.1133373
34 0.7598022 0.1107558 0.04227186 1.185384 1.056257 74.55988 8.29763 1.12706 0.5705812 0.7234382
35 0.5517672 0.1087411 0.0347322 0.553367 0.8874256 1.363328 1.019726 0.6582086 0.07161946 0.08840011
36 0.7636026 0.1140005 0.04246969 1.548726 1.069354 8.281891 1.196245 0.700072 0.09717845 0.1140666
37 0.76242 0.1264866 0.03742784 2.407991 1.136233 1.357565 2.208641 0.787106 0.1774951 0.2047717
38 0.800965 0.1179964 0.04575672 1.491344 1.183383 7.197932 3.931847 0.981025 0.327601 0.3753592
39 0.8356035 0.1406873 0.03962562 2.317266 1.247102 3.82664 3.03665 0.8854397 0.2211928 0.2490634
40 0.6980719 0.1038204 0.04105512 1.505554 1.096386 1.520081 0.8983169 0.6658253 0.07857394 0.09029716
41 0.5260344 0.1090976 0.03074198 0.3589893 0.7283587 5.197246 1.587131 0.9349351 0.1442488 0.161377
42 0.6669295 0.1401797 0.04673883 1.515574 1.028018 6.636188 2.505965 0.8036843 0.1788381 0.2179577
43 0.6115525 0.08693835 0.0307611 0.9125138 0.6940962 4.254619 1.339553 0.7019358 0.108027 0.1266103
44 0.5820162 0.118269 0.03982136 0.7749035 0.8745392 3.570794 1.702897 0.7525249 0.1220972 0.150627
45 0.7708192 0.1000004 0.03769317 2.788135 1.05635 1.09401 2.809297 0.9042633 0.2114963 0.2573812
46 0.7224181 0.1461877 0.04368486 0.725044 1.257835 6.55894 2.274929 1.139547 0.2609188 0.2449948
47 0.6216726 0.123018 0.03015363 1.843625 0.7037609 2.695483 1.591039 0.7715745 0.119748 0.1435232
48 0.6428288 0.1369871 0.04446542 1.104977 1.039888 25.14667 1.928318 0.8546588 0.1667064 0.1717853
49 0.7810613 0.1159536 0.03539924 2.75748 0.8975225 2.229739 1.817024 0.7700563 0.1323421 0.1652485
50 0.8946815 0.1171864 0.04214223 2.25703 1.132023 6.236201 2.472573 0.6765908 0.1425542 0.1870313
51 0.9282371 0.1145847 0.03559563 2.829644 1.099553 3.47619 1.326183 0.6848131 0.1201329 0.1324498
52 0.6957015 0.09348748 0.02898511 0.8261295 0.6482169 4.474998 1.500925 0.6564514 0.142786 0.161666
53 0.6455748 0.1330704 0.04387577 2.060437 1.029594 13.61179 1.049249 0.7833517 0.104819 0.1088082
54 0.6471093 0.1096011 0.03391692 0.6713026 0.9017381 7.173442 1.655487 0.682824 0.09836704 0.1274456
55 0.5839686 0.1704667 0.04230482 0.896288 1.139992 3.237904 1.398514 0.8707999 0.111721 0.1228967
56 0.9110857 0.1391405 0.0421806 1.395689 0.8518827 9.879455 NaN NaN NaN NaN
57 0.8026505 0.1177621 0.03825802 1.412804 0.9413042 4.6205 0.9464765 0.8127023 0.09175365 0.1010374
58 0.8396547 0.1488485 0.03968487 1.531083 1.413795 2.206704 1.612653 0.9186167 0.1158807 0.1335583
59 0.7080428 0.1333825 0.04266496 1.418752 1.172557 2.659606 1.139343 0.6375335 0.08240366 0.1007518
60 0.835088 0.1082548 0.03853738 1.76516 0.926976 4.047795 1.1309 0.6734837 0.0902372 0.107403
61 0.7466768 0.1249277 0.04131355 0.9057314 1.142811 6.460562 1.7752 0.8261665 0.1517048 0.168232
62 0.7106732 0.1366131 0.04347733 1.355296 1.066588 2.768511 1.0328 0.726334 0.07449401 0.09065199
63 0.6849653 0.129547 0.03787586 1.632638 0.9997684 4.019489 1.533514 0.8041888 0.1283768 0.1320286
64 0.8610599 0.102778 0.03760141 3.355808 0.6820523 8.2371 4.779357 0.867866 0.2938073 0.3885964
65 0.6928055 0.1171317 0.03318478 1.171903 1.128699 1.50135 2.204127 0.7472081 0.1591223 0.1850778
66 0.8406636 0.1316923 0.03950084 1.175954 1.00017 14.16661 1.365802 0.7113018 0.1501848 0.1516154
67 0.547012 0.1210005 0.05004368 0.6549955 1.661783 4.252982 110.3947 9.413144 6.333585 8.384134
68 0.7295772 0.1585725 0.05572028 1.305722 1.563156 6.938066 4.20151 0.851181 0.2613388 0.3420222
69 0.5613306 0.155462 0.05245315 0.8287435 1.097598 16.2549 2.897707 0.8827237 0.1561552 0.2202103
70 0.5509837 0.1030091 0.03151072 0.7972476 0.7259088 1.719912 1.219811 0.6910111 0.100171 0.1157838
71 0.6538309 0.09172681 0.03089779 1.198033 0.9081733 1.337188 1.855513 0.8101383 0.09379532 0.1270885
72 0.667853 0.1199077 0.0397765 1.103388 0.9502587 7.453764 4.147105 1.127505 0.4040996 0.4173574
73 0.7718493 0.1143967 0.03950961 1.776454 0.9862754 4.059489 1.837372 0.787068 0.1605245 0.1816257
74 0.8481903 0.1334157 0.03704726 1.361033 1.318531 1.190907 0.9739788 0.7450326 0.0909343 0.09738855
75 0.6588596 0.09414595 0.03731034 1.134747 0.8674308 1.905311 1.281652 0.6295655 0.07790806 0.1003803
76 0.6699481 0.1146643 0.03329343 1.613248 0.8373909 2.179308 1.239896 0.6755969 0.1120774 0.1310177
77 0.4708107 0.1044793 0.03064937 0.5720515 0.591265 15.35578 1.523597 0.8672096 0.1092591 0.1319075
78 0.8567532 0.1362574 0.04234204 2.070945 1.706435 2.158721 4.329062 1.499303 0.3967893 0.4132551
79 0.6776407 0.1234143 0.03776367 0.7227664 0.9888493 3.962612 1.900175 0.8181129 0.1535599 0.1717354
80 0.5980215 0.1179317 0.03437385 1.516893 0.7958172 4.47403 7.504986 1.151862 0.3577427 0.5260663
81 0.4950224 0.1494522 0.03934413 0.6223142 0.8730411 5.506576 0.9847423 0.6881332 0.08692922 0.09372031
82 1.248744 0.1294487 0.0388653 8.183228 1.136032 2.367594 6.141662 1.154118 0.5865501 0.6186627
83 0.7457392 0.1183999 0.03734121 2.136337 1.074701 1.83227 1.196682 0.8543736 0.07890057 0.09847151
84 0.8492522 0.1139802 0.03672615 1.407273 0.8418306 78.95208 1.998712 0.8463024 0.1663308 0.1829265
85 0.6232951 0.1125191 0.03498851 0.6286015 1.047347 2.165059 1.278087 0.6964458 0.1010392 0.1191306
86 0.6935719 0.1269643 0.03809664 1.28004 1.128426 1.518705 1.682602 0.7046845 0.1072113 0.1318202
87 0.6214928 0.1118232 0.03709841 1.052088 0.6435207 156.6768 11.68052 1.126665 0.8896048 1.060326
88 0.7136367 0.130374 0.0386136 1.515604 0.8147407 11.06807 1.821785 0.8642311 0.1621325 0.1890351
89 0.7558202 0.1162338 0.03598435 1.58523 0.9895887 1.87634 1.233355 0.6593143 0.1077893 0.1136818
90 0.7243144 0.0982143 0.03454854 1.435914 0.8130802 3.33701 2.510234 1.177056 0.227796 0.2571298
91 0.6240709 0.11942 0.03775619 0.7940107 0.980249 3.21417 4.455044 0.8658213 0.2468191 0.3223818
92 0.6634447 0.1229861 0.04375205 0.9211451 1.271755 1.949806 1.63594 1.085138 0.1365348 0.1633107
93 0.611838 0.1186915 0.04430705 0.6765601 1.249652 2.298768 1.538275 0.698717 0.08375847 0.1090395
94 0.6465158 0.1214968 0.04658502 1.643651 1.215866 1.99413 2.053771 0.9768703 0.1438054 0.1722036
95 0.6150536 0.1250427 0.05297478 0.8010771 1.298397 4.123065 2.282905 0.8187315 0.1527009 0.1879756
96 0.6332135 0.1154455 0.03623713 1.057983 0.8995683 6.295718 5.085804 1.433536 0.2676047 0.3732808
97 0.529583 0.09733003 0.03088801 0.8876411 0.6604993 4.823771 1.191902 0.7615206 0.1046729 0.1083826
98 0.7988605 0.1213518 0.04575899 1.433221 0.9474308 56.69642 NaN 0.8381921 NaN NaN
99 0.7070067 0.138876 0.04155714 0.872649 1.320171 5.258814 1.128354 0.6418662 0.09668576 0.1114641
100 0.7360322 0.1135651 0.03566927 0.6529761 1.053554 2.334497 1.051232 0.5820669 0.07669611 0.09150564
