1 184.5803 203.4011 209.337 184.8263 208.3038 207.3171
2 191.3657 178.7021 162.8958 190.7228 172.4347 165.5149
3 163.6368 182.9913 173.8044 171.89 177.0772 178.7533
4 253.0242 191.9445 211.5334 198.9445 186.4777 200.6813
5 205.3428 189.6847 213.9492 212.4536 183.5068 204.6836
6 115.2562 147.7646 147.2508 116.5005 143.9737 136.7823
7 309.2169 242.5031 225.3731 318.397 238.25 224.427
8 164.2693 178.9413 171.7528 166.8017 183.7726 172.0614
9 244.3727 249.2635 221.3669 258.9552 246.9561 216.9136
10 149.2762 176.4707 169.265 157.5939 178.897 165.25
11 221.8492 199.3001 185.2215 230.3398 208.8275 201.1556
12 184.6339 183.5278 196.3629 197.7668 169.9862 198.8887
13 208.0512 182.1399 179.647 217.5078 179.1624 175.3849
14 535.6936 450.5624 461.5408 543.1687 456.8828 451.4994
15 183.8676 162.0315 182.463 188.0841 159.3615 181.5916
16 443.2705 403.2241 416.2006 481.6789 415.2603 403.8659
17 257.7134 245.5283 242.2103 253.1522 265.8082 243.6491
18 337.6403 342.0618 322.0216 327.2985 318.7572 321.2448
19 278.6258 254.1723 263.0462 271.1507 249.7715 268.5019
20 529.6953 570.1991 543.0453 522.3915 559.828 545.7152
21 380.2866 388.459 335.6717 397.4966 383.5131 319.4756
22 136.4395 144.5776 143.4971 138.6953 137.735 147.2433
23 250.5918 247.2117 251.127 244.9949 252.1614 251.8548
24 175.5684 202.3461 189.5517 183.1089 199.5794 186.4696
25 159.8381 136.1187 147.9349 150.7335 141.0187 138.0291
26 299.5311 312.399 295.9382 305.3627 316.0866 287.5552
27 190.7202 198.0607 186.2714 201.042 187.3699 186.6698
28 213.4166 215.2831 199.2826 207.6067 199.9976 190.7542
29 146.1462 152.2664 152.8581 140.1004 159.3229 163.0578
30 344.4433 343.5491 332.5781 340.9713 325.2832 334.8468
31 192.7053 176.832 169.2155 176.9553 168.1544 167.5647
32 123.3993 121.3055 118.5408 134.4202 126.9791 122.6771
33 302.7989 281.0517 299.1802 297.9653 282.2153 305.007
34 180.1399 209.4913 197.726 195.8488 214.1952 199.5246
35 224.2452 222.6946 219.4533 231.7341 226.0385 216.902
36 176.3763 188.0123 186.1155 183.9671 188.3955 193.2768
37 158.0978 150.072 149.0792 163.3839 144.9857 143.2036
38 154.8297 162.98 164.7319 161.2293 162.0183 165.8479
39 243.6643 206.8228 216.9537 256.543 208.2369 204.7835
40 153.7279 205.8349 199.5945 225.1606 225.4448 219.3929
41 364.1629 297.196 296.0051 364.4559 312.078 301.1139
42 174.4644 186.3953 197.5061 184.2022 186.2614 199.6653
43 311.3125 277.4285 270.426 297.6148 271.4276 276.1794
44 156.8303 165.3707 168.8147 145.7871 157.4869 170.15
45 166.7213 205.7732 207.9715 186.5246 208.2436 215.608
46 232.4644 179.1348 182.2627 227.7885 186.6075 185.577
47 351.0625 322.6754 327.5984 350.1818 322.4374 331.6902
48 249.1958 278.3092 260.9903 251.4927 281.0713 263.1983
49 295.9479 305.4306 298.9036 271.0112 298.4492 300.153
50 157.1323 168.9579 161.729 165.6691 169.9814 156.2537
51 316.308 242.3081 245.0445 351.2528 252.3591 251.993
52 240.6089 214.1392 194.0532 257.2647 214.8453 202.8503
53 176.6929 174.2748 161.9214 177.842 174.9663 165.7725
54 281.9539 246.7044 245.4495 283.5787 240.5952 235.8911
55 246.6121 213.3399 209.6692 242.5728 209.6207 210.0805
56 123.6405 114.1989 106.7107 116.5199 116.4391 106.1334
57 240.8071 235.6787 230.603 229.9957 229.0553 231.1846
58 281.544 213.2699 214.9179 280.1214 213.1723 212.9048
59 155.9772 160.5059 149.5581 157.3771 165.7058 152.4595
60 247.997 249.0233 236.4379 236.5849 233.7539 242.0959
61 265.3792 267.9993 274.3993 260.8024 258.3284 260.3251
62 144.4776 161.2122 182.4806 159.9403 161.0413 182.1521
63 343.6575 302.6947 316.4772 310.1444 299.2865 316.2734
64 127.1439 167.9422 164.1353 127.5851 167.4921 167.8156
65 209.9434 192.1679 180.9144 195.3263 188.4786 177.1191
66 237.4467 197.9697 198.5331 227.6144 199.0598 209.4965
67 216.4979 203.4872 223.0754 219.5817 208.6758 232.6007
68 152.0724 183.9737 196.9747 162.9065 193.1155 192.3169
69 158.4599 195.1026 173.1326 167.3671 190.0219 170.8981
70 206.3928 186.0666 225.0772 186.6706 194.9778 214.6825
71 383.3272 409.8719 392.617 387.3353 398.0869 383.6249
72 201.0367 194.4973 195.6107 202.9481 194.1712 195.6538
73 173.9469 175.9844 163.7758 162.275 178.0342 167.2046
74 213.5248 174.715 166.4156 223.4049 163.4142 170.4319
75 191.4349 200.3825 222.3902 208.1521 201.9812 207.0684
76 296.8626 275.6718 272.9968 299.3659 264.9141 276.0552
77 454.6744 426.8012 424.5105 441.0953 424.0555 427.3996
78 289.6002 212.4683 234.2262 268.9279 216.1473 227.0894
79 233.003 205.4589 197.0646 230.3239 205.0009 204.4945
80 334.693 298.4182 329.3422 312.531 320.3782 342.4781
81 267.6137 259.6287 241.6312 262.4385 260.9813 249.5206
82 177.1354 165.9297 184.7303 179.8354 167.2621 188.5521
83 228.8464 228.393 242.35 225.2564 225.0854 232.3965
84 316.5242 261.7947 283.9686 319.9595 260.8696 263.9542
85 220.1773 192.3402 212.8243 219.2923 199.2525 206.3062
86 197.7187 189.5869 211.1279 210.0183 195.9167 212.4883
87 245.5521 268.6407 246.1195 235.8504 262.4352 235.3398
88 195.7673 193.4027 184.2936 190.7361 184.9311 183.548
89 187.4371 174.2818 178.1615 186.0893 171.6635 181.4357
90 219.1455 221.7492 232.1666 227.3426 222.9101 225.9034
91 229.9542 235.0403 222.3858 242.544 230.6052 214.6669
92 217.3029 227.4962 203.4751 220.4171 223.3183 216.362
93 223.0916 246.7065 282.2801 253.9426 260.5334 262.8663
94 181.0885 221.5206 235.6667 194.5007 220.1402 243.5345
95 191.3412 244.1249 228.3383 194.3585 243.3542 229.1985
96 466.1534 392.1264 409.1172 464.7469 409.3021 403.8335
97 293.3085 282.0437 266.8234 295.2707 260.4725 283.8492
98 177.1969 167.5843 169.2842 169.9317 164.6999 170.5293
99 199.0603 190.9755 183.047 197.2009 175.3631 181.5408
100 203.6848 188.6313 170.0797 207.2579 180.6281 178.0081
