3 1631.434 1591.898
5 1729.673 1616.607
16 1307.002 1283.876
17 1316.384 1298.835
19 1467.877 1455.824
22 1640.167 1576.918
24 1544.321 1471.476
26 1484.5 1439.789
27 1721.407 1620.085
30 1357.569 1304.318
34 1657.848 1562.227
35 1483.827 1457.814
40 1594.466 1555.538
41 1526.398 1480.034
49 1529.775 1478.951
60 1473.056 1446.03
62 1440.748 1382.821
65 1531.959 1477.757
67 1527.184 1502.71
68 1478.741 1425.856
69 1637.19 1577.491
75 1655.878 1583.359
77 1435.718 1397.336
80 1378.046 1362.379
89 1539.236 1477.865
95 1665.293 1573.831
96 1514.888 1482.462
105 1757.332 1676.092
107 1438.782 1395.041
112 1668.161 1620.973
113 1660.07 1620.886
114 1527.348 1478.832
115 1582.012 1478.67
116 1709.554 1667.065
127 1410.528 1382.182
139 1356.057 1308.297
144 1495.236 1453.5
146 1471.867 1405.263
153 1452.073 1418.296
156 1564.296 1492.139
157 1648.729 1524.052
160 1322.433 1311.388
165 1307.806 1326.242
173 1579.653 1503.255
177 1413.084 1391.569
180 1354.835 1336.118
183 1676.242 1625.097
184 1530.126 1506.032
185 1586.977 1568.544
187 1494.157 1465.031
193 1558.636 1533.465
206 1608.991 1586.917
213 1632.528 1575.984
214 1567.602 1526.069
215 1542.848 1517.796
219 1342.79 1342.057
224 1463.041 1437.479
227 1517.275 1473.519
228 1375.942 1370.627
229 1554.43 1520.214
232 1573.777 1553.212
234 1555.887 1539.724
235 1636.345 1595.158
236 1386.331 1376.577
238 1343.816 1332.044
243 1325.532 1306.28
244 1430.21 1368.57
246 1330.17 1311.628
256 1424.059 1396.227
258 1305.289 1277.235
259 1428.042 1416.305
262 1432.769 1407.193
274 1326.572 1302.101
280 1291.568 1282.982
282 1661.675 1616.744
288 1508.622 1489.73
291 1501.312 1484.413
296 1608.226 1546.11
300 1647.56 1597.963
302 1362.694 1336.786
304 1516.742 1468.602
305 1503.582 1474.258
306 1523.404 1486.307
307 1552.092 1468.548
308 1499.46 1441.339
314 1649.455 1618.587
317 1464.136 1445.108
319 1448.041 1398.252
322 1390.162 1358.091
323 1475.117 1454.64
324 1722.049 1654.665
325 1611.414 1584.068
327 1546.772 1494.74
329 1482.003 1446.082
336 1344.549 1328.182
341 1488.515 1437.228
342 1517.191 1482.083
343 1470.72 1443.414
347 1727.748 1656.216
348 1369.758 1367.379
