3 1650.554 1611.018
5 1748.793 1635.728
16 1326.122 1302.997
17 1335.505 1317.955
19 1486.997 1474.944
22 1659.287 1596.038
24 1563.441 1490.596
26 1503.62 1458.909
27 1740.527 1639.205
30 1376.689 1323.438
34 1676.969 1581.347
35 1502.947 1476.934
40 1613.586 1574.658
41 1545.518 1499.154
49 1548.895 1498.071
60 1492.177 1465.15
62 1459.868 1401.941
65 1551.079 1496.877
67 1546.304 1521.83
68 1497.862 1444.976
69 1656.31 1596.612
75 1674.998 1602.479
77 1454.838 1416.456
80 1397.166 1381.499
89 1558.356 1496.985
95 1684.413 1592.951
96 1534.008 1501.582
105 1776.453 1695.212
107 1457.902 1414.161
112 1687.281 1640.094
113 1679.19 1640.006
114 1546.468 1497.952
115 1601.132 1497.79
116 1728.674 1686.185
127 1429.649 1401.303
139 1375.177 1327.418
144 1514.356 1472.62
146 1490.987 1424.384
153 1471.194 1437.416
156 1583.417 1511.259
157 1667.849 1543.172
160 1341.553 1330.508
165 1326.926 1345.362
173 1598.773 1522.376
177 1432.205 1410.69
180 1373.956 1355.238
183 1695.363 1644.217
184 1549.247 1525.153
185 1606.097 1587.665
187 1513.277 1484.151
193 1577.756 1552.585
206 1628.111 1606.037
213 1651.648 1595.104
214 1586.722 1545.189
215 1561.968 1536.916
219 1361.91 1361.177
224 1482.162 1456.599
227 1536.396 1492.639
228 1395.062 1389.747
229 1573.55 1539.334
232 1592.898 1572.332
234 1575.007 1558.844
235 1655.465 1614.278
236 1405.452 1395.697
238 1362.936 1351.164
243 1344.653 1325.4
244 1449.33 1387.69
246 1349.29 1330.748
256 1443.179 1415.347
258 1324.409 1296.356
259 1447.162 1435.425
262 1451.889 1426.314
274 1345.693 1321.221
280 1310.688 1302.102
282 1680.795 1635.864
288 1527.742 1508.85
291 1520.432 1503.533
296 1627.346 1565.23
300 1666.68 1617.084
302 1381.814 1355.906
304 1535.862 1487.722
305 1522.702 1493.378
306 1542.524 1505.427
307 1571.212 1487.668
308 1518.58 1460.459
314 1668.575 1637.707
317 1483.257 1464.228
319 1467.161 1417.373
322 1409.282 1377.211
323 1494.237 1473.76
324 1741.169 1673.785
325 1630.535 1603.188
327 1565.892 1513.86
329 1501.123 1465.202
336 1363.669 1347.302
341 1507.635 1456.349
342 1536.311 1501.203
343 1489.841 1462.535
347 1746.868 1675.336
348 1388.879 1386.499
