3 0.66
5 0.74
16 0.84
17 0.8
19 0.76
22 0.6
24 0.68
26 0.76
27 0.7
30 0.8
34 0.66
35 0.78
40 0.66
41 0.78
49 0.72
60 0.68
62 0.72
65 0.68
67 0.72
68 0.78
69 0.64
75 0.6
77 0.78
80 0.84
89 0.72
95 0.68
96 0.7
105 0.58
107 0.74
112 0.62
113 0.64
114 0.7
115 0.72
116 0.62
127 0.76
139 0.82
144 0.7
146 0.76
153 0.74
156 0.74
157 0.72
160 0.8
165 0.74
173 0.72
177 0.72
180 0.82
183 0.64
184 0.72
185 0.7
187 0.72
193 0.74
206 0.66
213 0.68
214 0.72
215 0.74
219 0.78
224 0.76
227 0.72
228 0.84
229 0.7
232 0.66
234 0.7
235 0.64
236 0.74
238 0.82
243 0.8
244 0.8
246 0.78
256 0.74
258 0.86
259 0.74
262 0.74
274 0.8
280 0.84
282 0.64
288 0.72
291 0.74
296 0.7
300 0.7
302 0.8
304 0.68
305 0.7
306 0.7
307 0.8
308 0.76
314 0.64
317 0.72
319 0.74
322 0.74
323 0.74
324 0.64
325 0.7
327 0.76
329 0.76
336 0.8
341 0.74
342 0.7
343 0.72
347 0.72
348 0.76
