3 1000 1000
5 1000 1000
16 1000 1000
17 1000 1000
19 1000 1000
22 1000 1000
24 1000 1000
26 1000 1000
27 1000 1000
30 1000 1000
34 1000 1000
35 1000 1000
40 1000 1000
41 1000 1000
49 1000 1000
60 1000 1000
62 1000 1000
65 1000 1000
67 1000 1000
68 1000 1000
69 1000 1000
75 1000 1000
77 1000 1000
80 1000 1000
89 1000 1000
95 1000 1000
96 1000 1000
105 1000 1000
107 1000 1000
112 1000 1000
113 1000 1000
114 1000 1000
115 1000 1000
116 1000 1000
127 1000 1000
139 1000 1000
144 1000 1000
146 1000 1000
153 1000 1000
156 1000 1000
157 1000 1000
160 1000 1000
165 1000 1000
173 1000 1000
177 1000 1000
180 1000 1000
183 1000 1000
184 1000 1000
185 1000 1000
187 1000 1000
193 1000 1000
206 1000 1000
213 1000 1000
214 1000 1000
215 1000 1000
219 1000 1000
224 1000 1000
227 1000 1000
228 1000 1000
229 1000 1000
232 1000 1000
234 1000 1000
235 1000 1000
236 1000 1000
238 1000 1000
243 1000 1000
244 1000 1000
246 1000 1000
256 1000 1000
258 1000 1000
259 1000 1000
262 1000 1000
274 1000 1000
280 1000 1000
282 1000 1000
288 1000 1000
291 1000 1000
296 1000 1000
300 1000 1000
302 1000 1000
304 1000 1000
305 1000 1000
306 1000 1000
307 1000 1000
308 1000 1000
314 1000 1000
317 1000 1000
319 1000 1000
322 1000 1000
323 1000 1000
324 1000 1000
325 1000 1000
327 1000 1000
329 1000 1000
336 1000 1000
341 1000 1000
342 1000 1000
343 1000 1000
347 1000 1000
348 1000 1000
