3 -805.7169 -785.9489
5 -854.8365 -798.3037
16 -643.5009 -631.9382
17 -648.1922 -639.4174
19 -723.9384 -717.9119
22 -810.0834 -778.459
24 -762.1603 -725.738
26 -732.2499 -709.8944
27 -850.7033 -800.0424
30 -668.7846 -642.1588
34 -818.9242 -771.1134
35 -731.9135 -718.9068
40 -787.233 -767.7688
41 -753.1988 -730.0169
49 -754.8874 -729.4755
60 -726.5282 -713.0151
62 -710.3739 -681.4106
65 -755.9796 -728.8784
67 -753.5919 -741.3549
68 -729.3707 -702.9278
69 -808.5948 -778.7457
75 -817.9391 -781.6794
77 -707.8588 -688.6681
80 -679.0228 -671.1894
89 -759.6178 -728.9326
95 -822.6464 -776.9156
96 -747.4438 -731.2308
105 -868.6662 -828.0459
107 -709.3909 -687.5204
112 -824.0803 -800.4867
113 -820.0349 -800.443
114 -753.674 -729.416
115 -781.0058 -729.3351
116 -844.7768 -823.5324
127 -695.2642 -681.0912
139 -668.0283 -644.1487
144 -737.6181 -716.7498
146 -725.9335 -692.6317
153 -716.0367 -699.1479
156 -772.1482 -736.0694
157 -814.3644 -752.0258
160 -651.2166 -645.694
165 -643.9031 -653.1209
173 -779.8263 -741.6277
177 -696.5422 -685.7847
180 -667.4177 -658.0591
183 -828.1212 -802.5483
184 -755.0632 -743.0161
185 -783.4886 -774.2722
187 -737.0783 -722.5155
193 -769.3179 -756.7326
206 -794.4953 -783.4583
213 -806.2641 -777.9921
214 -773.8009 -753.0345
215 -761.4239 -748.8978
219 -661.3949 -661.0283
224 -721.5207 -708.7395
227 -748.6377 -726.7596
228 -677.9708 -675.3136
229 -767.2148 -750.1069
232 -776.8887 -766.606
234 -767.9435 -759.862
235 -808.1724 -787.579
236 -683.1657 -678.2885
238 -661.9081 -656.0221
243 -652.7662 -643.1401
244 -705.105 -674.285
246 -655.0848 -645.8138
256 -702.0295 -688.1134
258 -642.6443 -628.6177
259 -704.0208 -698.1525
262 -706.3843 -693.5967
274 -653.2862 -641.0504
280 -635.7841 -631.4909
282 -820.8375 -798.3719
288 -744.3108 -734.8651
291 -740.656 -732.2063
296 -794.113 -763.0549
300 -813.7801 -788.9816
302 -671.3468 -658.393
304 -748.3709 -724.3009
305 -741.7911 -727.1288
306 -751.7018 -733.1533
307 -766.0459 -724.2739
308 -739.7299 -710.6694
314 -814.7275 -799.2936
317 -722.0682 -712.554
319 -714.0206 -689.1262
322 -685.0811 -669.0453
323 -727.5584 -717.3201
324 -851.0246 -817.3325
325 -795.7072 -782.0339
327 -763.386 -737.37
329 -731.0016 -713.0409
336 -662.2744 -654.091
341 -734.2574 -708.6142
342 -748.5955 -731.0414
343 -725.3601 -711.7072
347 -853.8738 -818.1078
348 -674.8791 -673.6895
