3 5.691986 5.615342
5 4.443798 4.215115
16 5.168708 5.250797
17 4.3659 4.67146
19 5.292313 5.25031
22 5.263772 5.521692
24 5.120572 5.081164
26 5.670468 5.180659
27 5.054107 4.963901
30 4.049895 3.926583
34 5.69564 5.349163
35 4.599575 4.682969
40 5.196809 5.445846
41 3.93887 4.102595
49 5.191892 5.345615
60 5.446188 5.761709
62 5.458821 4.979239
65 5.707337 5.749253
67 5.911825 5.873497
68 4.609291 4.800359
69 6.681471 6.364802
75 5.789234 5.872645
77 4.767275 4.910201
80 5.339278 5.27961
89 4.586314 4.460458
95 5.98274 6.149039
96 5.199326 5.09201
105 5.602927 5.909877
107 4.700012 4.697555
112 5.460128 5.197857
113 5.490966 5.447055
114 5.784739 5.552335
115 5.565241 5.425948
116 6.301499 6.508573
127 4.589439 4.4828
139 5.662423 5.411973
144 6.096401 5.191517
146 4.734456 4.573857
153 4.70896 4.507403
156 5.796001 5.452569
157 4.549739 4.815976
160 7.628652 7.744474
165 8.300473 8.765028
173 7.65136 7.551643
177 8.041811 7.653023
180 7.128016 7.458035
183 8.877407 9.19682
184 7.968123 8.033229
185 9.219057 9.350896
187 8.111418 8.500097
193 9.596749 9.925333
206 10.26763 10.02659
213 8.946479 8.928525
214 8.159066 7.663392
215 7.834029 7.969772
219 7.088132 7.003722
224 7.80236 7.774096
227 8.829875 8.996267
228 7.886459 7.914902
229 8.719571 8.442914
232 8.337182 8.918062
234 8.546269 8.335806
235 9.88964 10.02683
236 7.17812 6.893428
238 7.640463 7.568381
243 8.468382 8.733464
244 7.37243 7.403141
246 7.627165 8.250252
256 9.06571 8.925749
258 5.892967 6.414854
259 9.523946 9.656635
262 8.454948 8.258312
274 7.634928 7.683849
280 7.469479 7.402127
282 8.713008 8.303579
288 8.657494 9.034731
291 8.391673 8.409112
296 8.285773 8.298744
300 9.578354 9.428414
302 7.140237 7.067708
304 8.447029 8.471968
305 8.423701 8.589116
306 8.766047 8.777053
307 8.105928 7.961623
308 7.911344 7.887354
314 9.490785 9.706311
317 9.196871 9.529339
319 8.567733 8.495811
322 7.018946 7.017928
323 7.590502 8.050583
324 8.93609 8.675487
325 9.263474 9.337569
327 8.344058 8.278907
329 8.37221 7.912011
336 8.087749 7.984254
341 7.832384 8.248544
342 8.972676 9.351818
343 7.83976 8.128736
347 8.826407 8.961817
348 8.05074 8.195562
