3 0.2653209 0.2630676
5 0.2075586 0.197469
16 0.2437758 0.2460732
17 0.2090576 0.2210104
19 0.2465911 0.2442298
22 0.2482992 0.2607387
24 0.2351525 0.2339329
26 0.2599061 0.2411269
27 0.2347668 0.2318586
30 0.1904784 0.1850222
34 0.265522 0.2512125
35 0.2149357 0.2202345
40 0.2401984 0.252243
41 0.1830952 0.1910887
49 0.2381096 0.2439653
60 0.2557059 0.2700021
62 0.2541906 0.2307799
65 0.2647672 0.266726
67 0.2729242 0.2723366
68 0.2073598 0.2127745
69 0.3003243 0.2888707
75 0.2731251 0.2761285
77 0.2231488 0.2290342
80 0.2427846 0.2395171
89 0.2130159 0.2090318
95 0.2771247 0.2831723
96 0.2409675 0.2371761
105 0.2594038 0.2703237
107 0.2160131 0.2178475
112 0.2498979 0.2396474
113 0.2565871 0.2551493
114 0.2733088 0.2631869
115 0.2576648 0.2518065
116 0.2879532 0.295458
127 0.2140251 0.208607
139 0.2688906 0.2551019
144 0.2832843 0.2431958
146 0.2255391 0.2189473
153 0.2240938 0.2142626
156 0.2612248 0.2470449
157 0.2077181 0.219037
160 0.4431136 0.449448
165 0.4743488 0.4933324
173 0.4543137 0.4514378
177 0.4690338 0.4485839
180 0.4246847 0.4393538
183 0.5291902 0.5444337
184 0.4747742 0.4737703
185 0.5333563 0.5394321
187 0.4738854 0.4918543
193 0.5607318 0.5776804
206 0.5825714 0.5745397
213 0.5321793 0.5291758
214 0.484636 0.458135
215 0.4831761 0.4906358
219 0.4211681 0.4158181
224 0.4550235 0.453765
227 0.5179573 0.5264273
228 0.4662223 0.4706841
229 0.4931292 0.4840834
232 0.4984204 0.5250258
234 0.4946977 0.4875424
235 0.5987918 0.6036549
236 0.4282481 0.4206172
238 0.4541421 0.4514905
243 0.4772949 0.4893804
244 0.4378227 0.436338
246 0.4482554 0.4769403
256 0.5227376 0.5155369
258 0.3647832 0.3912433
259 0.5412537 0.5442107
262 0.5001754 0.491318
274 0.4494582 0.4504016
280 0.4341296 0.43082
282 0.5183012 0.4993626
288 0.5063523 0.5227968
291 0.4883195 0.4911218
296 0.4785999 0.4810497
300 0.5670406 0.5623363
302 0.4199796 0.4175734
304 0.4993914 0.4994696
305 0.4910312 0.49709
306 0.5038865 0.5099253
307 0.4725637 0.4640128
308 0.4665496 0.4651984
314 0.5669498 0.5755263
317 0.5217344 0.5370493
319 0.501364 0.4991843
322 0.42243 0.4209092
323 0.4563212 0.481986
324 0.5316175 0.5177336
325 0.5353194 0.5399161
327 0.4796292 0.4777402
329 0.4806238 0.4585795
336 0.4545699 0.452668
341 0.4510878 0.4701767
342 0.5068355 0.5237433
343 0.458083 0.4679327
347 0.5272861 0.531469
348 0.4616693 0.4690999
