3 0.3471894 0.06920154 0.01675138 0.720234 0.2402622 0.4795722 0.2299137 0.03092046 0.04143481
5 0.2833439 0.06931144 0.01841575 0.4648436 0.2364805 0.6314894 0.2149619 0.03224596 0.0478227
16 0.3124099 0.06194234 0.01447814 0.608522 0.1822394 0.4752417 0.2268232 0.03448605 0.04503749
17 0.3795653 0.06513764 0.01627457 0.6794265 0.2236523 0.4006666 0.270185 0.03559304 0.04451889
19 0.3046632 0.06179093 0.01685938 0.4086134 0.2353453 0.5548818 0.2267586 0.03296783 0.04603749
22 0.3395949 0.07102777 0.01710787 0.719691 0.2393944 0.5043605 0.2911873 0.03474234 0.04549937
24 0.2944174 0.06685845 0.01683473 0.2516828 0.2511929 0.5757653 0.2579203 0.03602866 0.05016509
26 0.3446408 0.06348823 0.01639339 0.5585137 0.2362057 0.5024636 0.2428908 0.03489148 0.04688496
27 0.3202938 0.06237262 0.01823743 0.4969747 0.2636347 0.591066 0.2295673 0.03131221 0.04524278
30 0.2341859 0.06237765 0.01636255 0.3020003 0.1836845 0.5389323 0.2266034 0.0340024 0.04751071
34 0.3282585 0.06817425 0.01800371 0.6285963 0.2512208 0.5896602 0.2343302 0.03269565 0.04690988
35 0.3052558 0.06074286 0.01699698 0.4657338 0.2179416 0.5465533 0.2244167 0.03383483 0.04732126
40 0.3841191 0.06437303 0.01544911 0.9133458 0.2132233 0.4911308 0.2143111 0.03312365 0.04399017
41 0.2753426 0.06327447 0.01828505 0.4496421 0.2235763 0.5455917 0.2161134 0.03105172 0.04406245
49 0.4265602 0.06345093 0.01525861 1.085171 0.2148514 0.4713803 0.2140266 0.03388547 0.0442237
60 0.3347666 0.06701742 0.01533665 0.6101668 0.2097689 0.4504643 0.2230394 0.03377813 0.0438248
62 0.3389405 0.06325917 0.01660664 0.4382939 0.2379167 0.5074005 0.3388918 0.03909552 0.05139729
65 0.321436 0.06273361 0.01506904 0.5856717 0.2003177 0.5067652 0.2161401 0.03272056 0.04417772
67 0.3915298 0.06670452 0.01657068 0.5004935 0.2633621 0.4472515 0.2209281 0.03265284 0.04227872
68 0.5754907 0.05953961 0.01562706 2.057052 0.2156903 0.6417344 0.2305961 0.03724607 0.05282414
69 0.4290289 0.06515894 0.0165483 1.244131 0.2515143 0.6150682 0.2240173 0.0340034 0.04887289
75 0.3634142 0.06657692 0.01636785 0.8222329 0.2273381 0.4987745 0.2343804 0.03451764 0.04584359
77 0.405482 0.06387231 0.0150346 1.087409 0.1973181 0.4569474 0.22393 0.03378521 0.04397006
80 0.3264084 0.0624118 0.01561216 0.5881977 0.2115623 0.499799 0.2370594 0.03474053 0.04631064
89 0.3570864 0.05889028 0.01597101 0.7582441 0.2068355 0.4373469 0.2063674 0.03237756 0.04196101
95 0.4382081 0.05833908 0.01550057 1.308764 0.2122274 0.5880793 0.2236964 0.03401893 0.0475365
96 0.3095398 0.06959109 0.01625774 0.6668399 0.1973303 0.5913685 0.2285729 0.03346002 0.04801074
105 0.3912146 0.06810988 0.01622686 0.8919614 0.2393675 0.4871552 0.2140143 0.03199363 0.04266619
107 0.4191454 0.05792375 0.01577087 1.186255 0.1974482 0.5412022 0.2418596 0.03681251 0.05055261
112 0.3328563 0.06157309 0.01770283 0.6452779 0.2409487 0.5910449 0.2407982 0.033851 0.04838282
113 0.3305769 0.0587416 0.01669522 0.5426464 0.2276701 0.5912961 0.215748 0.03449185 0.04844463
114 0.4248456 0.06275734 0.01626613 1.225904 0.2313944 0.3770819 0.207573 0.02977389 0.03738794
115 0.3173282 0.06556208 0.01707967 0.4758674 0.2481806 0.5333904 0.2305552 0.03367606 0.04628699
116 0.4033748 0.06373333 0.01547485 1.021356 0.2247144 0.6012459 0.2200502 0.03293751 0.04645213
127 0.3152797 0.0633004 0.01644487 0.5786865 0.2148681 0.420733 0.213463 0.03106274 0.04026153
139 0.2405728 0.07047469 0.01751663 0.08842086 0.2981857 0.5378691 0.2355185 0.03425946 0.04734188
144 0.3530016 0.054124 0.01442986 0.686917 0.1859824 0.429759 0.2196492 0.03521255 0.04431865
146 0.2755164 0.05881467 0.0169052 0.4598078 0.1999298 0.5480518 0.2352961 0.03350667 0.04707564
153 0.9207807 0.0595413 0.01637938 3.634577 0.2380087 0.3726729 0.2134628 0.03351135 0.041007
156 0.3613033 0.06434638 0.01668701 0.7344055 0.2475235 0.4485409 0.2244878 0.03064007 0.04032847
157 0.4028716 0.05943454 0.01679935 0.9647868 0.2301384 0.5950544 0.2200233 0.03558235 0.05011547
160 NaN 0.06434556 0.01605844 NaN 0.2538935 0.5626913 0.2967412 0.04105323 0.05608153
165 NaN 0.0692101 0.01512194 NaN 0.280606 0.5118572 0.2533242 0.03724851 0.04970754
173 0.3298289 0.06055348 0.01714951 0.6105631 0.219877 0.5783538 0.2246103 0.03358169 0.04790686
177 NaN 0.06454123 0.01642004 NaN 0.2477113 0.4669717 0.2327583 0.03662297 0.04781242
180 0.4073616 0.06778566 0.01646784 0.9547198 0.2280327 0.5110257 0.233565 0.03518734 0.04718607
183 0.5960947 0.07010951 0.01814146 2.070328 0.2725119 0.4733253 0.2045925 0.03079341 0.04082017
184 NaN 0.06725589 0.01777029 NaN 0.3424764 0.4449536 0.2242699 0.0327836 0.04276839
185 0.4344058 0.0610156 0.01621467 0.9536446 0.2562367 0.6988817 0.2361586 0.03863768 0.05576794
187 0.3368474 0.07708849 0.01714558 0.5899855 0.2435819 0.3912603 0.2167952 0.02877665 0.03690588
193 0.4924586 0.08450289 0.01682056 1.215641 0.2722321 0.5277995 0.2136244 0.03273829 0.04438427
206 NaN 0.06320599 0.01527944 NaN 0.2703682 0.6616972 0.2276283 0.04152868 0.05810353
213 0.4726584 0.06732896 0.01714787 1.187118 0.2452287 0.4429748 0.2156498 0.03363593 0.04328551
214 0.5502161 0.05960643 0.01800002 1.822378 0.2495733 0.4356178 0.2151384 0.03214732 0.04191853
215 0.3059343 0.07576124 0.01893368 0.5539795 0.2548063 0.5371411 0.2267953 0.03005043 0.04334792
219 0.3419022 0.0602225 0.01780709 0.5714356 0.2736416 0.5221164 0.2285265 0.03399202 0.04623872
224 0.3225306 0.06535368 0.01730219 0.5884118 0.2309933 0.4987085 0.2194499 0.03164125 0.04321541
227 0.4279063 0.06438637 0.01589167 1.05728 0.2124465 0.4802545 0.215593 0.03403617 0.04482266
228 0.5297683 0.07881951 0.01784644 1.523961 0.3138329 0.4223047 0.2435446 0.03306924 0.04271373
229 0.2864756 0.06224971 0.01760626 0.4232514 0.2374332 0.6050189 0.2223543 0.03132491 0.04574591
232 0.3867209 0.06984701 0.01784091 0.838168 0.2568063 0.5955267 0.2215355 0.03534243 0.04995679
234 0.3469294 0.06764292 0.01716496 0.7600585 0.2289647 0.4750401 0.2085917 0.02997539 0.04051257
235 0.3413461 0.07198271 0.01696094 0.5592759 0.2434062 0.594977 0.212361 0.03218475 0.04564659
236 0.3444538 0.06550839 0.01698539 0.7146264 0.2120111 0.436699 0.2375788 0.03408752 0.04470369
238 0.2852239 0.07453308 0.02033329 0.1297869 0.3702183 0.6125606 0.2520396 0.03523258 0.05167726
243 NaN 0.0622197 0.01505464 NaN 0.2818861 0.766661 0.2629233 0.04413237 0.06449208
244 NaN 0.06111515 0.01642664 NaN 0.2679536 0.5558748 0.2356682 0.0351936 0.04881057
246 NaN 0.06154113 0.01496487 NaN 0.2082762 0.650872 0.2405898 0.03911919 0.05602328
256 0.3540517 0.08129156 0.01774823 0.5282362 0.2860839 0.5165132 0.282724 0.0341824 0.0467979
258 0.3387424 0.06641721 0.01824945 0.7082704 0.2252297 0.5226927 0.2533075 0.03490574 0.04840966
259 0.3697358 0.07083132 0.01658412 0.4555635 0.2797636 0.5118446 0.2220472 0.03327233 0.04504405
262 0.4964291 0.08114813 0.0181776 1.535739 0.3130006 0.4632303 0.2303938 0.03250926 0.0434095
274 0.3390464 0.07171782 0.01671875 0.5553854 0.2656405 0.4885366 0.2355272 0.03546866 0.04707858
280 0.4528311 0.06097457 0.01611237 1.330369 0.211223 0.5235573 0.2531857 0.0359157 0.04908924
282 0.3632272 0.06307564 0.01745575 0.7079017 0.2363686 0.4941805 0.2063211 0.03158545 0.04286714
288 0.4187324 0.07227988 0.01816668 0.8688444 0.2862977 0.4641357 0.258581 0.03444767 0.04508614
291 0.3985582 0.07191162 0.01824749 0.845533 0.2758379 0.4818229 0.23865 0.03281452 0.04404406
296 0.3600375 0.06281468 0.0175538 0.786791 0.233893 0.4937652 0.2087569 0.0303123 0.04146573
300 0.3824647 0.07407833 0.01803522 0.773116 0.2641408 0.5406772 0.2257599 0.03196654 0.04408825
302 0.3524781 0.06756123 0.01776185 0.6326226 0.2489527 0.4474306 0.2413781 0.03364233 0.04406442
304 0.333206 0.06387107 0.01706366 0.6649555 0.2226626 0.5729106 0.2497926 0.03600994 0.05035875
305 NaN 0.06626293 0.01618566 NaN 0.272246 0.4799407 0.2336068 0.03524183 0.04636884
306 0.3675895 0.07356372 0.01712292 0.7269112 0.2471899 0.4144025 0.2122633 0.03007375 0.03882647
307 0.3124537 0.05668069 0.01604925 0.5043841 0.2065991 0.5952771 0.2207638 0.03502059 0.04922197
308 0.4028467 0.0612598 0.01658026 0.9711595 0.2209408 0.5293499 0.2171512 0.03429416 0.04694392
314 0.2954552 0.07011608 0.01861114 0.4272501 0.2620042 0.5259522 0.2302956 0.03139825 0.04339419
317 NaN 0.06967282 0.01612674 NaN 0.3048049 0.5296759 0.2516022 0.03649495 0.04910484
319 0.4028323 0.06712065 0.01614383 1.040216 0.216409 0.5806432 0.2237098 0.033955 0.047794
322 0.2760878 0.06492495 0.01707066 0.4840984 0.2024776 0.5355416 0.2289565 0.03262479 0.04599693
323 0.4033194 0.07036465 0.01711909 0.9927585 0.2368308 0.4282592 0.222968 0.0321791 0.04147953
324 0.4032384 0.06845586 0.01871808 0.7913449 0.2815367 0.4899517 0.2134749 0.03220826 0.04323711
325 0.4908596 0.06867942 0.01738732 1.355841 0.2644825 0.5582967 0.237854 0.03330056 0.04608606
327 0.7071953 0.06292662 0.0167017 2.529794 0.2522905 0.4596026 0.2113396 0.03180841 0.04207441
329 0.4517483 0.0614858 0.01684659 1.143623 0.2598817 0.5359511 0.2234812 0.03560971 0.04843003
336 0.3527874 0.06215381 0.01638913 0.6384677 0.2787693 0.5290965 0.2220791 0.03483341 0.04716802
341 0.3963736 0.06431731 0.01707371 1.049657 0.2300768 0.5208414 0.217269 0.03155675 0.0435167
342 NaN 0.06179597 0.01579327 NaN 0.2511634 0.5946567 0.2472806 0.03800766 0.05273347
343 1.675466 0.05863977 0.01635523 8.273215 0.2274959 0.5058842 0.2284787 0.03421465 0.04647496
347 0.3605591 0.06172398 0.01807597 0.6528801 0.2605145 0.6914977 0.2226623 0.03312209 0.04922616
348 0.3945945 0.08083019 0.02139703 0.1521973 0.4770106 0.4217161 0.2366458 0.0310656 0.0402933
