3 28.09207 2.303733 -0.5183476 3.357501 2.721678 -3.368907 -1.621304 -0.07440623 0.2331913
5 26.79693 2.194479 -0.5566922 3.317263 1.630786 -4.688033 -0.5412526 -0.0678607 0.263319
16 27.89508 2.371094 -0.5192456 2.486974 2.320061 -3.533655 -0.238657 -0.1052126 0.2716014
17 27.18846 2.196584 -0.4704901 3.067907 2.110379 -2.347041 -2.104737 -0.09024846 0.2594116
19 28.10722 2.100144 -0.5030962 3.304463 1.274166 -4.556204 -0.3720047 -0.1017193 0.2961592
22 27.74736 2.323494 -0.5312811 3.391739 2.866942 -3.140395 -3.153757 -0.05833519 0.2378781
24 28.04725 2.226524 -0.5000788 3.339896 0.726911 -4.070316 -2.034863 -0.1104404 0.3131224
26 28.07425 2.17656 -0.4842828 3.257068 1.79342 -3.639962 -1.559674 -0.1079313 0.2911874
27 27.73723 2.01531 -0.504604 3.688313 1.692813 -4.404732 -1.304469 -0.06884138 0.2641604
30 26.69398 2.211297 -0.5642351 2.530801 0.9768911 -4.064394 -0.2157798 -0.0918299 0.2834009
34 27.45932 2.171313 -0.5275188 3.578723 2.212149 -4.378655 -1.406454 -0.09046981 0.2909522
35 27.30437 2.073504 -0.5135791 3.038442 1.652221 -4.164052 -0.7857552 -0.1062312 0.2966389
40 27.99396 2.286204 -0.4996948 2.977094 3.347969 -3.448588 -0.8758322 -0.09424186 0.2445436
41 26.77886 2.063405 -0.5606063 3.164668 1.556632 -4.278688 0.06835886 -0.07364507 0.2561968
49 28.02589 2.284132 -0.4834618 2.922182 3.52877 -3.468153 -0.5004657 -0.1046857 0.2549852
60 28.46679 2.379183 -0.5142188 2.925406 1.974577 -2.959501 -1.409258 -0.1334991 0.2770193
62 28.01544 2.132396 -0.4779661 3.258315 1.338596 -3.094238 -3.389689 -0.1027067 0.3093369
65 28.17349 2.317814 -0.5066796 2.780712 1.997612 -3.920472 -0.5605298 -0.1104404 0.2747245
67 29.18596 2.184753 -0.4639255 3.509965 1.433231 -3.039916 -1.224995 -0.1018922 0.2453723
68 27.20435 2.156117 -0.4931289 2.936702 5.33555 -5.213778 0.3016703 -0.1248015 0.3303872
69 28.82569 2.225556 -0.5119953 3.539798 4.415682 -4.937244 -0.8940939 -0.161269 0.3524204
75 27.83988 2.274266 -0.5122085 3.210256 3.13857 -3.55178 -1.83988 -0.1228777 0.2883334
77 27.27416 2.323718 -0.5081664 2.644184 3.867433 -3.126313 -0.964506 -0.08542841 0.2425149
80 28.3557 2.240682 -0.5079648 2.988374 2.216724 -3.459242 -0.9722393 -0.08269006 0.2580223
89 27.3307 2.108262 -0.4955322 2.911785 2.648662 -3.304781 -0.0283423 -0.09352761 0.233874
95 28.13443 2.148515 -0.5036511 2.951755 4.718793 -4.414849 -0.9574195 -0.1017055 0.2825432
96 27.16024 2.409062 -0.5657754 2.764955 2.507394 -4.423562 -1.093638 -0.09853052 0.2968144
105 28.31246 2.305043 -0.4931918 3.377689 3.249193 -3.657213 -1.067587 -0.125037 0.2689907
107 26.91746 2.108909 -0.5082131 2.744547 3.937342 -4.017022 -1.460235 -0.1366745 0.3346548
112 27.7289 2.032164 -0.5190764 3.421811 2.375824 -4.322267 -1.919081 -0.1105407 0.3048134
113 27.70323 2.029015 -0.4880039 3.195693 1.988119 -4.440146 -0.7318038 -0.09651957 0.2777517
114 28.00914 2.183006 -0.5033358 3.244696 4.492788 -2.192507 -0.8945879 -0.07357495 0.1875586
115 28.24746 2.181456 -0.504937 3.433511 1.531299 -4.142005 -1.112188 -0.1165381 0.3030722
116 28.7159 2.279027 -0.4936043 3.187955 3.974444 -4.932972 -0.711284 -0.1153567 0.299046
127 27.28486 2.190893 -0.517402 2.956371 2.03509 -2.970445 -0.2775764 -0.0850528 0.2285011
139 28.15907 2.280461 -0.5310781 3.471437 3.85843e-07 -4.027513 -0.5187514 -0.09750794 0.2882245
144 27.86524 2.111767 -0.470981 2.530688 2.214829 -2.624366 -1.433201 -0.08633274 0.2222539
146 26.9976 2.05829 -0.5459459 2.812664 1.706715 -3.970181 -1.254612 -0.09123345 0.2887708
153 26.54811 2.029731 -0.4426384 3.110357 5.378972 -2.164116 -0.8285891 -0.05000453 0.1753461
156 28.36732 2.18859 -0.4994003 3.427171 2.590775 -3.159182 -1.075885 -0.06388438 0.218071
157 27.35868 2.039508 -0.4902957 3.196142 2.719169 -4.694482 -0.1888732 -0.1055475 0.2969125
160 26.92826 2.181762 -0.4884412 2.89546 4.122498 -3.572022 -2.240812 -0.1345875 0.3403318
165 27.5382 2.27391 -0.4854426 2.623779 6.418961 -3.278273 -1.67265 -0.1336574 0.3026256
173 26.93786 2.058114 -0.5168377 2.97394 1.769997 -4.280569 -1.014971 -0.08760726 0.2825256
177 26.74756 2.018197 -0.4764868 2.788171 4.237682 -3.005099 -1.569524 -0.129103 0.2893246
180 27.32866 2.240241 -0.5048319 2.836113 2.631591 -3.620002 -0.6532774 -0.07858251 0.2578197
183 26.76244 2.105471 -0.4864793 3.430249 4.801802 -3.639786 -0.1075721 -0.08647847 0.2278204
184 26.74483 2.077089 -0.4643005 3.532317 4.217139 -3.080639 -1.294838 -0.09746978 0.2511963
185 27.78528 2.060367 -0.4640479 2.994123 2.079862 -5.527667 -1.141777 -0.1102172 0.3384231
187 27.99484 2.427459 -0.5323556 3.38128 1.902074 -2.448036 -1.083257 -0.073045 0.2021083
193 28.67867 2.503452 -0.4996506 3.273865 3.168277 -4.052564 -0.2691029 -0.1083407 0.2664356
206 25.92391 2.141792 -0.4552934 2.86889 15.65559 -4.796532 -0.8276297 -0.1601606 0.3480355
213 27.19162 2.093713 -0.4727416 3.147371 3.447297 -2.917569 -1.28388 -0.08740657 0.226509
214 26.0721 1.919787 -0.4899009 3.136607 4.484052 -2.692901 -1.238094 -0.06759593 0.2086963
215 26.95565 2.283257 -0.5651759 3.573811 1.836754 -4.002675 -1.008022 -0.07680571 0.265291
219 27.25297 1.961205 -0.4874363 3.280634 1.477027 -4.203107 0.1429273 -0.09134033 0.2799504
224 27.58716 2.16349 -0.533507 3.177892 1.908974 -3.674767 -0.686001 -0.09044187 0.2597895
227 27.54723 2.22532 -0.496644 2.84092 2.671197 -3.418622 -0.8462069 -0.1129213 0.2676056
228 27.26554 2.33105 -0.4924905 3.491069 3.136331 -2.746332 -1.455954 -0.09026854 0.2507619
229 27.91738 2.066057 -0.5391342 3.199984 1.344051 -4.473296 -0.888296 -0.07152506 0.2638509
232 27.42847 2.176514 -0.5125732 3.424637 2.485073 -4.68783 -0.7808718 -0.1384807 0.3338431
234 27.58892 2.232529 -0.5397145 3.202423 2.742475 -3.414658 -0.4659175 -0.07414446 0.2214626
235 28.02244 2.33151 -0.51974 3.196404 1.717798 -4.847967 0.2513823 -0.09519039 0.2707377
236 26.58768 2.184362 -0.5264554 2.908629 2.309151 -2.75326 -1.638823 -0.0958238 0.2587313
238 27.79651 2.125845 -0.5237767 4.279385 4.76244e-08 -4.29448 -1.119893 -0.1331388 0.3468291
243 27.47094 2.245325 -0.4854087 2.755417 6.182932 -5.380317 -1.050154 -0.1681831 0.4071348
244 24.63212 2.065244 -0.5021632 2.739108 15.58025 -3.904321 -0.7476945 -0.09242229 0.2817343
246 26.86489 2.233597 -0.5150135 2.463748 6.513289 -4.900533 -0.5830443 -0.1533469 0.3670725
256 28.77149 2.458791 -0.519373 3.762937 1.411874 -3.522271 -2.323265 -0.1187231 0.3130642
258 26.33295 2.125727 -0.5515827 3.012662 2.044402 -3.574013 -1.110018 -0.07911946 0.2811804
259 29.5065 2.262929 -0.5015969 3.164802 0.9407657 -3.662265 -0.7926966 -0.1227926 0.2808049
262 27.34816 2.253036 -0.5052334 3.264697 2.805084 -3.027596 -1.219971 -0.09001799 0.2479076
274 28.21096 2.313874 -0.5177303 3.0324 1.428315 -3.17197 -1.072373 -0.09860665 0.2644117
280 27.27732 2.152685 -0.5302706 2.608054 3.862895 -3.2169 -1.515162 -0.0902082 0.2700562
282 27.0521 2.059417 -0.4985261 3.24381 2.375685 -3.687032 -0.4627197 -0.08744182 0.2387113
288 28.11344 2.179746 -0.493374 3.792499 2.731208 -2.900189 -2.194709 -0.1012753 0.2653662
291 27.76784 2.186286 -0.5094825 3.616975 2.613193 -3.185101 -1.575915 -0.08623327 0.2521081
296 27.27332 2.072889 -0.522747 3.239095 2.567064 -3.735812 -0.1700502 -0.07250756 0.228274
300 27.47711 2.265867 -0.5211498 3.459796 2.546549 -3.84049 -1.318884 -0.06365332 0.2387521
302 27.22677 2.134615 -0.5188843 3.116366 1.797926 -2.873733 -1.40386 -0.06723663 0.2354224
304 27.30364 2.142761 -0.5315736 3.004817 2.18675 -4.108377 -1.961725 -0.1157747 0.3181323
305 26.48174 2.151314 -0.4732664 3.016181 8.492218 -3.314564 -1.412216 -0.1143181 0.2774723
306 27.9681 2.342663 -0.5167646 3.363426 2.297709 -2.846943 -0.8223439 -0.1009047 0.2353487
307 27.53556 2.045238 -0.5072811 2.707331 1.507194 -4.524587 -0.3814134 -0.06453234 0.2574409
308 27.03082 2.088848 -0.5055652 2.861219 2.685781 -4.03227 -0.1861127 -0.09188064 0.2665799
314 27.43034 2.170164 -0.5419239 3.492061 1.332538 -3.460698 -1.875143 -0.07955347 0.2415881
317 27.09622 2.203175 -0.482338 3.04173 9.414073 -3.493833 -1.872837 -0.1148595 0.2897034
319 27.63373 2.316521 -0.5359672 2.834161 2.822666 -4.584259 0.05310863 -0.10221 0.2900241
322 26.9974 2.202047 -0.5744834 2.741484 1.661566 -3.745201 -0.9965365 -0.0929326 0.2782926
323 27.38847 2.251775 -0.518776 3.232524 3.221145 -2.685668 -1.219305 -0.0815207 0.2249396
324 27.21385 2.056023 -0.48199 3.83591 2.308128 -3.524809 -0.8843964 -0.07263967 0.2269923
325 27.55659 2.159183 -0.4835835 3.432895 3.36277 -4.191527 -1.459714 -0.08257182 0.2717949
327 27.10304 2.137551 -0.4968641 3.152336 4.469551 -3.438576 -0.3994124 -0.09640229 0.2457715
329 27.45281 2.054342 -0.485863 3.130987 2.080058 -3.821895 -0.8268309 -0.1057836 0.2813088
336 28.47234 2.123183 -0.5047239 2.897988 1.609288 -4.006275 0.150439 -0.1116011 0.2789752
341 27.70221 2.174266 -0.5436345 3.053928 3.262839 -3.959289 -0.2329292 -0.09529925 0.261981
342 26.92612 2.078518 -0.4690512 3.03033 10.43255 -4.496847 -1.533624 -0.1478477 0.3482048
343 26.17472 2.043982 -0.4999359 2.880299 9.457674 -3.672168 -1.083184 -0.114854 0.2885329
347 27.46493 1.984746 -0.4925872 3.52611 2.097917 -5.487153 -0.4308011 -0.05223663 0.2696495
348 28.83056 2.240168 -0.5057038 4.543827 5.310355e-07 -2.709399 -1.342849 -0.09165525 0.2431274
