3 28.47835 2.297991 -0.5110883 1.314592 1.19662 2.223214 -3.443473 -1.596385 -0.08277024 0.2420179
5 27.06088 2.564875 -0.5916948 0.6137291 0.4359458 2 -4.903391 -0.6039647 -0.06971164 0.2732571
16 27.71524 2.620702 -0.5444051 0.9258983 0.9602494 2 -3.418063 -0.2919465 -0.09628776 0.2606743
17 26.34961 2.346598 -0.4990209 1.437877 1.942136 2.218207 -2.233813 -2.132844 -0.07429757 0.2431288
19 28.2038 2.396733 -0.5274601 1.096577 0.5556513 2 -4.239298 -0.3116579 -0.08869764 0.271139
22 27.76853 2.234946 -0.5171766 1.256736 1.295903 2 -3.291256 -3.201573 -0.0669872 0.253266
24 27.94933 2.453456 -0.5256578 1.015185 0.2164898 2 -4.168405 -2.067334 -0.1136307 0.3206816
26 28.41005 2.357026 -0.4913825 1.188113 1.308134 2 -3.973638 -1.537251 -0.1310924 0.3226959
27 27.8727 2.124711 -0.517888 0.5526751 0.3375686 2 -4.409609 -1.336241 -0.06577125 0.2613488
30 26.76038 2.45102 -0.5873491 0.7183542 0.6235848 2 -4.25417 -0.2338792 -0.1003867 0.2980649
34 27.64663 2.408134 -0.5503948 0.5498634 0.7235392 2 -4.69426 -1.372317 -0.1030354 0.3116252
35 27.41353 2.214857 -0.5280772 1.127089 0.7937603 2 -4.3198 -0.839801 -0.114666 0.3111053
40 27.79469 2.464149 -0.5141719 1.097634 1.137684 2 -3.341839 -0.8542216 -0.08615553 0.2332447
41 26.88188 2.204026 -0.5797344 0.8534683 0.6427411 2 -4.467626 0.1242831 -0.07939892 0.2682638
49 28.0611 2.493254 -0.4926403 0.9054623 1.020363 2 -3.385314 -0.5639412 -0.1061335 0.2543245
60 28.34156 2.483714 -0.521247 1.268023 1.435538 2.025184 -2.720137 -1.409623 -0.1220223 0.2588138
62 28.32266 2.434196 -0.5024986 1.190476 0.6735286 2 -3.137632 -3.374585 -0.118188 0.3222418
65 28.10431 2.411247 -0.520404 1.150942 1.182388 2.008968 -4.018124 -0.6044519 -0.1156103 0.2839085
67 29.16137 2.393261 -0.4866263 1.614994 1.05638 2.231191 -2.900249 -1.266932 -0.08758489 0.2282027
68 27.13659 2.566527 -0.5278051 1.013461 1.583245 2 -4.674371 0.3349746 -0.0997875 0.2879981
69 28.6681 2.593281 -0.5441219 1.265282 2.090887 2 -5.296283 -1.010358 -0.1769091 0.3799885
75 27.81718 2.377882 -0.5314146 0.8111847 0.8200556 2 -3.534564 -1.789407 -0.1145042 0.2799204
77 27.3299 2.436292 -0.514967 1.255402 1.849534 2.406147 -2.944793 -0.9999394 -0.07736795 0.2297622
80 28.49111 2.318075 -0.5242899 1.1462 0.8684491 2 -3.804228 -0.9891327 -0.09340904 0.281532
89 27.34151 2.328381 -0.5172089 0.7774927 0.8740822 2 -3.449932 -0.001606135 -0.0964907 0.2417261
95 28.20514 2.452575 -0.5305737 0.6403673 0.8633045 2 -3.923407 -0.9324889 -0.07909261 0.243582
96 27.41073 2.658313 -0.5818111 1.143236 1.001585 2 -4.75063 -1.141789 -0.1189193 0.3271723
105 28.34756 2.379749 -0.5059789 0.9442498 0.7325421 2 -3.507444 -0.9937257 -0.1170845 0.2553848
107 26.94348 2.262308 -0.5174828 1.121502 1.990713 2.003048 -4.048166 -1.504318 -0.1476343 0.3462426
112 27.96254 2.278834 -0.5341716 1.090972 1.137564 2 -4.521529 -1.892875 -0.1316913 0.3299863
113 27.70303 2.229796 -0.5019467 1.051063 0.8093151 2 -4.473589 -0.771164 -0.1012236 0.2836295
114 28.19204 2.45859 -0.5135698 1.154833 1.43264 2 -2.294699 -0.8874516 -0.0826927 0.1991869
115 28.71607 2.355261 -0.5074482 0.7377114 0.3535278 2 -4.02477 -1.042564 -0.1206515 0.300239
116 28.73912 2.456841 -0.5076918 1.301053 1.469995 2.166483 -4.673619 -0.6659826 -0.1038571 0.2794471
127 27.28609 2.545485 -0.5435986 1.270049 1.084038 2 -2.929171 -0.271299 -0.0799852 0.2217666
139 28.50302 2.416363 -0.5663856 1.359667 1.918855e-07 2 -4.133438 -0.5198146 -0.09128243 0.2852545
144 28.26369 2.439276 -0.4939039 1.211328 1.422321 2.435962 -3.120004 -1.417676 -0.1173064 0.26596
146 26.97583 2.344761 -0.5755931 0.7717921 0.5101568 2 -4.044318 -1.159397 -0.09187334 0.2894686
153 27.11746 2.43312 -0.4683723 1.307326 1.662961 2 -2.369824 -0.7638027 -0.07162183 0.1997318
156 28.64176 2.470638 -0.5189922 0.9563801 0.9730963 2 -3.308654 -1.004792 -0.07373343 0.2302852
157 27.02425 2.156466 -0.5075151 0.4915259 0.7379065 2 -4.503287 -0.2252137 -0.09675671 0.2835352
160 27.13392 2.233528 -0.4915829 1.692322 2.250582 2.702021 -3.622697 -2.297371 -0.1330748 0.3422927
165 27.86104 2.275598 -0.4856646 2.000827 3.463879 4.818483 -2.96883 -1.63789 -0.1114637 0.2712554
173 26.74273 2.180033 -0.5150318 0.7870673 1.139468 2 -4.307117 -1.027214 -0.0970407 0.2926763
177 27.38427 2.37135 -0.5109536 1.301678 1.513719 2.196143 -2.846174 -1.595773 -0.111994 0.2679004
180 26.97306 2.238484 -0.5004353 1.19468 1.314965 2 -3.509564 -0.6030239 -0.07015398 0.2463739
183 27.00692 2.241215 -0.4998014 1.383458 1.420394 2.055944 -3.388229 -0.1305069 -0.0780014 0.2117126
184 27.44309 2.346793 -0.5016425 1.589441 0.9101966 2.311523 -2.973007 -1.213812 -0.0860934 0.2354828
185 27.55341 2.127481 -0.4607194 1.745691 1.591028 3.691918 -5.300825 -1.043557 -0.1022874 0.3210073
187 27.58001 2.578578 -0.5506454 1.450302 0.9717805 2.023566 -2.698913 -1.156466 -0.08875934 0.2283334
193 28.40222 2.48092 -0.4993377 1.31337 1.613923 2 -3.852086 -0.294018 -0.1018166 0.2550204
206 25.80188 2.240484 -0.4611863 1.838124 11.47378 3.780794 -5.294121 -0.8322153 -0.1777493 0.3814562
213 26.83081 2.373095 -0.5032168 1.129725 1.579664 2 -2.768757 -1.243011 -0.07417929 0.2076476
214 26.69457 2.311654 -0.5388446 1.004418 1.192612 2 -2.759944 -1.2493 -0.06414522 0.2067774
215 27.01799 2.324687 -0.5630262 1.263082 0.7531072 2 -3.769244 -1.018572 -0.06850207 0.2495672
219 27.27424 2.148579 -0.5032276 1.810927 0.9452142 2.717475 -3.954852 0.1198911 -0.08557153 0.2648663
224 27.67677 2.317596 -0.5443571 1.199827 1.020177 2 -3.595328 -0.6793732 -0.08724731 0.2535943
227 27.13917 2.347761 -0.5035724 1.204325 2.048438 2.251951 -3.454414 -0.9089225 -0.119443 0.2767569
228 27.26169 2.330582 -0.491974 2.2383 3.045621 3.461781 -2.918801 -1.538497 -0.100838 0.2681064
229 28.19452 2.226733 -0.5394278 1.332253 0.9924879 2.250397 -4.73713 -0.8600488 -0.08976909 0.2887761
232 27.1454 2.149321 -0.5208298 1.587346 1.198269 2.429857 -4.295065 -0.8784375 -0.1174055 0.30405
234 27.6914 2.320196 -0.538243 1.355796 1.305575 2.045317 -3.613174 -0.4843624 -0.08784569 0.2409386
235 28.06656 2.374629 -0.5303691 1.449475 0.732861 2.383943 -4.746683 0.250009 -0.0902933 0.2630331
236 26.53909 2.328419 -0.5362739 1.165013 2.01364 2.031691 -2.844764 -1.707266 -0.09701537 0.2639475
238 27.93096 2.230437 -0.5427797 1.86082 2.713211e-08 2 -4.065189 -1.10897 -0.1213388 0.3266694
243 27.53987 2.311972 -0.4946997 1.421394 3.271126 2.615686 -5.215445 -1.241697 -0.1648209 0.4021259
244 26.28505 2.521993 -0.5314845 0.7157973 1.656086 2 -3.573983 -0.7692346 -0.08134638 0.2593845
246 26.94278 2.397454 -0.5483652 1.397173 2.521264 2.955262 -4.47621 -0.659642 -0.1190741 0.3237073
256 28.9557 2.56838 -0.5274002 1.435758 0.6629796 2 -3.544071 -2.348918 -0.1186078 0.3136028
258 25.80611 2.059486 -0.5398792 0.8237351 0.8795862 2 -3.26894 -1.125039 -0.06172742 0.2561701
259 29.21299 2.370489 -0.5291518 1.804836 0.6092267 2.952902 -3.606923 -0.7958091 -0.1075267 0.2662242
262 27.66779 2.335541 -0.5250526 1.456994 1.944261 2.223907 -3.298378 -1.199273 -0.1019312 0.2677944
274 28.3821 2.269125 -0.5082382 1.352144 0.7998309 2.078526 -3.077029 -0.9973877 -0.09949461 0.2608149
280 27.57456 2.380105 -0.5571142 1.317757 1.392555 2.17429 -3.09371 -1.44886 -0.07816288 0.2526662
282 27.3604 2.324492 -0.5221751 1.195296 1.269146 2 -3.942865 -0.4327013 -0.1005486 0.2583254
288 27.96343 2.276797 -0.5073103 1.658916 1.136466 2.12101 -2.622547 -2.124938 -0.07639213 0.2317646
291 27.49622 2.480147 -0.5224079 1.428961 1.356878 2 -3.021109 -1.479997 -0.0803013 0.2387938
296 27.18125 2.210069 -0.5267365 0.963696 1.082922 2 -3.765153 -0.1620971 -0.07819447 0.2341552
300 27.67307 2.341106 -0.5202644 1.066458 1.132961 2 -3.927651 -1.300444 -0.06572029 0.2426335
302 27.10339 2.386935 -0.5446608 1.35261 1.254084 2.160551 -2.676088 -1.435211 -0.05475795 0.216693
304 27.27954 2.417766 -0.5673355 1.200714 0.9643075 2 -3.848903 -1.941487 -0.09458988 0.2891006
305 26.60782 2.378429 -0.488244 1.382657 3.105358 2.267572 -3.164944 -1.389584 -0.10547 0.2638714
306 28.00823 2.370956 -0.5097985 1.248529 1.29399 2 -2.947971 -0.8143656 -0.110767 0.2475348
307 27.46876 2.41802 -0.5499725 0.6305952 0.5021758 2 -4.655588 -0.3845113 -0.0684192 0.2656762
308 26.78902 2.450357 -0.5373818 0.7772284 1.065327 2 -3.947446 -0.1894668 -0.08852846 0.2601388
314 27.34907 2.331483 -0.5538286 1.659292 0.5481469 2.632269 -3.066701 -1.913363 -0.06429534 0.2145952
317 27.53123 2.281773 -0.4910691 1.926532 5.259406 4.641851 -3.087679 -1.821323 -0.09221884 0.2534262
319 27.40052 2.467155 -0.5496425 1.002315 1.497935 2 -4.714455 0.04421739 -0.1124947 0.3041136
322 27.09153 2.372261 -0.5800849 1.112921 0.6792639 2 -3.654498 -1.017366 -0.09539168 0.277552
323 26.97 2.249203 -0.5145185 1.671448 2.002405 2.390153 -2.668687 -1.258708 -0.0804063 0.2255087
324 27.21036 2.294171 -0.5165292 0.927073 0.6944315 2 -3.661161 -0.8588398 -0.06925234 0.2285694
325 27.57102 2.262607 -0.4912898 1.546824 1.922077 2.716632 -4.11582 -1.440296 -0.07412774 0.2612177
327 27.36281 2.301168 -0.5151973 1.156167 1.979434 2 -3.602959 -0.3600001 -0.1038863 0.2574475
329 27.08275 2.254565 -0.5144859 1.564782 2.589254 2.633683 -4.379485 -0.8284036 -0.1276816 0.3203905
336 28.51824 2.244744 -0.5057953 1.690631 1.273002 3.064466 -4.106979 0.1296093 -0.1254038 0.2952038
341 27.70698 2.337651 -0.5546124 1.102045 1.034224 2 -3.730452 -0.2778234 -0.08962556 0.2508663
342 27.08101 2.172242 -0.4804924 1.274855 4.640442 2.235511 -4.399452 -1.569517 -0.1400178 0.3397842
343 26.19542 2.196536 -0.5120231 1.229201 3.773109 2 -3.373773 -1.084236 -0.1050024 0.269393
347 27.469 2.0944 -0.4987771 0.8427851 0.6265236 2 -5.316829 -0.4465209 -0.05359516 0.266047
348 28.95262 2.285037 -0.513511 2.846072 4.029829e-07 3.20568 -2.720684 -1.357972 -0.09293701 0.2452062
