3 0.3138584 0.05836805 0.01396015 0.2093512 NaN NaN 0.4810583 0.2295654 0.03172102 0.04207332
5 0.2494775 0.07522611 0.01639709 NaN NaN 0.4303732 0.6331602 0.218147 0.0316151 0.047131
16 0.287974 0.1259978 0.02277131 1.057998 1.086542 2.110583 0.4676039 0.2265874 0.03460169 0.04511037
17 0.428276 0.06150226 0.0132852 0.5387535 NaN NaN 0.3957013 0.2705863 0.03478226 0.04384079
19 0.2404803 0.06068864 0.01460474 0.22775 0.2387983 0.4713599 0.5227925 0.2233351 0.03163396 0.04345428
22 0.3373686 0.06536019 0.01612329 0.4070434 NaN 0.1676473 0.5177048 0.2937929 0.03539722 0.04685311
24 0.2382526 0.07317401 0.01557755 0.08164286 NaN 0.2229559 0.584113 0.2590282 0.03622477 0.05079559
26 0.4155455 0.05698673 0.01409396 0.3461007 NaN NaN 0.5285352 0.2482906 0.03591579 0.04850938
27 0.2718689 0.05813569 0.01534364 0.09729585 NaN 0.9985858 0.5864586 0.2305876 0.03119687 0.04487007
30 0.2473075 0.0594662 0.01285704 0.1292563 NaN NaN 0.560354 0.2293134 0.03422752 0.04839715
34 0.3456681 0.05959736 0.012392 NaN NaN 0.5088411 0.6114654 0.2364275 0.03312909 0.04786863
35 0.2678594 0.0896861 0.02780881 0.7262335 1.066902 1.782123 0.56112 0.2269863 0.03452672 0.04863144
40 0.3333308 0.07092772 0.01486939 0.5291832 0.4219168 0.7851108 0.4782226 0.2130009 0.03266975 0.04305728
41 0.2623156 0.05947608 0.01547415 0.2881722 0.2220641 0.5638686 0.5645335 0.2174156 0.03151497 0.0451371
49 0.3505074 0.0661046 0.01357432 0.1578787 NaN NaN 0.4594165 0.2131503 0.03437425 0.04447419
60 0.3484835 0.07844477 0.01951878 1.208835 1.145946 2.320793 0.4243968 0.2209186 0.03312162 0.04233839
62 0.295185 0.06994723 0.01421765 0.0835348 NaN NaN 0.5080222 0.3398171 0.03999243 0.05251845
65 0.3310451 0.06212333 0.01340711 0.440285 NaN NaN 0.5106043 0.2168331 0.0326567 0.04426877
67 0.3241931 0.07878736 0.01668665 0.742684 1.022397 2.001475 0.4338738 0.2223572 0.03145648 0.04082951
68 0.4025601 0.08862987 0.0202265 1.009481 0.4760454 0.8691599 0.5719726 0.2252292 0.03554248 0.04876603
69 0.5200289 0.5795527 0.1294392 10.36837 5.890122 8.40909 0.6698709 0.2310679 0.0402667 0.05681757
75 0.3221256 0.05369984 0.01227388 NaN NaN NaN 0.5062038 0.2323174 0.03399357 0.0455894
77 0.345672 0.0619347 0.01350314 0.4907101 NaN NaN 0.4443222 0.2230185 0.0333422 0.04328296
80 0.3153161 0.06882953 0.01666558 0.5165074 0.4196295 0.7284996 0.5282405 0.2417058 0.03510469 0.04775522
89 0.3699164 0.1300407 0.03216625 2.281761 1.940351 3.465344 0.4507531 0.2082855 0.03253429 0.04254433
95 0.3319719 0.05700283 0.01290339 0.06298567 NaN 0.4704825 0.541938 0.2181471 0.03268438 0.04479656
96 0.2759178 0.1265935 0.03494569 1.113065 1.058251 2.100779 0.6222636 0.2312767 0.03478158 0.05037282
105 0.3230023 0.06520442 0.01457951 0.1682465 NaN 0.1430731 0.483353 0.2107822 0.03174921 0.04231763
107 0.4172756 0.05556431 0.01366739 0.3209414 NaN NaN 0.5428987 0.243168 0.03767567 0.05163925
112 0.311355 0.06052382 0.0153281 0.4630534 0.3100893 0.5692767 0.6015994 0.2417336 0.03492946 0.04972072
113 0.2919693 0.07206903 0.01641465 0.453494 0.5254999 0.9383613 0.5867392 0.2174048 0.03433056 0.04812901
114 0.4930456 0.1473757 0.02580349 1.319645 0.9698202 1.601095 0.379749 0.2082359 0.03014555 0.03777077
115 0.2824836 0.06493507 0.0152751 0.1357724 NaN 0.4577853 0.5186066 0.2278983 0.03374292 0.04558461
116 0.3644169 0.05667321 0.01287932 0.1692194 NaN NaN 0.5813912 0.21747 0.03233041 0.04529937
127 0.3051938 0.06450903 0.01168959 0.2877065 NaN NaN 0.4110244 0.214079 0.03047956 0.03919954
139 0.1911103 0.07218303 0.01774561 0.04300564 0.538202 0.6949736 0.5474657 0.2373536 0.03269994 0.04606388
144 0.3607812 0.06021891 0.01231845 0.4381456 NaN NaN 0.4661242 0.2248644 0.03572995 0.04579226
146 0.2361103 NaN NaN NaN NaN NaN 0.5573678 0.2334088 0.03350931 0.04713547
153 0.5424674 0.07048873 0.01359353 0.6834455 NaN 0.1310868 0.3850936 0.2141876 0.03460013 0.04224893
156 0.3648738 0.05889482 0.01301674 NaN NaN NaN 0.4565437 0.2244131 0.03081732 0.04053222
157 0.4205047 0.06053803 0.01496503 0.1744862 0.1339385 1.585243 0.5715498 0.2183681 0.03507382 0.04899639
160 0.5488874 0.07590875 0.01608888 1.117487 0.1027588 0.4286736 0.5672364 0.3010261 0.04070142 0.05619726
165 1.096797 0.06145753 0.01418152 3.721895 0.02775699 0.8442476 0.4787225 0.2489742 0.03581067 0.04695628
173 0.4554168 0.0621094 0.01530884 0.4560237 NaN 0.4071702 0.5654382 0.2267239 0.03430944 0.04825157
177 0.4894045 0.06403301 0.01451086 0.8048384 NaN 0.1628384 0.4382107 0.234659 0.03402043 0.04410111
180 0.4902702 0.06078343 0.01458293 0.8066221 NaN 0.2982954 0.5017237 0.2306156 0.03562223 0.04722152
183 0.4004541 0.06691817 0.01688766 0.5023676 NaN 0.2291749 0.4528694 0.2023752 0.03103332 0.04050663
184 0.354132 0.07024741 0.01586164 0.4027365 NaN 0.2803678 0.4330983 0.2206318 0.03164738 0.04106027
185 0.5966884 0.05942093 0.01471777 1.177972 NaN 0.7859414 0.6923507 0.2322259 0.03940784 0.05615224
187 0.3485554 0.0803197 0.01569641 0.5586 NaN 0.1469934 0.4087096 0.2199391 0.02942879 0.03838958
193 0.4857196 0.07390723 0.0158061 0.7774034 0.009994638 0.2957606 0.5146715 0.2127387 0.03280023 0.04414583
206 NaN 0.06105196 0.01440391 NaN 0.1218512 0.7467842 0.6940368 0.2292583 0.04186078 0.05916288
213 0.4534843 0.07122914 0.01444556 0.5371572 NaN 0.2417157 0.4304071 0.2132087 0.03241503 0.04165098
214 0.3363885 0.06900104 0.01430935 NaN NaN NaN 0.4393447 0.2174819 0.03122423 0.04107154
215 0.2680497 0.0734603 0.01835014 NaN NaN NaN 0.513845 0.2260158 0.02973534 0.04225112
219 0.3095388 0.06355532 0.01639399 0.4037661 NaN 0.3099466 0.5124916 0.2269011 0.0339417 0.04586827
224 0.3049553 0.06605305 0.01541758 0.2842981 NaN NaN 0.4981677 0.2194564 0.03173963 0.04320779
227 0.5673162 0.06287158 0.01437626 1.209185 NaN 0.2765492 0.4788085 0.2171932 0.03414426 0.04506021
228 0.7014223 0.06962326 0.01645342 2.013337 NaN 0.4244708 0.4491206 0.2528988 0.03411752 0.04508295
229 0.2833228 0.05168526 0.01455815 0.2521164 NaN NaN 0.6164688 0.2240002 0.03248458 0.04706464
232 0.3299628 0.06731289 0.01730487 0.365228 NaN 0.155172 0.5543222 0.2196383 0.03436597 0.04806672
234 0.3584036 0.06706478 0.01586499 0.4119102 NaN NaN 0.4881999 0.2105228 0.03036956 0.04135451
235 0.2950705 0.06983703 0.01605883 0.2533166 NaN 0.2524315 0.5864296 0.211707 0.03186585 0.0451182
236 0.4707354 0.0569334 0.01388812 0.6138002 NaN NaN 0.4364663 0.2431667 0.03370018 0.04414605
238 0.223998 0.06872597 0.01776672 0.06436795 NaN NaN 0.5535625 0.2469575 0.03386855 0.04803473
243 0.8537733 0.06179477 0.01473726 2.172117 0.09038442 0.492127 0.7568533 0.2679505 0.04403705 0.06490303
244 0.7837819 0.06934123 0.01453247 1.085056 NaN 0.498438 0.4982218 0.2311659 0.03425594 0.04580834
246 0.4019356 0.06482443 0.01420334 0.8076592 NaN 0.3160646 0.5935351 0.2340424 0.03685288 0.05209937
256 0.3066748 0.08072119 0.01627223 0.2627542 NaN 0.1560312 0.5178326 0.2877462 0.03381926 0.04660412
258 0.4040446 0.05916257 0.01599246 0.3566388 NaN 0.2829449 0.4885701 0.2493067 0.03486949 0.04730695
259 0.2731075 0.06727247 0.01569254 0.2899775 NaN 0.4110702 0.5033867 0.2218339 0.03127432 0.04278937
262 0.4464377 0.06833062 0.01521994 0.8337888 NaN 0.230777 0.4836383 0.2320894 0.03260526 0.04412845
274 0.329349 0.06647655 0.01583388 0.3297973 0.04858788 0.3165482 0.4836013 0.232783 0.03568812 0.04699295
280 0.3365715 0.06122382 0.01328938 0.3073461 NaN NaN 0.4914128 0.2478683 0.03477502 0.0466121
282 0.3260717 NaN NaN NaN NaN NaN 0.5169447 0.2085402 0.03186063 0.04367823
288 0.3115389 0.06357658 0.01571257 0.1750652 NaN NaN 0.4394664 0.2500199 0.03251364 0.04226141
291 0.4001753 0.07026977 0.01558042 0.5565078 NaN 0.1558188 0.4574132 0.2326933 0.03218265 0.04239742
296 0.3867117 0.0618959 0.01484991 0.3405345 NaN 0.1993301 0.4931621 0.2089582 0.03099804 0.04218485
300 0.3485467 0.06964915 0.0163823 0.2808701 NaN 0.2519702 0.5422716 0.2262845 0.03163017 0.0435693
302 0.343275 0.06580763 0.01525071 0.4740568 NaN 0.198321 0.4258017 0.2415551 0.03261957 0.0421969
304 0.2735036 0.06314229 0.01478588 0.243985 NaN NaN 0.5460926 0.2461586 0.03424109 0.04752625
305 NaN 0.05934922 0.01365073 NaN NaN NaN 0.4690692 0.2304618 0.03473044 0.0453899
306 0.3885024 0.06726453 0.01481515 0.4968035 NaN NaN 0.4284766 0.2128448 0.03153055 0.04075656
307 0.2718174 0.06663008 0.01476764 0.133317 NaN 0.6119396 0.610871 0.2227553 0.03459618 0.04920171
308 0.410235 0.06426965 0.01407127 0.3449076 NaN 0.3919765 0.5142655 0.216865 0.03349382 0.04553295
314 0.243879 0.06958006 0.01638902 0.176225 NaN NaN 0.4890275 0.2281336 0.03111667 0.04207128
317 0.9717947 0.06763625 0.01475398 3.384212 NaN 0.8691266 0.4821035 0.2480131 0.03463607 0.0455473
319 0.4674111 0.0698532 0.01527162 0.5650273 NaN 0.2703064 0.5799717 0.2254204 0.03379363 0.0474376
322 0.2430161 0.06598057 0.01599707 0.2065265 NaN NaN 0.5334994 0.2287122 0.03298406 0.04636123
323 0.5361756 0.0682909 0.01657419 0.9528542 NaN NaN 0.4260471 0.2235336 0.03232351 0.0416969
324 0.3375421 0.06799669 0.01589498 0.2141848 NaN 0.3810184 0.4932972 0.2146066 0.03100032 0.04193166
325 0.5006316 0.05968703 0.0150526 0.852617 NaN NaN 0.5348267 0.235265 0.03246918 0.04430422
327 0.5612992 0.06993023 0.01604096 0.9587456 NaN 0.2248411 0.4686972 0.2123263 0.03195145 0.04236806
329 1.641633 0.06834208 0.01661187 3.930357 0.1216441 0.6221741 0.5666221 0.228817 0.0352128 0.04879231
336 0.3573016 0.06407191 0.0149334 0.574184 0.06856485 0.473008 0.5148536 0.2221248 0.03492004 0.04667361
341 0.324326 0.06259887 0.01489575 0.2640369 NaN NaN 0.488022 0.2140907 0.03182799 0.04303688
342 1.84015 0.06118365 0.01417858 5.020953 0.04848573 0.3654053 0.6010593 0.2485277 0.03827757 0.05348982
343 1.692399 0.05930228 0.01452454 4.604232 0.1332362 0.4400167 0.4838591 0.2266558 0.03414504 0.04588529
347 0.3014125 0.05196773 0.01463942 0.1803045 NaN 0.3883274 0.6863255 0.2217782 0.03367616 0.04977748
348 0.3114082 0.07429006 0.01851276 0.1014002 0.162873 0.5034099 0.4256046 0.2361213 0.03086802 0.04022342
