3 42.53141 41.53274
5 28.56545 25.71954
16 37.0478 37.33754
17 26.83077 30.29937
19 37.42833 37.60297
22 36.53779 40.44529
24 34.12377 34.25546
26 42.1728 35.64616
27 34.23087 32.7532
30 23.94447 22.36404
34 43.59099 39.30815
35 29.20723 29.86354
40 36.52413 38.81133
41 22.89474 24.71729
49 37.4122 39.23253
60 41.25624 43.65925
62 37.46423 32.84277
65 41.99978 42.64827
67 47.45591 45.81912
68 29.16972 31.85528
69 56.23969 52.57706
75 44.44562 46.1757
77 32.11196 34.65404
80 38.17417 37.21512
89 29.66225 27.60961
95 46.65338 48.67955
96 35.96778 35.91949
105 40.53075 44.4692
107 30.53632 29.94404
112 38.46293 35.26286
113 38.71329 37.69873
114 42.80383 40.33651
115 40.12439 38.55476
116 50.93844 54.68711
127 29.44918 28.07875
139 41.72153 38.8884
144 46.74298 35.62213
146 31.33593 29.92186
153 30.47774 28.44652
156 42.55906 37.38025
157 29.19909 31.17234
160 44.82327 46.42223
165 52.96108 58.06585
173 40.48658 39.70776
177 47.45271 44.35695
180 40.35622 44.97125
183 50.22916 54.4023
184 43.8898 44.20952
185 50.20575 51.94214
187 47.83289 52.96761
193 62.84389 66.78177
206 66.30665 63.27202
213 49.52156 48.37852
214 46.0202 40.7462
215 44.3157 46.33123
219 39.95184 39.16727
224 44.79241 44.36926
227 53.94442 55.31781
228 48.39458 48.87635
229 50.86395 47.25794
232 47.37771 53.59136
234 50.11062 48.90965
235 60.26734 61.73619
236 40.53481 37.73056
238 46.96498 45.81346
243 54.7107 58.44123
244 43.76656 45.58919
246 47.23863 54.92517
256 62.14802 59.54428
258 31.03111 35.72264
259 66.0811 67.4433
262 52.72698 50.72661
274 46.69498 47.52248
280 44.60769 43.18679
282 48.14914 44.18699
288 53.12616 57.07153
291 50.8838 51.59318
296 48.30828 48.2459
300 59.00462 57.07719
302 41.1562 39.4329
304 49.14815 50.62701
305 48.51949 50.91043
306 55.09657 55.78687
307 45.82999 43.55455
308 46.88734 46.79298
314 53.30068 55.90288
317 59.23183 64.22254
319 55.64944 55.12828
322 38.96973 39.34027
323 43.38556 48.3235
324 50.50951 47.39637
325 54.26009 54.84582
327 49.8497 48.19033
329 50.44252 43.7
336 51.43065 49.88291
341 46.29075 50.4551
342 56.11166 60.34062
343 46.878 50.32167
347 47.59948 48.47999
348 51.52527 53.32018
