3 300050003
5 300050005
16 300050016
17 300050017
19 300050019
22 300050022
24 300050024
26 300050026
27 300050027
30 300050030
34 300050034
35 300050035
40 300050040
41 300050041
49 300050049
60 300050060
62 300050062
65 300050065
67 300050067
68 300050068
69 300050069
75 300050075
77 300050077
80 300050080
89 300050089
95 300050095
96 300050096
105 300050105
107 300050107
112 300050112
113 300050113
114 300050114
115 300050115
116 300050116
127 300050127
139 300050139
144 300050144
146 300050146
153 300050153
156 300050156
157 300050157
160 300050160
165 300050165
173 300050173
177 300050177
180 300050180
183 300050183
184 300050184
185 300050185
187 300050187
193 300050193
206 300050206
213 300050213
214 300050214
215 300050215
219 300050219
224 300050224
227 300050227
228 300050228
229 300050229
232 300050232
234 300050234
235 300050235
236 300050236
238 300050238
243 300050243
244 300050244
246 300050246
256 300050256
258 300050258
259 300050259
262 300050262
274 300050274
280 300050280
282 300050282
288 300050288
291 300050291
296 300050296
300 300050300
302 300050302
304 300050304
305 300050305
306 300050306
307 300050307
308 300050308
314 300050314
317 300050317
319 300050319
322 300050322
323 300050323
324 300050324
325 300050325
327 300050327
329 300050329
336 300050336
341 300050341
342 300050342
343 300050343
347 300050347
348 300050348
