1 5228.611 5351.144 5329.201 5512.224 5525.673 5521.142
2 5139.001 5273.001 5310.979 5309.37 5345.423 5374.851
3 4933.809 5065.945 5058.224 5178.217 5145.85 5149.255
4 5337.102 5475.459 5464.859 5426.604 5530.25 5524.797
5 5026.4 5156.93 5140.613 5140.979 5212.116 5217.232
6 5855.602 6002.18 6012.531 6140.046 6116.495 6129.22
7 5175.255 5279.044 5285.446 5276.583 5326.808 5335.097
8 4765.998 4896.383 4901.938 4966.662 4938.124 4941.846
9 4991.74 5172.968 5147.084 5180.223 5252.406 5243.106
10 5230.819 5383.805 5379.97 5467.885 5466.585 5456.047
11 4900.023 5055.983 5064.713 5164.83 5152.638 5159.947
12 5114.334 5270.071 5255.657 5311.399 5352.292 5358.948
13 5563.95 5696.692 5694.277 5673.678 5777.315 5740.104
14 4871.499 4994.824 4988.568 4992.432 5062.828 5059.607
15 5513.196 5626.373 5626.237 5685.444 5727.449 5720.762
16 5338.801 5445.312 5449.86 5492.335 5513.004 5507.131
17 5674.738 5796.334 5798.034 5835.449 5916.543 5914.17
18 5597.462 5679.679 5672.03 5718.12 5747.694 5737.038
19 5183.765 5349.261 5333.991 5456.502 5412.448 5407.596
20 5315.396 5439.819 5429.433 5423.635 5479.351 5466.394
21 5179.448 5319.549 5322.146 5328.302 5404.094 5404.514
22 5424.598 5525.405 5510.989 5524.594 5587.227 5590.189
23 5556.267 5682.803 5684.926 5718.425 5800.738 5793.018
24 5403.121 5561.956 5532.818 5515.144 5586.719 5574.538
25 5407.725 5499.119 5525.301 5476.454 5552.267 5564.043
26 5128.307 5262.126 5278.48 5316.348 5397.112 5403.087
27 5452.573 5625.64 5642.264 5634.311 5729.504 5723.57
28 5236.65 5309.117 5322.281 5428.379 5452.566 5456.094
29 4811.584 4956.955 4955.763 5090.652 5034.745 5042.134
30 4871.474 5050.904 5029.143 5060.273 5104.553 5096.893
31 5271.228 5374.041 5392.673 5376.35 5450.629 5466.566
32 4769.73 4862.816 4860.234 5132.245 4885.294 4873.268
33 5545.11 5679.717 5646.144 5633.411 5732.976 5698.529
34 5156.781 5285.025 5271.854 5253.93 5367.93 5362.371
35 5007.687 5124.827 5114.785 5072.968 5140.209 5134.034
36 4881.962 5033.834 4995.589 5037.752 5104.719 5072.88
37 4982.854 5139.994 5145.043 5123.872 5209.156 5185.128
38 5153.08 5278.245 5269.198 5277.833 5352.664 5347.66
39 5134.613 5246.718 5245.712 5278.579 5299.163 5315.469
40 5009.63 5163.36 5155.893 5103.298 5191.964 5198.054
41 5063.999 5211.033 5214.389 5204.399 5303.274 5312.716
42 5133.075 5226.513 5238.77 5261.255 5317.22 5324.155
43 5628.9 5734.216 5725.464 5665.025 5756.358 5748.074
44 4870.944 5011.868 5027.531 5071.707 5127.557 5147.511
45 5522.914 5628.853 5641.774 5656.142 5703.107 5713.939
46 5177.665 5296.448 5286.367 5339.355 5395.238 5385.293
47 4874.755 5016.14 4998.838 5067.502 5045.832 5046.984
48 5366.154 5432.733 5435.344 5643.331 5629.59 5632.807
49 5048.339 5234.505 5226.076 5234.069 5321.978 5314.678
50 5062.699 5215.906 5204.829 5517.29 5416.768 5412.284
51 4910.784 4981.66 5015.502 5005.764 5041.516 5061.276
52 5433.542 5608.972 5626.594 5679.3 5677.908 5680.604
53 5059.373 5221.455 5207.487 5263.177 5337.123 5323.313
54 5123.129 5260.949 5234.505 5230.702 5322.696 5303.915
55 5548.104 5660.578 5657.291 5826.748 5810.512 5801.534
56 5208.656 5360.057 5376.061 5351.183 5418.355 5415.016
57 5119.961 5213.425 5210.121 5347.141 5289.009 5286.277
58 5087.823 5225.057 5216.903 5230.086 5273.044 5273.093
59 5228.908 5369.207 5346.756 5393.938 5464.541 5460.786
60 5444.681 5574.062 5568.161 5674.187 5727.58 5712.409
61 5387.915 5498.463 5500.559 5477.086 5558.664 5561.467
62 5047.11 5108.035 5103.452 5155.573 5162.628 5160.515
63 4859.222 4983.204 4990.256 4946.374 5022.269 5027.348
64 5386.082 5490.705 5505.535 5701.461 5570.573 5576.124
65 5553.731 5676.299 5669.153 5760.72 5805.55 5780.343
66 5118.098 5231.781 5244.217 5328.959 5394.44 5409.966
67 4918.32 5027.554 5015.675 5035.638 5114.161 5093.369
68 4854.246 4980.745 4968.155 4935.226 5003.389 4997.9
69 4976.234 5113.265 5103.696 5697.996 5437.204 5426.523
70 5011.753 5150.528 5126.648 5186.192 5197.342 5185.033
71 5073.16 5200.345 5215.91 5302.981 5325.979 5331.957
72 4814.09 4939.773 4944.616 4966.599 5020.439 5032.148
73 5083.795 5251.934 5260.896 5238.013 5311.107 5311.015
74 5177.357 5350.672 5326.105 5263.756 5378.187 5366.477
75 5320.663 5438.184 5444.384 5563.189 5539.684 5542.773
76 5048.922 5153.904 5150.722 5092.136 5172.025 5177.275
77 5107.468 5229.162 5257.26 5321.035 5323.512 5343.462
78 5236.723 5398.687 5391.673 5534.858 5464.059 5440.462
79 5174.872 5279.028 5312.266 5289.794 5345.409 5370.353
80 5017.095 5176.597 5175.681 5110.086 5219.472 5211.146
81 5632.279 5705.727 5718.064 5732.21 5766.113 5774.568
82 5410.016 5523.213 5523.781 5633.951 5676.906 5672.552
83 5132.954 5274.549 5279.447 5458.418 5392.813 5384.396
84 5164.606 5262.265 5275.637 5370.046 5336.619 5344.984
85 4946.764 5091.914 5093.827 5097.807 5156.562 5144.439
86 4891.721 5032.708 5027.175 4998.499 5077.603 5086.843
87 5434.009 5596.102 5579.568 5581.199 5686.701 5665.121
88 4728.536 4896.96 4914.54 4895.773 4985.773 5009.545
89 5034.722 5181.058 5175.855 5202.042 5227.301 5231.483
90 5364.464 5503.595 5487.321 5465.431 5556.32 5535.704
91 5141.849 5271.578 5253.557 5282.272 5337.703 5346.119
92 5024.38 5134.643 5119.65 5194.581 5248.539 5251.918
93 5080.253 5205.737 5190.353 5220.371 5274.208 5258.709
94 5330.588 5441.102 5442.833 5396.192 5484.799 5491.655
95 5056.642 5183.083 5175.504 5167.281 5255.76 5244.282
96 4983.653 5099.664 5109.133 5352.265 5201.444 5202.959
97 5390.784 5534.778 5533.11 5501.272 5587.542 5581.246
98 4929.111 5067.864 5056.143 5193.763 5127.526 5128.534
99 5445.046 5544.254 5554.993 5571.051 5649.325 5660.324
100 5333.357 5474.957 5472.999 5490.945 5570.782 5570.214
