1 5261.594 5380.829 5352.289 5545.207 5555.358 5544.23
2 5171.984 5302.686 5334.067 5342.353 5375.108 5397.939
3 4966.793 5095.629 5081.312 5211.2 5175.535 5172.343
4 5370.085 5505.144 5487.947 5459.587 5559.935 5547.885
5 5059.383 5186.615 5163.701 5173.962 5241.801 5240.32
6 5888.586 6031.865 6035.619 6173.03 6146.18 6152.309
7 5208.238 5308.729 5308.535 5309.566 5356.493 5358.185
8 4798.981 4926.068 4925.026 4999.645 4967.809 4964.935
9 5024.723 5202.653 5170.172 5213.206 5282.091 5266.194
10 5263.802 5413.49 5403.058 5500.869 5496.27 5479.135
11 4933.006 5085.668 5087.801 5197.813 5182.323 5183.035
12 5147.317 5299.756 5278.745 5344.382 5381.977 5382.036
13 5596.933 5726.377 5717.365 5706.661 5807 5763.192
14 4904.482 5024.509 5011.657 5025.415 5092.512 5082.696
15 5546.179 5656.057 5649.325 5718.427 5757.134 5743.85
16 5371.784 5474.997 5472.948 5525.318 5542.689 5530.219
17 5707.721 5826.018 5821.122 5868.432 5946.228 5937.258
18 5630.445 5709.364 5695.118 5751.103 5777.379 5760.126
19 5216.748 5378.945 5357.079 5489.485 5442.133 5430.684
20 5348.379 5469.504 5452.522 5456.618 5509.035 5489.482
21 5212.431 5349.234 5345.234 5361.285 5433.779 5427.602
22 5457.581 5555.09 5534.077 5557.577 5616.912 5613.277
23 5589.25 5712.488 5708.014 5751.408 5830.423 5816.107
24 5436.104 5591.641 5555.906 5548.127 5616.404 5597.626
25 5440.708 5528.804 5548.389 5509.438 5581.952 5587.131
26 5161.29 5291.811 5301.568 5349.331 5426.797 5426.175
27 5485.557 5655.325 5665.352 5667.294 5759.189 5746.658
28 5269.633 5338.802 5345.369 5461.362 5482.251 5479.182
29 4844.567 4986.64 4978.851 5123.635 5064.43 5065.222
30 4904.457 5080.589 5052.232 5093.256 5134.238 5119.981
31 5304.211 5403.726 5415.761 5409.333 5480.314 5489.654
32 4802.713 4892.501 4883.323 5165.229 4914.979 4896.356
33 5578.093 5709.402 5669.233 5666.394 5762.661 5721.618
34 5189.764 5314.709 5294.942 5286.913 5397.615 5385.459
35 5040.67 5154.512 5137.873 5105.952 5169.894 5157.123
36 4914.945 5063.518 5018.678 5070.736 5134.404 5095.968
37 5015.837 5169.678 5168.131 5156.855 5238.841 5208.217
38 5186.063 5307.93 5292.287 5310.816 5382.349 5370.748
39 5167.596 5276.403 5268.801 5311.562 5328.848 5338.557
40 5042.613 5193.044 5178.981 5136.281 5221.649 5221.143
41 5096.982 5240.718 5237.477 5237.382 5332.959 5335.804
42 5166.058 5256.197 5261.859 5294.239 5346.905 5347.243
43 5661.883 5763.901 5748.552 5698.008 5786.043 5771.162
44 4903.927 5041.553 5050.619 5104.69 5157.242 5170.6
45 5555.897 5658.538 5664.862 5689.125 5732.792 5737.028
46 5210.648 5326.133 5309.456 5372.338 5424.923 5408.382
47 4907.738 5045.825 5021.927 5100.485 5075.517 5070.072
48 5399.137 5462.417 5458.433 5676.315 5659.275 5655.895
49 5081.322 5264.189 5249.165 5267.052 5351.663 5337.766
50 5095.682 5245.591 5227.918 5550.273 5446.453 5435.372
51 4943.767 5011.345 5038.59 5038.747 5071.201 5084.364
52 5466.526 5638.657 5649.683 5712.283 5707.593 5703.692
53 5092.356 5251.14 5230.576 5296.16 5366.807 5346.401
54 5156.112 5290.634 5257.593 5263.685 5352.381 5327.003
55 5581.087 5690.263 5680.379 5859.731 5840.197 5824.623
56 5241.639 5389.742 5399.15 5384.166 5448.04 5438.104
57 5152.944 5243.11 5233.21 5380.124 5318.694 5309.365
58 5120.806 5254.742 5239.991 5263.07 5302.729 5296.181
59 5261.891 5398.892 5369.844 5426.921 5494.226 5483.874
60 5477.664 5603.747 5591.249 5707.17 5757.265 5735.497
61 5420.899 5528.147 5523.647 5510.069 5588.348 5584.555
62 5080.093 5137.72 5126.54 5188.557 5192.313 5183.603
63 4892.205 5012.889 5013.344 4979.357 5051.954 5050.436
64 5419.065 5520.39 5528.624 5734.444 5600.258 5599.212
65 5586.715 5705.984 5692.241 5793.703 5835.235 5803.431
66 5151.081 5261.466 5267.305 5361.942 5424.125 5433.055
67 4951.303 5057.239 5038.764 5068.621 5143.846 5116.457
68 4887.229 5010.43 4991.244 4968.209 5033.074 5020.988
69 5009.217 5142.95 5126.784 5730.979 5466.889 5449.611
70 5044.736 5180.213 5149.736 5219.175 5227.027 5208.121
71 5106.143 5230.03 5238.999 5335.964 5355.664 5355.045
72 4847.073 4969.458 4967.705 4999.582 5050.124 5055.236
73 5116.778 5281.619 5283.984 5270.996 5340.792 5334.103
74 5210.34 5380.357 5349.193 5296.739 5407.872 5389.565
75 5353.646 5467.869 5467.472 5596.173 5569.369 5565.862
76 5081.906 5183.589 5173.81 5125.119 5201.71 5200.363
77 5140.451 5258.847 5280.348 5354.018 5353.196 5366.55
78 5269.706 5428.372 5414.761 5567.841 5493.744 5463.551
79 5207.855 5308.713 5335.355 5322.778 5375.093 5393.441
80 5050.078 5206.282 5198.769 5143.069 5249.156 5234.234
81 5665.262 5735.412 5741.153 5765.193 5795.798 5797.656
82 5442.999 5552.898 5546.869 5666.934 5706.591 5695.641
83 5165.937 5304.234 5302.535 5491.401 5422.498 5407.484
84 5197.589 5291.95 5298.725 5403.029 5366.304 5368.073
85 4979.747 5121.598 5116.915 5130.79 5186.247 5167.527
86 4924.704 5062.393 5050.263 5031.482 5107.288 5109.931
87 5466.992 5625.787 5602.656 5614.183 5716.386 5688.209
88 4761.519 4926.645 4937.628 4928.756 5015.458 5032.633
89 5067.705 5210.743 5198.943 5235.026 5256.985 5254.572
90 5397.447 5533.28 5510.409 5498.414 5586.005 5558.792
91 5174.832 5301.263 5276.645 5315.256 5367.387 5369.207
92 5057.363 5164.328 5142.738 5227.565 5278.224 5275.006
93 5113.236 5235.422 5213.441 5253.354 5303.893 5281.797
94 5363.571 5470.787 5465.922 5429.175 5514.484 5514.743
95 5089.625 5212.768 5198.593 5200.264 5285.445 5267.37
96 5016.636 5129.349 5132.221 5385.248 5231.129 5226.047
97 5423.768 5564.463 5556.198 5534.255 5617.227 5604.334
98 4962.095 5097.549 5079.232 5226.746 5157.211 5151.622
99 5478.029 5573.939 5578.081 5604.034 5679.009 5683.413
100 5366.34 5504.642 5496.087 5523.928 5600.467 5593.302
