1 0.765
2 0.725
3 0.74
4 0.74
5 0.76
6 0.69
7 0.735
8 0.78
9 0.77
10 0.755
11 0.75
12 0.75
13 0.695
14 0.775
15 0.74
16 0.74
17 0.655
18 0.73
19 0.73
20 0.73
21 0.74
22 0.735
23 0.72
24 0.7
25 0.685
26 0.72
27 0.665
28 0.745
29 0.77
30 0.765
31 0.735
32 0.8
33 0.685
34 0.715
35 0.75
36 0.775
37 0.755
38 0.765
39 0.745
40 0.755
41 0.74
42 0.725
43 0.66
44 0.76
45 0.68
46 0.71
47 0.77
48 0.765
49 0.73
50 0.78
51 0.76
52 0.725
53 0.75
54 0.745
55 0.695
56 0.7
57 0.75
58 0.74
59 0.72
60 0.72
61 0.7
62 0.765
63 0.765
64 0.735
65 0.71
66 0.74
67 0.785
68 0.8
69 0.75
70 0.755
71 0.74
72 0.785
73 0.74
74 0.72
75 0.705
76 0.765
77 0.74
78 0.77
79 0.7
80 0.725
81 0.68
82 0.69
83 0.73
84 0.76
85 0.765
86 0.75
87 0.73
88 0.76
89 0.72
90 0.715
91 0.73
92 0.76
93 0.78
94 0.725
95 0.74
96 0.76
97 0.725
98 0.77
99 0.7
100 0.715
