1 1000 1000 238 1000 1000 1000
2 1000 1000 1000 1000 1000 347
3 1000 1000 54 1000 1000 391
4 1000 1000 429 1000 1000 1000
5 1000 1000 1000 1000 1000 260
6 1000 1000 1000 1000 1000 894
7 1000 1000 1000 1000 1000 1000
8 1000 1000 422 1000 1000 373
9 1000 1000 919 1000 1000 1000
10 1000 1000 1000 1000 1000 690
11 1000 1000 1000 1000 1000 1000
12 1000 1000 641 1000 1000 905
13 1000 1000 675 1000 1000 392
14 1000 1000 1000 1000 1000 801
15 1000 1000 414 1000 1000 1000
16 1000 1000 861 1000 1000 1000
17 1000 1000 594 1000 1000 791
18 1000 1000 1000 1000 1000 1000
19 1000 1000 1000 1000 1000 668
20 1000 1000 643 1000 1000 885
21 1000 1000 668 1000 1000 774
22 1000 1000 989 1000 1000 635
23 1000 1000 1000 1000 1000 1000
24 1000 1000 186 1000 1000 732
25 1000 1000 601 1000 1000 274
26 1000 1000 223 1000 1000 1000
27 1000 1000 1000 1000 1000 1000
28 1000 1000 1000 1000 1000 522
29 1000 1000 866 1000 1000 1000
30 1000 1000 142 1000 1000 843
31 1000 1000 1000 1000 1000 719
32 1000 1000 1000 1000 1000 1000
33 1000 1000 236 1000 1000 1000
34 1000 1000 574 1000 1000 1000
35 1000 1000 1000 1000 1000 1000
36 1000 1000 913 1000 1000 1000
37 1000 1000 1000 1000 1000 997
38 1000 1000 798 1000 1000 1000
39 1000 1000 1000 1000 1000 1000
40 1000 1000 552 1000 1000 859
41 1000 1000 310 1000 1000 1000
42 1000 1000 1000 1000 1000 1000
43 1000 1000 877 1000 1000 1000
44 1000 1000 346 1000 1000 1000
45 1000 1000 949 1000 1000 929
46 1000 1000 259 1000 1000 1000
47 1000 1000 951 1000 1000 1000
48 1000 1000 1000 1000 1000 1000
49 1000 1000 877 1000 1000 1000
50 1000 1000 1000 1000 1000 1000
51 1000 1000 1000 1000 1000 1000
52 1000 1000 1000 1000 1000 1000
53 1000 1000 431 1000 1000 515
54 1000 1000 731 1000 1000 1000
55 1000 1000 850 1000 1000 1000
56 1000 1000 1000 1000 1000 1000
57 1000 1000 1000 1000 1000 896
58 1000 1000 1000 1000 1000 1000
59 1000 1000 1000 1000 1000 1000
60 1000 1000 750 1000 1000 731
61 1000 1000 1000 1000 1000 928
62 1000 1000 382 1000 1000 722
63 1000 1000 234 1000 1000 749
64 1000 1000 1000 1000 1000 1000
65 1000 1000 1000 1000 1000 567
66 1000 1000 1000 1000 1000 1000
67 1000 1000 973 1000 1000 1000
68 1000 1000 1000 1000 1000 813
69 1000 1000 988 1000 1000 1000
70 1000 1000 916 1000 1000 1000
71 1000 1000 827 1000 1000 1000
72 1000 1000 275 1000 1000 1000
73 1000 1000 894 1000 1000 451
74 1000 1000 488 1000 1000 1000
75 1000 1000 1000 1000 1000 308
76 1000 1000 1000 1000 1000 1000
77 1000 1000 446 1000 1000 1000
78 1000 1000 1000 1000 1000 1000
79 1000 1000 1000 1000 1000 1000
80 1000 1000 1000 1000 1000 639
81 1000 1000 146 1000 1000 934
82 1000 1000 1000 1000 1000 1000
83 1000 1000 1000 1000 1000 1000
84 1000 1000 551 1000 1000 524
85 1000 1000 1000 1000 1000 980
86 1000 1000 1000 1000 1000 1000
87 1000 1000 1000 1000 1000 1000
88 1000 1000 1000 1000 1000 488
89 1000 1000 508 1000 1000 1000
90 1000 1000 918 1000 1000 1000
91 1000 1000 294 1000 1000 1000
92 1000 1000 809 1000 1000 658
93 1000 1000 1000 1000 1000 727
94 1000 1000 894 1000 1000 1000
95 1000 1000 1000 1000 1000 1000
96 1000 1000 1000 1000 1000 1000
97 1000 1000 575 1000 1000 410
98 1000 1000 1000 1000 1000 1000
99 1000 1000 1000 1000 1000 1000
100 1000 1000 218 1000 1000 704
