1 -2604.306 -2666.572 -2657.601 -2746.112 -2753.837 -2753.571
2 -2559.501 -2627.501 -2648.49 -2644.685 -2663.711 -2680.425
3 -2456.905 -2523.972 -2522.112 -2579.108 -2563.925 -2567.628
4 -2658.551 -2728.729 -2725.43 -2703.302 -2756.125 -2755.399
5 -2503.2 -2569.465 -2563.306 -2560.489 -2597.058 -2601.616
6 -2917.801 -2992.09 -2999.266 -3060.023 -3049.247 -3057.61
7 -2577.627 -2630.522 -2635.723 -2628.292 -2654.404 -2660.548
8 -2372.999 -2439.192 -2443.969 -2473.331 -2460.062 -2463.923
9 -2485.87 -2577.484 -2566.542 -2580.111 -2617.203 -2614.553
10 -2605.41 -2682.903 -2682.985 -2723.943 -2724.292 -2721.023
11 -2440.011 -2518.992 -2525.357 -2572.415 -2567.319 -2572.973
12 -2547.167 -2626.036 -2620.829 -2645.7 -2667.146 -2672.474
13 -2771.975 -2839.346 -2840.139 -2826.839 -2879.657 -2863.052
14 -2425.749 -2488.412 -2487.284 -2486.216 -2522.414 -2522.804
15 -2746.598 -2804.186 -2806.119 -2832.722 -2854.725 -2853.381
16 -2659.401 -2713.656 -2717.93 -2736.167 -2747.502 -2746.565
17 -2827.369 -2889.167 -2892.017 -2907.725 -2949.272 -2950.085
18 -2788.731 -2830.839 -2829.015 -2849.06 -2864.847 -2861.519
19 -2581.882 -2665.63 -2659.995 -2718.251 -2697.224 -2696.798
20 -2647.698 -2710.91 -2707.717 -2701.818 -2730.675 -2726.197
21 -2579.724 -2650.775 -2654.073 -2654.151 -2693.047 -2695.257
22 -2702.299 -2753.703 -2748.494 -2752.297 -2784.614 -2788.094
23 -2768.134 -2832.401 -2835.463 -2849.213 -2891.369 -2889.509
24 -2691.561 -2771.978 -2759.409 -2747.572 -2784.36 -2780.269
25 -2693.862 -2740.56 -2755.65 -2728.227 -2767.134 -2775.021
26 -2554.154 -2622.063 -2632.24 -2648.174 -2689.556 -2694.543
27 -2716.287 -2803.82 -2814.132 -2807.156 -2855.752 -2854.785
28 -2608.325 -2645.559 -2654.141 -2704.189 -2717.283 -2721.047
29 -2395.792 -2469.478 -2470.882 -2535.326 -2508.372 -2514.067
30 -2425.737 -2516.452 -2507.572 -2520.136 -2543.276 -2541.447
31 -2625.614 -2678.02 -2689.337 -2678.175 -2716.315 -2726.283
32 -2374.865 -2422.408 -2423.117 -2556.123 -2433.647 -2429.634
33 -2762.555 -2830.859 -2816.072 -2806.705 -2857.488 -2842.265
34 -2568.391 -2633.512 -2628.927 -2616.965 -2674.965 -2674.186
35 -2493.843 -2553.414 -2550.392 -2526.484 -2561.104 -2560.017
36 -2430.981 -2507.917 -2490.795 -2508.876 -2543.359 -2529.44
37 -2481.427 -2560.997 -2565.522 -2551.936 -2595.578 -2585.564
38 -2566.54 -2630.122 -2627.599 -2628.916 -2667.332 -2666.83
39 -2557.306 -2614.359 -2615.856 -2629.289 -2640.582 -2650.734
40 -2494.815 -2572.68 -2570.946 -2541.649 -2586.982 -2592.027
41 -2522 -2596.516 -2600.194 -2592.199 -2642.637 -2649.358
42 -2556.538 -2604.256 -2612.385 -2620.628 -2649.61 -2655.077
43 -2804.45 -2858.108 -2855.732 -2822.512 -2869.179 -2867.037
44 -2425.472 -2496.934 -2506.765 -2525.853 -2554.778 -2566.756
45 -2751.457 -2805.427 -2813.887 -2818.071 -2842.553 -2849.97
46 -2578.833 -2639.224 -2636.184 -2659.677 -2688.619 -2685.647
47 -2427.377 -2499.07 -2492.419 -2523.751 -2513.916 -2516.492
48 -2673.077 -2707.366 -2710.672 -2811.666 -2805.795 -2809.403
49 -2514.169 -2608.252 -2606.038 -2607.035 -2651.989 -2650.339
50 -2521.349 -2598.953 -2595.415 -2748.645 -2699.384 -2699.142
51 -2445.392 -2481.83 -2500.751 -2492.882 -2511.758 -2523.638
52 -2706.771 -2795.486 -2806.297 -2829.65 -2829.954 -2833.302
53 -2519.686 -2601.727 -2596.744 -2621.589 -2659.561 -2654.656
54 -2551.564 -2621.475 -2610.252 -2605.351 -2652.348 -2644.957
55 -2764.052 -2821.289 -2821.645 -2903.374 -2896.256 -2893.767
56 -2594.328 -2671.029 -2681.031 -2665.592 -2700.178 -2700.508
57 -2549.98 -2597.713 -2598.061 -2663.571 -2635.505 -2636.139
58 -2533.911 -2603.528 -2601.452 -2605.043 -2627.522 -2629.547
59 -2604.454 -2675.604 -2666.378 -2686.969 -2723.27 -2723.393
60 -2712.34 -2778.031 -2777.081 -2827.093 -2854.79 -2849.204
61 -2683.958 -2740.231 -2743.279 -2728.543 -2770.332 -2773.733
62 -2513.555 -2545.018 -2544.726 -2567.787 -2572.314 -2573.258
63 -2419.611 -2482.602 -2488.128 -2463.187 -2502.135 -2506.674
64 -2683.041 -2736.353 -2745.768 -2840.731 -2776.286 -2781.062
65 -2766.866 -2829.15 -2827.577 -2870.36 -2893.775 -2883.171
66 -2549.049 -2606.89 -2615.109 -2654.48 -2688.22 -2697.983
67 -2449.16 -2504.777 -2500.838 -2507.819 -2548.08 -2539.684
68 -2417.123 -2481.372 -2477.078 -2457.613 -2492.694 -2491.95
69 -2478.117 -2547.633 -2544.848 -2838.998 -2709.602 -2706.262
70 -2495.876 -2566.264 -2556.324 -2583.096 -2589.671 -2585.516
71 -2526.58 -2591.172 -2600.955 -2641.49 -2653.99 -2658.979
72 -2397.045 -2460.886 -2465.308 -2473.3 -2501.22 -2509.074
73 -2531.898 -2616.967 -2623.448 -2609.007 -2646.553 -2648.508
74 -2578.679 -2666.336 -2656.052 -2621.878 -2680.094 -2676.238
75 -2650.331 -2710.092 -2715.192 -2771.595 -2760.842 -2764.387
76 -2514.461 -2567.952 -2568.361 -2536.068 -2577.012 -2581.638
77 -2543.734 -2605.581 -2621.63 -2650.518 -2652.756 -2664.731
78 -2608.362 -2690.343 -2688.836 -2757.429 -2723.03 -2713.231
79 -2577.436 -2630.514 -2649.133 -2634.897 -2663.704 -2678.176
80 -2498.548 -2579.299 -2580.84 -2545.043 -2600.736 -2598.573
81 -2806.139 -2843.863 -2852.032 -2856.105 -2874.056 -2880.284
82 -2695.008 -2752.606 -2754.89 -2806.976 -2829.453 -2829.276
83 -2556.477 -2628.275 -2632.723 -2719.209 -2687.406 -2685.198
84 -2572.303 -2622.133 -2630.819 -2675.023 -2659.309 -2665.492
85 -2463.382 -2536.957 -2539.914 -2538.904 -2569.281 -2565.219
86 -2435.86 -2507.354 -2506.587 -2489.249 -2529.801 -2536.421
87 -2707.005 -2789.051 -2782.784 -2780.6 -2834.351 -2825.561
88 -2354.268 -2439.48 -2450.27 -2437.886 -2483.887 -2497.772
89 -2507.361 -2581.529 -2580.927 -2591.021 -2604.65 -2608.742
90 -2672.232 -2742.798 -2736.66 -2722.715 -2769.16 -2760.852
91 -2560.924 -2626.789 -2619.779 -2631.136 -2659.851 -2666.059
92 -2502.19 -2558.321 -2552.825 -2587.291 -2615.27 -2618.959
93 -2530.127 -2593.869 -2588.176 -2600.185 -2628.104 -2622.354
94 -2655.294 -2711.551 -2714.417 -2688.096 -2733.399 -2738.827
95 -2518.321 -2582.541 -2580.752 -2573.64 -2618.88 -2615.141
96 -2481.826 -2540.832 -2547.566 -2666.132 -2591.722 -2594.479
97 -2685.392 -2758.389 -2759.555 -2740.636 -2784.771 -2783.623
98 -2454.556 -2524.932 -2521.072 -2586.882 -2554.763 -2557.267
99 -2712.523 -2763.127 -2770.496 -2775.526 -2815.662 -2823.162
100 -2656.679 -2728.478 -2729.499 -2735.472 -2776.391 -2778.107
