1 24.39267 24.6646 24.90492 25.11856 24.3644 25.01307
2 25.48863 26.30313 26.73145 25.75 26.25328 26.91166
3 25.09067 25.85174 25.63935 25.40221 25.85963 25.55154
4 26.88117 25.74981 26.49276 27.07984 25.59211 26.6011
5 25.51125 25.12813 24.55041 25.90339 25.08729 24.62691
6 30.57175 29.34182 29.83835 30.91299 29.28978 29.67883
7 25.5976 26.31621 25.42402 26.2048 26.49082 25.32269
8 22.23512 22.41674 22.72494 22.82052 22.59728 22.51105
9 24.21119 23.44403 23.66123 24.71842 23.3351 23.6331
10 25.31762 24.80949 24.59411 25.76347 24.77928 24.50268
11 23.97021 24.485 23.82847 24.03435 24.21374 23.83252
12 24.92858 25.30636 24.92061 25.47618 25.05652 24.8441
13 31.02186 29.5929 30.14735 31.11858 29.56011 30.15013
14 23.32353 23.52109 23.80122 23.8801 23.57575 23.7866
15 25.88982 26.42121 26.10421 26.34826 26.51385 26.34902
16 24.88723 26.53193 25.56949 25.693 26.59677 25.70209
17 32.04012 31.31297 31.31961 31.73208 31.29815 31.63054
18 27.80854 28.09645 27.54838 28.16436 28.1711 27.521
19 25.79284 26.13326 26.63133 25.93414 25.99698 26.52803
20 26.751 26.82981 26.67576 27.19766 27.10489 26.42892
21 26.03576 25.06275 25.08825 25.90821 25.11771 25.1144
22 27.33498 26.89344 27.30883 28.00866 26.62774 27.22643
23 26.90315 27.29769 28.37888 27.86549 27.42606 28.41199
24 29.77407 28.09405 28.08365 30.033 28.37246 28.02993
25 28.59964 28.74191 28.55889 28.60339 28.87069 28.43126
26 25.12988 26.52738 26.05415 26.20208 26.81888 26.33268
27 28.17673 29.77009 29.46328 28.73634 29.82858 29.6651
28 25.30293 25.95325 25.7948 25.59247 26.14886 26.01211
29 23.49778 23.89477 23.14189 23.81983 23.65723 23.13568
30 23.6835 24.30361 23.9495 23.4355 24.29029 24.20834
31 27.14362 26.07482 26.7345 26.81632 26.01769 26.92576
32 22.28936 21.61565 22.30665 22.47616 22.00279 22.14922
33 30.31556 29.72147 28.26806 30.14046 29.54206 28.23565
34 27.99139 27.05191 26.92624 28.07805 27.34475 27.0294
35 24.42354 24.28968 25.36087 24.64078 24.67177 25.29662
36 23.70809 23.56456 23.84769 23.7375 23.21117 23.77554
37 24.22134 24.395 24.92111 24.46654 24.2077 25.06889
38 25.39795 24.5055 24.36077 25.27133 24.67145 24.64797
39 25.06688 24.90651 25.40661 25.66615 25.04288 25.67324
40 25.32531 24.75805 24.70412 25.39476 24.74702 24.61464
41 25.62367 25.73084 25.97116 25.55625 25.80432 26.02759
42 26.07848 25.97024 25.10939 26.17865 25.91929 24.89895
43 30.42347 29.61458 31.30163 30.53342 29.81257 31.25805
44 22.9392 23.70004 23.2812 23.48846 23.58274 23.30619
45 29.8468 29.55483 30.01142 29.87064 30.00197 29.84096
46 28.0454 26.65744 27.21206 27.84651 26.80458 27.1083
47 24.04258 24.07611 23.86841 24.45831 24.13778 23.76057
48 24.15873 24.54935 24.35905 25.34402 24.30085 24.49573
49 26.81903 26.24622 25.34749 27.51699 26.00262 25.28243
50 22.88238 23.95383 23.58412 23.85445 23.95471 23.23978
51 24.92578 24.45507 24.61788 24.93623 24.85038 24.62122
52 27.64023 26.67239 27.67737 28.23756 26.82915 27.41326
53 24.38346 25.62126 25.53431 24.80018 25.42738 25.47727
54 24.41645 25.0343 25.52227 25.22265 25.04336 25.53078
55 29.65219 28.67051 28.33783 30.19488 28.82034 28.70736
56 28.69962 28.06205 27.72953 28.97524 28.10059 27.58124
57 23.54231 24.64368 24.55636 24.26038 24.58282 24.77457
58 25.87608 24.57251 24.93997 25.90813 24.884 25.03359
59 26.06192 26.578 26.82873 26.29547 26.46436 26.8013
60 25.11518 26.93189 27.74388 26.56098 26.93152 28.02717
61 28.20977 28.9985 28.35629 28.33862 28.54497 28.32858
62 23.69253 24.18473 23.67721 23.95412 24.14559 23.7505
63 24.75219 23.56146 23.99342 24.99788 23.5143 23.90976
64 26.29946 26.45585 26.34824 27.04034 26.63026 26.46103
65 29.0059 28.38012 27.56256 29.0869 28.20747 27.59422
66 25.15985 25.60685 26.14882 25.2197 25.43152 26.02802
67 22.81727 23.51024 22.58723 23.45881 23.40815 22.60516
68 23.46291 22.41074 22.01512 23.36434 22.28428 22.03358
69 23.68076 24.54014 24.43749 24.66053 24.62848 24.43769
70 25.06712 24.32644 25.15826 25.28813 24.29691 25.03715
71 25.5649 25.72487 25.33271 25.93196 25.82246 25.44132
72 22.05233 23.14794 22.81199 22.46364 23.29546 22.73711
73 26.88694 24.61536 25.10054 26.95069 24.60549 25.11652
74 27.24384 26.79337 26.61703 27.10643 26.77898 26.78616
75 27.65353 26.98489 27.02689 28.33413 27.05776 27.21829
76 24.65914 23.83587 24.17683 24.65765 23.71596 24.31735
77 25.44653 25.5932 26.35985 25.48851 25.33374 26.06113
78 25.02354 24.46954 25.16131 25.81655 24.75124 24.92456
79 26.40961 27.82307 27.59056 27.14918 27.8397 28.04785
80 26.33857 26.1092 25.87977 26.76592 26.35226 26.00213
81 30.41136 30.6368 30.01484 30.72621 30.88101 30.10387
82 29.46005 27.98312 28.47184 29.78333 27.86317 28.64871
83 25.79075 25.75656 25.88626 26.80354 25.94569 26.18081
84 24.73935 24.82389 24.60428 24.60956 24.89402 24.56175
85 23.49857 23.4854 24.16627 23.87693 23.69964 23.77958
86 25.46643 25.21782 25.31882 25.76524 25.07944 25.34388
87 26.01578 26.40587 26.95285 26.54182 26.19888 26.94465
88 23.55148 24.13162 23.82542 24.03003 24.25637 23.96399
89 25.82235 25.82113 26.33104 26.54132 25.79535 26.52945
90 26.64581 27.1764 26.26622 26.93912 27.30303 26.29281
91 25.1249 26.0439 26.17123 25.48055 26.40159 26.31772
92 24.78919 23.39532 24.0097 25.03632 23.57961 23.98062
93 23.45524 23.67992 23.75439 23.61697 23.67426 23.72985
94 26.90087 26.11152 25.98261 27.36259 26.08001 26.10658
95 25.45804 24.98294 25.59173 25.76981 24.73294 25.49117
96 23.93106 23.46594 23.83224 24.84794 23.59932 24.03701
97 28.51801 27.72404 26.87886 28.66812 27.82709 27.22761
98 22.40665 23.71867 23.60808 23.1243 23.69953 23.64921
99 27.94953 28.44682 28.55076 27.60622 28.14636 28.43875
100 28.19158 27.03193 26.46898 28.29883 26.93827 26.31373
