1 2.175819 2.270301 2.273831 2.218084 2.21919 2.277328
2 2.079222 2.188715 2.203023 2.084842 2.182052 2.218289
3 1.937888 2.014352 2.003218 1.956394 2.012611 2.004037
4 2.080209 2.055278 2.065696 2.08843 2.040907 2.071121
5 2.080427 2.05994 2.048791 2.090276 2.065653 2.058708
6 2.415874 2.388521 2.414233 2.428071 2.384465 2.404927
7 2.042991 2.114233 2.087905 2.081615 2.125808 2.072012
8 1.784087 1.801487 1.826865 1.819654 1.821204 1.81147
9 3.159545 2.884935 2.875512 3.145882 2.908469 2.884833
10 2.596428 2.4972 2.479495 2.506749 2.481626 2.50726
11 1.986964 2.030712 1.996813 1.978031 2.005958 2.003311
12 1.966621 2.033275 2.006578 1.990024 2.014218 2.002957
13 2.438248 2.38345 2.382182 2.447834 2.371589 2.392021
14 1.850548 1.89044 1.9056 1.889671 1.8962 1.905161
15 2.301861 2.378244 2.361044 2.324315 2.389486 2.384089
16 1.899825 2.005296 1.965177 1.949266 2.011662 1.976249
17 2.485422 2.485102 2.474336 2.457918 2.488569 2.496706
18 2.089158 2.133106 2.106718 2.105043 2.1394 2.107151
19 2.923196 2.848563 2.739434 2.894959 2.904025 2.902481
20 2.045884 2.092542 2.092963 2.067223 2.107559 2.074218
21 2.10859 2.06932 2.072041 2.100403 2.076876 2.080081
22 2.285461 2.305329 2.29667 2.30473 2.293877 2.303546
23 2.366948 2.415136 2.465743 2.412262 2.422251 2.466932
24 8.499906 8.525386 9.146896 9.040759 9.557712 9.192483
25 2.240464 2.255251 2.254006 2.213294 2.272011 2.253933
26 2.123755 2.257323 2.235056 2.199364 2.290465 2.256584
27 2.532365 2.67675 2.643151 2.539039 2.684675 2.665524
28 2.122305 2.169152 2.148302 2.111695 2.183732 2.173055
29 1.87023 1.901553 1.861179 1.874361 1.877231 1.861332
30 1.943073 1.989214 1.968756 1.915293 1.983875 1.986971
31 2.056458 2.027167 2.046865 2.026317 2.016264 2.057038
32 1.809593 1.797309 1.834848 1.807644 1.818611 1.818283
33 2.395288 2.389422 2.32441 2.38986 2.374589 2.338204
34 2.109167 2.055353 2.051873 2.113507 2.069928 2.058118
35 2.372988 2.478108 2.560225 2.529567 2.512649 2.574924
36 1.974492 1.998226 2.010496 1.960532 1.967799 1.998975
37 2.214771 2.276504 2.265637 2.218393 2.265112 2.28674
38 3.210454 3.293193 3.173433 3.20852 3.323376 3.355277
39 2.022916 2.049179 2.067578 2.059066 2.051422 2.089221
40 2.018057 2.032919 2.022191 2.025248 2.028892 2.021023
41 2.119179 2.189696 2.181521 2.108525 2.184083 2.192715
42 2.185533 2.243259 2.200672 2.194648 2.231393 2.193304
43 2.41979 2.420778 2.481761 2.407189 2.436738 2.481217
44 2.090293 2.190296 2.175398 2.166045 2.191354 2.208399
45 2.334549 2.327809 2.364846 2.331349 2.363536 2.352188
46 2.451414 2.411611 2.419275 2.42466 2.408108 2.412704
47 2.28127 2.322232 2.350404 2.37244 2.346028 2.371549
48 2.389834 2.482928 2.466175 2.489507 2.486617 2.465334
49 2.12352 2.123869 2.085655 2.165097 2.111558 2.082632
50 1.794956 1.865787 1.860176 1.845036 1.872242 1.837514
51 2.052064 2.063466 2.064136 2.04178 2.085702 2.066316
52 2.170474 2.145821 2.190462 2.19666 2.158071 2.17129
53 1.988713 2.099507 2.104821 2.011172 2.078133 2.098285
54 1.925639 2.016884 2.024296 1.981166 2.013218 2.02963
55 2.283451 2.25164 2.236517 2.308222 2.256728 2.25375
56 2.232626 2.230479 2.228428 2.238964 2.23583 2.213022
57 1.905523 2.009972 2.020955 1.938664 2.006655 2.027648
58 2.005203 1.946466 1.960392 1.995028 1.962381 1.969175
59 2.101183 2.156115 2.154262 2.110011 2.139687 2.160558
60 2.258254 2.489302 2.504083 2.336855 2.462835 2.507046
61 2.297392 2.38875 2.283836 2.299867 2.329927 2.314504
62 1.960845 1.998835 1.984338 1.962811 1.984904 1.972831
63 2.014861 1.976427 1.994381 2.024546 1.968981 1.983504
64 2.013968 2.031369 2.0279 2.043629 2.048945 2.035341
65 2.263403 2.246151 2.224398 2.273495 2.237955 2.228564
66 1.930582 1.977465 1.996005 1.930445 1.970166 1.985229
67 1.841025 1.909961 1.864784 1.884704 1.895421 1.865127
68 2.395513 2.401688 2.412654 2.39984 2.390405 2.379813
69 2.10144 2.155621 2.150852 2.173047 2.166674 2.179592
70 1.938286 1.927958 1.961593 1.944243 1.922719 1.95565
71 2.058465 2.075345 2.070581 2.091745 2.086522 2.077358
72 5.324565 5.261478 5.856616 4.932016 5.561831 5.24286
73 2.096495 1.991022 2.010686 2.084542 1.984052 2.010139
74 2.122296 2.125933 2.108522 2.098937 2.108152 2.116839
75 2.10873 2.10202 2.09214 2.152358 2.104127 2.102775
76 1.929229 1.92013 1.928406 1.921694 1.909634 1.942052
77 2.06089 2.10842 2.149162 2.047085 2.09161 2.119817
78 2.474159 2.526038 2.483488 2.534418 2.558235 2.540397
79 2.238508 2.395121 2.356736 2.305406 2.391184 2.39321
80 2.042347 2.026829 2.028705 2.066112 2.042226 2.035473
81 2.379447 2.432063 2.413446 2.405691 2.442445 2.416762
82 2.739561 2.781196 2.713722 2.794534 2.742803 2.683195
83 2.056193 2.069924 2.075838 2.108707 2.083544 2.098058
84 2.215376 2.208548 2.205944 2.175448 2.19933 2.190462
85 1.906797 1.926904 1.977529 1.923066 1.938394 1.943617
86 1.996104 2.024211 2.02135 2.000365 2.012834 2.026781
87 2.0882 2.177109 2.186253 2.108654 2.160192 2.181712
88 2.160225 2.230663 2.249417 2.193474 2.247934 2.22797
89 2.101147 2.142276 2.138309 2.144836 2.135843 2.165052
90 2.014582 2.045588 2.027341 2.033247 2.062273 2.029171
91 2.01917 2.092989 2.118758 2.05061 2.128639 2.134027
92 2.020795 1.965193 1.982089 2.016256 1.961846 1.983797
93 1.870734 1.919317 1.92684 1.882969 1.92205 1.921792
94 2.140375 2.161855 2.147171 2.155344 2.160699 2.159763
95 2.208153 2.232189 2.233275 2.236985 2.213077 2.243294
96 1.99737 1.998852 2.003544 2.056498 2.011606 2.011983
97 2.673969 2.594963 2.613411 2.672554 2.607934 2.654806
98 2.033456 2.207652 2.17704 2.104923 2.177992 2.185735
99 2.242989 2.291727 2.29 2.218782 2.272468 2.288317
100 2.155684 2.118095 2.104055 2.160509 2.116108 2.09871
