1 25.66697 1.948698 -0.541578 3.977108 2.567773 3.542051 -1.487631 -0.161693 -0.004892141
2 25.70056 2.10882 -0.5575316 4.354356 2.339958 4.882199 -1.013971 -0.6411491 -0.04668535
3 26.23006 2.029032 -0.5190106 3.946979 1.875261 4.482768 -0.8654631 -0.9445342 -0.07015908
4 25.99054 1.959653 -0.5380924 4.651929 3.008231 5.339135 -1.491361 -0.005158176 -0.0122096
5 26.18303 1.973296 -0.5252418 4.129994 1.644944 4.574685 -1.395388 -0.136152 -0.0063054
6 25.6455 1.864148 -0.5460038 4.47159 2.545348 4.10968 -1.489832 -1.060803 -0.008551887
7 25.95942 2.003435 -0.5159105 3.984847 2.509454 5.379415 -1.413054 -0.1370994 -0.02050114
8 26.2615 1.948429 -0.5025768 4.884119 2.373935 6.036258 -1.226244 -0.4422248 -0.01060959
9 26.71275 1.910048 -0.4938888 4.576666 1.785352 4.107474 -1.371855 -0.2677807 0.007775213
10 25.87265 1.925376 -0.5292236 4.502796 3.046086 4.495372 -1.430122 -0.03295967 -0.002988898
11 26.32551 2.01555 -0.5109792 4.400892 1.841783 4.66193 -0.8782505 -1.04973 -0.05673512
12 25.51222 2.072262 -0.5649058 4.057466 1.79594 4.430511 -1.333485 -0.1334855 -0.0170667
13 26.43648 1.956166 -0.5142983 4.134476 2.472461 5.440274 -1.268332 -1.228207 -0.04329148
14 25.64587 1.975088 -0.5397102 4.221053 1.99582 5.018949 -1.288715 -0.3613485 0.004725068
15 25.80053 1.962843 -0.5350048 4.199998 2.011617 3.978387 -1.246379 -0.4243722 -0.03206553
16 26.42139 1.890597 -0.4947731 4.574564 2.515063 5.476528 -1.532423 -0.02783371 -0.007962856
17 26.18582 2.062223 -0.5511138 4.154324 1.655948 4.065277 -1.625302 -0.1821104 -0.0002724574
18 26.32508 2.080146 -0.5261833 4.401299 2.653202 5.911531 -1.254313 -0.7078725 -0.03657242
19 25.97772 1.962939 -0.5313437 4.92858 3.107924 5.58472 -1.141906 -0.3551475 -0.07480593
20 25.80058 2.033278 -0.5470363 4.166143 2.059469 6.479823 -0.9551308 -1.171201 -0.05658185
21 25.59653 1.9521 -0.5423801 4.551567 1.590975 4.204113 -0.8543135 -1.111391 -0.06104059
22 26.04845 1.921763 -0.5212101 4.538478 2.94757 5.142182 -1.044993 -0.8199193 -0.05703445
23 25.56971 1.917573 -0.5536251 3.893605 2.818767 3.666925 -1.268584 -0.5862223 -0.03703005
24 25.96235 1.901293 -0.5182201 4.694672 2.114608 7.719499 -1.146319 -0.9845258 -0.05582846
25 25.56266 1.920481 -0.5391921 4.395754 2.460699 6.082554 -1.417427 -0.2766932 -0.02490417
26 26.30934 1.918895 -0.5048388 3.762116 2.752461 3.845127 -0.9894832 -0.6842661 -0.0692963
27 25.69223 1.946008 -0.5316846 4.239997 3.040532 4.741746 -1.495626 -0.4234697 -0.001248566
28 26.14293 1.934948 -0.5024941 3.656423 2.822527 3.850822 -1.430852 -0.1359941 -0.017691
29 26.43872 1.938049 -0.5099628 3.842225 2.00031 4.114911 -1.330416 -0.31621 -0.01039684
30 26.6248 2.012041 -0.4996469 4.021321 2.106852 3.855592 -1.341901 -0.2170277 -0.000467452
31 25.84744 1.905799 -0.5363208 4.331041 1.772054 5.225367 -1.156271 -0.5513797 -0.04627196
32 25.14046 1.835399 -0.5435923 4.147272 3.518583 7.055237 -1.443914 -0.8206932 0.006643767
33 26.55184 2.055507 -0.504305 4.089671 2.619728 5.670839 -1.347625 -0.5788443 -0.06476514
34 26.12712 1.807115 -0.4967186 3.881099 1.755562 4.962859 -0.9254546 -1.033812 -0.06516607
35 25.46123 1.966605 -0.5540531 4.423955 1.914419 8.212518 -1.450931 -0.1019807 0.0001741605
36 25.65081 1.988196 -0.5386591 3.863818 2.725019 5.275504 -1.239787 -0.732848 -0.04135923
37 25.50123 2.059586 -0.5741817 4.393568 1.450055 5.026619 -1.474127 -0.1021514 -0.004675007
38 25.90647 1.914524 -0.5116614 4.186976 3.175208 3.835951 -1.335209 -0.1879126 -7.095197e-05
39 25.50914 1.811401 -0.5322543 3.965802 3.12087 4.772416 -1.033342 -0.7018606 -0.04571885
40 26.25812 2.084718 -0.5343203 4.401449 1.54636 6.614017 -1.329069 -0.1220346 -0.01020421
41 26.10229 2.049228 -0.5506448 3.610508 1.582355 3.733322 -1.01988 -0.7677264 -0.05210154
42 26.21509 2.183163 -0.5403413 4.479257 1.486734 5.261337 -1.200823 -0.4631125 -0.04794596
43 25.64438 1.956171 -0.5519124 4.65798 2.411921 7.478157 -1.589065 -0.4842406 0.007861471
44 25.68852 1.969846 -0.5445482 4.047201 1.581932 3.882612 -1.064823 -0.7267988 -0.02897
45 26.29497 1.940967 -0.5158745 4.566529 2.10606 5.250553 -1.513646 -0.1636202 -0.01054509
46 25.99109 2.008269 -0.5252522 3.748167 1.726363 3.638514 -0.9713355 -0.9514948 -0.06765211
47 26.4136 2.052123 -0.5011936 4.819129 2.078553 6.645218 -1.318824 -0.3213025 0.004411261
48 25.80405 1.968615 -0.5329171 4.361504 3.319247 3.582511 -1.490744 -0.295459 0.005970855
49 26.26716 2.068468 -0.523398 4.069946 1.522001 5.213335 -1.014951 -0.7485691 -0.06911469
50 26.09449 1.990838 -0.527948 3.730962 1.987054 3.124878 -1.341076 -0.2984484 0.005747564
51 25.9898 2.005888 -0.5240957 4.19386 2.540556 4.8836 -1.174855 -0.3478869 -0.03402999
52 25.85908 1.952814 -0.5435423 4.591116 1.719137 5.20517 -1.002381 -1.260025 -0.04660033
53 25.96542 2.065 -0.5459826 3.413459 2.144135 3.863022 -1.470441 0.08423662 -0.004374207
54 25.74331 1.942558 -0.5443819 4.118513 2.800786 5.207687 -1.571606 0.02706417 0.006592945
55 26.08587 1.92525 -0.5196621 3.872764 2.030969 4.219467 -1.285992 -1.236535 -0.03434321
56 26.29304 2.015204 -0.5221677 3.684883 1.982321 5.08054 -1.116765 -0.975283 -0.05097529
57 26.10804 2.041379 -0.5310867 4.331615 3.11616 5.00397 -1.330333 -0.1650791 -0.01051744
58 25.97209 1.900317 -0.5274804 3.952237 3.583751 6.733667 -1.299646 -0.05810263 -0.0189628
59 26.03437 1.902501 -0.5051564 4.107399 1.589012 3.753445 -0.953062 -0.9687147 -0.06570085
60 25.49687 1.967943 -0.5620315 3.921011 2.745652 3.60467 -1.007491 -1.096396 -0.05907088
61 26.33968 2.071332 -0.5243394 4.17464 1.795253 4.774478 -1.162246 -0.9979792 -0.04547112
62 25.99893 1.922239 -0.5061288 4.563663 3.651477 5.330438 -1.398362 -0.2362955 0.001694604
63 25.95618 2.004957 -0.5285448 4.364536 1.679522 6.260685 -1.318789 -0.3563751 0.000834649
64 26.27251 1.920267 -0.5199557 4.314661 1.993964 4.907334 -1.122044 -0.6751249 -0.04792652
65 26.13289 1.985768 -0.515697 4.258499 2.424636 4.25314 -1.153422 -0.8658256 -0.06270672
66 26.00739 2.03675 -0.5493086 3.893658 2.161272 4.891067 -0.9725549 -0.9804469 -0.04269093
67 26.15325 1.954082 -0.5101991 3.637781 2.353798 4.682506 -1.199595 -1.087199 -0.02475602
68 25.82663 2.057613 -0.5189855 4.94825 2.604215 5.417936 -1.183392 -1.307786 -0.01131086
69 25.94625 1.981279 -0.5429933 3.879233 1.961908 3.510824 -1.433552 -0.08943389 0.002764303
70 25.78743 1.9724 -0.5326588 4.340178 1.753019 5.294901 -1.448068 -0.08776606 0.002929387
71 26.68841 1.950663 -0.4955556 4.06732 2.078462 3.966142 -1.261666 -0.3535058 -0.02992942
72 26.35605 2.034359 -0.5064646 4.406205 1.765203 5.245872 -1.200192 -0.7831946 -0.01181786
73 26.07679 1.922493 -0.5268573 4.212792 1.745384 4.460203 -0.9703258 -0.8696046 -0.04798662
74 26.06534 1.9795 -0.5531803 4.143902 2.085015 6.695476 -1.012471 -0.9954248 -0.06268077
75 26.01999 1.867943 -0.513066 3.964626 2.476758 4.433954 -1.101552 -0.6754107 -0.06545054
76 25.65463 1.990753 -0.5524531 4.751456 2.06062 8.764793 -1.500564 -0.8320571 0.002646078
77 25.93483 2.010413 -0.5370009 3.797221 2.365342 4.390713 -1.266873 -0.3322512 -0.0313007
78 26.28937 2.003869 -0.5178192 5.077512 1.887611 5.1918 -1.427044 -0.09829601 0.0005586755
79 26.2163 2.071661 -0.5295575 4.175657 2.598537 5.216287 -1.113322 -0.8563726 -0.0293118
80 26.66518 1.942441 -0.4900329 4.522664 1.700111 6.517784 -0.9810542 -0.6777056 -0.07459186
81 26.13707 2.038763 -0.5101105 3.919137 2.272259 4.80976 -1.483528 -0.9478198 -0.01255781
82 26.047 1.943605 -0.5358211 4.062576 1.465001 3.996386 -1.218253 -1.163021 -0.04094162
83 26.07723 1.929841 -0.5248909 3.688799 1.797865 3.957008 -1.517267 0.0434472 -0.01025763
84 26.30064 1.980193 -0.495825 4.245153 3.067264 4.494208 -1.19293 -0.3522012 -0.01871185
85 25.59692 1.888114 -0.5267233 3.930134 4.00498 4.794118 -1.374889 -0.273074 0.004797806
86 26.12227 2.019556 -0.532552 3.661409 1.608662 5.690284 -1.476243 -0.06048861 -0.00024649
87 25.42204 2.106029 -0.5694733 4.506223 2.136225 5.014544 -1.721335 0.1725257 0.003323574
88 25.82159 1.989268 -0.5236361 4.065657 1.737671 4.054998 -0.7623258 -1.231999 -0.06412307
89 25.4779 1.976824 -0.5499859 4.142687 2.242883 5.597774 -0.9123937 -0.9277226 -0.07080597
90 26.2139 1.927583 -0.503032 4.867644 2.767238 8.100101 -1.09677 -0.9165554 -0.0588075
91 25.67673 2.025151 -0.5520361 4.019379 1.6448 5.136574 -0.9697837 -0.9227501 -0.05690448
92 25.46261 1.893036 -0.5458606 3.722619 1.669936 3.961588 -1.284841 -0.3252605 -0.004530991
93 26.09047 1.998773 -0.5335883 4.13313 2.031959 4.433055 -1.256156 -0.7836093 -0.03226421
94 25.43054 1.951771 -0.5484529 4.232546 2.441004 5.380985 -1.325733 -0.293706 -0.03295657
95 26.06328 1.948759 -0.5392211 4.535367 2.089627 4.537375 -0.8638639 -0.939712 -0.06826246
96 25.48617 1.826661 -0.5377556 3.742855 2.28863 3.983815 -1.327147 -0.6854761 -0.01876229
97 26.42708 2.090623 -0.5263968 4.911271 1.218752 6.435445 -1.19099 -0.6647673 -0.05865707
98 25.56664 1.934091 -0.5450483 4.327106 2.434674 5.085401 -1.2993 -0.2441456 0.0005906728
99 26.2535 2.014989 -0.5130542 4.285109 2.383302 4.725514 -1.202533 -0.6047372 -0.05519766
100 26.08462 1.923345 -0.5244666 4.632998 1.604401 4.741498 -1.023874 -0.8208976 -0.06809859
