1 0.3783247 0.06029712 0.02096394 0.6473668 NaN 0.1372483 NaN NaN
2 0.3160014 0.06035741 0.01900317 NaN NaN 0.1446271 NaN NaN
3 0.335792 0.05428904 0.01759736 0.3721836 NaN 0.1440854 NaN NaN
4 0.3367952 0.0542788 0.01886557 NaN NaN 0.1481024 NaN NaN
5 0.3202081 0.05178341 0.01817576 0.4828693 NaN 0.150732 0.2543029 0.006703806
6 0.3095633 0.05301991 0.01906463 0.9818705 0.7105745 0.2000241 0.1582807 NaN
7 0.3341256 0.05180328 0.01690444 NaN NaN 0.1471144 NaN NaN
8 0.4010767 0.05777042 0.01942192 0.6399848 NaN 0.144723 0.3650607 0.01189253
9 0.4391868 0.06370547 0.02050234 0.7334419 NaN 0.1436517 NaN NaN
10 0.392819 0.05799532 0.01993766 0.4827428 NaN 0.1474849 NaN NaN
11 0.4175344 0.06007718 0.01934186 0.7140525 NaN 0.1388513 NaN NaN
12 0.307871 0.05593799 0.01918087 0.2722776 NaN 0.1472769 0.01552132 NaN
13 0.3156531 0.04824655 0.01642956 0.8753353 0.6863613 0.154649 0.04637832 NaN
14 0.3519932 0.05565906 0.01930257 0.6440699 NaN 0.1419234 0.0721095 NaN
15 0.3454792 0.05766795 0.01950342 NaN NaN 0.853166 0.8309654 NaN
16 0.3663147 0.05385334 0.0185322 NaN NaN 0.1568067 0.2849704 0.007236356
17 0.3014058 0.05414 0.01773392 0.768607 0.5939638 0.1608051 0.2188349 0.005388496
18 0.3204264 0.05314973 0.01697411 1.074167 1.257249 0.162724 0.1231209 NaN
19 0.352823 0.05644122 0.01927887 NaN NaN 0.15178 0.1990983 0.005057592
20 0.2956215 0.06037174 0.03081801 14.96433 21.47622 0.1474341 0.1012831 0.001432322
21 0.3408087 0.05743248 0.02061359 0.3439716 NaN 0.1428328 0.07471912 NaN
22 0.3589757 0.0536507 0.01834735 NaN NaN 0.1473032 NaN NaN
23 0.3242182 0.05497179 0.01898973 1.288668 1.232088 0.171366 0.1348175 NaN
24 0.3118797 0.04977898 0.01707842 0.9235735 0.8466508 0.1497409 NaN NaN
25 0.2898522 0.04959428 0.01747889 0.8007714 0.7717893 0.1535027 0.2512787 0.006704448
26 0.3578576 0.05496021 0.01809381 NaN NaN 0.1490494 0.3784528 0.0107121
27 0.3196453 0.05501788 0.01804209 0.9231409 0.6519159 0.1487182 NaN NaN
28 0.3587163 0.05746974 0.01842539 0.3544096 NaN 0.1524852 0.2957751 0.007938241
29 0.3883214 0.05619875 0.01890866 0.5618649 NaN 0.1490048 0.2524605 0.007211507
30 0.3718435 0.0545488 0.01786413 0.6284036 NaN 0.1467893 0.4008018 0.01228568
31 0.3287787 0.0521249 0.01847242 NaN NaN 0.1482472 NaN NaN
32 0.3602247 0.05218002 0.01879389 0.8381666 NaN 0.1929506 0.173787 NaN
33 0.3122184 0.05088719 0.01578947 0.8246999 0.6147764 0.1627476 0.2779467 0.006684485
34 0.2927619 0.04354751 0.0169656 NaN NaN 0.1468135 NaN NaN
35 0.2994348 0.05350807 0.01796321 0.2850702 NaN 0.1514013 0.09939734 NaN
36 0.3699524 0.05476323 0.01796989 0.7465146 NaN 0.1498208 NaN NaN
37 0.3021192 0.05974887 0.01978525 0.3823061 NaN 0.154487 0.2031789 0.005323772
38 0.397465 0.06120438 0.01935904 0.6928503 NaN 0.1465789 0.08398897 NaN
39 0.3446707 0.05148291 0.01868681 NaN NaN 0.1465301 0.04075787 NaN
40 0.3221365 0.05537958 0.0172474 0.3633025 NaN 0.1453682 0.04396534 NaN
41 0.3008386 0.05784213 0.01790247 0.1165113 NaN 0.1464371 0.03977663 NaN
42 0.3294469 0.05764082 0.01842602 NaN NaN 0.139931 NaN NaN
43 0.2778319 0.05020022 0.01701327 0.7123571 0.5292187 0.1528176 0.04248197 NaN
44 0.3508353 0.0597452 0.02100224 0.5247059 NaN 0.1425446 NaN NaN
45 0.3114572 0.05358639 0.01729634 0.751257 0.7166146 0.1539241 0.2137639 0.005345691
46 0.3278276 0.05573168 0.01867367 2.147689 3.284229 0.14769 NaN NaN
47 0.3782708 0.05781958 0.01797615 0.5855193 NaN 0.1426952 NaN NaN
48 0.4352095 0.0628614 0.02235973 0.7667127 NaN 0.1641352 0.1417004 NaN
49 0.3135795 0.05363711 0.01739804 NaN NaN 0.1436055 NaN NaN
50 0.4021206 0.06329381 0.02154099 0.8396516 NaN 0.1428517 0.05593582 NaN
51 0.3692264 0.05798486 0.01864382 0.5962825 NaN 0.1471636 0.2096644 0.005408065
52 0.3299576 0.05585772 0.01888398 1.65289 2.300075 0.1454317 0.114214 NaN
53 0.3288802 0.05625373 0.01795922 0.2073111 NaN 0.1492611 0.0649063 NaN
54 0.3339749 0.05364201 0.01873714 0.1974613 NaN 0.160195 0.3612886 0.009311852
55 0.3248853 0.05202559 0.01774664 0.8830739 0.7891097 0.1510353 0.09517312 NaN
56 0.3125608 0.04967139 0.01645429 1.017639 0.8472366 0.1482093 NaN NaN
57 0.3625053 0.05811257 0.01889411 0.4148006 NaN 0.1452571 NaN NaN
58 0.3507936 0.05177766 0.01747999 NaN NaN 0.1486974 0.1092181 NaN
59 0.357037 0.0548487 0.01889745 NaN NaN 0.1472545 NaN NaN
60 0.3380306 0.0593221 0.02063097 2.555452 2.399594 0.1477217 0.08708588 NaN
61 0.305672 0.05202948 0.01739076 0.7143833 1.005138 0.1478363 NaN NaN
62 0.4314693 0.05856487 0.0189151 0.8589892 NaN 0.1415482 NaN NaN
63 0.338726 0.05373413 0.01844987 0.4430963 NaN 0.1464118 NaN NaN
64 0.3356267 0.05229726 0.01821841 NaN NaN 0.1491114 0.0777694 NaN
65 0.3499981 0.05514367 0.01841391 1.144582 1.127629 0.1486268 NaN NaN
66 0.3370512 0.05452278 0.01957379 NaN NaN 0.1443914 0.1192775 NaN
67 0.376483 0.05477245 0.01822043 0.5818833 NaN 0.1493136 0.0458557 NaN
68 0.4163304 0.06347882 0.02032243 0.7706309 NaN 0.1435102 0.1038971 NaN
69 0.3724793 0.06268757 0.02201784 0.6006465 NaN 0.1460235 NaN NaN
70 0.3429094 0.05551858 0.01883403 0.4340038 NaN 0.1480752 NaN NaN
71 0.3852405 0.05627905 0.01842302 0.308442 NaN 0.1455906 NaN NaN
72 0.3752658 0.0604395 0.01871344 0.6760979 NaN 0.1431503 NaN NaN
73 0.36086 0.05579493 0.01867669 0.1499313 NaN 0.1434613 0.09654865 NaN
74 0.2947543 0.049423 0.01684794 1.590471 1.575237 0.1483705 0.044872 NaN
75 0.3615808 0.05263734 0.01849436 1.881024 1.65074 0.1532268 0.4950236 0.01458466
76 0.328427 0.05247842 0.01807736 0.4475799 NaN 0.1601705 0.1293342 NaN
77 0.3350751 0.05489105 0.01815834 NaN NaN 0.1461416 NaN NaN
78 0.3832569 0.06159362 0.0192278 0.6687603 NaN 0.1465182 0.07980287 NaN
79 0.3156887 0.05611405 0.01717201 1.066272 1.100068 0.1462435 0.06877034 NaN
80 0.3632929 0.05532215 0.01720464 NaN NaN 0.1465343 0.2681347 0.007620748
81 0.2996052 0.05158312 0.01601446 0.6455204 0.6130333 0.1520534 0.07292647 NaN
82 0.3126852 0.05194411 0.01830944 0.9469269 0.8815496 0.1523862 0.09872335 NaN
83 0.3248093 0.05288048 0.01816851 NaN NaN 0.1502007 NaN NaN
84 0.4151171 0.0587916 0.01878557 0.4481647 NaN 0.1426717 0.09030506 NaN
85 0.3773643 0.05537526 0.01855996 0.6573888 NaN 0.1447939 0.07741061 NaN
86 0.3036271 0.0513665 0.0165941 0.3479908 NaN 0.1500832 NaN NaN
87 0.3159122 0.05822086 0.01883339 NaN NaN 0.1418286 NaN NaN
88 0.3338075 0.05731535 0.01908535 0.5637874 NaN 0.1530054 0.504385 0.02121558
89 0.3189051 0.05239176 0.01807428 NaN NaN 0.1452871 NaN NaN
90 0.3507573 0.05163294 0.01747699 1.330946 1.639269 0.1478546 NaN NaN
91 0.3008334 0.05333859 0.01794495 NaN NaN 0.1462191 0.07891675 NaN
92 0.3281534 0.05498522 0.0203908 0.4486484 NaN 0.1444487 0.108678 NaN
93 0.3719536 0.05862146 0.01894782 0.7028034 NaN 0.1500963 NaN NaN
94 0.3222639 0.0551435 0.01968902 6.992796 8.53112 0.1516527 0.07010286 NaN
95 0.348474 0.05588565 0.01988838 0.3669515 NaN 0.1449166 NaN NaN
96 0.4044663 0.05790542 0.02003314 0.7875668 NaN 0.1517068 NaN NaN
97 0.3049748 0.05490408 0.01726584 1.644372 3.464158 0.1472983 NaN NaN
98 0.3412962 0.05701148 0.01962766 0.5575397 NaN 0.1446276 NaN NaN
99 0.3510266 0.05636037 0.01838607 1.135907 1.068169 0.1525787 0.3498619 0.00984345
100 0.3258244 0.05303284 0.01894335 1.278124 2.468197 0.1470557 NaN NaN
