1 25.22492 1.897123 -0.5381206 7.854241 3.584494 -1.492622 -0.1438155 -0.003509766
2 25.47406 2.135034 -0.5584103 6.846565 2.80671 -1.009622 -0.652071 -0.04751664
3 26.08512 2.023056 -0.5147044 6.233155 2.523177 -0.8605188 -0.9488939 -0.07070672
4 25.87191 1.936375 -0.5337104 7.007773 3.292548 -1.483443 -0.01885101 -0.01313777
5 26.01104 1.950161 -0.5237883 6.404193 2.024481 -1.393173 -0.1358028 -0.006539879
6 25.38578 1.885913 -0.5483448 7.281517 3.262502 -1.486809 -1.074305 -0.008920507
7 25.83209 1.994407 -0.5117645 5.825301 3.566281 -1.406013 -0.1518674 -0.02166724
8 26.35147 1.936174 -0.4945603 7.241495 2.456142 -1.220149 -0.4575663 -0.01168516
9 26.35962 1.92261 -0.494303 8.186092 2.735844 -1.373043 -0.2633646 0.007788466
10 25.48449 1.882041 -0.5235499 7.212873 5.107868 -1.43222 -0.03290382 -0.002723146
11 25.83338 1.890648 -0.4987961 6.961821 3.900779 -0.8787963 -1.048997 -0.05659239
12 25.42834 2.024298 -0.5616272 6.62852 2.081188 -1.338036 -0.1250529 -0.01639208
13 26.3189 1.917955 -0.5150881 6.08051 3.316034 -1.263611 -1.218085 -0.04391092
14 25.59485 1.931445 -0.5352509 6.434821 2.996884 -1.289801 -0.3612622 0.004844222
15 25.5544 1.984731 -0.533833 7.561637 2.953742 -1.2404 -0.4277163 -0.03235168
16 26.16329 1.913921 -0.5033826 7.109551 3.763429 -1.517418 -0.04765645 -0.0105021
17 25.90667 2.021117 -0.5426319 6.831621 3.265461 -1.625824 -0.1805105 -0.0002778243
18 26.25354 2.055298 -0.5250351 6.388482 3.069369 -1.255082 -0.6979509 -0.03631351
19 25.78111 1.949178 -0.5277002 7.182223 3.531746 -1.138704 -0.3560929 -0.07493934
20 25.6363 2.016157 -0.5490391 5.787925 2.761355 -0.9560693 -1.177318 -0.05624505
21 25.59206 1.921595 -0.5366371 7.844853 2.105152 -0.8570551 -1.110482 -0.06073364
22 25.87147 1.888909 -0.5130931 6.792045 4.364631 -1.048975 -0.8089038 -0.05637538
23 25.37399 1.945263 -0.5588165 6.841742 3.545647 -1.268784 -0.5894158 -0.03698887
24 25.84665 1.916875 -0.5201619 6.091448 2.779623 -1.147278 -0.9899224 -0.05568777
25 25.42695 1.918592 -0.5359468 6.004309 2.69013 -1.416097 -0.2796673 -0.02533208
26 26.18223 1.964971 -0.5146637 6.967876 4.196487 -0.9942572 -0.6802673 -0.06888252
27 25.49716 1.995893 -0.533355 6.670038 3.523657 -1.499406 -0.4172172 -0.0007344222
28 26.06726 2.043691 -0.5179623 7.018056 3.774737 -1.439791 -0.1244298 -0.01639275
29 26.00896 1.894168 -0.5042595 6.499808 2.73557 -1.329765 -0.3117907 -0.01021927
30 26.2728 1.966449 -0.4970913 6.430009 2.987801 -1.344415 -0.2174779 -0.0001431347
31 25.62565 1.896249 -0.537083 6.389578 3.555516 -1.165152 -0.5319639 -0.04489667
32 24.90131 1.880769 -0.5503778 5.220367 5.006434 -1.447267 -0.8375328 0.006834642
33 26.3027 2.075095 -0.5066352 5.85126 3.123646 -1.345794 -0.5883047 -0.06475165
34 26.3304 1.834557 -0.4920856 6.377882 1.909536 -0.9246544 -1.041855 -0.06477135
35 25.35867 2.039166 -0.5669283 5.681515 2.26352 -1.451504 -0.1002105 -0.0001056284
36 25.25556 1.92498 -0.529498 5.571045 4.72505 -1.23762 -0.7380216 -0.04128271
37 25.28765 2.098836 -0.5792315 6.763294 1.821868 -1.478305 -0.09108737 -0.002846866
38 25.8864 2.031684 -0.5181544 7.313296 4.756684 -1.33625 -0.1852102 -3.472325e-05
39 25.28166 1.833709 -0.5314442 6.144026 4.294521 -1.021307 -0.7235169 -0.04738376
40 26.16889 2.104475 -0.5314027 6.084069 1.963025 -1.330889 -0.1229359 -0.01000929
41 25.73157 2.160461 -0.5652452 6.221437 2.140675 -1.019434 -0.7665187 -0.05210484
42 26.08302 2.084434 -0.5291301 6.976451 2.285871 -1.190097 -0.4793086 -0.04938025
43 25.51485 1.992646 -0.5538261 5.858865 2.922594 -1.588643 -0.4880645 0.007779714
44 25.38893 1.945985 -0.5451759 7.609332 2.306412 -1.065829 -0.7269903 -0.02874778
45 26.15551 2.03535 -0.5221841 6.690651 2.808961 -1.517976 -0.1584942 -0.009375091
46 25.8693 2.008319 -0.5253723 6.752488 2.448086 -0.9729077 -0.9506472 -0.06752995
47 26.48818 2.064317 -0.4991228 6.70693 2.193034 -1.32002 -0.319839 0.004461835
48 25.64736 1.850976 -0.5179375 9.047786 5.46769 -1.494541 -0.3064487 0.006423199
49 26.1318 2.051571 -0.5197845 6.371092 1.742611 -1.006499 -0.7522104 -0.07044712
50 25.6749 1.960446 -0.5345768 8.332233 3.964908 -1.342289 -0.2984891 0.005894188
51 25.82261 1.998023 -0.5226258 6.273119 3.88263 -1.173684 -0.3510617 -0.03473966
52 25.59383 1.936105 -0.5415739 6.887233 2.422845 -1.003365 -1.243431 -0.04651881
53 25.52256 2.065299 -0.5472561 6.098999 3.166359 -1.471276 0.08521803 -0.004283786
54 25.59964 1.939369 -0.5452556 6.375842 3.776203 -1.563812 0.0245486 0.006024871
55 25.8783 1.92622 -0.5172677 6.74205 3.250975 -1.286941 -1.22883 -0.03413558
56 26.07182 1.997436 -0.5184785 5.636917 3.272335 -1.118392 -0.9791511 -0.05088337
57 25.62784 2.004417 -0.5325322 6.746113 4.072538 -1.325097 -0.1760432 -0.01117912
58 25.73866 1.910856 -0.5318432 5.765699 4.590642 -1.295746 -0.06327433 -0.01947281
59 25.65924 1.897738 -0.5077042 7.122176 3.044995 -0.9394065 -0.9735643 -0.06779543
60 24.98048 1.976636 -0.5684697 7.305521 4.60635 -1.009872 -1.094558 -0.05898817
61 26.10595 2.017383 -0.5179933 6.511036 2.074017 -1.157835 -1.000203 -0.04597354
62 25.57907 1.873293 -0.500635 6.4158 7.212033 -1.397228 -0.2355959 0.001523968
63 25.81282 1.960319 -0.5234131 6.301753 2.115418 -1.317548 -0.3584477 0.0006023372
64 26.07427 1.915727 -0.5195936 6.863698 2.952251 -1.122506 -0.6764629 -0.04802647
65 25.92704 1.945692 -0.5073908 7.304238 3.591344 -1.150652 -0.8528348 -0.06340075
66 25.7786 1.911454 -0.5437687 7.092711 3.032206 -0.9651338 -0.990025 -0.04376404
67 26.04634 1.955123 -0.5107112 6.304028 3.543137 -1.191968 -1.066639 -0.02569609
68 25.72877 2.036266 -0.5112788 7.343294 3.714176 -1.18237 -1.309232 -0.0112869
69 25.80852 1.962229 -0.5444676 8.83473 2.912674 -1.433351 -0.09057195 0.002872643
70 25.57101 1.93748 -0.5279836 6.504147 2.291161 -1.449791 -0.08768068 0.003094749
71 26.30738 1.959565 -0.497205 7.05186 3.596273 -1.259969 -0.359393 -0.03013058
72 26.21788 2.122719 -0.5113286 6.937421 2.382501 -1.200793 -0.7733203 -0.01172813
73 25.82407 1.929256 -0.5213978 6.671458 3.204734 -0.974625 -0.8582002 -0.04750383
74 25.89173 1.977784 -0.5512521 5.427425 3.055916 -1.015957 -0.9983399 -0.06215774
75 25.79619 1.828767 -0.5120683 6.813624 4.084272 -1.09854 -0.6891505 -0.06589598
76 25.63113 1.953085 -0.5434119 5.890948 2.741967 -1.49138 -0.8195381 0.001998603
77 25.86715 2.001022 -0.5324878 6.461094 3.321032 -1.249171 -0.3647044 -0.03365223
78 26.0517 2.050466 -0.5210915 7.494988 3.060051 -1.428592 -0.09506117 0.0006697165
79 25.9996 2.123952 -0.5391819 6.144273 3.083093 -1.11077 -0.8677766 -0.02967367
80 26.51255 1.958046 -0.4909768 6.175435 1.944679 -0.9839683 -0.674164 -0.07414088
81 26.08857 2.081393 -0.5119995 6.051801 2.474216 -1.487231 -0.929669 -0.01184188
82 25.9279 1.9166 -0.5240701 7.000835 2.245934 -1.216496 -1.169443 -0.04104238
83 26.00024 1.955161 -0.5256037 6.642408 2.136581 -1.515464 0.04382547 -0.01029885
84 26.00518 1.961963 -0.4961635 7.121883 5.496237 -1.190073 -0.3564831 -0.01922639
85 25.2484 1.913771 -0.5308284 6.004466 5.659208 -1.374263 -0.2642067 0.004779498
86 25.97631 2.06347 -0.5354298 5.376445 2.109305 -1.473571 -0.06932601 -0.0006109329
87 25.07083 2.057722 -0.5639243 7.137665 3.009354 -1.719833 0.1685431 0.003054736
88 25.65592 2.039308 -0.5320642 6.658646 2.076544 -0.761035 -1.23526 -0.06413717
89 25.32717 1.920428 -0.5395932 5.961355 2.959563 -0.9142123 -0.9215695 -0.07095341
90 26.2671 1.908218 -0.4977126 6.637858 3.311154 -1.103633 -0.9146484 -0.05793039
91 25.69412 2.022739 -0.5482231 6.193128 2.214985 -0.966559 -0.9348065 -0.0573896
92 25.2965 1.882941 -0.5429606 7.091108 1.983889 -1.278526 -0.3250802 -0.00535534
93 25.6206 1.995223 -0.5293496 6.628341 3.631167 -1.257395 -0.7953087 -0.0320307
94 25.2693 1.977975 -0.5493419 6.338206 3.318981 -1.331033 -0.2744981 -0.03229709
95 25.73471 1.914024 -0.5336023 7.226151 3.027452 -0.8715437 -0.926363 -0.0672376
96 25.05331 1.816547 -0.5278465 6.590195 4.79939 -1.326523 -0.7117232 -0.01900349
97 26.37253 2.115221 -0.5271765 6.614624 1.521895 -1.180607 -0.6730383 -0.06029826
98 25.32779 1.98468 -0.5454027 6.616513 2.951955 -1.304056 -0.241723 0.001045297
99 25.77083 1.97774 -0.5117769 7.076371 3.915768 -1.204645 -0.5942174 -0.05488798
100 26.03317 1.89386 -0.5208173 7.313648 1.825886 -1.022335 -0.8254025 -0.06827334
