1 0.2841839 0.04695304 0.01595287 0.7114418 0.5882092 0.5319585 0.1418801 NaN NaN
2 0.2891162 0.05199225 0.01650559 0.7963935 0.8503353 0.9566051 0.1447721 NaN NaN
3 0.2864722 0.04691345 0.01508594 0.6414643 0.7002886 0.7833538 0.1440658 NaN NaN
4 0.3082781 0.04851875 0.01666999 0.7769952 0.7268284 0.9860666 0.1482373 NaN NaN
5 0.2788958 0.0470753 0.01617918 0.6275626 0.9071719 0.9433818 0.1507248 0.2551839 0.006739075
6 0.263431 0.04510231 0.01592297 0.5946597 0.4679386 0.6117771 0.1917555 0.1498004 NaN
7 0.2946651 0.04683962 0.01506813 0.7161898 0.625737 1.02783 0.147426 NaN NaN
8 0.3580236 0.05160777 0.01699489 NaN NaN 0.5581942 0.1447007 0.3428988 0.01115878
9 0.3422825 0.04743561 0.01585544 NaN NaN NaN 0.1433135 NaN NaN
10 0.324054 0.05053165 0.01704811 0.8917709 0.834809 0.8681014 0.1472731 NaN NaN
11 0.3192087 0.05336587 0.01682801 0.8405841 1.148793 0.9826041 0.1390605 NaN NaN
12 0.2734983 0.05049471 0.0161918 0.5986722 0.6506501 0.743852 0.1471697 NaN NaN
13 0.2802037 0.04401933 0.01445689 0.5849243 0.4906065 0.9653178 0.1545578 0.04967163 NaN
14 0.2963465 0.04973233 0.01682159 0.8178757 1.069361 0.9960385 0.1419006 0.07132605 NaN
15 0.2955976 0.04763861 0.01663913 0.6800962 0.7971116 0.7570089 NaN NaN NaN
16 0.3338314 0.04702754 0.01634278 1.264123 1.812507 1.996014 0.1575819 0.2952838 0.007449936
17 0.2402743 0.04687734 0.01523178 0.4761939 0.5162606 0.6404797 0.160863 0.2191183 0.005384671
18 0.2904409 0.04887394 0.01488268 0.6436458 0.555656 1.085126 0.1615916 0.1211199 NaN
19 0.3149874 0.05166677 0.0168945 0.8493441 0.7400733 1.00457 0.1517165 0.2000755 0.005055979
20 0.2691933 0.04743847 0.01555891 0.6821483 0.8230381 1.577008 0.1448067 0.094176 NaN
21 0.3364623 0.05731849 0.02137181 1.745734 3.431686 2.337261 0.1428333 0.07356058 NaN
22 0.3026066 0.04693238 0.01618017 0.7547331 0.673913 0.9207521 0.1471808 NaN NaN
23 0.2688961 0.04480581 0.0154454 0.6643744 0.4733436 0.5465459 0.1713854 0.1346525 NaN
24 0.2812933 0.04566055 0.01599583 0.5957959 0.6399555 1.655599 0.1496978 NaN NaN
25 0.2674564 0.045627 0.01574678 0.6083017 0.5054501 1.130111 0.1535798 0.2522755 0.006717793
26 0.3024028 0.0448826 0.01491477 0.7419179 0.6150632 0.602388 0.1492653 0.3751597 0.01065184
27 0.2850363 0.04636083 0.01546265 0.7039855 0.4985504 0.782998 0.1485563 NaN NaN
28 0.3110272 0.04499987 0.01480926 0.7754031 0.6893577 0.6440695 0.1523357 0.2904791 0.007811928
29 0.3086385 0.04594856 0.01544707 0.7743358 1.008939 0.8647716 0.148816 0.2534774 0.007285596
30 0.3024686 0.04850612 0.01474436 0.6864472 0.6603888 0.6351287 0.146709 0.390585 0.01192767
31 0.2713834 0.04553646 0.01618904 0.5855937 0.6910412 0.9640886 0.1481871 NaN NaN
32 0.3278607 0.0475358 0.01748452 1.228045 0.9773121 1.606575 0.1962674 0.1781882 NaN
33 0.2881267 0.04559636 0.01404304 0.6251155 0.4832858 1.032011 0.1619484 0.2703035 0.006540476
34 0.2962253 0.04163601 0.01526771 0.5884831 0.8364563 1.07458 0.1470719 NaN NaN
35 0.2846661 0.04773628 0.01690347 NaN NaN NaN 0.1514414 0.09797727 NaN
36 0.3111224 0.04784443 0.01595658 0.8398324 0.7064991 0.9759415 0.1491029 NaN NaN
37 0.2701396 0.055106 0.01762301 0.7438611 1.020566 1.054727 0.1546004 0.2045502 0.005346592
38 0.3360346 0.04879909 0.0167396 0.8821938 0.8590805 0.7249671 0.1465592 0.08263342 NaN
39 0.3105526 0.04441138 0.01649681 1.023733 1.058355 1.136532 0.1467053 0.04923371 NaN
40 0.3202798 0.06198693 0.0183444 3.496771 6.710863 8.605699 0.1453102 0.04372119 NaN
41 0.254698 0.04539598 0.01498878 0.4994179 0.5578734 0.5958043 0.1464702 0.03921444 NaN
42 0.2909675 0.053411 0.01680054 0.9242148 1.489026 1.514179 0.1416324 NaN NaN
43 0.2552653 0.04691135 0.01592508 0.6006736 0.4814914 1.552972 0.1529759 0.03910153 NaN
44 0.2961721 0.05315158 0.01751706 0.8414677 1.320485 0.8687932 0.1424611 NaN NaN
45 0.2727503 0.04599345 0.01553248 0.5592117 0.5754299 0.9223676 0.1540741 0.2136525 0.005370548
46 0.2736529 0.04671538 0.01522103 0.569664 0.6473301 0.6130006 0.1476723 NaN NaN
47 0.361159 0.05351091 0.01650366 1.424922 2.447886 2.260166 0.1427928 NaN NaN
48 0.3303178 0.05054367 0.0168595 0.8783137 0.7101999 0.5574075 0.1633851 0.1406491 NaN
49 0.2768647 0.04781857 0.01503069 0.5508579 0.7378342 0.9993511 0.1443103 NaN NaN
50 0.3032105 0.04799921 0.01589965 0.7775718 0.9191018 0.5639938 0.1430021 0.05484679 NaN
51 0.3024937 0.04856541 0.01617485 1.03697 1.053891 1.049577 0.1473648 0.2096031 0.005443343
52 0.2788599 0.04795606 0.0166314 0.5410413 0.6883641 0.9749185 0.1460654 0.1165423 NaN
53 0.2713973 0.04551631 0.01465136 0.6176444 0.5443585 0.6274943 0.1490845 0.06297557 NaN
54 0.309146 0.0474261 0.01646585 1.013168 1.08667 1.223961 0.161296 0.3857356 0.01000702
55 0.2657799 0.04263761 0.01449057 0.5173478 0.4933076 0.6680016 0.1513386 0.09706435 NaN
56 0.2694384 0.0445204 0.01439812 0.6975412 0.8161351 1.245947 0.148332 NaN NaN
57 0.3213746 0.05117458 0.01573343 0.8791105 0.7158754 0.891595 0.1452922 NaN NaN
58 0.3164949 0.04570105 0.01570005 NaN NaN NaN 0.1490865 0.1102762 NaN
59 0.2848049 0.0450572 0.01551582 0.556315 0.6526192 0.6102815 0.1474674 NaN NaN
60 0.2769625 0.04693596 0.01579416 0.7039253 0.5508178 0.5417062 0.1475966 0.08599495 NaN
61 0.2695121 0.04673596 0.01490904 0.530937 0.6276521 0.8686639 0.1477445 NaN NaN
62 0.3443269 0.05026834 0.01665272 1.11652 0.9175291 1.041103 0.141904 NaN NaN
63 0.2961957 0.04877058 0.01595858 NaN NaN NaN 0.1463462 NaN NaN
64 0.2886715 0.04616882 0.01568177 0.6435557 0.7821798 0.9309192 0.1490835 0.077996 NaN
65 0.2899073 0.04690642 0.01516884 0.6245825 0.5969963 0.7114814 0.1488688 NaN NaN
66 0.2829996 0.04908459 0.01569603 0.886938 0.9972148 1.064599 0.1448364 0.1208565 NaN
67 0.3021376 0.04640607 0.01491444 NaN NaN NaN 0.1495784 0.05533615 NaN
68 0.3656383 0.05703493 0.01759168 0.2481939 NaN 0.6382219 0.1437309 0.1041424 NaN
69 0.2792015 0.04642748 0.01579388 0.5916818 0.5531273 0.5041181 0.1460112 NaN NaN
70 0.2947003 0.05322099 0.01674064 1.562547 2.431964 2.381554 0.1480573 NaN NaN
71 0.3029093 0.04499354 0.01470645 0.6429873 0.6075954 0.6406647 0.1454734 NaN NaN
72 0.3204085 0.05012701 0.01632706 1.176478 1.827477 1.362658 0.1433565 NaN NaN
73 0.2876048 0.04700569 0.01585309 0.7102161 0.8790065 0.9320466 0.1435681 0.09580431 NaN
74 0.2630251 0.04599934 0.0155398 0.6876529 0.710293 1.532136 0.1483824 0.03895589 NaN
75 0.294653 0.04494601 0.01528696 0.7759951 0.8082046 0.8684954 0.1522989 0.4448086 0.01307815
76 0.3065092 0.05081828 0.01715935 1.269416 1.618494 2.859535 0.1615409 0.1320209 NaN
77 0.2852246 0.04818677 0.01575308 0.7914775 0.7265231 0.8281771 0.1461283 NaN NaN
78 0.3202762 0.05181761 0.01673573 0.6768583 0.9126404 1.010433 0.1464605 0.07926346 NaN
79 0.2866584 0.04891177 0.01532785 0.6674852 0.5148348 0.8917308 0.1462721 0.06708669 NaN
80 0.300596 0.04531175 0.01519208 0.575681 0.7274566 1.285289 0.1465141 0.268099 0.007668648
81 0.2754443 0.04464584 0.01402445 0.5475055 0.4685525 0.8010944 0.1522855 0.07489458 NaN
82 0.2447558 0.04395931 0.01511537 0.5032041 0.4643521 0.5947219 0.1522751 0.09804084 NaN
83 0.269029 0.0432471 0.01480716 0.5270722 0.5655287 0.6484037 0.1505415 NaN NaN
84 0.336714 0.04589285 0.01499338 NaN NaN NaN 0.1426521 0.09146421 NaN
85 0.3367716 0.04693208 0.0161948 0.9823103 0.6786512 0.8436496 0.1449204 0.07954179 NaN
86 0.2798987 0.04557845 0.01497351 0.7825544 1.083035 1.511095 0.1499913 NaN NaN
87 0.2792062 0.05373093 0.01699705 0.6715036 0.6567332 0.8773179 0.1425578 NaN NaN
88 0.2800391 0.04884769 0.01589721 0.6646407 0.8244419 0.6979645 0.1558909 0.5815185 0.02463077
89 0.2793092 0.05013005 0.01673879 0.7806448 0.8021623 1.156702 0.1454244 NaN NaN
90 0.3255117 0.04805324 0.01637513 0.8276379 0.9677535 2.074557 0.1478378 NaN NaN
91 0.2695302 0.04756794 0.01600978 0.6689427 0.8963191 1.152557 0.1463999 0.08039452 NaN
92 0.2722014 0.04408219 0.01652413 NaN NaN NaN 0.1446798 0.1091656 NaN
93 0.3016493 0.04908701 0.01614375 0.7555133 0.9998013 0.9377464 0.1497515 NaN NaN
94 0.2964923 0.04799072 0.01670088 0.8757192 0.9435199 1.329579 0.151268 0.06791129 NaN
95 0.2882267 0.04863542 0.01663331 0.7184723 0.8342554 0.8042777 0.1448654 NaN NaN
96 0.3097241 0.04476526 0.01699083 1.191461 1.362891 1.102903 0.1513666 NaN NaN
97 0.2704604 0.04980196 0.01573369 0.4632047 0.6203592 1.235927 0.1475668 NaN NaN
98 0.310524 0.04877678 0.0181421 1.372102 1.626231 1.336143 0.1445212 NaN NaN
99 0.293509 0.04744937 0.01517435 0.7206645 0.7292479 0.8643635 0.152805 0.3608507 0.01013935
100 0.2733534 0.04679718 0.01626199 0.519245 0.6621085 0.8238242 0.1469356 NaN NaN
