1 26.00461 1.980059 -0.5187796 3.871209 2.526022 3.521621 -1.785664
2 25.91791 2.122086 -0.5414033 4.458083 2.230585 5.098974 -1.847137
3 26.15951 2.025214 -0.5278073 3.961758 1.986275 4.44835 -1.778515
4 26.67338 1.99158 -0.4911494 4.663255 3.091076 5.340376 -1.842047
5 25.8532 1.912438 -0.5422775 3.911465 1.730271 4.129778 -1.778699
6 25.80424 1.901715 -0.5445521 4.447922 2.402853 4.076525 -2.033069
7 25.42148 1.957098 -0.5595379 3.917289 2.316777 5.028499 -1.847449
8 26.31696 1.978065 -0.5081132 4.872383 2.222425 5.863806 -1.656522
9 26.79642 1.923289 -0.4908806 4.548468 1.72905 4.089693 -1.719021
10 25.757 1.88777 -0.5332882 4.611145 3.260633 4.521475 -1.802014
11 25.85074 1.951557 -0.5399138 4.41818 1.846573 4.706283 -1.759168
12 25.39619 2.05393 -0.570716 3.983455 1.825606 4.480183 -1.805909
13 26.94569 1.986769 -0.4878346 4.311789 2.384701 5.577344 -1.988772
14 25.77844 2.008527 -0.5346622 4.190909 1.997369 5.085433 -1.715614
15 25.63543 1.938359 -0.545043 4.348375 1.985649 4.274401 -1.876234
16 25.78105 1.820794 -0.5292669 4.572142 2.621705 5.450898 -1.838878
17 26.34503 2.039349 -0.5341399 4.306635 1.653855 4.268674 -2.062767
18 26.03067 2.047654 -0.5458982 4.3548 2.510136 5.855502 -1.917925
19 26.36959 1.964996 -0.5030006 4.878552 3.168061 5.434272 -1.83306
20 25.58137 2.047469 -0.5661059 4.239583 2.031329 6.755393 -1.884752
21 25.59444 1.961666 -0.5449508 4.63557 1.724289 4.379796 -1.80233
22 26.52705 1.948167 -0.4921662 4.442843 3.103303 5.087874 -1.864052
23 26.16055 1.983869 -0.5137946 3.983507 2.88862 3.8463 -1.928279
24 25.92256 1.903104 -0.5249557 4.673796 2.068243 8.055531 -1.945077
25 25.44016 1.908549 -0.5485317 4.432638 2.466141 5.936303 -1.9814
26 26.07731 1.920087 -0.5287874 3.914797 2.551173 3.950017 -1.858096
27 25.5372 1.945181 -0.5444138 4.464216 2.999045 5.090403 -2.011545
28 26.2019 1.913226 -0.4969846 3.68987 2.861616 3.812005 -1.826468
29 25.98266 1.892532 -0.5350643 3.864469 1.954375 4.207045 -1.709303
30 26.38105 1.974579 -0.5167358 3.987449 1.97082 3.889676 -1.725408
31 26.27515 1.935033 -0.5116673 4.301953 1.752128 4.948797 -1.855114
32 25.4926 1.911201 -0.5273669 4.156819 3.573253 6.973121 -1.661227
33 25.91351 1.943618 -0.5403118 4.069211 2.493867 5.733361 -2.013767
34 26.04229 1.792825 -0.5023789 3.947442 1.730023 5.190108 -1.884216
35 26.0542 2.051581 -0.5195985 4.441838 1.877511 8.266803 -1.795756
36 25.94368 2.006866 -0.5184945 3.797328 2.842301 5.253121 -1.731248
37 26.12476 2.101978 -0.5257689 4.466972 1.570544 5.28079 -1.776372
38 25.80658 1.902315 -0.5178101 4.162514 3.059474 3.727911 -1.759625
39 25.80389 1.839022 -0.5124449 3.959673 3.142046 4.966054 -1.81648
40 26.26055 2.079693 -0.5373866 4.426736 1.618798 6.811235 -1.792133
41 26.3414 2.073058 -0.5361758 3.714834 1.752922 3.989798 -1.827397
42 25.81178 2.125351 -0.5614044 4.555115 1.597615 5.494851 -1.836294
43 26.38395 2.041912 -0.507751 4.645507 2.570366 7.361134 -2.057487
44 25.4651 1.944165 -0.5602482 4.075269 1.584231 4.019158 -1.734892
45 26.31292 1.997528 -0.5222697 4.627714 2.021174 5.221826 -1.988494
46 26.29704 2.051556 -0.5110115 3.910631 1.748688 3.877837 -1.872196
47 26.13308 2.037337 -0.5192839 4.773761 2.077907 6.867917 -1.716808
48 25.71606 1.931726 -0.5310649 4.494595 3.319643 3.737722 -1.784201
49 25.86444 2.009946 -0.5420241 4.122831 1.528056 5.348607 -1.84078
50 25.69726 1.976101 -0.5539163 3.740047 1.916008 3.136297 -1.735446
51 26.03556 2.006623 -0.5206553 4.33886 2.559947 5.02081 -1.739744
52 26.48058 2.004947 -0.5096491 4.805866 1.719294 5.563705 -1.903473
53 25.77658 2.075484 -0.5643753 3.570387 2.138544 4.098574 -1.806518
54 26.23997 1.965071 -0.5061077 4.298011 2.770944 5.676938 -1.810074
55 25.96463 1.903033 -0.5252227 3.92568 2.061489 4.282139 -1.986566
56 25.96847 2.008303 -0.5457109 3.822491 2.001448 5.456591 -1.921993
57 25.95744 2.025569 -0.5394392 4.300399 3.199213 4.965459 -1.791503
58 26.15209 1.929281 -0.5153307 3.975107 3.746381 6.925937 -1.824669
59 26.27712 1.915001 -0.4898118 4.005233 1.668074 3.738296 -1.861112
60 26.0673 2.010918 -0.5159181 3.970697 2.97628 3.733228 -1.901679
61 26.19158 2.023365 -0.5250955 4.176745 1.830301 4.939263 -1.930973
62 25.72492 1.897895 -0.5269698 4.532976 3.601909 5.150948 -1.730355
63 26.38362 2.036418 -0.5045679 4.424801 1.630466 6.182717 -1.722733
64 26.21853 1.91629 -0.5264992 4.337974 1.933916 4.851945 -1.867427
65 25.68435 1.934065 -0.5379417 4.34554 2.466928 4.326602 -1.930099
66 26.4854 2.056786 -0.5111576 3.882804 2.24973 4.749244 -1.82367
67 25.46917 1.870036 -0.5515021 3.89548 2.283945 5.338259 -1.710859
68 25.61795 2.023993 -0.5316063 4.863437 2.561223 5.216098 -1.632697
69 25.90755 1.967985 -0.5430772 3.979204 1.994895 3.613552 -1.776677
70 26.31484 2.050843 -0.504551 4.230541 1.61259 5.131966 -1.766923
71 26.31127 1.924476 -0.5174524 4.063159 2.109258 3.969216 -1.807194
72 25.82247 2.023308 -0.5428538 4.332305 1.781054 5.219219 -1.677663
73 26.3599 1.944277 -0.5089429 4.212681 1.783042 4.482886 -1.807682
74 25.99653 1.968021 -0.5581187 4.088241 2.042425 6.748104 -1.884246
75 26.17164 1.861787 -0.4988416 4.061998 2.617194 4.628657 -1.900522
76 25.91754 2.013783 -0.5363662 4.518587 2.153377 7.404582 -1.77446
77 26.35096 2.044069 -0.5126458 3.790107 2.210427 4.149591 -1.813891
78 26.64142 2.098732 -0.5081925 5.192654 1.826784 5.384363 -1.782155
79 26.24276 2.029995 -0.5164868 4.144384 2.665058 5.200068 -1.899267
80 26.36606 1.951519 -0.5113275 4.464002 1.795494 6.24738 -1.837288
81 25.80145 2.002053 -0.5372172 4.043352 2.200019 5.168864 -2.019968
82 26.60292 1.976878 -0.4968115 4.091084 1.563605 4.048808 -1.95442
83 26.27091 1.926419 -0.5112639 3.763511 1.830749 3.955971 -1.849715
84 25.9189 1.964072 -0.5247476 4.298411 3.104278 4.554024 -1.774655
85 25.74511 1.973835 -0.5292641 4.077864 3.911684 4.934185 -1.751902
86 26.42641 2.019439 -0.5143628 3.680961 1.565405 5.486189 -1.793636
87 25.90094 2.142289 -0.5318398 4.51599 2.289233 4.958991 -1.884875
88 25.7113 1.957836 -0.5256818 4.097052 1.696332 4.014445 -1.723875
89 25.88803 1.980673 -0.5165809 4.223772 2.371721 5.922219 -1.846034
90 25.43995 1.886595 -0.5566675 4.908835 2.571883 8.130588 -1.894852
91 25.68666 2.023073 -0.5578027 3.967801 1.725009 5.120603 -1.842774
92 25.76068 1.955308 -0.5338124 3.685175 1.653836 4.145915 -1.765037
93 26.13022 2.006481 -0.5323549 4.094897 2.117056 4.359665 -1.744795
94 25.49187 1.936292 -0.5414552 4.260872 2.412725 5.586625 -1.878427
95 26.46196 1.983654 -0.5178004 4.546251 2.200877 4.602202 -1.791431
96 26.12692 1.837062 -0.4925267 3.825668 2.284209 4.015039 -1.758541
97 26.05533 2.035805 -0.5487336 4.852473 1.309116 5.95314 -1.908354
98 25.52041 1.927719 -0.5486899 4.360463 2.195143 5.226942 -1.732184
99 26.32661 2.028653 -0.5055986 4.307023 2.498581 4.728296 -1.925977
100 25.78378 1.865837 -0.5394526 4.740037 1.65151 4.925255 -1.903558
