1 25.519 1.949525 -0.5188415 7.811522 3.956144 -1.792655
2 25.73635 2.184868 -0.5452245 6.837894 2.70802 -1.853893
3 25.87678 2.003768 -0.5227192 6.251416 2.731608 -1.79046
4 26.66758 1.997796 -0.4896373 6.994778 3.371007 -1.84808
5 25.66487 1.92783 -0.5452295 6.452634 2.085108 -1.764745
6 25.47429 1.918618 -0.5461637 7.28051 3.213436 -2.041749
7 25.13981 1.919224 -0.5530315 5.822627 3.507383 -1.847449
8 26.31845 1.924156 -0.4962965 7.165311 2.57771 -1.656819
9 26.49783 1.94683 -0.4916096 8.268945 2.737587 -1.722455
10 25.32513 1.861785 -0.5292184 7.240418 5.110322 -1.794908
11 25.39318 1.868793 -0.5305036 6.974096 3.686159 -1.759168
12 25.3275 2.009281 -0.5677836 6.672336 2.027041 -1.806171
13 26.80288 1.963143 -0.4900151 6.007967 3.32968 -1.996646
14 25.75486 1.949692 -0.5278777 6.478016 2.816266 -1.707993
15 25.38292 1.981099 -0.5462714 7.486967 3.022166 -1.873512
16 25.56642 1.850157 -0.5387417 7.063341 3.589575 -1.841354
17 26.09346 2.03018 -0.5303222 6.903327 3.41995 -2.054803
18 25.89634 2.002644 -0.5428705 6.305456 3.085997 -1.917925
19 26.16873 1.978617 -0.5033923 7.237148 3.71567 -1.82394
20 25.33647 1.970558 -0.5615622 5.76655 2.758671 -1.887181
21 25.57263 1.927861 -0.5386841 7.836395 2.130397 -1.815209
22 26.43644 1.931495 -0.4866348 6.876953 4.399599 -1.864097
23 26.07659 2.00714 -0.5166364 6.80958 3.601974 -1.928279
24 25.76305 1.898166 -0.5244801 6.097419 2.612838 -1.940765
25 25.27525 1.899022 -0.5448207 5.964496 2.670896 -1.971145
26 25.84392 1.939686 -0.5361933 6.932679 4.300242 -1.850413
27 25.35618 1.999385 -0.5464555 6.640149 3.476556 -2.011545
28 26.09413 2.031113 -0.5133466 7.016589 3.670644 -1.829269
29 25.48954 1.858572 -0.5311956 6.511007 2.79555 -1.718758
30 26.01054 1.963713 -0.5175311 6.437553 2.955315 -1.728818
31 26.09233 1.96141 -0.5158914 6.488482 3.546927 -1.852906
32 25.22299 1.886094 -0.5247794 5.159594 5.122369 -1.661227
33 25.48693 2.004234 -0.5480171 5.783069 3.219752 -1.998786
34 26.14519 1.818643 -0.4982885 6.385279 1.929581 -1.874124
35 25.92594 2.066277 -0.5253359 5.751399 2.165688 -1.795756
36 25.67855 1.988872 -0.5135576 5.607559 4.452613 -1.737392
37 25.98769 2.151088 -0.5306642 6.658522 1.776932 -1.77625
38 25.78744 2.039079 -0.5263187 7.401008 4.497779 -1.764467
39 25.69864 1.870257 -0.5120407 6.238531 4.043062 -1.81648
40 26.13931 2.09375 -0.5341311 6.151072 1.962614 -1.781115
41 25.95003 2.174783 -0.5487296 6.280914 2.028091 -1.831606
42 25.62492 2.019494 -0.5497427 6.977331 2.307763 -1.836294
43 26.2802 2.05392 -0.506258 5.884752 2.949082 -2.05361
44 25.11852 1.937971 -0.5630342 7.533964 2.390242 -1.733703
45 26.1808 2.011691 -0.5204126 6.786621 2.762464 -1.991407
46 26.1694 2.023608 -0.5083108 6.759119 2.38468 -1.873669
47 26.13583 2.041742 -0.5161463 6.762355 2.180453 -1.71628
48 25.64678 1.870231 -0.5219707 9.099384 5.501613 -1.784201
49 25.75594 1.999563 -0.5392687 6.40104 1.708724 -1.844864
50 25.18383 1.893512 -0.5565391 8.298283 4.388665 -1.735446
51 25.79391 1.972541 -0.5159147 6.304865 3.9219 -1.739744
52 26.21064 1.974133 -0.5058398 6.942174 2.242246 -1.903473
53 25.31831 2.090218 -0.5685125 6.123962 3.296465 -1.818751
54 26.1667 1.968303 -0.5080358 6.456516 3.675036 -1.810373
55 25.74306 1.912981 -0.5236137 6.701109 3.336321 -1.973924
56 25.74061 1.967241 -0.5395834 5.572904 3.235943 -1.921993
57 25.48857 2.036289 -0.5461098 6.698463 4.138846 -1.780041
58 25.89139 1.920012 -0.5171015 5.783018 4.866988 -1.824669
59 25.88473 1.917721 -0.4938316 7.136146 3.20732 -1.861112
60 25.66448 2.031177 -0.5203759 7.253881 4.908172 -1.8986
61 26.03201 2.002024 -0.521786 6.480222 2.09731 -1.935954
62 25.28564 1.845748 -0.5203442 6.479317 6.857131 -1.738404
63 26.20245 1.998137 -0.4994157 6.351392 2.193975 -1.731618
64 25.96715 1.900157 -0.5249997 6.888993 3.010632 -1.867427
65 25.49795 1.91173 -0.5311916 7.267373 3.550257 -1.942741
66 26.32862 1.938867 -0.5056677 7.156552 3.135143 -1.82367
67 25.32554 1.889466 -0.5546208 6.316044 3.346514 -1.709395
68 25.43151 2.0263 -0.527292 7.403364 3.740551 -1.629366
69 25.78882 1.946258 -0.5443957 8.89595 2.961073 -1.777343
70 26.15248 2.00599 -0.4984946 6.574304 2.164154 -1.776372
71 25.85073 1.937259 -0.5205045 6.975433 3.653451 -1.810463
72 25.63603 2.076177 -0.5450262 6.924056 2.441896 -1.682979
73 26.16162 1.97788 -0.5067803 6.623677 3.126082 -1.806563
74 25.81027 1.988202 -0.5588336 5.440544 3.111458 -1.886993
75 25.94198 1.831628 -0.4988836 6.882616 4.057635 -1.898041
76 25.94913 2.015951 -0.5304088 5.949851 2.625821 -1.77446
77 26.26497 2.048884 -0.5103867 6.53841 3.370818 -1.824669
78 26.41113 2.0666 -0.5027319 7.473488 2.732768 -1.782155
79 26.10194 2.133752 -0.5305566 6.071466 3.192919 -1.899267
80 26.17057 1.938421 -0.5092832 6.153531 1.95072 -1.829863
81 25.60817 2.044746 -0.5402174 6.017335 2.449867 -2.029343
82 26.59604 1.95821 -0.4865663 7.032437 2.132531 -1.95442
83 26.19678 1.973029 -0.5140702 6.641819 2.089333 -1.849715
84 25.51163 1.922753 -0.5225907 7.074 5.492876 -1.776681
85 25.37987 1.924193 -0.5254521 5.981592 5.712875 -1.751606
86 26.23616 2.083064 -0.5197998 5.482052 2.29581 -1.793636
87 25.61775 2.109271 -0.5276238 7.15966 3.03145 -1.884875
88 25.54597 2.017581 -0.535152 6.742968 2.199567 -1.724439
89 25.81598 1.963933 -0.5110591 6.015969 3.111648 -1.845499
90 25.44768 1.846065 -0.5486003 6.547971 3.371838 -1.89432
91 25.63064 2.019832 -0.5537564 6.257589 2.302169 -1.850681
92 25.52878 1.913038 -0.5272929 7.088017 2.025819 -1.760289
93 25.68632 1.997046 -0.5264077 6.664762 3.545438 -1.745323
94 25.30614 1.9759 -0.5444348 6.34956 3.274035 -1.877865
95 26.13161 1.968918 -0.5142838 7.122088 3.136923 -1.791431
96 25.89253 1.869666 -0.4868149 6.746161 4.102784 -1.758541
97 25.98787 2.075291 -0.5506353 6.67913 1.539204 -1.903996
98 25.27733 1.986737 -0.5508722 6.725152 2.837354 -1.732184
99 25.91427 1.996054 -0.5045551 7.095336 3.915459 -1.925977
100 25.64462 1.860375 -0.5390661 7.354454 1.976492 -1.8866
