1 0.4065897 0.06311977 0.02027627 0.7459484 NaN 0.08755132
2 0.3214408 0.06092219 0.01839903 NaN NaN 0.08971548
3 0.3433103 0.05613843 0.01802111 0.3651702 NaN 0.08913126
4 0.3703052 0.05443857 0.01747774 NaN NaN 0.08866112
5 0.3094442 0.05238581 0.01894675 0.4519576 NaN 0.08810737
6 0.3100217 0.0537227 0.01884688 0.9246859 0.7175743 0.09078481
7 0.3123423 0.05135271 0.01818414 NaN NaN 0.08896468
8 0.4033401 0.05802296 0.0193998 0.6181846 NaN 0.08757752
9 0.4550759 0.06604094 0.02044998 0.7669392 NaN 0.08769481
10 0.3996074 0.05968425 0.0203581 0.4467806 NaN 0.0881073
11 0.3787546 0.05742474 0.02003964 0.6491341 NaN 0.08862784
12 0.3039541 0.05594267 0.01946536 0.2450976 NaN 0.08828944
13 0.3315616 0.04835948 0.01560634 0.8631405 0.6532085 0.0908356
14 0.353209 0.05560375 0.01904858 0.6199054 NaN 0.08747067
15 0.3378492 0.05794048 0.01971543 NaN NaN 0.08850647
16 0.3412598 0.05343993 0.0197806 NaN NaN 0.08870303
17 0.3104375 0.05409838 0.01748088 0.777633 0.5902196 0.0930392
18 0.3085074 0.05225118 0.01752224 1.230299 1.450143 0.08885
19 0.3762987 0.05753509 0.01858147 NaN NaN 0.0894151
20 0.2898287 0.05113158 0.017843 2.31814 3.069645 0.08907854
21 0.3407343 0.05787328 0.02062711 0.3854897 NaN 0.08892475
22 0.3858003 0.05480107 0.0176405 NaN NaN 0.08892897
23 0.3465965 0.05493747 0.01759027 1.166413 1.140993 0.08940388
24 0.3038558 0.04910527 0.01728045 0.8675951 0.8680521 0.09063427
25 0.2842883 0.04930019 0.01771855 0.7560912 0.6751156 0.09167427
26 0.3472277 0.05512485 0.01892291 NaN NaN 0.08986319
27 0.3123664 0.05545743 0.0183434 0.9318244 0.6448352 0.09257083
28 0.3612358 0.05723945 0.01836212 NaN NaN 0.08857514
29 0.3658746 0.05538696 0.01977713 0.5617472 NaN 0.0877169
30 0.3569596 0.05486525 0.01829564 0.6085442 NaN 0.08788689
31 0.3614597 0.05613884 0.01795169 NaN NaN 0.08895697
32 0.3730102 0.05183287 0.01806171 0.86973 NaN 0.08639541
33 0.2902225 0.05089871 0.01698403 0.9160937 0.6355224 0.09127837
34 0.3227757 0.04814831 0.01759679 NaN NaN 0.0900259
35 0.3215598 0.05306426 0.01692558 0.3782229 NaN 0.08839895
36 0.3775219 0.05574096 0.01736956 0.7872579 NaN 0.08732417
37 0.3264839 0.05875355 0.01814608 0.4536056 NaN 0.08822792
38 0.3912096 0.06189065 0.01966238 0.6562578 NaN 0.08772604
39 0.3613214 0.0529784 0.0181798 NaN NaN 0.08856252
40 0.3215225 0.05548761 0.01743198 0.3606063 NaN 0.08815863
41 0.3080134 0.05775922 0.01750676 NaN NaN 0.08876392
42 0.3166357 0.05680769 0.01934308 NaN NaN 0.08964306
43 0.302777 0.04993738 0.01571162 0.6928411 0.511361 0.0927177
44 0.3399 0.0596998 0.02153472 0.5061527 NaN 0.08820031
45 0.3123742 0.0531525 0.01744953 0.7463592 0.736435 0.09171392
46 0.3358005 0.05495876 0.01786294 1.266013 1.9193 0.09034613
47 0.3659764 0.05817475 0.01858774 0.5613294 NaN 0.08773153
48 0.4336976 0.06363279 0.02238498 0.7243726 NaN 0.08760407
49 0.298685 0.05287001 0.01812774 NaN NaN 0.08928303
50 0.3941273 0.06259179 0.02259242 0.8860551 NaN 0.08705652
51 0.3861952 0.05916881 0.01880672 0.6632971 NaN 0.08816369
52 0.340776 0.05384585 0.01773966 1.463887 2.681267 0.08923661
53 0.3222378 0.05772449 0.01843549 NaN NaN 0.08833713
54 0.355733 0.05356292 0.0178108 NaN NaN 0.0886011
55 0.3230858 0.05203267 0.01792459 0.9585098 0.8380699 0.09074612
56 0.3002664 0.04943561 0.01696164 1.053854 0.8849156 0.09069988
57 0.3589493 0.05978019 0.01907418 0.2318692 NaN 0.08844227
58 0.3652996 0.05262166 0.01714847 NaN NaN 0.08880783
59 0.3715353 0.05586218 0.01839639 NaN NaN 0.08979634
60 0.3659219 0.05868935 0.01880952 1.82304 1.614245 0.08961089
61 0.3041716 0.05201776 0.01753741 0.7228217 0.9881509 0.09066969
62 0.4143765 0.05783463 0.01963088 0.7818557 NaN 0.08791172
63 0.3702052 0.05640909 0.01785889 0.4726435 NaN 0.08795389
64 0.3334553 0.05220858 0.01847429 NaN NaN 0.08884137
65 0.3367405 0.05536152 0.01917801 1.250765 1.220293 0.09008204
66 0.3636908 0.05437915 0.01856988 NaN NaN 0.08881413
67 0.3467111 0.05403428 0.01967542 0.5365921 NaN 0.08693291
68 0.4082281 0.06422932 0.02087095 0.7631734 NaN 0.08657192
69 0.3731987 0.06239393 0.02220015 0.58347 NaN 0.08851476
70 0.3635205 0.05635212 0.0178585 0.456225 NaN 0.08822857
71 0.3769255 0.0578088 0.0191832 NaN NaN 0.08889782
72 0.3527309 0.06047355 0.01981155 0.6460845 NaN 0.08708674
73 0.373465 0.05703075 0.01800473 0.3114265 NaN 0.08896019
74 0.293132 0.04980317 0.01702585 2.430639 2.603696 0.08964013
75 0.479204 0.07179967 0.01989553 2.004535 1.92266 0.09068905
76 0.3345202 0.05336591 0.01759643 0.4405087 NaN 0.08766445
77 0.3525351 0.05570307 0.01758325 NaN NaN 0.08880785
78 0.3878078 0.06010608 0.01856817 0.6448492 NaN 0.0873332
79 0.3208929 0.05594721 0.01685159 1.024243 0.9839709 0.09083119
80 0.3694181 0.05863532 0.01790927 NaN NaN 0.08970212
81 0.2831437 0.051608 0.01676949 0.6709777 0.5998182 0.09151896
82 0.3425913 0.05237545 0.01724386 0.8483819 0.8324817 0.09117329
83 0.3310894 0.05282959 0.01782111 NaN NaN 0.08925311
84 0.4015435 0.05930367 0.01960318 0.4775534 NaN 0.08801923
85 0.3781568 0.05516395 0.01833435 0.6750472 NaN 0.08779875
86 0.3173937 0.05167187 0.01628123 0.376699 NaN 0.08841195
87 0.3537388 0.0617503 0.01880387 5.183221 8.304683 0.08904989
88 0.3395574 0.05830576 0.01948865 0.5955771 NaN 0.08831172
89 0.3396361 0.0530195 0.01734324 NaN NaN 0.08989376
90 0.3203835 0.05138683 0.01889594 1.165552 1.247791 0.08990792
91 0.3003133 0.05376658 0.01825623 NaN NaN 0.0892471
92 0.3481966 0.05710826 0.01994896 0.4863505 NaN 0.08801321
93 0.3782182 0.05962662 0.01896255 0.7088431 NaN 0.08702637
94 0.3204436 0.05404583 0.01821624 NaN NaN 0.08938597
95 0.3644773 0.05685074 0.01894324 0.3278505 NaN 0.08901893
96 0.486908 0.06816577 0.01963759 0.7321969 NaN 0.08804933
97 0.2962153 0.05591872 0.0181081 1.296813 2.220363 0.08944074
98 0.3366589 0.05733005 0.01991217 0.5531456 NaN 0.08763715
99 0.3549141 0.056352 0.01813243 1.143286 1.049198 0.09067752
100 0.2861804 0.05034508 0.01969232 NaN NaN 0.08998125
