1 0.2916435 0.04662422 0.01510332 0.705942 0.6088322 0.5352539 0.08777935
2 0.2934047 0.05212373 0.01622202 0.7687181 0.8888392 1.031525 0.0895749
3 0.284835 0.04678581 0.01520426 0.6742401 0.6810207 0.7939405 0.08957589
4 0.331716 0.04759677 0.01544129 0.773904 0.6877882 0.9671225 0.08879292
5 0.2663594 0.04431418 0.01612178 0.5854011 0.7179593 0.749963 0.08792477
6 0.2612695 0.04562415 0.01568627 0.5725354 0.4696501 0.6064884 0.09078658
7 0.2756341 0.04662841 0.0160958 0.7565687 0.6698354 0.9737332 0.08896466
8 0.3518896 0.05133413 0.01688476 NaN NaN 0.4068179 0.08755108
9 0.3434799 0.04983137 0.01666867 1.413486 2.794268 1.602528 0.08768738
10 0.3248275 0.0497386 0.01722385 0.8836213 0.7445773 0.8118558 0.08806788
11 0.3035189 0.05169109 0.01818608 0.903112 1.219931 1.017004 0.08862798
12 0.2737583 0.04980647 0.01636334 0.6619541 0.7157691 0.7834324 0.08833221
13 0.2960321 0.04461076 0.01403804 0.5802453 0.5048649 0.9884871 0.09077063
14 0.3006207 0.05161795 0.01667958 0.9273049 1.27517 1.122029 0.08745411
15 0.2915342 0.04795908 0.0172826 0.6977267 0.8433646 0.8432034 0.08866136
16 0.4463077 0.05545782 0.01987264 9.098098 13.40369 13.63262 0.08874094
17 0.2479722 0.04663538 0.01526473 0.4719659 0.5352945 0.6919401 0.0930596
18 0.2786267 0.04837978 0.01544661 0.6260037 0.5663491 1.078929 0.08884987
19 0.3298706 0.05046366 0.01608458 0.8541912 0.7378704 0.9943362 0.08935787
20 0.2635207 0.04908505 0.01606712 0.6981084 0.827336 1.682633 0.08911916
21 0.3256271 0.05316335 0.02050218 1.350269 2.555855 1.785986 0.08893761
22 0.3176746 0.04625373 0.01525015 0.7831199 0.6655465 0.9080476 0.08885657
23 0.2878471 0.04561887 0.0145432 0.6764499 0.4693602 0.5745375 0.08940382
24 0.2762913 0.04559906 0.01604459 0.6247699 0.6562936 1.743056 0.09086132
25 0.2654935 0.04604324 0.01605544 0.6240651 0.5152603 1.114249 0.0915
26 0.2904831 0.04592215 0.01569226 0.7163582 0.6560969 0.6292856 0.09014087
27 0.2824433 0.04796669 0.01616971 0.7128752 0.5088095 0.8543092 0.09257088
28 0.3124538 0.04449364 0.0147622 0.7659273 0.6595108 0.6252837 0.08849952
29 0.2921446 0.0454113 0.01612395 0.7547308 0.9230739 0.8339638 0.08772015
30 0.2892378 0.04726003 0.01530615 0.708424 0.7320797 0.6929729 0.08813871
31 0.2835943 0.0452145 0.01551011 0.563178 0.6970484 0.9107167 0.08891719
32 0.3354174 0.04888408 0.01677785 1.320417 1.049946 1.590374 0.08639544
33 0.2704286 0.04425883 0.01521075 0.6376811 0.4938619 1.058655 0.09153169
34 0.2925222 0.04157992 0.01544773 0.6008615 0.8644326 1.13269 0.09011435
35 0.3002852 0.04815721 0.01558074 NaN NaN NaN 0.08839851
36 0.3198221 0.04757294 0.01540312 0.8868852 0.7206334 0.9797975 0.08731985
37 0.2985938 0.05473338 0.01641092 0.7130004 1.077963 1.163339 0.08822859
38 0.3307922 0.04879438 0.01678682 0.9101105 0.9040677 0.7180561 0.08775963
39 0.3156242 0.04423949 0.01568594 0.9094186 0.8904637 1.060387 0.0885627
40 0.293542 0.05674925 0.01814019 3.292922 5.545485 7.146716 0.08823931
41 0.2651111 0.04583512 0.01471795 0.5144976 0.5421083 0.6497551 0.08891766
42 0.294758 0.05507636 0.01847702 1.450998 2.147623 2.048005 0.08964389
43 0.2764677 0.04685991 0.01464315 0.6074839 0.4761068 1.530209 0.09270631
44 0.3136085 0.07479421 0.02334706 2.190436 3.389773 1.907765 0.0883547
45 0.2708597 0.0479086 0.01555252 0.5446325 0.5968796 0.926096 0.09170956
46 0.2854808 0.04793764 0.01494004 0.5755964 0.6731099 0.6654233 0.09058188
47 NaN 0.04893072 0.0104644 NaN NaN NaN 0.08772082
48 0.3330557 0.05051288 0.01727742 0.8880469 0.7101075 0.5773771 0.08760421
49 0.2702445 0.04766771 0.01592272 0.5886147 0.7741375 1.043005 0.08931587
50 0.2904256 0.04964988 0.01654358 0.8728123 1.080457 0.6137823 0.08705701
51 0.3055797 0.04917123 0.01643725 1.059706 1.069042 1.070594 0.08816386
52 0.2999657 0.04862169 0.01591026 0.5363507 0.6758891 1.040849 0.08923574
53 0.2682067 0.04720071 0.01532524 0.6492626 0.58103 0.6759997 0.08838348
54 0.3217821 0.04753974 0.01572123 0.9100682 1.007108 1.264647 0.08863206
55 0.2630032 0.04255649 0.01485849 0.5337446 0.4850578 0.6722152 0.09075469
56 0.2632896 0.04561021 0.01501535 0.7487392 0.851497 1.402656 0.09069991
57 0.3179992 0.05096975 0.0159238 0.911501 0.7283113 0.893859 0.08842583
58 0.3513279 0.05042001 0.01532622 4.180261 4.273293 6.777125 0.08880805
59 0.2942912 0.04440735 0.01491647 0.5834384 0.6658742 0.6192542 0.08979655
60 0.2987078 0.04682854 0.01485672 0.7154686 0.5373835 0.5624688 0.08960152
61 0.269367 0.04571557 0.01510775 0.5369313 0.6309785 0.9209939 0.09064977
62 0.3302055 0.04992494 0.01720255 1.150862 0.9581598 1.024647 0.08800107
63 0.3053378 0.04940862 0.01514197 NaN NaN NaN 0.08810489
64 0.2854327 0.04650203 0.01598579 0.6881771 0.9254747 1.034118 0.08884206
65 0.2824793 0.04737381 0.01614193 0.6584228 0.6389479 0.7446497 0.09001756
66 0.3003303 0.04794399 0.01469852 0.7710294 0.8155089 0.9288638 0.08881417
67 0.2915774 0.04641399 0.01648065 NaN NaN NaN 0.08692968
68 0.3551648 0.05614758 0.01773561 NaN NaN 0.5402234 0.08656453
69 0.2811137 0.04678446 0.01607806 0.6148197 0.5644285 0.5198698 0.08851303
70 0.3026986 0.03265712 0.01451811 NaN NaN NaN 0.08823491
71 0.2922455 0.04548775 0.01529001 0.6467571 0.6166938 0.649496 0.08893878
72 0.3006647 0.05065754 0.01694057 NaN NaN NaN 0.0871941
73 0.298729 0.04712102 0.01545374 0.6804136 0.8720411 0.9242562 0.08887589
74 0.2597057 0.04542095 0.01571394 0.6499607 0.6596224 1.519729 0.08973975
75 0.3035939 0.04488104 0.01522401 0.766776 0.768024 0.8881292 0.09050282
76 0.30963 0.05012959 0.0162202 0.9121905 1.130104 1.969176 0.08766487
77 0.292816 0.04774689 0.01502786 0.7041164 0.6916105 0.7558373 0.08892149
78 0.3297301 0.05397161 0.01642949 0.6521329 0.9185079 1.044969 0.08733318
79 0.2927819 0.04770029 0.01512334 0.665314 0.511113 0.8962468 0.09083098
80 0.2889036 0.04612141 0.01554871 0.5712345 0.7086702 1.207167 0.08963723
81 0.2663118 0.04526507 0.01483499 0.5633499 0.4755811 0.8996768 0.09190592
82 0.2673519 0.04399579 0.01430304 0.4812255 0.4578833 0.5934057 0.0911732
83 0.2768561 0.04303135 0.01476431 0.5253986 0.5562865 0.6385422 0.08925311
84 0.3266568 0.04667362 0.01577912 NaN NaN NaN 0.08802742
85 0.3372583 0.04985745 0.0161491 0.9878772 0.6807168 0.8621111 0.08780299
86 0.2842482 0.04507778 0.01451818 0.6280197 0.8480032 1.220485 0.08841245
87 0.297304 0.05324734 0.01591518 0.6570208 0.6371327 0.8609587 0.08903949
88 0.2776162 0.04839163 0.01610836 0.6423707 0.8097155 0.6806199 0.08825941
89 0.2960144 0.04883834 0.0158161 0.7256625 0.6833849 1.139781 0.08997181
90 0.2961466 0.04871749 0.01793874 0.7552214 0.8434494 1.87564 0.08992901
91 0.270988 0.0468643 0.01589398 0.7024493 0.8833832 1.167622 0.08943279
92 0.2845966 0.04514019 0.01595949 NaN NaN NaN 0.0880037
93 0.3021209 0.04914258 0.01617708 0.7875978 1.063168 0.951261 0.08700082
94 0.2968067 0.04741404 0.016589 0.854215 0.9384315 1.388362 0.08941545
95 0.3005042 0.04869031 0.01590745 0.7134065 0.7657272 0.7803405 0.08901898
96 0.3235863 0.04503886 0.01560668 0.9021774 1.02854 0.8846627 0.08804993
97 0.2598405 0.04962607 0.01644437 0.5118737 0.6476522 1.140467 0.08935835
98 0.3040338 0.04854986 0.01838576 1.279278 1.677378 1.449606 0.08763736
99 0.3000968 0.04780829 0.01502655 0.7395814 0.7140224 0.8602347 0.09067749
100 0.2673414 0.04658847 0.01698725 0.531892 0.676074 0.8778313 0.09020481
