1 0.4197958 0.05692396 0.02001038 1.073967 NaN NaN 0.3196824 NaN NaN
2 0.3304576 0.05430233 0.01874117 0.6601011 NaN NaN NaN NaN NaN
3 0.3732903 0.05195463 0.0181374 0.8558043 NaN NaN 0.2702403 NaN NaN
4 0.3948499 0.05367455 0.01773169 0.8292011 0.1902446 0.2525994 0.231954 0.007628582 NaN
5 0.3722605 0.05096025 0.01782152 0.6900051 0.3280133 0.6615485 0.2457909 0.05125244 0.05712526
6 0.354152 0.05287976 0.0176602 0.8425436 NaN NaN 0.3398563 NaN NaN
7 0.3709206 0.05142296 0.01751172 0.8372276 0.433217 0.3974639 0.2698709 0.02638596 0.01932393
8 0.436059 0.05740753 0.02003436 0.9136695 NaN NaN 0.3329545 NaN NaN
9 0.4494228 0.05861538 0.01873513 0.9800825 NaN NaN 0.1719213 NaN NaN
10 0.4417535 0.05576987 0.01901226 1.172627 NaN NaN 0.2993072 NaN NaN
11 0.4308375 0.05522686 0.01884789 1.286519 NaN NaN 0.3323083 NaN NaN
12 0.3367906 0.05233734 0.01839517 0.5640255 NaN NaN 0.1569309 NaN NaN
13 0.3629984 0.04903751 0.01626583 0.8502589 0.504361 0.07268471 0.2718078 NaN NaN
14 0.4113576 0.05419166 0.01913387 0.9868304 0.5562919 0.9603105 0.277124 0.08310126 0.08949569
15 0.4011419 0.05685725 0.02005236 0.8142212 0.8275368 0.9906795 0.3609187 0.0618696 0.07428178
16 0.3535195 0.0528915 0.01214242 0.2795939 NaN NaN NaN NaN NaN
17 0.3390917 0.05252206 0.01758529 0.7704033 0.3877655 NaN 0.2511842 NaN NaN
18 0.3477788 0.05109417 0.01749253 0.7947362 0.3507729 0.4554951 0.2561142 0.02814903 0.02476768
19 0.3939758 0.05539642 0.01926619 0.9356129 NaN NaN 0.353883 NaN NaN
20 0.3499361 0.04924167 0.0173812 0.6868429 0.8121305 1.321565 0.3709719 0.09918394 0.1146419
21 0.3950154 0.05527402 0.0198297 0.6498371 0.4557665 0.4902342 0.2691968 0.03543335 0.03538547
22 0.4186773 0.05453458 0.01763431 0.9282265 NaN 0.2114673 0.224078 NaN NaN
23 0.3660247 0.05238924 0.0181989 0.9288787 0.4455343 0.3634228 0.2612262 0.01989753 NaN
24 0.3601422 0.04956393 0.01658247 0.702742 0.5936521 0.5573728 0.2894278 0.04039258 0.03554813
25 0.3327614 0.04774042 0.01702787 0.6701527 0.311653 NaN 0.2472445 NaN NaN
26 0.3906164 0.05387553 0.01943423 1.139331 0.6434476 0.5048575 0.2911116 0.02885591 0.01831635
27 0.3432787 0.05256267 0.02249709 0.9462066 1.203687 0.07477188 0.4298601 NaN NaN
28 0.3941017 0.05468936 0.01903835 0.9522244 0.4513875 0.6138707 0.2499221 0.04285396 0.04623708
29 0.417705 0.05383853 0.01886837 0.7325285 NaN NaN 0.3291123 NaN NaN
30 0.4053739 0.0548431 0.02172399 1.133535 1.332119 1.501089 0.3735022 0.1117145 0.1208163
31 0.3896728 0.05232167 0.01762015 0.9819334 0.237407 0.2726853 0.2350495 NaN NaN
32 0.4627446 0.05671932 0.01762762 1.674516 NaN NaN 0.3811673 NaN NaN
33 0.3461231 0.05179649 0.01634662 0.8277006 0.3520622 NaN 0.2482085 NaN NaN
34 0.3728252 0.04825807 0.0171977 0.5469724 0.3900821 0.3233006 0.2568168 0.01075395 NaN
35 0.3366987 0.05155101 0.01789641 0.6456539 0.2665231 0.5778451 0.2464901 0.04041778 0.0446414
36 0.4398485 0.05569849 0.02083908 1.793824 1.185888 1.692074 0.364888 0.1239689 0.1366138
37 0.3407466 0.05601358 0.02072438 0.6016713 0.9428715 1.030533 0.2979408 0.08524962 0.08510721
38 0.445036 0.05883141 0.01930149 1.163212 0.4935982 0.3394895 0.2642255 0.02221618 0.01258791
39 0.4313263 0.05140442 0.01898131 1.311757 1.205487 1.591237 0.3254451 0.137242 0.1427287
40 0.3424269 0.05292132 0.01742165 0.6099604 0.4661311 0.507533 0.2786864 0.03199193 0.03253652
41 0.3182537 0.05316174 0.01793094 0.6464007 0.3235919 0.2429905 0.2505753 0.008506911 NaN
42 0.3777791 0.05705833 0.01866008 0.7735086 0.4618529 0.4534536 0.249895 0.0274052 0.02481989
43 0.316747 0.04850859 0.01634686 0.6596841 0.2080489 NaN 0.2385831 NaN NaN
44 0.3856104 0.0562551 0.02167823 0.7122654 0.770949 0.5463885 0.4095476 0.0412616 0.04143111
45 0.3434274 0.05219771 0.01778691 0.7361616 0.5613759 0.4812093 0.264802 0.01440421 NaN
46 0.3784339 0.05564589 0.01887349 0.7737259 0.7067993 0.4783718 0.3120614 0.02602953 0.0171782
47 0.3906349 0.05683056 0.01884518 0.8262744 NaN NaN 0.2871444 NaN NaN
48 0.502841 0.0635356 0.02249396 1.494684 0.8783646 0.7039114 0.2821012 0.04826456 0.05196285
49 0.347717 0.05219435 0.0166957 0.5156619 NaN NaN 0.2631979 NaN NaN
50 0.4383635 0.05973462 0.0225877 1.292377 NaN NaN 0.3459415 NaN NaN
51 0.4299709 0.05581773 0.01833463 1.001712 0.2387769 0.5503249 0.2399695 0.04542876 0.04785814
52 0.3476694 0.05204163 0.01787953 0.625285 NaN NaN 0.2910944 NaN NaN
53 0.3502241 0.05295736 0.01939254 0.8957981 0.7752857 1.161518 0.3219198 0.07671357 0.09158205
54 0.3890812 0.05301842 0.01816886 0.9271973 0.3039667 0.4003405 0.2338358 0.02161344 0.01916938
55 0.3702075 0.05237507 0.01748864 0.8010078 NaN NaN 0.288934 NaN NaN
56 0.3481524 0.05070016 0.01376123 0.5589245 NaN NaN 0.2071436 NaN NaN
57 0.4006269 0.05661313 0.01912863 1.063581 NaN NaN 0.3274035 NaN NaN
58 0.4136997 0.05274618 0.0198473 1.131663 1.198679 1.322055 0.4300618 0.1217134 0.1200476
59 0.4081751 0.05419814 0.01960215 1.188673 0.5663904 0.3671445 0.272458 0.02360027 NaN
60 0.4233256 0.05576729 0.02319832 1.328042 1.895665 1.959745 0.4773414 0.1344943 0.1528492
61 0.3414119 0.05173306 0.01777173 0.5875454 0.108327 0.150951 0.2346978 NaN NaN
62 0.4672069 0.05695232 0.01936532 1.845557 0.4932912 0.8703624 0.2688944 0.06764529 0.07654686
63 0.4006729 0.05482939 0.01786293 0.6310206 0.4515157 0.4121681 0.2750386 0.03586553 0.03280846
64 0.3929557 0.05272582 0.01860973 0.8650013 NaN NaN 0.3020319 NaN NaN
65 0.4069318 0.05460712 0.01878068 0.9208357 0.9140606 0.908239 0.3060641 0.06338452 0.06897504
66 0.3836217 0.05430074 0.01999149 0.7623719 0.6166387 0.5489147 0.3249044 0.03399665 0.03364235
67 0.3993094 0.05402818 0.01889665 0.8042586 0.3358003 0.3727277 0.243898 0.02442265 0.02269884
68 0.5045505 0.06505841 0.01945801 1.165989 0.4949546 0.6071108 0.2835089 0.04861334 0.05297132
69 0.4461299 0.06430658 0.0225869 1.229555 NaN NaN 0.383953 NaN NaN
70 0.3912887 0.05360466 0.0178024 0.6368104 NaN NaN 0.2667324 NaN NaN
71 0.4146658 0.05690824 0.01847238 0.946074 NaN NaN 0.2771203 NaN NaN
72 0.4037579 0.05815401 0.01990266 0.8730837 0.4733744 0.5075286 0.2776377 0.03657698 0.03849989
73 0.4318117 0.05810357 0.02367491 1.246705 2.167466 1.800631 0.7822999 0.1699642 0.1649928
74 0.3283732 0.04859965 0.01694494 0.8498965 0.4252227 0.3362051 0.2597012 0.01841898 NaN
75 0.4065012 0.05330464 0.01794947 0.9564623 NaN NaN 0.3193917 NaN NaN
76 0.3787053 0.05368227 0.01784873 0.7857594 0.446305 0.5058072 0.2736515 0.03426165 0.03374684
77 0.5081252 0.05629393 0.02607718 1.469344 3.481037 4.209078 0.9984414 0.3373514 0.3770134
78 0.4140805 0.05842005 0.01899168 0.9590186 NaN NaN 0.3099017 NaN NaN
79 0.2726876 0.05100922 NaN NaN NaN NaN NaN NaN NaN
80 0.346174 0.04969513 0.01726786 0.5485837 0.3500052 0.2723512 0.256437 0.006120924 NaN
81 0.3267036 0.05013625 0.01770103 1.601358 3.069482 2.443693 0.4082884 0.2547405 0.3035555
82 0.3843102 0.04682856 0.01249063 0.6085631 NaN NaN NaN NaN NaN
83 0.3666398 0.05266417 0.01835413 0.6471611 NaN NaN 0.332117 NaN NaN
84 0.4391985 0.05693275 0.01931674 1.022425 NaN NaN NaN NaN NaN
85 0.4421213 0.05543711 0.01949477 1.675567 0.756833 0.9594115 0.3440876 0.07137256 0.07765003
86 0.3583329 0.05176021 0.01661028 0.7148998 0.4078406 0.4640395 0.2561175 0.03214827 0.02826758
87 0.388527 0.05647862 0.02338269 0.895946 1.858205 1.624034 0.468465 0.1320712 0.1333603
88 0.3777416 0.0530226 0.01891293 0.7134088 NaN NaN NaN NaN NaN
89 0.3643781 0.05098335 0.01708359 0.7983967 NaN NaN 0.3107659 NaN NaN
90 0.3683948 0.05041755 0.01899737 0.7732608 0.7300125 0.684937 0.3077501 0.0561194 0.05230975
91 0.3306673 0.05112033 0.0188926 0.6152966 0.4218058 0.5214401 0.2610206 0.03506236 0.03501919
92 0.4045237 0.05459853 0.01945276 0.6282387 0.6706671 1.17809 0.3743746 0.1012404 0.1151468
93 0.4137289 0.05512262 0.01911251 1.106349 0.4432993 0.7244638 0.2662669 0.05499398 0.06007368
94 0.3782247 0.05332969 0.01775078 0.8184587 0.6326922 0.6895463 0.2713976 0.05182764 0.05001532
95 0.4034802 0.0552687 0.0190643 0.8257453 0.1155691 0.3836096 0.2484715 0.02807184 0.02498602
96 0.4631009 0.05821748 0.01890807 1.335616 NaN NaN 0.3388542 NaN NaN
97 0.3283078 0.0530405 0.01743098 0.5373139 0.4748575 0.2834474 0.2585075 0.01986351 NaN
98 0.3892609 0.05474668 0.02000993 0.8337308 NaN NaN 0.271256 NaN NaN
99 0.3816931 0.05378895 0.01922917 0.8769861 0.5770506 0.2581918 0.277925 NaN NaN
100 0.371457 0.05424445 0.0196279 0.5953185 1.179167 1.281074 0.3371869 0.08822117 0.09935571
