1 27.01169 1.833807 -0.4837799 9.866089 3.654371 -13.5504 -0.2953942 -1.005891 1.195704
2 26.48956 1.925302 -0.5273746 8.105418 2.901776 -10.1584 -1.636567 -0.9136264 1.02361
3 27.07135 1.86958 -0.4922042 7.667841 2.952199 -13.60657 -1.476253 -1.171515 1.349297
4 27.61361 1.953364 -0.4778316 7.858963 3.290704 -5.751333 -0.5516383 -0.4604464 0.5214961
5 27.37356 1.890313 -0.4807043 7.45206 2.002701 -7.482568 -0.5136494 -0.6357257 0.7240464
6 27.0346 1.890452 -0.4935701 8.861699 3.1603 -18.18816 -1.204835 -1.319279 1.574509
7 26.74586 1.900718 -0.4926064 6.904985 3.667477 -8.370421 -0.8958724 -0.7131752 0.8219607
8 27.24457 1.83673 -0.4924441 9.193167 2.72189 -15.5425 -1.321896 -1.322225 1.488253
9 27.73304 1.882046 -0.4792233 10.15756 2.627512 -10.18926 -1.652331 -0.9292203 1.017251
10 27.39422 1.84588 -0.4694219 9.086584 4.93838 -14.72752 -1.662035 -1.211639 1.396498
11 27.01028 1.803863 -0.4818405 8.74099 4.118946 -22.54679 -3.18452 -1.845825 2.146477
12 26.76698 1.90193 -0.5191668 8.147899 1.906842 -12.56828 -1.118885 -0.9686605 1.155062
13 27.69278 1.926798 -0.4770072 7.171056 3.388378 -9.311968 -0.7896337 -0.7577334 0.8689961
14 27.0627 1.852685 -0.4874484 7.736449 3.216687 -8.218162 -1.035458 -0.7366017 0.8313077
15 26.84744 1.896888 -0.4968183 9.130052 3.021902 -10.1746 -1.585186 -0.723434 0.9013712
16 26.87207 1.785871 -0.499287 8.73933 4.152972 -10.81887 -0.7011584 -0.8803555 1.011809
17 26.99141 1.947355 -0.5097253 7.740559 3.584977 -7.310145 -0.6522923 -0.5908838 0.6633585
18 27.06499 1.936642 -0.5084845 7.407876 3.260128 -8.217876 -1.174253 -0.6144709 0.7441302
19 26.9982 1.852516 -0.4983926 9.03363 3.658553 -18.96329 -0.6968487 -1.485429 1.716281
20 26.81719 1.893388 -0.503323 6.972905 2.775911 -9.757043 -1.493538 -0.8000867 0.9486591
21 27.16357 1.87091 -0.4810913 9.133586 1.844261 -7.090372 -1.32738 -0.6016275 0.6906701
22 27.41876 1.916886 -0.4707915 7.648369 4.402448 -4.99287 -0.8666796 -0.4268365 0.4761025
23 26.85917 1.902703 -0.5019805 7.922247 3.578217 -8.722756 -0.9749782 -0.6149084 0.7611252
24 27.49621 1.929073 -0.4706496 7.169381 2.634714 -8.775338 -1.125946 -0.7777786 0.8722918
25 26.48932 1.837392 -0.4898528 6.679219 2.906915 -7.059078 -0.5470913 -0.6182687 0.6839024
26 26.97856 1.847178 -0.5049269 8.147237 4.753756 -9.211993 -0.9844469 -0.7828284 0.8853535
27 26.20071 1.863882 -0.5179559 7.892523 3.546753 -13.79302 -1.576206 -1.110392 1.289191
28 27.02126 1.8907 -0.4961953 8.207237 3.917886 -8.05713 -0.7032926 -0.6606078 0.7630737
29 27.26798 1.836882 -0.482595 8.256859 2.786875 -17.62664 -0.5326521 -1.364399 1.613773
30 27.05886 1.830077 -0.4916209 7.93985 3.263282 -11.1119 -1.162815 -0.9259453 1.075827
31 27.2413 1.89517 -0.4818608 7.319147 3.707892 -5.709782 -0.6881268 -0.4889922 0.5471915
32 26.90964 1.84761 -0.4766088 6.890146 6.945066 -28.37668 -1.580053 -2.159789 2.628726
33 27.06458 2.004784 -0.4990027 6.685184 3.643364 -7.92424 -0.4515526 -0.6266941 0.7207487
34 27.44229 1.828636 -0.4557386 7.28787 1.799187 -6.893268 -1.169895 -0.6686067 0.7257618
35 26.50379 1.94489 -0.5235642 6.618804 2.270301 -7.582912 -0.9848447 -0.619366 0.7289483
36 27.00625 1.913007 -0.4790754 7.175492 5.258289 -12.59497 -0.7669315 -1.038833 1.219117
37 26.48008 1.943449 -0.5421708 8.072078 1.747374 -10.2115 -0.4452852 -0.805996 0.9362342
38 27.44013 1.953476 -0.4822671 8.71266 4.663506 -7.426782 -1.402574 -0.6593078 0.7475706
39 27.11301 1.794378 -0.4644813 7.665733 4.579699 -9.643031 -1.106348 -0.8630011 0.9743623
40 27.44763 2.031306 -0.5056037 7.210501 1.745245 -8.119793 -1.419167 -0.6966567 0.8009885
41 26.73183 2.013926 -0.5327639 7.030728 1.961377 -6.815116 -0.9854751 -0.5684519 0.6556733
42 27.27963 1.989665 -0.5000216 8.063817 2.350892 -7.362262 -0.6276549 -0.633195 0.7058736
43 26.73912 1.936925 -0.5040403 6.515884 3.087755 -6.94676 -0.9114518 -0.5864786 0.662392
44 26.57001 1.809477 -0.509595 9.099185 2.220795 -9.18332 -1.767335 -0.7696649 0.9026577
45 27.04766 1.906928 -0.4983127 7.846341 2.855347 -8.484261 -0.570568 -0.699728 0.7922446
46 27.21287 1.947457 -0.4918083 8.158556 2.542153 -8.702699 -1.4841 -0.7622705 0.8666167
47 27.31477 1.96678 -0.5039303 8.518139 2.18779 -16.12909 -2.450086 -1.433467 1.612053
48 27.21152 1.849841 -0.485289 11.1524 6.117862 -8.352961 -1.202019 -0.6297589 0.7525621
49 27.48432 2.012351 -0.4945559 7.659232 1.535232 -12.14471 -1.916526 -1.086221 1.216104
50 26.86653 1.788443 -0.504408 10.92097 4.125323 -16.89073 -1.498787 -1.270345 1.508142
51 27.33302 1.893725 -0.4744472 7.393427 4.098127 -6.394042 -0.4953838 -0.5884039 0.6431567
52 27.20488 1.917915 -0.4934222 8.535224 1.95084 -17.89196 -2.807726 -1.352965 1.632401
53 26.3504 1.899008 -0.5283127 7.416359 2.990838 -10.19725 -1.158346 -0.7835716 0.9499009
54 26.94307 1.887883 -0.4960334 7.230392 4.285967 -6.274701 -0.3969101 -0.5261931 0.5928221
55 27.12831 1.885691 -0.4840025 8.215815 3.685527 -13.68421 -1.592858 -1.091371 1.287893
56 27.20094 1.950443 -0.4971569 6.463778 3.840049 -11.09979 -1.452212 -1.000423 1.110654
57 26.84312 1.882185 -0.5072502 8.5787 4.413451 -19.50469 -1.836657 -1.498853 1.783918
58 27.46381 1.945206 -0.483333 7.226288 4.643258 -10.30563 -1.394344 -0.9638449 1.062084
59 26.7292 1.808824 -0.4749558 8.50474 3.425235 -8.103144 -0.9881358 -0.6998317 0.7884605
60 26.17215 1.837207 -0.5167755 8.776162 4.848289 -10.4575 -1.122611 -0.7930677 0.9462865
61 26.87742 1.923437 -0.5025881 7.30745 2.308057 -6.136375 -0.827314 -0.5020039 0.5727712
62 26.94142 1.84271 -0.4731349 7.939909 7.664217 -8.136987 -0.8710914 -0.7022656 0.7989871
63 27.52576 1.976528 -0.4753492 7.37904 1.997439 -7.259439 -1.158261 -0.6747922 0.7513804
64 27.39431 1.817025 -0.4817056 8.759307 3.155443 -15.96841 -1.616399 -1.239663 1.466782
65 27.24395 1.885632 -0.4716069 8.809642 3.461064 -8.80224 -1.142109 -0.7150022 0.8291326
66 26.98762 1.848248 -0.5107028 8.527296 3.157037 -9.763265 -1.71542 -0.7587405 0.9140071
67 26.96176 1.898873 -0.5015218 7.428396 3.455758 -6.715007 -0.6605922 -0.5442172 0.6344022
68 27.79069 2.04911 -0.4644533 8.671568 4.182358 -7.361465 -1.301762 -0.6560015 0.7459492
69 26.96878 1.840778 -0.5303666 11.4446 4.119062 -32.29516 -2.568158 -2.137612 2.674044
70 27.27593 1.908462 -0.4776002 8.145142 2.066433 -10.85394 -0.8139225 -0.9642691 1.079488
71 27.29932 1.897419 -0.4951062 8.840343 3.661085 -13.49192 -1.54033 -1.061838 1.248346
72 26.96891 1.952675 -0.5101216 8.166101 2.612647 -8.084946 -1.207801 -0.6733548 0.788804
73 27.87252 1.999493 -0.4734993 8.117863 3.370228 -11.1048 -1.934887 -1.003656 1.123688
74 26.89386 1.919327 -0.5217356 6.409134 3.318209 -8.407176 -1.383503 -0.6992484 0.8143017
75 27.33106 1.815265 -0.4716512 8.60911 3.808971 -14.85918 -0.9639844 -1.203218 1.380996
76 27.25239 1.967166 -0.5012044 7.108879 2.706531 -8.904999 -1.013396 -0.7130542 0.8444842
77 27.15617 1.918731 -0.50529 7.900616 3.421352 -10.40854 -1.343237 -0.867973 1.011491
78 27.6669 1.97423 -0.4898184 9.416611 2.824759 -19.04636 -1.919243 -1.410845 1.681382
79 26.55394 1.979609 -0.5399374 7.080205 3.406 -8.984346 -2.066047 -0.7698783 0.8957525
80 27.3091 1.911897 -0.4822778 7.033665 1.672467 -6.777279 -0.836558 -0.6323676 0.6882265
81 26.78099 1.991131 -0.4910657 6.627523 2.518613 -4.710262 -0.8568015 -0.3835827 0.4293306
82 27.44506 1.91857 -0.4783284 8.287646 2.539695 -9.32759 -1.359117 -0.7765285 0.9004408
83 27.18938 1.883695 -0.5017486 8.41349 2.092315 -20.29386 -1.486958 -1.472174 1.790093
84 27.02553 1.838435 -0.483889 9.042692 4.786939 -11.53403 -2.198102 -0.9579851 1.118514
85 26.64576 1.854639 -0.482879 7.505759 6.505366 -10.13846 -1.249007 -0.8651808 1.007889
86 27.33416 2.000316 -0.4989247 6.327758 2.36252 -8.443747 -0.6043247 -0.7379049 0.8357363
87 26.40957 1.932785 -0.5179529 8.603506 3.098044 -10.53286 -1.147781 -0.8288229 0.9725928
88 26.85702 1.877452 -0.493327 8.192334 1.923843 -10.32698 -2.662068 -0.9937513 1.130078
89 26.76098 1.866277 -0.4913461 7.38223 3.045809 -14.89892 -1.788213 -1.375935 1.513753
90 26.8959 1.821087 -0.4922053 7.852113 3.261275 -9.196674 -1.09125 -0.7828858 0.88733
91 26.39297 1.864768 -0.528846 7.281445 2.25783 -8.168029 -1.065145 -0.6500143 0.7706232
92 27.06381 1.852691 -0.4764436 8.449855 1.901937 -8.32293 -1.820326 -0.7397696 0.8586893
93 26.91347 1.892275 -0.4898682 8.067337 3.919076 -8.490527 -0.7711778 -0.6981379 0.8093659
94 26.98828 1.962224 -0.4878249 7.427843 3.455562 -8.594061 -0.7983877 -0.7483125 0.8385241
95 27.24732 1.904168 -0.4861774 8.247332 3.352709 -5.587969 -0.8179437 -0.517268 0.5581333
96 27.18387 1.836367 -0.4702734 8.689542 4.746478 -18.81995 -1.592833 -1.56682 1.79926
97 27.49224 2.029257 -0.506009 7.772298 1.363386 -8.153924 -0.7966284 -0.6549624 0.7503941
98 26.53431 1.821428 -0.505815 8.457123 3.284268 -14.4232 -1.679762 -1.203854 1.406174
99 26.62299 1.853489 -0.4932887 8.302069 4.157881 -7.781588 -1.053385 -0.6781206 0.7542029
100 27.33213 1.837821 -0.4790761 8.881007 1.592916 -10.00279 -0.8048394 -0.8009862 0.9238501
