1 0.332823 0.04626731 0.01624869 1.027547 0.7362088 0.6940047 1.293703 0.2136442 0.1167895 0.1394471
2 0.3048313 0.0488093 0.01509959 NaN NaN 0.9924608 NaN NaN NaN NaN
3 0.316677 0.04638997 0.01612238 0.8961327 0.865505 0.995467 1.738624 0.2810737 0.1702151 0.1997454
4 0.3467065 0.04756985 0.01561796 0.8891522 0.670258 1.153085 0.6772531 0.2124662 0.06263041 0.07302657
5 0.3170204 0.04441426 0.01560236 0.6410803 0.6378026 0.9379844 0.7145707 0.2091598 0.06821976 0.07984551
6 0.3064953 0.04634121 0.01508898 0.6672842 0.4305228 0.7629099 NaN 0.2266239 NaN NaN
7 0.3325646 0.04908062 0.01880416 2.076858 2.051559 1.28014 4.866482 0.4645401 0.4574095 0.5502041
8 0.3767502 0.05184289 0.01817435 0.6911124 0.3897473 1.508313 NaN 0.2389921 NaN NaN
9 0.3632727 0.04951473 0.01598678 0.2663242 NaN 0.8344896 NaN 0.03963088 NaN NaN
10 0.3552942 0.04899987 0.01401693 NaN NaN 0.8367806 NaN NaN NaN NaN
11 0.3491009 0.04831065 0.01704449 0.7523051 0.4981915 0.9351163 NaN 0.2440863 NaN NaN
12 0.2984769 0.04780083 0.01692715 0.815438 1.093219 0.9025104 2.537153 0.3018742 0.2287459 0.2748403
13 0.3270014 0.04618629 0.01471748 0.9007199 0.7623157 1.720306 2.502143 0.2685894 0.2290388 0.2682597
14 0.3391217 0.04822841 0.01585641 NaN NaN 1.131042 NaN 0.2071839 NaN NaN
15 0.3262774 0.04744521 0.01732034 0.753241 0.7778344 0.7788958 0.9991148 0.249067 0.08304488 0.1042505
16 0.3634844 0.04706043 0.01909428 1.3756 1.634615 1.412929 2.343739 0.2373676 0.2299631 0.2684063
17 0.2641067 0.04645379 0.01518206 0.5696164 0.4967865 0.7262237 0.6026327 0.2240011 0.05508402 0.06311274
18 0.3086514 0.04804781 0.01558577 0.7169174 0.5372965 1.222434 0.7090195 0.2260048 0.06035271 0.07384663
19 0.3481092 0.04992655 0.01717388 0.819049 0.493755 1.260035 NaN 0.2495869 NaN NaN
20 0.3067675 0.04680557 0.01599688 0.8884395 1.019782 2.060752 2.277367 0.3298888 0.2056867 0.2506055
21 0.3400005 0.04907103 0.01695836 0.5940059 0.7596728 0.89354 0.4681804 0.2196957 0.04695997 0.05347218
22 0.3404851 0.0456911 0.01545972 0.8650956 0.5962358 0.9708 0.4480412 0.2102992 0.04476927 0.05119558
23 0.3029612 0.04307203 0.01512734 0.7454046 0.4817963 0.6829797 0.6516647 0.2162424 0.05114056 0.06420485
24 0.3211267 0.04547618 0.01424528 NaN NaN 1.420023 NaN NaN NaN NaN
25 0.3013318 0.0457228 0.0160717 0.8179222 0.6378956 1.520814 1.769419 0.2588998 0.1628913 0.1923742
26 0.3224798 0.04354452 0.01687586 1.081978 0.7784761 0.7080568 1.364738 0.2526604 0.1353922 0.1565936
27 0.2996398 0.04496522 0.01609548 0.730039 0.4043407 0.9262707 NaN 0.229333 NaN NaN
28 0.3274402 0.04414857 0.01561535 0.9018695 0.6338574 0.6664249 0.6285149 0.2146446 0.06140325 0.07215084
29 0.3405423 0.04518872 0.01457885 NaN NaN 0.783607 NaN 0.1941306 NaN NaN
30 0.3235382 0.04724591 0.0154281 0.710622 0.3510694 0.7747858 NaN 0.212266 NaN NaN
31 0.3204084 0.04603905 0.01562951 0.7208791 0.66364 1.200501 0.810973 0.2206184 0.08164966 0.09302473
32 0.4283708 0.05294138 0.01795447 1.661919 1.256445 3.443867 NaN 0.326093 NaN NaN
33 0.312923 0.04721311 0.01481713 0.7707759 0.5751446 1.309454 1.29003 0.2339509 0.116282 0.1370854
34 0.3312928 0.04256551 0.01489545 0.5511647 0.5614836 1.111711 0.5807551 0.2264694 0.06644463 0.07217761
35 0.3164459 0.04788156 0.01703597 0.419682 NaN 2.903015 NaN 0.1833137 NaN NaN
36 0.3647738 0.04961352 0.01566869 0.9794197 0.3948487 1.274524 NaN 0.2474677 NaN NaN
37 0.2934198 0.04917788 0.01731307 0.4724878 0.2954797 1.180523 NaN 0.2286867 NaN NaN
38 0.3748646 0.05008328 0.01675113 1.270419 0.8680814 0.8274825 0.7470465 0.2447782 0.07698341 0.08923093
39 0.3449251 0.04448912 0.0132205 NaN NaN 1.151743 NaN NaN NaN NaN
40 0.3106716 0.04901242 0.01588449 0.368543 NaN 1.842095 NaN 0.1112381 NaN NaN
41 0.2702471 0.04426698 0.01518959 0.5359318 0.5352037 0.7233006 0.7075028 0.23048 0.06393376 0.07602778
42 0.3273709 0.05231877 0.01639852 0.6319892 0.6933995 1.207664 0.6077351 0.2111873 0.05994139 0.06789589
43 0.2954548 0.0461972 0.01545246 0.735272 0.4870752 2.093637 1.047108 0.2376674 0.0945106 0.111649
44 0.3206269 0.04661263 0.01844722 0.8680905 1.107404 0.7236771 1.619433 0.3085973 0.1544314 0.184852
45 0.2945801 0.04645377 0.01569558 0.6200473 0.5404278 0.995665 0.8254304 0.2222989 0.07465692 0.08755636
46 0.3118857 0.04887517 0.01564226 0.6754498 0.625424 0.7620821 0.9020767 0.2588465 0.09340157 0.1063644
47 0.3566548 0.05281211 0.01749241 0.7055303 0.4813901 2.032945 NaN 0.2308656 NaN NaN
48 0.3729037 0.05004454 0.01704538 1.180054 0.694582 0.6312438 0.4224437 0.2016091 0.03935054 0.04592329
49 0.3033586 0.04615766 0.01381823 NaN NaN 0.9841465 NaN NaN NaN NaN
50 0.3373722 0.04442788 0.01616039 0.9821883 0.7842376 0.4945045 0.9612303 0.2526123 0.09614062 0.1112766
51 0.3554383 0.04973056 0.0160938 1.119256 0.8050121 1.203929 0.7799971 0.2135511 0.08225731 0.09291874
52 0.3150844 0.04725777 0.01599674 0.5414441 0.4388791 1.093357 NaN 0.2019005 NaN NaN
53 0.2980646 0.04361712 0.01650466 1.070208 0.8672583 0.72432 2.052411 0.309992 0.1740809 0.218582
54 0.3362369 0.04525366 0.01602779 0.8199827 0.699655 1.313352 0.5259033 0.2051092 0.05248415 0.06006147
55 0.3001397 0.04427466 0.01459636 0.6374319 0.4872666 0.7842453 0.8150066 0.2378398 0.07554208 0.08956521
56 0.2987377 0.04439272 0.01388985 0.3929808 NaN 1.132576 NaN 0.1384598 NaN NaN
57 0.3640072 0.05101384 0.01683491 0.8421126 0.3435001 1.186334 NaN 0.2218239 NaN NaN
58 0.3644713 0.04901892 0.0153137 0.6420176 NaN 1.922205 NaN 0.1914936 NaN NaN
59 0.3314487 0.04487034 0.01582924 0.7550924 0.5992791 0.7345022 0.6450205 0.2314327 0.06518424 0.07386699
60 0.3169146 0.04436694 0.01637759 0.891217 0.5809307 0.6848375 0.8453539 0.2261458 0.07281184 0.08828046
61 0.2952813 0.04492361 0.015105 0.5801136 0.553865 0.9480689 0.5399775 0.2145763 0.05042479 0.0584613
62 0.4000783 0.05149177 0.01644113 1.029933 NaN 1.245364 NaN 0.1925712 NaN NaN
63 0.3488025 0.049851 0.01618777 0.7900149 1.037989 1.554283 0.9532115 0.2361723 0.09921533 0.114141
64 0.3312676 0.0459365 0.01588984 0.7141102 0.6333498 1.014802 0.9068615 0.2322204 0.08342174 0.09843363
65 0.3289034 0.04607423 0.01515098 0.8012947 0.5708162 0.8394983 0.6606313 0.2275507 0.06363243 0.07392133
66 0.3098369 0.04707421 0.01572372 0.7628283 0.6295214 0.9112118 0.693021 0.2333529 0.06540105 0.07764348
67 0.3562481 0.04637237 0.01738792 1.196728 1.120166 1.214609 0.9789283 0.2102629 0.0953794 0.1139231
68 0.4371772 0.05830236 0.01654976 NaN NaN 1.367237 NaN 0.2034148 NaN NaN
69 0.3177161 0.04778696 0.01707338 0.8700904 0.6904577 0.6315087 2.039886 0.2842809 0.1698622 0.2091793
70 0.3389773 0.04858001 0.01619709 0.7762746 1.051594 1.329865 1.334115 0.2296331 0.1384326 0.156937
71 0.3285937 0.04645873 0.01577579 0.8472382 0.6667489 0.7431005 1.223821 0.2706407 0.1074256 0.1304157
72 0.3326301 0.0477075 0.01640872 NaN NaN 1.05221 NaN 0.1817036 NaN NaN
73 0.3397274 0.04940718 0.0152031 0.6982279 0.3971084 1.031961 NaN 0.1998804 NaN NaN
74 0.2805393 0.04472492 0.01509525 0.3933712 NaN 1.668634 NaN NaN NaN NaN
75 0.3367543 0.04580864 0.01549726 0.875165 0.6364695 0.9206976 0.9411017 0.2321293 0.09355996 0.1071958
76 0.3473802 0.05251653 0.01674144 0.6400783 0.3579132 2.713606 NaN 0.2315295 NaN NaN
77 0.30301 0.04623277 0.01607457 0.8997249 0.735676 0.8559969 1.052614 0.2449237 0.1021828 0.1204722
78 0.3565216 0.05187257 0.01719648 0.7001977 0.5111972 1.310939 NaN 0.2385992 NaN NaN
79 0.3004071 0.04750108 0.01710712 0.9160146 0.7367503 1.363516 2.05335 0.4972354 0.1885943 0.2289003
80 0.3131815 0.04504338 0.01549455 0.575803 0.6242573 1.548296 0.9734107 0.2394915 0.1010116 0.1127835
81 0.2927497 0.04399342 0.01422833 0.5900913 0.452455 1.076932 0.4004475 0.2098258 0.03872333 0.04422229
82 0.3001454 0.04542252 0.01457106 0.6090403 0.4881296 0.6863258 0.8047782 0.2453501 0.07624 0.08984903
83 0.2976248 0.04409176 0.01518521 0.5801093 0.5412416 0.7628741 1.013501 0.2433861 0.08789114 0.1063968
84 0.3730038 0.05254202 0.01857952 1.538922 1.377761 1.089322 1.416645 0.3387771 0.1400792 0.1664245
85 0.3747938 0.04671419 0.01572037 0.9779063 0.2957295 0.9823353 NaN 0.2094925 NaN NaN
86 0.3071572 0.04436897 0.01482223 0.7135913 0.7572563 1.157633 1.147334 0.2185861 0.1128815 0.1315637
87 0.3097827 0.05046345 0.01619692 0.4528584 NaN 0.9515417 NaN 0.1361854 NaN NaN
88 0.3186122 0.04668652 0.0162249 0.5477219 0.3529022 0.8578919 NaN 0.1256673 NaN NaN
89 0.3275408 0.04754008 0.01679629 0.713399 0.4779202 1.520179 NaN 0.2716315 NaN NaN
90 0.331645 0.04735366 0.01650854 NaN NaN 1.971258 NaN 0.1484085 NaN NaN
91 0.2888814 0.04571335 0.01643831 0.5568493 0.5705872 1.110217 0.7122162 0.2216032 0.06315536 0.07600603
92 0.327633 0.04492048 0.01521325 0.5708882 0.7061909 0.749732 0.4404555 0.2215169 0.04734918 0.05449576
93 0.350512 0.0475193 0.01655692 1.071312 0.8445457 0.9034561 0.8342274 0.2247492 0.0800329 0.09434036
94 0.3377181 0.04756521 0.01599205 0.8814209 0.8039368 1.430667 1.195878 0.2403459 0.1172324 0.1362576
95 0.3385058 0.04817697 0.01627955 0.9242482 0.7427281 0.9062932 0.7571379 0.2328762 0.07914576 0.08841556
96 0.3667799 0.04683148 0.01601653 0.8194425 0.3108248 0.8339645 NaN 0.1873937 NaN NaN
97 0.2880991 0.04955488 0.01590657 0.5286867 0.7577306 1.558157 1.671357 0.272027 0.1432945 0.1720548
98 0.3376704 0.0460912 0.01716589 0.4786389 NaN 1.0161 NaN 0.1984647 NaN NaN
99 0.3225641 0.04744671 0.01601191 0.8270564 0.5983226 0.9042498 0.6826537 0.2350713 0.06961877 0.07767662
100 0.3119011 0.04645529 0.01608444 0.5528535 0.6333892 1.049304 0.9419763 0.2285594 0.08639354 0.100666
