1 26.65915 1.863738 -0.4796781 5.282268 2.925757 4.43909 -5.411507 -0.253112 -0.4409686 0.499498
2 26.39795 1.939219 -0.5236743 5.431742 2.663924 5.887655 -5.061231 -1.092664 -0.4863703 0.5260986
3 26.91191 1.914487 -0.4936815 5.029378 2.222583 5.59486 -5.026077 -0.8435446 -0.4672752 0.5140835
4 27.42212 1.979677 -0.4798796 5.399958 3.094028 6.192394 -4.318598 -0.4872499 -0.3475333 0.3828942
5 27.23952 1.917338 -0.4800946 4.884243 2.019209 5.254531 -4.468027 -0.3867409 -0.3885607 0.4243822
6 27.00893 1.917948 -0.4917676 5.863134 3.039107 4.942972 -7.573344 -1.045411 -0.5903219 0.6926711
7 26.53906 1.894393 -0.4919891 4.992863 2.558091 5.920363 -5.409455 -0.6250424 -0.4651859 0.525763
8 27.03946 1.860725 -0.4918699 6.578979 2.414095 7.745079 -6.618035 -0.7236229 -0.6073154 0.6722318
9 27.63538 1.928986 -0.4760617 5.997906 1.948662 5.042813 -4.937216 -0.9171232 -0.4589471 0.4981978
10 27.17244 1.887216 -0.4708769 5.918035 3.77352 5.401019 -5.596797 -0.7573513 -0.4803242 0.5428839
11 27.04934 1.85888 -0.4825709 6.090964 2.345556 5.635812 -8.306394 -1.394071 -0.755359 0.8580188
12 26.46923 1.960674 -0.5197025 5.017792 1.822098 5.216011 -5.471782 -0.8083016 -0.4613459 0.5275195
13 27.60682 1.980966 -0.4771723 5.411586 2.887702 7.361421 -5.759756 -0.603154 -0.4766586 0.5343022
14 26.72659 1.895455 -0.4895844 5.524338 2.559394 6.407647 -5.128398 -0.8277246 -0.470482 0.5227241
15 26.67041 1.925521 -0.4968789 5.366959 2.14777 4.735772 -5.107986 -1.058907 -0.3688559 0.4491696
16 26.76784 1.778421 -0.4865125 5.887163 2.99439 7.257299 -5.433784 -0.4179433 -0.4591522 0.5136318
17 27.01408 2.036681 -0.5178829 5.003885 1.959992 4.576341 -4.746418 -0.4521714 -0.3894823 0.4172048
18 26.94077 1.992409 -0.5113979 5.415904 2.739846 6.611699 -5.027229 -0.8977971 -0.3785897 0.4460729
19 26.95282 1.872326 -0.4963698 6.532264 3.52792 6.867817 -8.276257 -0.4749063 -0.7221548 0.8050899
20 26.7285 1.941855 -0.5061727 5.406145 2.331382 8.703954 -5.683622 -1.098814 -0.4862695 0.561175
21 26.91353 1.971733 -0.4868543 5.356063 1.671501 5.047713 -3.56941 -0.9853421 -0.316502 0.3437592
22 27.0925 1.903301 -0.4715096 5.19449 3.253823 5.501754 -3.652924 -0.7434855 -0.3054077 0.3319888
23 26.55279 1.869458 -0.4949185 4.817065 3.004519 4.387235 -5.157294 -0.7351182 -0.3722876 0.4455047
24 27.40347 1.944178 -0.4695064 5.530658 2.274493 8.536819 -5.574912 -0.8893639 -0.5018829 0.5521799
25 26.43007 1.849727 -0.4908062 5.475947 2.811512 6.570371 -5.476139 -0.4818643 -0.4806471 0.5234086
26 26.66023 1.813003 -0.4908111 4.742904 3.118417 4.542204 -5.099135 -0.7476556 -0.4676628 0.5084015
27 26.1582 1.83585 -0.5112003 5.463935 3.344371 5.587993 -7.511439 -1.051893 -0.6416848 0.7273986
28 26.68133 1.867653 -0.4845037 4.565121 3.218406 4.292968 -4.263794 -0.5418669 -0.3602297 0.397708
29 27.27109 1.90743 -0.4822189 4.816768 2.204995 4.786992 -5.66038 -0.379629 -0.4916736 0.552893
30 27.11858 1.90917 -0.491492 5.323337 2.614619 4.705764 -6.089207 -0.8489931 -0.5412532 0.6109243
31 27.14714 1.924019 -0.4820761 5.260721 2.187853 6.380083 -4.498272 -0.6972732 -0.3906582 0.4284252
32 26.84992 1.854251 -0.4758327 6.180151 5.41183 9.940752 -17.1885 -1.22538 -1.372525 1.665607
33 27.17169 2.010386 -0.495586 5.026183 2.961089 6.784423 -5.481176 -0.3548779 -0.4403918 0.4923445
34 27.20578 1.828901 -0.4546316 4.717911 1.94768 6.149786 -4.259042 -0.9660382 -0.411579 0.4387377
35 26.51672 1.920905 -0.5154134 5.568105 2.061423 11.52501 -5.62719 -0.8262015 -0.4669609 0.541229
36 26.95996 1.960385 -0.4822633 5.368098 3.714361 6.94284 -7.898504 -0.6093082 -0.6904071 0.7961639
37 26.42859 1.934896 -0.5354102 5.59685 1.521166 6.334374 -6.027612 -0.3582219 -0.498245 0.564683
38 27.16656 1.943741 -0.4795684 5.459723 3.870168 4.761631 -4.45453 -1.024924 -0.3972261 0.4425431
39 26.84189 1.788986 -0.463242 5.274392 3.42644 6.312733 -5.261594 -0.8376252 -0.4892579 0.5424443
40 27.36893 2.043287 -0.5076217 5.500114 1.575365 8.501605 -5.443063 -1.000859 -0.475061 0.5370044
41 26.89865 1.975771 -0.5226714 4.508024 1.600187 4.536753 -4.984924 -0.9399998 -0.4213623 0.4790665
42 27.12978 2.080502 -0.5042099 5.377768 1.826216 6.517812 -4.235132 -0.5140994 -0.3672298 0.3951331
43 26.7362 1.919785 -0.5027842 5.564448 3.10915 8.488178 -5.488152 -0.8176376 -0.4607258 0.5145313
44 26.54699 1.852396 -0.5000372 4.999733 1.6588 4.557207 -5.0108 -1.024808 -0.4555724 0.510299
45 26.98815 1.923662 -0.4989627 5.43481 2.349755 5.682651 -4.972522 -0.4049075 -0.4220676 0.4566545
46 26.98938 2.030782 -0.4920519 4.956283 2.102205 4.660474 -4.823248 -0.992577 -0.4481669 0.4880214
47 27.1668 1.947596 -0.4989644 6.552839 2.256519 9.460423 -7.882598 -1.352679 -0.7288605 0.8173473
48 26.50494 1.912683 -0.4891833 5.320336 3.963433 4.054219 -3.673437 -0.7350351 -0.2687957 0.3110795
49 27.34076 2.010991 -0.4888272 5.020918 1.549017 6.081132 -5.541032 -1.117818 -0.532012 0.5783236
50 26.56302 1.856743 -0.4972489 4.637795 2.400839 3.400104 -4.359795 -0.8774058 -0.3738247 0.4216725
51 27.2027 1.964208 -0.4790676 5.309016 3.243858 6.169641 -4.323692 -0.4159024 -0.4071667 0.4293936
52 27.18675 1.946391 -0.494402 6.008834 1.951133 6.270358 -7.641847 -1.564919 -0.6295799 0.7421552
53 26.37228 1.919598 -0.5245026 4.371765 2.31961 4.562504 -5.46814 -0.8175234 -0.4364902 0.5132119
54 26.70401 1.83355 -0.4846275 4.933174 2.9292 6.80316 -4.183616 -0.3620839 -0.3488824 0.3825715
55 27.00471 1.938163 -0.4860006 4.896611 2.427573 4.9241 -5.119843 -0.9012774 -0.4195032 0.4800985
56 27.16994 1.966092 -0.4947055 4.579923 2.427379 6.103786 -5.809984 -1.005076 -0.5466779 0.5939965
57 26.7474 1.893474 -0.4975049 6.075607 3.918536 6.611785 -7.272634 -0.8723465 -0.6104338 0.7074025
58 27.33594 2.006031 -0.4840828 5.246164 3.750568 9.079856 -6.120223 -0.9691127 -0.5854223 0.6404776
59 26.76327 1.826974 -0.4652685 5.122428 2.081998 4.612771 -4.621975 -0.8664545 -0.4190181 0.456746
60 26.0584 1.795572 -0.5031628 5.018542 3.313915 4.416786 -5.081807 -0.8269379 -0.4033563 0.4670883
61 26.88165 1.951951 -0.5007496 4.732065 2.132443 5.331147 -4.267084 -0.6952868 -0.3477264 0.3850643
62 26.77013 1.843994 -0.4696124 6.17379 5.743053 6.447746 -5.195361 -0.6184346 -0.4556473 0.5079361
63 27.44278 2.012451 -0.4757942 5.264309 1.698083 7.278608 -4.691618 -0.854429 -0.4429682 0.4834728
64 27.2153 1.863671 -0.4811873 5.531352 2.445671 5.847768 -5.302618 -0.8384617 -0.4448665 0.5050065
65 26.9957 1.941431 -0.4764877 5.213683 3.06947 5.051214 -4.517686 -0.7788463 -0.3772202 0.4179346
66 26.80585 1.99283 -0.5101353 4.599954 2.531018 5.476279 -4.502146 -1.197321 -0.3774256 0.4343672
67 26.68728 1.85549 -0.4915897 4.765116 2.711509 6.165969 -4.426237 -0.5186653 -0.3609689 0.4113494
68 27.54923 2.071276 -0.462996 6.169959 3.24414 6.913976 -4.399012 -0.9347447 -0.3953779 0.4427026
69 26.63235 1.888587 -0.5156585 5.300878 2.75149 4.180851 -6.52013 -0.7581656 -0.5266533 0.6179987
70 27.15234 1.960633 -0.478787 5.551142 1.822341 6.703569 -5.2678 -0.5752693 -0.4870706 0.5320739
71 27.27393 1.902805 -0.4865038 5.225673 2.449752 4.594297 -5.516262 -0.7879487 -0.4631146 0.5272709
72 26.81531 1.915434 -0.5041595 5.214081 1.913681 5.971935 -4.828373 -0.8650135 -0.4186143 0.476801
73 27.74386 2.023142 -0.4753886 5.637703 2.165586 5.821476 -6.142464 -1.42309 -0.5840811 0.6462487
74 26.95545 1.936742 -0.5227664 5.047335 2.148199 8.213436 -5.65363 -1.110678 -0.482099 0.5492198
75 27.089 1.885024 -0.4684575 5.143937 3.058235 5.461939 -5.050602 -0.6352192 -0.4606871 0.4980228
76 27.11558 2.000617 -0.5070106 6.114771 2.272989 11.26914 -6.886977 -0.9138924 -0.5586183 0.6575901
77 26.8114 1.977238 -0.5077878 4.590519 2.326104 4.93128 -4.969933 -0.7781715 -0.4332201 0.4840908
78 27.47232 1.951272 -0.4858033 7.052664 2.063244 6.954476 -7.899233 -1.061204 -0.6350002 0.7418652
79 26.53487 1.924498 -0.5247638 5.256442 2.732557 6.500225 -5.598737 -1.500326 -0.4920158 0.5631808
80 27.30395 1.914929 -0.479869 5.357054 1.745488 7.372791 -5.075291 -0.6375828 -0.4811431 0.5141455
81 26.71446 1.964186 -0.4882269 4.604088 2.404046 5.933589 -3.708081 -0.7923661 -0.2927768 0.3218839
82 27.30086 1.965049 -0.4819853 4.921426 2.013711 4.424335 -4.971228 -0.9373114 -0.4109945 0.465701
83 26.94968 1.896434 -0.495118 4.862665 1.954038 4.77757 -5.920788 -0.644772 -0.4852548 0.5579586
84 26.92918 1.969971 -0.4899088 5.712584 3.144585 5.681324 -4.78307 -1.160663 -0.4148193 0.4703583
85 26.47732 1.859554 -0.4768761 5.096799 4.849672 5.617858 -5.702201 -0.9326451 -0.5234271 0.5910592
86 27.22904 1.972312 -0.4922729 4.370426 1.754712 6.307162 -5.396821 -0.5732499 -0.4752941 0.531522
87 26.41549 1.99151 -0.5199147 5.728223 2.404762 5.780138 -6.054854 -0.6441643 -0.4824325 0.5564797
88 26.70338 1.858728 -0.4823477 5.368851 2.084115 5.19778 -5.630477 -1.59017 -0.5841175 0.6444897
89 26.55081 1.845567 -0.4886966 5.854423 2.728031 7.82563 -8.568636 -1.188085 -0.8207411 0.9039844
90 26.69901 1.866235 -0.495389 6.013602 2.670226 9.721067 -5.546983 -0.8257391 -0.4780083 0.5336825
91 26.22489 1.909604 -0.5321185 4.821 1.979213 6.154299 -4.930189 -0.9136157 -0.4096901 0.4703963
92 26.85994 1.950331 -0.4796844 4.206254 1.731713 4.345434 -3.54476 -1.043165 -0.3104764 0.3484619
93 26.93596 1.923386 -0.4941923 5.153815 2.581448 5.088061 -4.759851 -0.4885456 -0.3860695 0.4396217
94 26.85737 1.944571 -0.4833885 5.45248 2.511037 7.063253 -5.216837 -0.6849319 -0.4532421 0.5033564
95 27.28763 1.900655 -0.4845124 5.580536 2.585833 5.243741 -4.217137 -0.8471891 -0.3959037 0.4205409
96 26.99666 1.835431 -0.4707328 5.47278 3.133839 5.076223 -7.124017 -0.8636843 -0.6453085 0.7296334
97 27.428 2.042721 -0.5061655 6.026614 1.200067 7.122709 -5.687583 -0.6385352 -0.4619407 0.5213485
98 26.4011 1.78034 -0.4975389 5.528536 2.631382 5.916654 -5.426577 -0.8417333 -0.4843573 0.5496358
99 26.75142 1.930347 -0.4933951 5.338029 3.032299 5.446602 -4.696462 -0.7688957 -0.4218072 0.4523821
100 27.20314 1.905063 -0.4804398 5.789056 1.674266 5.810905 -5.032149 -0.6801641 -0.4299194 0.4739691
