1 108.9092 111.3153 113.7101 117.2277 108.8289 114.7392
2 115.3128 123.3011 126.8357 117.6266 122.769 128.597
3 114.6929 122.9551 120.3937 119.2847 122.7537 120.0242
4 124.6612 116.7959 123.5034 126.5293 114.9649 124.1752
5 119.8776 119.4983 115 123.7276 118.9427 115.5665
6 139.2227 127.9934 131.5421 144.7307 127.2168 130.0707
7 114.8655 122.1817 113.9845 119.9015 123.5792 113.2983
8 102.6587 104.3428 107.3155 109.4535 106.0156 104.9901
9 114.5286 111.9119 114.0311 118.9868 111.2155 113.9729
10 115.9617 112.1719 110.3638 120.8255 111.7953 109.6363
11 109.0009 115.0901 108.2597 109.6746 112.7656 108.6054
12 112.1437 115.9182 113.0438 117.5123 113.6819 112.1645
13 148.9722 138.0409 144.232 150.1643 137.2465 144.088
14 106.6331 109.9128 112.7159 110.7192 110.5388 112.5017
15 116.9379 121.0602 118.6969 121.4918 121.5906 120.5787
16 109.7536 123.7635 114.4625 116.795 124.271 115.2702
17 149.7172 143.3799 143.3852 148.7439 143.1456 145.8723
18 127.321 129.1832 123.982 130.3574 129.6257 123.4525
19 120.1316 121.2485 126.2941 122.5217 119.8857 125.2204
20 120.5253 121.4354 120.5813 124.777 123.4507 118.2255
21 121.6108 115.4901 115.8005 120.7288 115.9196 116.0529
22 126.2144 123.7194 128.505 132.8069 121.2035 127.904
23 119.235 121.1204 130.9273 127.5055 121.7874 130.785
24 138.0538 126.9392 126.7274 140.2999 129.2199 126.5158
25 126.9638 128.7523 127.4521 127.0529 129.6469 126.4138
26 111.4191 122.66 118.3669 120.1676 124.9695 120.3009
27 121.7933 133.0178 130.3433 127.6722 133.2313 131.7912
28 115.7783 118.9926 117.6325 117.4333 120.5682 119.6495
29 106.5821 110.4333 103.556 110.8758 108.3407 103.6471
30 108.3374 114.8575 110.5254 106.2513 114.6741 112.6959
31 125.542 117.0933 122.1022 123.1486 116.3201 123.9612
32 102.2866 96.82465 102.3992 103.6478 99.91678 101.0505
33 138.3231 134.7562 122.4353 136.2117 132.8742 122.273
34 128.8125 124.9315 123.2495 130.1758 126.8924 124.1559
35 109.391 109.0023 118.3223 111.651 112.0287 117.5283
36 107.5671 107.1098 109.901 108.542 103.9482 109.3254
37 109.4991 112.8884 118.9549 111.9277 111.3922 120.094
38 120.4879 114.3869 113.187 119.9756 115.7027 115.4723
39 112.1859 113.1608 117.0704 117.2619 114.2891 119.2302
40 117.561 112.7041 112.1071 118.8275 112.444 111.3207
41 116.2643 117.8596 119.9677 116.7813 118.4252 120.5011
42 119.4498 118.3564 112.0772 121.4136 117.5431 110.037
43 134.4015 128.3707 142.7224 135.2865 129.9569 142.0437
44 102.6751 107.8989 104.9572 108.8971 106.9382 105.299
45 136.1758 132.8167 136.7409 136.8266 136.5321 135.0259
46 134.1834 121.6714 126.8719 131.3434 122.8373 125.8852
47 114.0304 115.807 112.7794 119.2263 116.0487 112.0269
48 109.1358 112.4488 110.6459 121.642 110.0359 111.7512
49 122.9291 119.4404 112.2887 130.4123 117.549 111.8254
50 104.1913 111.0476 108.1423 114.8192 111.2975 105.3238
51 123.2918 123.1507 124.5273 122.1859 126.3903 124.7008
52 126.1217 118.0345 127.6055 132.635 118.9151 124.5162
53 108.6456 120.5247 119.1738 113.0155 118.5717 118.9134
54 108.9023 114.1044 119.7742 115.5302 113.8685 119.6649
55 135.7275 128.9788 126.2772 141.552 130.2771 128.9723
56 133.1381 128.9734 126.5945 135.6724 129.4992 124.8913
57 105.898 111.1671 110.7599 111.3007 110.4555 112.1929
58 118.9052 107.3747 110.6381 119.8491 109.8478 111.2578
59 115.5461 121.7921 124.798 118.7573 121.1338 124.8292
60 108.2941 120.0782 128.0492 121.0394 120.2815 130.1354
61 127.3502 135.8627 130.3225 128.2837 131.7887 129.8519
62 107.9587 115.1505 110.0943 110.4256 114.7412 110.8035
63 117.6096 110.7202 115.052 120.3932 110.143 114.2852
64 117.5637 119.0986 118.183 124.8877 120.5974 119.0944
65 133.6295 130.5223 123.8609 135.1332 129.2821 124.1122
66 113.999 115.9293 121.804 114.9968 114.2672 120.721
67 105.8783 114.6006 105.0738 111.6151 113.404 105.3619
68 112.7025 107.3266 103.7579 113.174 105.7855 103.757
69 107.881 113.5995 112.7341 117.2244 115.5957 114.0727
70 114.8455 110.9252 119.0976 117.413 110.5346 117.9753
71 116.9446 119.2631 114.8552 123.3944 120.0458 115.7729
72 98.47473 108.0896 104.1836 102.5951 109.1527 103.408
73 126.7411 108.5999 112.7765 128.4314 108.427 112.9861
74 124.5825 120.8623 119.605 124.2428 120.8286 121.0654
75 127.3759 123.3782 124.0809 132.6193 123.9266 125.2412
76 113.975 105.6794 108.5368 114.4085 104.2471 109.3909
77 116.5141 117.5921 125.0148 117.7502 115.3149 122.2639
78 117.717 111.9478 119.1178 125.9571 114.3091 116.7107
79 116.4832 127.4326 125.957 124.084 127.3817 129.5648
80 121.0983 122.6515 119.9295 124.9561 124.6542 120.8578
81 136.4685 140.876 134.89 139.0278 142.7499 135.7093
82 133.8462 124.5721 130.4166 137.2496 123.7068 131.4102
83 116.0205 116.0191 117.4223 126.0635 117.4731 119.7882
84 117.5404 120.0635 116.2572 116.0213 120.823 116.0117
85 106.7828 106.6317 112.862 110.8271 108.6044 109.3191
86 118.5595 117.3787 118.3157 121.1841 115.9793 118.6457
87 115.5183 117.8706 123.1328 121.0703 116.035 122.7329
88 107.6277 112.5258 110.1026 112.6882 113.6352 111.3098
89 115.8299 116.2932 120.9148 122.547 115.9458 122.4686
90 119.8078 124.1701 115.6809 122.8807 125.2905 115.6345
91 109.9357 119.4681 120.214 112.8674 122.1785 121.477
92 112.059 102.8527 107.2817 115.3571 104.1821 107.0552
93 105.4588 106.5399 107.2025 107.9425 106.4496 106.8273
94 121.3168 115.7651 114.4501 126.6757 115.3445 115.4157
95 117.9826 116.4963 121.5199 121.2207 114.3265 120.683
96 110.2447 107.3629 111.485 118.812 108.3903 112.9517
97 133.38 128.4816 121.1542 135.6138 128.9396 123.9516
98 98.54966 108.2671 106.8769 107.1534 107.7202 107.3367
99 125.3762 130.4424 132.1554 123.9626 127.986 131.0988
100 129.942 120.9793 116.8852 132.3015 120.1885 115.731
