1 731.9342 696.9782
4 765.5606 740.2461
5 740.8508 698.4682
6 859.5578 815.1444
7 860.7634 838.52
8 778.034 769.1339
10 782.433 752.0544
15 931.617 876.8549
17 824.5222 804.0791
18 684.7092 666.281
19 800.4218 762.667
20 708.498 687.9527
23 791.7601 754.4728
25 857.5509 833.4113
26 819.4757 800.1171
27 791.4897 740.4118
29 766.2091 739.4848
33 600.4535 574.676
35 797.8395 785.1024
41 698.6336 679.3782
42 781.1679 781.703
44 855.8034 825.6615
45 736.2759 702.7918
46 832.8813 789.5958
48 748.9867 719.9398
49 789.9905 783.5661
51 682.0055 663.9336
54 838.0044 792.218
61 837.1971 790.4576
62 620.0875 621.0425
63 690.997 687.7076
65 902.0986 868.5962
66 814.5372 797.9821
72 880.0588 842.7815
73 805.0004 766.4313
74 583.5508 592.4064
75 862.6953 834.6174
76 862.3905 814.8903
77 904.563 859.1157
78 786.6433 751.4357
81 620.6142 601.273
82 835.4543 824.0133
83 897.2838 884.0922
84 763.6114 730.0905
86 601.2785 591.1663
87 782.2218 759.894
89 809.3218 772.9523
93 740.6801 720.6908
95 776.2467 752.0556
96 726.7887 700.505
98 787.1625 732.0867
100 589.6779 568.515
102 899.8384 849.5514
104 596.9698 609.4503
107 665.5395 677.3869
108 742.3958 718.0863
113 832.9782 806.9375
122 702.7172 690.9016
124 922.8361 897.972
127 769.8255 751.2639
128 582.0038 566.5459
135 747.4256 737.0052
136 759.22 762.0059
139 717.2054 717.1598
140 751.6741 716.7669
141 999.1062 980.6883
142 838.5346 821.3012
143 775.1024 756.3534
144 780.9831 761.2336
146 956.3465 957.4058
148 726.6703 710.7186
150 651.3699 642.0959
151 674.5359 672.3221
152 711.3944 691.5239
155 698.1307 692.1749
159 922.4882 880.0012
160 892.365 854.1306
161 766.2435 744.7769
162 671.5086 661.5751
164 735.4087 716.2742
165 710.589 683.5732
170 753.1216 745.666
171 725.9923 716.7696
172 668.5034 661.9961
175 611.0192 601.609
180 753.3333 715.885
181 568.4569 565.3116
183 944.0786 882.4579
184 882.3296 812.6388
187 719.0135 713.1167
188 745.7916 710.1832
189 792.5571 763.0843
191 793.0506 739.0706
192 814.8919 780.3784
195 1005.075 957.8475
196 789.9228 707.5676
197 771.9749 757.0491
198 760.0422 736.6503
199 739.503 716.3924
200 791.1135 763.8849
