1 744.123 709.1669
4 777.7494 752.4348
5 753.0396 710.657
6 871.7465 827.3332
7 872.9522 850.7087
8 790.2228 781.3226
10 794.6218 764.2432
15 943.8057 889.0436
17 836.711 816.2679
18 696.8979 678.4698
19 812.6106 774.8558
20 720.6867 700.1414
23 803.9489 766.6615
25 869.7396 845.6001
26 831.6644 812.3058
27 803.6784 752.6005
29 778.3979 751.6736
33 612.6422 586.8648
35 810.0283 797.2912
41 710.8224 691.5669
42 793.3566 793.8917
44 867.9921 837.8502
45 748.4647 714.9806
46 845.0701 801.7845
48 761.1755 732.1285
49 802.1793 795.7549
51 694.1942 676.1223
54 850.1932 804.4068
61 849.3858 802.6463
62 632.2762 633.2313
63 703.1858 699.8963
65 914.2873 880.785
66 826.7259 810.1709
72 892.2476 854.9703
73 817.1891 778.62
74 595.7396 604.5952
75 874.8841 846.8061
76 874.5792 827.0791
77 916.7518 871.3045
78 798.832 763.6245
81 632.8029 613.4617
82 847.6431 836.202
83 909.4726 896.2809
84 775.8001 742.2792
86 613.4673 603.3551
87 794.4105 772.0828
89 821.5105 785.141
93 752.8689 732.8795
95 788.4355 764.2444
96 738.9775 712.6938
98 799.3513 744.2755
100 601.8666 580.7038
102 912.0271 861.7402
104 609.1586 621.6391
107 677.7283 689.5757
108 754.5845 730.275
113 845.1669 819.1262
122 714.9059 703.0904
124 935.0249 910.1608
127 782.0142 763.4526
128 594.1925 578.7346
135 759.6143 749.194
136 771.4088 774.1946
139 729.3942 729.3485
140 763.8629 728.9556
141 1011.295 992.877
142 850.7233 833.4899
143 787.2912 768.5422
144 793.1718 773.4224
146 968.5353 969.5945
148 738.8591 722.9073
150 663.5587 654.2847
151 686.7246 684.5109
152 723.5831 703.7127
155 710.3195 704.3636
159 934.677 892.1899
160 904.5537 866.3194
161 778.4323 756.9656
162 683.6974 673.7638
164 747.5974 728.4629
165 722.7778 695.7619
170 765.3104 757.8548
171 738.181 728.9584
172 680.6921 674.1848
175 623.208 613.7978
180 765.5221 728.0737
181 580.6456 577.5004
183 956.2674 894.6467
184 894.5184 824.8276
187 731.2022 725.3054
188 757.9804 722.3719
189 804.7458 775.273
191 805.2393 751.2594
192 827.0807 792.5672
195 1017.263 970.0363
196 802.1116 719.7564
197 784.1637 769.2379
198 772.2309 748.839
199 751.6918 728.5811
200 803.3023 776.0736
