1 0.76
4 0.72
5 0.8
6 0.6
7 0.6
8 0.76
10 0.68
15 0.56
17 0.68
18 0.72
19 0.76
20 0.8
23 0.72
25 0.72
26 0.6
27 0.76
29 0.8
33 0.88
35 0.64
41 0.8
42 0.68
44 0.64
45 0.76
46 0.68
48 0.76
49 0.64
51 0.76
54 0.72
61 0.64
62 0.88
63 0.72
65 0.52
66 0.64
72 0.6
73 0.68
74 0.88
75 0.64
76 0.6
77 0.6
78 0.72
81 0.8
82 0.6
83 0.48
84 0.76
86 0.8
87 0.72
89 0.76
93 0.76
95 0.68
96 0.8
98 0.76
100 0.88
102 0.76
104 0.8
107 0.76
108 0.64
113 0.64
122 0.72
124 0.6
127 0.64
128 0.84
135 0.76
136 0.76
139 0.68
140 0.68
141 0.44
142 0.68
143 0.72
144 0.68
146 0.56
148 0.8
150 0.8
151 0.76
152 0.84
155 0.8
159 0.56
160 0.64
161 0.76
162 0.76
164 0.76
165 0.68
170 0.8
171 0.72
172 0.84
175 0.8
180 0.76
181 0.84
183 0.6
184 0.64
187 0.72
188 0.8
189 0.68
191 0.68
192 0.68
195 0.6
196 0.84
197 0.72
198 0.8
199 0.72
200 0.76
