1 1000 1000
4 1000 1000
5 1000 1000
6 1000 1000
7 1000 1000
8 1000 1000
10 1000 1000
15 1000 1000
17 1000 1000
18 1000 1000
19 1000 1000
20 1000 1000
23 1000 1000
25 1000 1000
26 1000 1000
27 1000 1000
29 1000 1000
33 1000 1000
35 1000 1000
41 1000 1000
42 1000 1000
44 1000 1000
45 1000 1000
46 1000 1000
48 1000 1000
49 1000 1000
51 1000 1000
54 1000 1000
61 1000 1000
62 1000 1000
63 1000 1000
65 1000 1000
66 1000 1000
72 1000 1000
73 1000 1000
74 1000 1000
75 1000 1000
76 1000 1000
77 1000 1000
78 1000 1000
81 1000 1000
82 1000 1000
83 1000 1000
84 1000 1000
86 1000 1000
87 1000 1000
89 1000 1000
93 1000 1000
95 1000 1000
96 1000 1000
98 1000 1000
100 1000 1000
102 1000 1000
104 1000 1000
107 1000 1000
108 1000 1000
113 1000 1000
122 1000 1000
124 1000 1000
127 1000 1000
128 1000 1000
135 1000 1000
136 1000 1000
139 1000 1000
140 1000 1000
141 1000 1000
142 1000 1000
143 1000 1000
144 1000 1000
146 1000 1000
148 1000 1000
150 1000 1000
151 1000 1000
152 1000 1000
155 1000 1000
159 1000 1000
160 1000 1000
161 1000 1000
162 1000 1000
164 1000 1000
165 1000 1000
170 1000 1000
171 1000 1000
172 1000 1000
175 1000 1000
180 1000 1000
181 1000 1000
183 1000 1000
184 1000 1000
187 1000 1000
188 1000 1000
189 1000 1000
191 1000 1000
192 1000 1000
195 1000 1000
196 1000 1000
197 1000 1000
198 1000 1000
199 1000 1000
200 1000 1000
