1 -355.9671 -338.4891
4 -372.7803 -360.123
5 -360.4254 -339.2341
6 -419.7789 -397.5722
7 -420.3817 -409.26
8 -379.017 -374.5669
10 -381.2165 -366.0272
15 -455.8085 -428.4274
17 -402.2611 -392.0396
18 -332.3546 -323.1405
19 -390.2109 -371.3335
20 -344.249 -333.9763
23 -385.8801 -367.2364
25 -418.7754 -406.7057
26 -399.7378 -390.0585
27 -385.7448 -360.2059
29 -373.1045 -359.7424
33 -290.2267 -277.338
35 -388.9198 -382.5512
41 -339.3168 -329.6891
42 -380.5839 -380.8515
44 -417.9017 -402.8307
45 -358.138 -341.3959
46 -406.4407 -384.7979
48 -364.4934 -349.9699
49 -384.9952 -381.7831
51 -331.0027 -321.9668
54 -409.0022 -386.109
61 -408.5985 -385.2288
62 -300.0437 -300.5213
63 -335.4985 -333.8538
65 -441.0493 -424.2981
66 -397.2686 -388.9911
72 -430.0294 -411.3908
73 -392.5002 -373.2156
74 -281.7754 -286.2032
75 -421.3477 -407.3087
76 -421.1952 -397.4452
77 -442.2815 -419.5579
78 -383.3216 -365.7179
81 -300.3071 -290.6365
82 -407.7272 -402.0066
83 -438.6419 -432.0461
84 -371.8057 -355.0452
86 -290.6393 -285.5832
87 -381.1109 -369.947
89 -394.6609 -376.4761
93 -360.3401 -350.3454
95 -378.1234 -366.0278
96 -353.3944 -340.2525
98 -383.5812 -356.0433
100 -284.8389 -274.2575
102 -439.9192 -414.7757
104 -288.4849 -294.7252
107 -322.7698 -328.6934
108 -361.1979 -349.0431
113 -406.4891 -393.4687
122 -341.3586 -335.4508
124 -451.4181 -438.986
127 -374.9127 -365.6319
128 -281.0019 -273.2729
135 -363.7128 -358.5026
136 -369.61 -371.0029
139 -348.6027 -348.5799
140 -365.8371 -348.3834
141 -489.5531 -480.3441
142 -409.2673 -400.6506
143 -377.5512 -368.1767
144 -380.4915 -370.6168
146 -468.1732 -468.7029
148 -353.3352 -345.3593
150 -315.685 -311.0479
151 -327.2679 -326.161
152 -345.6972 -335.762
155 -339.0654 -336.0874
159 -451.2441 -430.0006
160 -436.1825 -417.0653
161 -373.1217 -362.3884
162 -325.7543 -320.7875
164 -357.7043 -348.1371
165 -345.2945 -331.7866
170 -366.5608 -362.833
171 -352.9961 -348.3848
172 -324.2517 -320.998
175 -295.5096 -290.8045
180 -366.6667 -347.9425
181 -274.2284 -272.6558
183 -462.0393 -431.229
184 -431.1648 -396.3194
187 -349.5067 -346.5583
188 -362.8958 -345.0916
189 -386.2785 -371.5421
191 -386.5253 -359.5353
192 -397.4459 -380.1892
195 -492.5373 -468.9237
196 -384.9614 -343.7838
197 -375.9874 -368.5246
198 -370.0211 -358.3251
199 -359.7515 -348.1962
200 -385.5568 -371.9424
