1 5.717472 5.700746
4 4.783715 4.955643
5 4.515528 4.126587
6 3.923571 3.931834
7 5.948458 6.25968
8 4.868696 4.742123
10 4.474837 4.345245
15 5.483499 5.342207
17 5.591482 5.720522
18 4.969471 5.244098
19 4.772206 4.309458
20 4.897293 4.771332
23 5.399086 4.567829
25 5.04754 4.577636
26 5.459638 4.963027
27 4.643052 4.647115
29 6.32596 6.146545
33 4.788277 4.433041
35 5.059152 4.733
41 5.397702 5.687531
42 4.641491 4.634721
44 5.969633 5.744225
45 4.150403 3.932438
46 4.987278 4.743052
48 5.531094 5.549882
49 4.399071 4.310498
51 4.367835 4.018462
54 6.434351 5.838328
61 4.592706 4.394545
62 4.541925 4.114258
63 4.475364 4.651348
65 5.090165 4.818848
66 6.577839 6.511383
72 4.527595 4.583198
73 5.011088 4.901013
74 4.225968 4.671713
75 5.165375 5.177813
76 4.954504 4.897519
77 6.544599 6.627065
78 5.087613 5.107584
81 5.567391 5.244505
82 6.915039 5.874938
83 5.129735 4.79454
84 4.612088 5.013163
86 5.484581 5.491384
87 5.186516 5.321201
89 4.953267 4.844193
93 5.716305 5.903785
95 5.111724 5.309262
96 4.449503 4.883637
98 3.749959 4.330923
100 5.216248 5.43902
102 5.298475 5.536244
104 4.319197 4.22962
107 4.357585 4.57774
108 6.438055 5.656496
113 4.898614 4.744909
122 5.223431 4.550135
124 5.224951 5.011053
127 4.642904 5.247497
128 3.278034 3.302063
135 4.455106 3.74581
136 5.83067 6.223174
139 4.519183 5.003602
140 6.121827 6.290882
141 6.831725 6.831884
142 5.792471 5.841662
143 4.426397 4.620185
144 4.080865 4.02709
146 6.17824 6.313533
148 5.711419 5.214392
150 6.081804 6.303884
151 4.960878 4.983688
152 4.28623 4.976912
155 4.428752 4.452727
159 5.879736 5.392823
160 4.217857 4.506584
161 3.564044 3.782519
162 4.600474 4.6568
164 5.873177 5.918566
165 5.088719 5.202007
170 3.901457 3.802207
171 5.020974 5.182839
172 4.38327 4.648309
175 4.169188 4.600851
180 4.562716 4.352189
181 6.15505 6.95995
183 6.059134 5.53817
184 5.719411 6.156625
187 5.629163 5.499749
188 4.653553 4.161449
189 5.307596 5.03091
191 4.017528 3.947374
192 4.16464 3.850372
195 5.195534 5.49172
196 4.970937 5.10471
197 4.054984 4.13072
198 6.152034 6.035095
199 5.456506 5.649182
200 6.079923 5.961373
