1 0.2647931 0.2664938
4 0.2283054 0.2370094
5 0.2122567 0.1950907
6 0.1877291 0.1894904
7 0.2794058 0.2946059
8 0.2247671 0.2190777
10 0.2142971 0.2049251
15 0.2570457 0.2526297
17 0.2624207 0.267327
18 0.2373733 0.2500907
19 0.2170306 0.1960665
20 0.2215207 0.2157186
23 0.2497143 0.2131043
25 0.2263488 0.2058681
26 0.2499976 0.2294357
27 0.2163493 0.2182768
29 0.2881507 0.2804158
33 0.2152846 0.2016433
35 0.2333841 0.2196414
41 0.2466609 0.2554011
42 0.2274428 0.2251998
44 0.2702666 0.2586249
45 0.2004794 0.1898635
46 0.2297831 0.2196112
48 0.2569311 0.2595057
49 0.2107873 0.2054048
51 0.2103295 0.1900598
54 0.2961637 0.2707741
61 0.2057739 0.1986748
62 0.2115986 0.1941601
63 0.2014575 0.2122045
65 0.2321418 0.2225644
66 0.2934196 0.2893879
72 0.2059731 0.2074723
73 0.2350755 0.2291662
74 0.2025713 0.2202944
75 0.2440599 0.2415709
76 0.2363339 0.2336101
77 0.2981734 0.3033026
78 0.2310633 0.2319724
81 0.2562232 0.2429026
82 0.3132175 0.2684287
83 0.2286944 0.2170409
84 0.2219791 0.2383451
86 0.2559591 0.2587886
87 0.2390501 0.2465215
89 0.2300992 0.2261489
93 0.2685696 0.2765556
95 0.2338052 0.2435702
96 0.2061293 0.2241425
98 0.1798441 0.2023384
100 0.240404 0.2519855
102 0.2314419 0.2424849
104 0.2035465 0.2007721
107 0.2172299 0.2286299
108 0.2945525 0.258313
113 0.2320106 0.2274461
122 0.2505051 0.2196978
124 0.2434289 0.2356011
127 0.2222855 0.248893
128 0.1595397 0.1601497
135 0.2052279 0.1759344
136 0.2715082 0.2853223
139 0.2102613 0.2323704
140 0.2786616 0.2871503
141 0.310023 0.3096185
142 0.2659758 0.2636648
143 0.2085432 0.2160297
144 0.1927935 0.1916105
146 0.2834671 0.29008
148 0.2590252 0.2376767
150 0.2723245 0.2800082
151 0.2411068 0.2408241
152 0.1953757 0.2256624
155 0.2119457 0.2114189
159 0.2823522 0.2591082
160 0.2036616 0.217615
161 0.1626534 0.1760961
162 0.2189039 0.2240804
164 0.2881018 0.291931
165 0.2422168 0.2484114
170 0.1833393 0.181194
171 0.2405441 0.24779
172 0.2120056 0.2199949
175 0.2009174 0.2201243
180 0.2122472 0.2021668
181 0.2770762 0.3122557
183 0.2701479 0.2488134
184 0.2583911 0.2771508
187 0.2607409 0.2565931
188 0.2131449 0.1911075
189 0.2485763 0.2345899
191 0.1863456 0.1854585
192 0.2004599 0.1864327
195 0.230435 0.2466001
196 0.231368 0.2369007
197 0.1918849 0.1958339
198 0.2752274 0.2693832
199 0.2525217 0.2630366
200 0.2799989 0.2763129
