1 29.3645 2.106127 -0.4445491 3.464669 1.581801 -3.023183 -0.6383702 -0.1314138 0.269526
4 27.53539 2.125388 -0.5345363 3.038875 1.57693 -3.050277 -0.5237097 -0.03915568 0.1856371
5 24.93628 1.96173 -0.4536816 2.804686 9.322023 -2.021884 -1.032176 -0.04561504 0.1768539
6 26.29889 1.989917 -0.5137911 3.298839 1.966402 -3.205285 -1.298853 -0.08466424 0.2399251
7 28.4516 2.477058 -0.5333516 3.6153 2.241732 -3.123191 -1.21218 -0.08817577 0.2348055
8 27.3668 2.289728 -0.4593959 3.766733 3.450315 -3.418186 -0.1278245 -0.09357658 0.242888
10 27.29586 1.988469 -0.4816721 3.680272 0.5684163 -3.060859 -1.335241 -0.05929844 0.2216131
15 27.32149 1.98996 -0.5168518 3.669734 3.707046 -4.647228 -1.387951 -0.09435638 0.2842851
17 28.20428 2.082132 -0.4787994 3.065988 3.286998 -3.640566 -0.1147784 -0.09739879 0.2393725
18 28.1069 2.161911 -0.5512751 2.696501 0.3278373 -3.994781 -1.860043 -0.119542 0.3147734
19 27.59185 1.981989 -0.4605931 3.317026 1.661524 -4.55757 -0.05399527 -0.121065 0.3080051
20 27.65942 2.041005 -0.4855909 2.499632 7.365002e-07 -6.80966 -0.567292 -0.1508127 0.435451
23 28.28739 2.081214 -0.4648846 3.48306 2.250581 -2.942146 -0.9402294 -0.09791166 0.2401019
25 28.0072 2.100849 -0.5104552 3.440563 1.373193 -4.460343 0.05104478 -0.08283908 0.2480093
26 27.42111 2.375742 -0.5109391 3.310577 3.223738 -2.381249 -2.7599 -0.07232785 0.2298918
27 27.21956 2.038725 -0.53629 3.562213 2.088947 -4.931122 1.421071 -0.09224976 0.2770149
29 28.62298 2.521281 -0.5085401 3.22337 1.823546 -5.147457 -0.7045585 -0.07577151 0.2945377
33 27.21856 2.120536 -0.5042003 1.737676 3.313838 -4.282694 -1.635264 -0.09656252 0.3426726
35 27.40134 2.165213 -0.5265712 3.904601 1.87888 -3.401408 -2.054861 -0.09266593 0.2646156
41 28.55978 2.225966 -0.4889243 2.794248 3.083811 -4.414717 -1.044276 -0.1528414 0.3504919
42 27.21726 2.036602 -0.5281929 2.787804 2.374983 -3.304401 -1.035104 -0.06702824 0.2183365
44 28.38139 2.346023 -0.4848239 3.570854 0.9902389 -4.054174 -0.8411343 -0.07885055 0.2418193
45 25.95211 2.030156 -0.5871299 2.717002 1.507475 -5.310641 1.420539 -0.06955368 0.2773115
46 27.75569 1.976319 -0.4679785 3.186728 2.143699 -3.602155 -0.03204766 -0.09773495 0.2404737
48 27.88119 2.359447 -0.5325941 3.308263 3.250141 -2.979468 -2.96203 -0.04741875 0.2513517
49 26.60983 2.326332 -0.5657497 3.025379 0.8895901 -3.573801 -0.3815477 -0.09805024 0.2496965
51 26.71877 2.067165 -0.5204307 3.203818 1.870008e-08 -3.090256 -0.2354025 -0.1138523 0.2669974
54 27.68805 2.262179 -0.472639 3.364535 3.292002 -4.174106 -1.670903 -0.1117957 0.3113905
61 28.42737 2.149488 -0.4635186 3.932752 3.915777e-08 -2.162951 -1.61144 -0.06941271 0.2005786
62 25.70015 2.060418 -0.4853774 2.606335 6.026073 -3.065121 -0.9862589 -0.04669474 0.2399533
63 27.86361 2.501894 -0.506352 2.959211 2.00733 -2.705204 -2.417356 -0.06213031 0.215039
65 27.62891 1.976086 -0.5212084 3.013928 2.141728 -3.593031 -0.2560675 -0.07047934 0.2000662
66 28.2036 2.299769 -0.5354961 3.240295 5.575106 -6.539566 0.2149633 -0.1589436 0.3879852
72 27.21296 2.071644 -0.4973672 4.222214 4.361579e-08 -3.926005 -0.8154817 -0.06170198 0.2297182
73 27.84503 2.139964 -0.5204367 4.130808 1.207984e-07 -2.991107 -1.23528 -0.08984291 0.238366
74 25.90661 2.356169 -0.461899 1.717474 8.082769 -2.798845 -0.9129561 -0.1190298 0.2795908
75 27.75271 2.208215 -0.5031563 3.757028 2.368754 -4.056744 -1.288361 -0.1302714 0.3034191
76 26.87116 2.165452 -0.526492 3.120184 1.218363 -3.383562 -2.173827 -0.06166933 0.2379554
77 29.02467 2.271942 -0.4977258 4.464711 2.334161 -5.1957 -0.02488313 -0.1262084 0.3098874
78 28.30572 2.116023 -0.4752965 2.847062 1.885226 -4.464466 -0.4571694 -0.1339139 0.3167425
81 28.29901 2.118343 -0.4833553 2.614172 3.543154 -3.754258 -2.402664 -0.1328146 0.3448335
82 28.16245 2.351204 -0.4597091 3.960828 4.941661 -2.819318 -1.137145 -0.1198745 0.2442897
83 27.60971 2.063356 -0.4944714 3.031025 2.165859 -3.735328 -0.7899164 -0.0901087 0.2302723
84 27.15861 2.177601 -0.5271892 2.514084 1.442359 -4.663561 0.5851706 -0.04113919 0.2267051
86 28.06488 2.272883 -0.565668 2.790116 1.287233 -2.693675 -2.371332 -0.09764405 0.3005892
87 28.46781 2.202375 -0.4512009 3.516459 1.089406 -2.486092 -1.537429 -0.066237 0.2019256
89 27.80389 2.138091 -0.4705952 4.019186 1.569907 -3.533741 -1.808378 -0.07534768 0.2545096
93 28.52939 2.195694 -0.4741306 3.626647 2.957574 -3.386284 -1.01855 -0.1189302 0.2773787
95 27.84101 2.156877 -0.4749947 3.295316 2.929972 -3.502312 -2.387896 -0.1000097 0.2955402
96 28.06793 2.036693 -0.4948248 2.747655 0.5785946 -5.500739 -0.2184131 -0.1370103 0.3623963
98 27.14676 2.191466 -0.4596229 3.615989 3.764425 -1.792678 -3.06752 -0.0696896 0.2429464
100 28.74232 2.445214 -0.4991105 2.851779 2.850285e-07 -3.541202 -0.6386293 -0.1406206 0.3301869
102 27.94691 2.263856 -0.4849943 3.126205 3.781386 -5.311941 -0.4126047 -0.05304529 0.2574029
104 26.6432 2.191441 -0.5401981 2.905284 0.8771716 -5.374736 2.128207 -0.1078823 0.3196536
107 26.32005 2.577013 -0.576671 3.138123 0.9217 -2.789567 -2.569482 -0.03653065 0.2240128
108 27.13657 1.949381 -0.4445868 3.053205 8.90547 -3.511622 -3.913607 -0.2056118 0.4353848
113 27.43472 2.229453 -0.5032714 4.558245 3.846324e-08 -2.191797 -1.816205 -0.07517716 0.20646
122 27.65948 2.099035 -0.4886966 3.038932 1.119421 -2.349937 -1.298603 -0.1022545 0.2305421
124 26.96087 1.975273 -0.5420122 3.919926 2.686621 -4.550863 -0.5004494 -0.06777785 0.2444416
127 27.42649 2.258858 -0.5648088 2.582846 2.355355 -4.215754 -0.9546289 -0.0936669 0.2813336
128 24.58193 1.85566 -0.5085806 3.137898 4.704079 -2.486399 -1.79478 -0.1199912 0.3243758
135 26.86496 2.052337 -0.4660604 3.03603 2.312275 -3.330657 0.335144 -0.05866673 0.2022937
136 29.32918 2.20195 -0.4896126 2.972277 1.658372 -3.62727 -0.7400913 -0.0816639 0.2321325
139 28.99379 2.010374 -0.4116941 2.786701 1.0527e-08 -2.717173 -1.725146 -0.08936441 0.2351695
140 29.5054 2.131568 -0.4591961 3.253453 1.672381 -4.248537 -2.492313 -0.2210414 0.4331916
141 29.1767 2.269654 -0.4609535 4.378268 2.134082 -4.157665 -0.8514471 -0.08868205 0.2264206
142 28.65675 2.180112 -0.4771121 3.757994 2.514907 -4.127983 -1.238102 -0.08743699 0.2622832
143 27.71684 2.245812 -0.5120791 3.788678 3.859009e-08 -3.332968 -0.247889 -0.1015456 0.2443121
144 26.68564 1.876484 -0.5056704 3.213575 1.022866 -3.806239 -1.27367 -0.08719614 0.2735122
146 28.41446 2.062312 -0.445925 3.664448 3.130761 -4.638617 -1.450391 -0.07335732 0.2385936
148 28.88421 2.10568 -0.4474822 3.701599 1.265423 -3.099878 0.002608112 -0.064662 0.2088659
150 30.09143 2.281525 -0.4821108 2.088327 1.58469 -3.200303 -0.9565778 -0.101643 0.2545757
151 27.32213 2.385711 -0.5829953 3.331582 1.21841 -2.694223 -1.763342 -0.08465894 0.2616233
152 27.0743 2.322407 -0.5520072 2.774913 6.446277 -4.759616 -1.096287 -0.1473365 0.364045
155 26.41639 2.083648 -0.5222588 2.675237 3.305769 -3.083335 -1.031639 -0.06224294 0.2351824
159 27.38663 2.095655 -0.4947268 3.8762 1.165028 -4.523333 0.02955256 -0.1209488 0.2824752
160 26.45606 1.90803 -0.5312535 3.625315 0.9256275 -4.502208 -0.4762637 -0.06649042 0.250362
161 25.64809 2.010339 -0.4638838 2.98879 4.187748 -3.568668 -0.08649842 -0.08248224 0.2450479
162 27.21456 2.193796 -0.5104239 2.671467 1.787507 -3.205119 -1.496088 -0.09686679 0.2788312
164 27.88447 2.431109 -0.5511267 3.864094 2.45508e-07 -2.747482 -1.41011 -0.07128865 0.2255299
165 26.95941 2.397915 -0.5663428 2.619594 2.353798 -3.203737 -2.967429 -0.14962 0.3686524
170 26.74264 1.988609 -0.47759 3.019986 1.308264 -2.552513 -1.111624 -0.005253494 0.1466536
171 27.62668 2.295187 -0.5283658 2.534244 2.219382 -3.527177 -0.0174996 -0.09370924 0.2409297
172 27.75472 2.245988 -0.4988337 3.630677 1.886817e-07 -3.919831 -0.006482237 -0.1060462 0.2886675
175 27.37659 2.252911 -0.5446953 2.239713 1.673753 -2.629063 -0.7214866 -0.112597 0.2648062
180 26.4073 2.094624 -0.5298467 3.029072 2.957374 -4.813557 0.2822212 -0.1032661 0.3073016
181 30.10036 2.551153 -0.5140728 2.891785 2.755691 -4.861622 2.265027 -0.1501198 0.3439912
183 27.85828 2.113451 -0.5005708 3.498881 4.52896 -4.742578 0.5248114 -0.07315109 0.2296144
184 29.05995 2.347754 -0.4626947 3.667056 2.586818 -4.398916 -0.3317122 -0.1649076 0.3275768
187 28.0224 2.314201 -0.5295777 2.419648 1.775839 -3.431447 -0.2478452 -0.08603999 0.2359143
188 27.87951 1.997215 -0.4714484 2.980532 0.4865356 -3.105303 -0.05003488 -0.04111551 0.1869797
189 27.60319 2.122181 -0.4935781 2.844746 1.870591 -2.788717 -2.794536 -0.1076382 0.3009704
191 26.35204 2.094554 -0.5202706 2.824295 1.676122 -3.072861 -2.193946 -0.0669001 0.2521102
192 26.37923 1.945379 -0.5397425 3.456241 1.734234 -2.780419 -2.427449 -0.03570551 0.2051548
195 28.01988 2.257513 -0.4933448 4.40348 2.245628 -4.38514 -0.8338821 -0.03461796 0.1940133
196 27.85692 2.033916 -0.5157619 3.288547 1.380149 -5.500881 -1.171179 -0.1644346 0.4092621
197 26.8577 1.988369 -0.4752714 3.132027 2.223607 -3.041238 -2.178585 -0.07518251 0.2480827
198 30.08068 2.247674 -0.4204367 4.565259 2.333301e-08 -2.582082 -1.619305 -0.1187416 0.2718869
199 28.23903 2.250896 -0.5228694 3.57808 2.088586 -3.549878 -1.842976 -0.09981377 0.2797717
200 28.83461 2.284519 -0.4787748 3.188106 1.694758 -3.176239 -1.055422 -0.08216098 0.2300736
