1 NaN 0.02129367 0.01572081 NaN NaN NaN 0.5634446 0.3046296 0.04909453 0.06062428
4 0.3513327 0.08810273 0.02035481 0.3608112 0.3353742 0.7155356 0.6537259 0.3026382 0.04197533 0.0567347
5 1.597192 0.1906607 0.04337113 6.540314 0.8057316 1.735282 0.5647415 0.3210647 0.05049948 0.0632468
6 0.3847206 0.09762769 0.02332127 0.3303116 0.3574904 0.7749676 0.6043951 0.3008863 0.04291447 0.05650857
7 0.3844434 0.1033911 0.02218566 0.3888496 0.5649407 0.9491969 0.7266145 0.3678622 0.04215914 0.05774689
8 0.5617054 0.08759971 0.02226825 0.9942556 0.5260986 0.8428481 0.6409572 0.3050074 0.04636643 0.06051261
10 0.3287427 0.09731673 0.02464498 0.169347 0.5758065 1.017549 0.6476219 0.3253718 0.04128386 0.05529402
15 0.4573617 0.09742089 0.02351096 0.7665878 0.6861353 1.633647 0.8283209 0.3170245 0.0471435 0.06620499
17 0.5804812 0.08422629 0.02244111 0.5320453 NaN NaN 0.6735984 0.2955203 0.04723808 0.06205217
18 0.270428 0.07943814 0.01949615 0.08228141 NaN NaN 0.7294395 0.3480826 0.04943594 0.06743419
19 0.4405512 0.1118176 0.02188693 0.4676788 0.346482 0.7902781 0.7247698 0.3106016 0.04873025 0.06503623
20 0.2789165 0.0691503 0.01842847 0.0445628 0.4673382 0.8875604 1.283365 0.3484683 0.06284462 0.09723919
23 0.4465961 0.1109961 0.02156252 0.5618288 0.5637797 1.316573 0.6885388 0.317066 0.04878948 0.06413437
25 0.3884382 0.1222495 0.02523974 0.35055 0.4723084 0.8125071 0.8163435 0.3018614 0.04232154 0.06005901
26 0.6464458 0.09692732 0.02075237 NaN NaN NaN 0.6656584 0.4157113 0.04939955 0.06387469
27 0.3294779 0.1588618 0.03221572 0.4015479 0.6202764 1.821837 0.7393076 0.3453968 0.04425628 0.06024943
29 0.4032262 0.08755907 0.01806459 NaN NaN NaN 0.9165612 0.3435384 0.04948071 0.07057539
33 0.5018943 0.06093407 0.01571534 NaN NaN NaN 0.9375499 0.452282 0.06408581 0.08885428
35 0.4189778 0.1147957 0.02610077 0.5353221 0.5850801 1.126822 0.6632723 0.3453375 0.04246949 0.05766367
41 0.3750524 0.09540305 0.01991944 0.3180651 0.2968816 0.7457722 0.7392325 0.337477 0.05315266 0.0707337
42 0.3412725 0.08446763 0.02438534 0.4288447 0.3641618 0.9759277 0.7177999 0.298751 0.04557321 0.06250159
44 0.385767 NaN 0.02113189 NaN NaN NaN 0.7719943 0.3102648 0.04350875 0.06021468
45 0.3322003 0.1093858 0.02401205 0.3067671 0.2305903 0.8196238 0.8651132 0.3400647 0.04616517 0.06696071
46 0.7051443 0.07686672 0.02004162 1.373705 0.6005641 1.306337 0.7092605 0.29592 0.04811416 0.06436741
48 0.5538883 0.09429334 0.02179034 1.67127 0.8277463 1.662249 0.7139966 0.4887148 0.04750084 0.06325626
49 0.3229727 0.1091245 0.0264167 0.2998934 0.3577074 0.8450692 0.7286746 0.2891592 0.04638719 0.0643939
51 0.2807839 0.1040608 0.02526914 0.07543981 0.5354646 0.8034391 0.6295396 0.3090437 0.04728543 0.06244195
54 0.6761614 0.1121967 0.02101298 1.440592 0.7366268 1.881218 0.8674896 0.3799913 0.0531835 0.07454693
61 0.3703255 0.0966077 0.0220051 0.07031511 NaN NaN 0.6401797 0.3719665 0.04727505 0.06123384
62 0.5873197 0.0961171 0.02221062 1.004564 0.4314565 0.8203843 0.6711604 0.3607516 0.05435024 0.07002408
63 0.414281 0.0874972 0.02082979 0.5587258 0.4106653 1.52623 0.6089748 0.3786725 0.0497477 0.0625877
65 0.4207575 0.09106028 0.02356033 0.703979 0.4220408 1.508099 0.7695028 0.3171642 0.04388363 0.05983241
66 0.6224781 0.1373526 0.02749016 1.068907 0.4079885 0.7705903 0.9911463 0.3247231 0.04879326 0.07152264
72 0.2951938 0.0926395 0.02546613 0.06328393 0.7291103 0.952529 0.7762685 0.3071501 0.04289044 0.06054986
73 0.2930351 0.1010684 0.02557348 0.0738465 0.8760691 1.026828 0.6177807 0.3065653 0.0417258 0.05525159
74 0.4361592 0.07771861 0.01728791 0.7966518 0.5139999 2.865915 0.5609705 0.3295977 0.05762415 0.06958136
75 0.4064764 0.1016226 0.02303442 0.3301209 0.4054229 0.8893068 0.7514319 0.3149687 0.04610551 0.06415054
76 0.3224008 0.1081617 0.02353169 0.260728 0.4408795 0.9675693 0.8042263 0.3549524 0.0531373 0.07237807
77 0.4874197 0.09222055 0.01961868 0.4322178 0.4617445 1.403411 0.8146978 0.3183668 0.04291509 0.06110958
78 0.3844973 0.0706496 0.01495326 0.1482766 NaN NaN 0.7884334 0.3120478 0.05015634 0.06893118
81 0.9251863 0.09627232 0.02347614 2.222752 1.071786 2.315005 0.8214412 0.4399733 0.06046007 0.08150327
82 1.433558 0.1047628 0.0216467 5.657157 0.5600736 1.475828 0.6261013 0.3098676 0.04639746 0.05910743
83 0.5582777 0.07886975 0.02338116 1.31203 0.3893654 6.607295 0.8409147 0.304884 0.04642415 0.06521744
84 0.3559337 0.09367677 0.02254141 0.7582926 0.7979637 1.781917 0.7944511 0.3137886 0.04582881 0.06356233
86 0.2842877 0.0938758 0.02011453 0.1866663 0.3249128 0.6789313 0.686188 0.4757791 0.0486529 0.06682797
87 0.5019513 0.08269195 0.02031795 0.4777683 NaN NaN 0.6084873 0.3244371 0.05000907 0.06273905
89 0.4300086 0.135294 0.02842985 0.5235464 0.8215333 1.314374 0.6720076 0.3469414 0.04487527 0.05952276
93 0.6596146 0.09855 0.01617856 NaN NaN NaN 0.6251718 0.3309551 0.04798955 0.06256193
95 0.501595 0.09314338 0.02110331 0.8973676 0.4099012 0.9515256 0.6914442 0.3920468 0.0496489 0.06565713
96 0.3060535 0.07493318 0.01868467 0.1658706 0.2825885 0.8404375 0.9436372 0.3182037 0.0548933 0.07959632
98 0.4986257 0.09654071 0.02098621 0.2372976 NaN 0.3896069 0.5185094 0.4489855 0.04708613 0.05814482
100 0.3050076 0.07704147 0.01916192 0.0582277 NaN NaN 0.7279389 0.3852578 0.05823477 0.07584756
102 0.4635799 0.08902395 0.02029505 NaN NaN NaN 0.895396 0.3231244 0.04698854 0.06558294
104 0.313014 0.08422714 0.02175018 0.2447347 0.3417665 0.6882158 0.9178766 0.4261259 0.05873409 0.08025064
107 0.3171523 0.1170308 0.02371844 0.3726636 0.389921 0.7286637 0.6594883 0.4010852 0.04967032 0.06500498
108 0.7961398 0.08011074 0.01862705 1.109599 NaN NaN 0.72284 0.6102484 0.05748445 0.07771178
113 0.3333847 0.08471646 0.02594705 0.09819475 NaN NaN 0.6343234 0.3393265 0.04395044 0.05805376
122 0.378554 0.0981171 0.02055456 0.3182015 0.3783238 0.6995671 0.5561305 0.3200047 0.04475705 0.05717264
124 0.4090695 0.09745784 0.02335567 0.4030411 0.3346502 0.781573 0.9304461 0.3084595 0.04680176 0.06916708
127 0.3044953 0.09608342 0.02283202 0.3937341 0.3808284 1.501223 0.7625158 0.318754 0.04254904 0.06058236
128 NaN NaN 0.01953793 NaN NaN NaN 0.6101018 0.4000496 0.05403633 0.07075543
135 0.639555 0.09652962 0.02110921 1.333677 0.3899631 0.9804877 0.6377164 0.3059294 0.04644976 0.05935968
136 0.3606332 0.09232104 0.02167157 0.4156525 0.4493764 1.185863 0.6354537 0.310524 0.04195069 0.05541809
139 0.4109928 0.07004943 0.01985583 0.1487084 NaN NaN 0.5876264 0.3236554 0.05136561 0.06318914
140 0.5763683 0.08410887 0.01938827 0.782463 NaN NaN 0.8229043 0.4179288 0.05812516 0.07931606
141 0.5273903 0.09763308 0.02175654 0.7014627 0.6388017 1.599849 0.7825544 0.3150231 0.04570067 0.06144515
142 0.4559476 0.09259084 0.02126672 0.6097662 0.8544645 1.308522 0.802388 0.3194312 0.04647724 0.06462716
143 0.3158687 0.09866474 0.02536073 0.08404732 1.151983 2.730412 0.6242364 0.2954191 0.04187524 0.05529545
144 0.3655216 0.06998447 0.02264218 0.231318 0.3347338 0.8541769 0.7459888 0.3183746 0.04835877 0.06685746
146 0.5950167 0.08622401 0.02368312 1.173921 0.3686124 265.0375 0.8428846 0.3374251 0.04875085 0.06567617
148 0.533454 0.08787438 0.02107675 0.7662995 0.5590935 0.9335339 0.6422876 0.3200085 0.04736801 0.06028557
150 0.4653377 0.05301122 0.01248128 NaN NaN NaN 0.705768 0.3255115 0.0544238 0.06938208
151 0.2958983 0.1123763 0.02390809 0.2673685 0.4064881 0.6563878 0.6286627 0.3926354 0.04242023 0.0571826
152 0.4915145 0.09896916 0.02272903 0.6867793 0.3601972 0.8219607 0.8215065 0.3413693 0.05340302 0.07548301
155 0.5029116 0.08607315 0.01972165 0.7052353 0.3033824 0.6493589 0.6679819 0.3390123 0.04672858 0.06263698
159 0.4250687 0.185448 0.03384845 0.6808649 1.123193 1.822847 0.8255394 0.2986627 0.04652197 0.06537717
160 0.306894 0.1109841 0.03000351 0.2488318 0.7849341 1.335408 0.8139776 0.2968512 0.04336268 0.06301965
161 0.9273114 0.07668366 0.01982265 1.786048 NaN NaN 0.57281 0.2958893 0.04633626 0.0586359
162 0.3614552 0.07650936 0.01993965 0.2655986 NaN NaN 0.6511028 0.3527531 0.049475 0.06500514
164 0.3157063 0.1142756 0.02650574 0.07589865 0.8833425 1.14444 0.6559191 0.3314242 0.04232666 0.05742507
165 0.3986924 0.08991454 0.02026261 0.5924351 0.3956971 0.9861011 0.7740015 0.5338615 0.052942 0.07422116
170 0.3343087 0.07642382 0.02044816 0.2197771 0.3289338 0.6396257 0.583658 0.3108915 0.04525498 0.05732912
171 0.4761464 0.07905443 0.01956279 1.101648 0.6021893 3.115398 0.6405089 0.2958901 0.04441101 0.05886974
172 0.2968372 0.09956301 0.02331799 0.06694281 0.5950354 0.8028176 0.7026841 0.3300975 0.04650661 0.06253536
175 0.3892934 0.08356378 0.02034498 0.4375425 0.3060943 0.7700238 0.6191502 0.3438896 0.04873311 0.06295402
180 0.449784 0.09405415 0.02180883 0.3790207 0.3282248 1.184383 0.8509586 0.3318946 0.04927569 0.0701551
181 0.6614064 0.0838396 0.0189476 1.83991 0.6485324 2.202138 0.7550805 0.5391783 0.05414092 0.07018088
183 0.594857 0.08751342 0.01987678 NaN NaN 0.6427391 0.8197991 0.3038987 0.04479959 0.06238773
184 0.4799045 0.1132414 0.02309769 NaN NaN NaN 0.7253864 0.3208332 0.04798519 0.06315772
187 0.3700113 0.07404366 0.01735902 0.4639832 0.3663083 0.9656024 0.6634119 0.3064678 0.04688887 0.06130091
188 0.3668874 0.09032079 0.02116819 0.3051156 0.6080306 1.233575 0.6338826 0.3270504 0.04675719 0.0602265
189 0.4717501 0.07674502 0.01981207 NaN NaN NaN 0.7863663 0.5396282 0.04943943 0.06953942
191 0.3182901 NaN NaN NaN NaN NaN 0.7700193 0.3765226 0.05249177 0.07207847
192 0.3908841 0.09574872 0.02532955 0.4154524 0.4303873 0.8452858 0.6974468 0.3687121 0.046582 0.06269709
195 0.4382787 0.09660944 0.02226508 0.3463531 NaN 0.4687357 0.8055105 0.3104899 0.04082348 0.05622511
196 0.3267399 0.08267388 0.02288959 NaN NaN NaN 0.9345005 0.345392 0.05332382 0.0779108
197 0.5003816 0.07951842 0.02231376 0.7754266 0.4377312 0.8072465 0.6763543 0.3623309 0.04982095 0.0655196
198 0.4883083 0.1108108 0.02411797 0.08800861 1.12371 1.234116 0.6467196 0.4014544 0.0491591 0.06340114
199 0.7086365 0.08915107 0.01992463 1.126292 0.3880121 0.822186 0.7154399 0.358599 0.0465189 0.06389253
200 0.4736243 0.09978365 0.03005891 0.6046635 0.6484627 1.222852 0.7002651 0.3287133 0.04473301 0.06085668
