1 0.5977417 0.08428921 0.02233799 1.328609 0.3630073 0.6078454 0.3084304 0.0491737 0.06226615
4 0.3925048 0.08686124 0.02379098 0.6167188 0.301688 0.6451446 0.3006114 0.04264162 0.05688519
5 3.172232 0.07769242 0.0231377 15.64771 0.2955596 0.5089674 0.3083053 0.04833253 0.05883665
6 0.4391516 0.08697582 0.02595444 0.7773973 0.3305859 0.6619637 0.3085526 0.04327603 0.05858514
7 0.4557217 0.109544 0.02415981 0.8328547 0.3627548 0.7039602 0.3694978 0.04165396 0.05642216
8 0.6788077 0.1018341 0.02444515 1.809093 0.3858417 0.623637 0.3015712 0.0474108 0.06060464
10 0.4123947 0.0872638 0.0257794 0.3692852 0.3741431 0.6270808 0.32198 0.04298937 0.05675384
15 0.5289171 0.08784629 0.02611296 1.326093 0.3667184 0.8691817 0.3233404 0.04803953 0.06869674
17 0.5387949 0.07954899 0.02196921 1.249148 0.3056807 0.6930115 0.2964346 0.04861604 0.0638259
18 0.2979404 0.08421138 0.02269117 0.1645489 0.3030975 0.7560102 0.3501023 0.04875629 0.06727487
19 0.4888786 0.08072706 0.02374434 0.7456181 0.3371727 0.7690483 0.3111483 0.04908973 0.06663776
20 0.3173806 0.07294209 0.02093866 0.08538392 0.3143695 1.271141 0.3447328 0.06588576 0.1003754
23 0.574562 0.08508238 0.02337161 1.304748 0.3551335 0.6309973 0.3098645 0.04621664 0.060071
25 0.4232461 0.08840279 0.02453067 0.5872757 0.3433401 0.777245 0.2952652 0.04302946 0.06015353
26 0.5157323 0.1013251 0.02344351 1.178292 0.3288809 0.6486286 0.4016175 0.04891685 0.06285109
27 0.4482621 0.09079884 0.02645194 0.8746394 0.3584099 0.7818419 0.3501175 0.04531001 0.06269421
29 0.4620094 0.1039004 0.0223315 0.742628 0.3354871 0.8983014 0.3435176 0.04834587 0.06944011
33 0.5276365 0.06454251 0.01748373 1.390041 0.1819435 0.8932282 0.4428456 0.06257865 0.08559439
35 0.4474053 0.100306 0.02665222 0.7543727 0.3852506 0.6611126 0.3450679 0.04265032 0.05759858
41 0.5176183 0.08224005 0.02076266 1.1685 0.2838691 0.8046728 0.3464005 0.05695314 0.07644607
42 0.4386318 0.07995893 0.02316393 0.8818369 0.2825053 0.7081149 0.3000982 0.04540658 0.06218736
44 0.4634004 0.100929 0.02365498 0.4969275 0.3719552 0.7340486 0.308868 0.04280769 0.05847797
45 0.3584175 0.08494646 0.02547312 0.6192537 0.2670138 0.8597967 0.339451 0.04709498 0.06789615
46 0.5486108 0.07818523 0.02297381 1.181665 0.3196835 0.6883663 0.2918735 0.04674354 0.06245115
48 0.5040289 0.100045 0.02371484 1.202862 0.3348711 0.6880534 0.4824938 0.04695556 0.06203436
49 0.3393519 0.1011976 0.02478576 0.4291654 0.2993075 0.7176448 0.2884266 0.04554663 0.06347611
51 0.3213431 0.08947321 0.025389 0.136021 0.3480053 0.6276515 0.305376 0.0490649 0.06450395
54 0.6061313 0.09296759 0.02292529 1.518824 0.3416776 0.8001437 0.3644519 0.05241295 0.07156906
61 0.4498883 0.09470856 0.02501028 0.1738678 0.4438322 0.6135858 0.366259 0.04522744 0.05800816
62 0.7457507 0.07957555 0.02218863 2.673377 0.2726169 0.664107 0.3606735 0.05362862 0.0694128
63 0.4536671 0.1017049 0.02192418 0.7978238 0.3059402 0.588906 0.3829977 0.04898846 0.06140262
65 0.4306041 0.07873482 0.02371093 0.8042109 0.2980181 0.7390623 0.3142798 0.04327612 0.05867743
66 0.6963632 0.0927509 0.02277847 2.445943 0.3217745 1.017497 0.3256919 0.04984982 0.07373316
72 0.3950851 0.09928613 0.0277262 0.1619559 0.4667887 0.7448585 0.3042196 0.04334862 0.06002496
73 0.3697884 0.1011459 0.02735773 0.1364132 0.5237084 0.652966 0.3106756 0.04239195 0.05738755
74 NaN 0.07097513 0.01654379 NaN 0.1887583 0.6048037 0.3412834 0.05992422 0.07347418
75 0.4870314 0.09739211 0.0250901 0.9084517 0.3732152 0.7481767 0.3152634 0.04770427 0.06579481
76 0.3857669 0.09207459 0.02439392 0.519263 0.3096344 0.7739605 0.3523158 0.05182009 0.07004482
77 0.5223182 0.1045223 0.02583792 0.9598389 0.4385244 0.8263577 0.3203796 0.0427131 0.06105236
78 0.4633916 0.07867131 0.02140868 0.7804968 0.2927467 0.7980905 0.312924 0.05003836 0.06904069
81 0.5635719 0.07572683 0.02041016 1.499317 0.2788334 0.7375772 0.4208094 0.05726216 0.07508785
82 0.8635114 0.1040756 0.02383596 3.045755 0.4016323 0.575765 0.3020582 0.04334945 0.05493284
83 0.4556497 0.08113897 0.02279894 0.8272314 0.2974207 0.7430171 0.2977587 0.04600403 0.06209287
84 0.3882271 0.08138137 0.02152828 0.6488373 0.2523784 0.8468206 0.3176277 0.04890346 0.06806451
86 0.3555199 0.09048985 0.02282032 0.5371607 0.2806094 0.6589046 0.4840807 0.04749625 0.06470042
87 0.5159201 0.09259506 0.02344505 0.5982842 0.374804 0.5791394 0.320778 0.04710668 0.0585215
89 0.5198835 0.09721009 0.02577696 0.7431827 0.4089926 0.6592667 0.3474638 0.04453088 0.05874171
93 0.584979 0.09269133 0.02347681 1.345801 0.3709452 0.6205029 0.3275305 0.04664426 0.06061383
95 0.5866746 0.08703086 0.02286101 1.451716 0.3329815 0.7099137 0.4059659 0.04906875 0.0660706
96 0.3659901 0.0769539 0.02212915 0.3297925 0.2910484 0.9756172 0.3218729 0.0544222 0.07971011
98 0.6415056 0.0962651 0.02439755 1.599741 0.3806587 0.5742777 0.4873463 0.04854679 0.06212998
100 0.3447948 0.09398514 0.02108169 0.1221363 0.3294631 0.7097248 0.381157 0.05696062 0.07378523
102 0.5746585 0.08965659 0.02222089 1.416584 0.3168651 0.9276962 0.3270107 0.0473296 0.06706868
104 0.3480508 0.0914365 0.02407305 0.41168 0.2898902 0.8273555 0.4101047 0.05466616 0.07292425
107 0.3483966 0.1184029 0.02528142 0.4692985 0.3137521 0.6713419 0.3943757 0.04977773 0.06514702
108 3.007481 0.07432471 0.02211523 14.7846 0.3193321 0.7460451 0.5731344 0.05973276 0.08062678
113 0.4110592 0.1109955 0.02810734 0.2130213 0.4724274 0.5896232 0.3315212 0.04216551 0.05469731
122 0.4305333 0.08310759 0.02276829 0.664933 0.3071241 0.5450206 0.3118532 0.04603725 0.05799983
124 0.4688821 0.09235325 0.0281959 0.9890029 0.3843774 0.8548052 0.2981877 0.04383189 0.0635478
127 0.4099957 0.08775808 0.02243357 0.8530478 0.264775 0.7848758 0.324923 0.043807 0.06225378
128 0.7352405 0.08189437 0.02681829 2.503764 0.3265661 0.6315684 0.4157228 0.05434334 0.07292702
135 0.546834 0.082998 0.02316268 1.175237 0.3134952 0.6117096 0.2993877 0.04701478 0.05968518
136 0.4525048 0.08229844 0.02116601 0.7101783 0.3048426 0.6776546 0.3158073 0.04482698 0.05946533
139 0.7117522 0.1005052 0.0224491 0.1544099 0.3241211 0.6192442 0.328115 0.0536806 0.06649806
140 0.5028684 0.08231779 0.02161276 0.7442188 0.3300679 0.8513832 0.4161456 0.06091563 0.08307683
141 0.5639263 0.1014017 0.02480371 0.8801105 0.4328434 0.7772658 0.3138844 0.04437293 0.05963691
142 0.5282999 0.09195864 0.02399573 0.9762196 0.3776927 0.7776924 0.3232884 0.04549426 0.06303942
143 0.3700081 0.1019455 0.02575642 0.135839 0.4428298 0.6225769 0.2970615 0.04234471 0.05549033
144 0.3855148 0.07940664 0.02544213 0.4668022 0.318124 0.7479401 0.3185805 0.04747651 0.06612971
146 0.580941 0.08436303 0.02372701 1.141152 0.36806 0.8727404 0.3390388 0.04806179 0.06557936
148 0.5203292 0.08760008 0.02348754 0.6013621 0.377448 0.603591 0.3153056 0.04557534 0.05750827
150 0.4221106 0.07046586 0.01719354 0.7063452 0.225796 0.711165 0.3271761 0.05418396 0.06959978
151 0.3668774 0.1083187 0.02578416 0.5612248 0.3355549 0.6336085 0.3929866 0.04271011 0.05742334
152 0.8261118 0.09056624 0.02215412 3.203915 0.2805202 0.8639167 0.353138 0.05410709 0.07707423
155 0.5246987 0.08118549 0.02277577 1.367407 0.269192 0.6793645 0.3365605 0.04810526 0.06394972
159 0.4408863 0.09477533 0.02605059 0.5358783 0.3806622 0.7569536 0.2921826 0.04503231 0.06197144
160 0.3780687 0.08771687 0.027868 0.4491905 0.3570936 0.8381399 0.2975049 0.04481389 0.06516844
161 0.7696181 0.08262224 0.02370962 2.484001 0.308019 0.6226704 0.3033096 0.04782409 0.06184471
162 0.4297765 0.08548365 0.02226509 0.7711002 0.286043 0.6725969 0.3547001 0.04826918 0.06458538
164 0.3366048 0.1147578 0.02627688 0.1419761 0.4316681 0.6351656 0.3326209 0.04171214 0.05615572
165 0.4326246 0.09621071 0.02251816 0.9523211 0.2643617 0.7637856 0.5343276 0.051911 0.07316743
170 0.4362541 0.08097146 0.02382127 0.5741279 0.3111214 0.5935572 0.3113076 0.04687161 0.05949713
171 0.440779 0.08700677 0.02122486 0.8966486 0.2648511 0.6585909 0.2968164 0.04583416 0.06038581
172 0.3786397 0.09865685 0.02485337 0.1425407 0.4137458 0.7325751 0.3338099 0.04858003 0.06534505
175 0.3883657 0.08077565 0.02045847 0.7286217 0.2301901 0.6263794 0.3479555 0.04887812 0.06298926
180 0.4886014 0.08775481 0.02445949 1.169669 0.3020048 0.8024957 0.3277842 0.04681566 0.06578125
181 0.5331743 0.09640843 0.02032623 1.337673 0.3173814 0.7906751 0.5672878 0.05281815 0.06980238
183 0.5776183 0.08830416 0.02415313 1.6112 0.3535521 0.7861874 0.2982045 0.04400119 0.06047693
184 0.5904424 0.09928109 0.0228264 1.187129 0.370202 0.755115 0.3239374 0.04886856 0.06498559
187 0.389132 0.08421658 0.02049725 0.6452242 0.2478414 0.6900661 0.3064899 0.04600049 0.061283
188 0.3914672 0.07660713 0.02241816 0.3543949 0.2999308 0.6178794 0.3237186 0.04645136 0.05978695
189 0.4506233 0.08185628 0.02207991 0.7680816 0.2834289 0.7235331 0.5205984 0.04776564 0.06556697
191 0.4179872 0.08607607 0.02381918 0.7340529 0.2889498 0.7279809 0.3737095 0.05221518 0.07014396
192 0.4131203 0.08844941 0.02754601 0.6879718 0.3518003 0.6735231 0.3567294 0.04486158 0.06012763
195 0.523146 0.1065675 0.02669041 0.9111741 0.4432873 0.8247141 0.312218 0.04095175 0.05676637
196 0.4110928 0.08416305 0.02433632 0.6005372 0.3279781 1.027649 0.3483037 0.05639592 0.08395879
197 0.5291135 0.08125557 0.02380127 1.145477 0.3182241 0.6699638 0.3516137 0.05001249 0.06501954
198 0.6677405 0.1077637 0.02492123 0.2047146 0.5513449 0.6229379 0.3891256 0.04796726 0.06110222
199 0.4582697 0.0976944 0.02455302 0.8510558 0.3627654 0.6798055 0.3516166 0.04443431 0.06013795
200 0.4700262 0.08971668 0.02191625 0.6961922 0.3303501 0.6341138 0.314551 0.04493978 0.05839161
