1 28.03881 2.499729 -0.4518383 1.47821 3.734125 2 -2.707029 -0.6272114 -0.1202652 0.2474021
4 27.55007 2.334566 -0.5752212 1.015496 0.6591584 2 -3.120213 -0.5758943 -0.03735787 0.1882225
5 24.92245 2.223794 -0.4789902 0.6221154 2.788137 2 -2.584936 -1.100479 -0.08446918 0.2353794
6 25.86464 2.304172 -0.5485721 1.017598 0.7349666 2 -2.711002 -1.255772 -0.06539838 0.2025743
7 28.588 2.460503 -0.5355658 1.257387 0.7234371 2 -3.194771 -1.209572 -0.08962466 0.2391929
8 27.68673 2.290057 -0.4684849 1.294966 1.540356 2 -3.46222 -0.2208212 -0.08976481 0.2426762
10 27.42123 2.185235 -0.5206368 1.099591 0.1800256 2 -3.212258 -1.361439 -0.05235154 0.2212099
15 27.42382 2.235388 -0.5411847 0.7073459 0.7992565 2 -4.278344 -1.316768 -0.07705386 0.2529832
17 27.92782 2.091596 -0.4843182 1.453357 1.999388 2.358431 -3.532516 -0.1691198 -0.09490505 0.2350963
18 28.14061 2.221616 -0.5525991 1.373418 0.07889678 2.428229 -3.796251 -1.838451 -0.1179172 0.3069515
19 27.49237 2.665725 -0.5026179 0.8408269 0.725506 2 -4.340518 -0.1767071 -0.1205478 0.2992793
20 28.01787 2.090015 -0.4916981 0.9733995 3.552854e-07 2 -7.019576 -0.5179311 -0.1503839 0.4413826
23 28.85136 2.467145 -0.4986851 0.7522961 0.5585731 2 -3.400812 -0.9557723 -0.1304731 0.2833301
25 27.95154 2.491793 -0.5622939 1.264995 0.6712942 2 -4.747758 0.07506808 -0.09508525 0.2691816
26 27.43432 2.35245 -0.5100582 1.603988 3.599977 2.669314 -2.651185 -2.873679 -0.08754411 0.2552194
27 27.0888 2.627574 -0.5834265 0.5029418 0.2943483 2 -4.476258 1.344856 -0.07701813 0.2461487
29 28.99837 2.500941 -0.5093475 0.8047305 0.556575 2 -5.314758 -0.613447 -0.08532259 0.3068402
33 27.42638 2.2282 -0.5062009 0.5037293 1.026733 2 -4.566627 -1.678417 -0.118601 0.3724382
35 27.4388 2.427947 -0.5436292 2.025401 1.006657 2.498742 -3.410374 -2.023766 -0.09380402 0.2652974
41 28.28518 2.557065 -0.5190314 0.8826067 0.5279568 2 -3.878672 -1.017125 -0.1179349 0.3005151
42 27.24667 2.106928 -0.5399562 1.503893 0.8668869 2.612739 -3.364473 -0.9570926 -0.06814173 0.2209655
44 28.71143 2.283927 -0.4884669 1.078879 0.4086189 2 -4.310063 -0.8040314 -0.08712485 0.257238
45 25.87664 2.57728 -0.6488303 0.6302606 0.5184032 2 -5.298878 1.397794 -0.06944215 0.2756994
46 27.8318 2.172656 -0.4811798 0.8397756 1.175004 2 -3.994689 -0.02340481 -0.1237123 0.2783749
48 28.07176 2.340693 -0.5291516 0.8913894 1.40729 2 -3.12371 -2.974669 -0.05492121 0.2636488
49 26.89192 2.334377 -0.5602822 1.494014 0.5579882 2.405248 -3.725816 -0.3298688 -0.1111079 0.2662841
51 27.31394 2.358395 -0.5487727 1.83667 1.271313e-08 2.307033 -3.277363 -0.247304 -0.1222363 0.2802024
54 27.59092 2.578126 -0.4976537 0.6460606 1.367814 2 -4.912936 -1.701594 -0.1444752 0.3676828
61 28.79259 2.311818 -0.4773556 1.412759 1.682784e-08 2 -2.355601 -1.674728 -0.08358105 0.2212677
62 26.21723 2.197911 -0.4832542 1.127932 1.810767 2 -3.266607 -0.9223162 -0.06381537 0.2597528
63 28.31898 2.359835 -0.4945683 1.853039 1.128623 3.582774 -2.807368 -2.354268 -0.06477863 0.2207293
65 27.91369 2.222253 -0.5395225 1.545181 1.229521 3.024564 -3.833279 -0.1929312 -0.08459036 0.2191963
66 28.01531 2.878202 -0.5840079 1.095889 2.067082 2 -6.312159 0.3195433 -0.14958 0.3692464
72 27.36076 2.225403 -0.5290758 1.413446 2.106372e-08 2 -4.024741 -0.8493205 -0.06162626 0.2347051
73 27.90858 2.408738 -0.5595399 1.425426 5.986003e-08 2 -2.787382 -1.203945 -0.08407424 0.2254431
74 26.93231 2.527697 -0.4752501 1.137005 0.9787477 3.279148 -2.510635 -0.7445059 -0.0966559 0.2464337
75 27.71955 2.389872 -0.5294748 0.9663484 0.6164023 2 -3.923449 -1.301937 -0.1108459 0.2804602
76 27.26124 2.457737 -0.5376931 0.9283392 0.4075425 2 -3.766024 -2.197344 -0.08856078 0.2777788
77 29.21538 2.451189 -0.5074262 0.6060479 0.4683123 2 -5.008687 -0.01109263 -0.1224428 0.2996892
78 28.25686 2.4343 -0.5038717 0.8682827 0.698678 2 -4.418017 -0.4776091 -0.1312492 0.312384
81 28.36685 2.226929 -0.5022625 1.22269 2.059783 2.016326 -4.461852 -2.59518 -0.1709088 0.4076087
82 28.01392 2.557358 -0.4619386 2.420323 8.232598 3.498545 -3.260928 -1.146027 -0.1505045 0.2850302
83 27.49685 1.991758 -0.4968459 2.486368 2.96171 9.918482 -4.308531 -0.7746863 -0.09914135 0.2584118
84 26.47782 2.443872 -0.5731996 0.6044443 0.5692906 2 -4.471672 0.5773733 -0.0184653 0.2016582
86 28.01842 2.49268 -0.5816216 1.065768 0.3427458 2 -2.865323 -2.311648 -0.1073718 0.3138665
87 28.35104 2.248491 -0.4506863 1.799063 1.319909 3.488538 -2.683279 -1.602136 -0.08387026 0.2274808
89 27.93687 2.489196 -0.5031442 1.050979 0.5196339 2 -3.587829 -1.801933 -0.08198717 0.2617343
93 27.8493 2.315869 -0.4937058 1.400237 1.740579 2 -3.229494 -1.0999 -0.1152171 0.2705693
95 28.01225 2.401633 -0.4902024 1.436055 1.460374 2.327977 -3.236368 -2.280301 -0.09131663 0.2753585
96 27.70643 2.1731 -0.5134071 0.6788236 0.2499936 2 -5.067618 -0.2383597 -0.1124279 0.3265401
98 26.26468 2.832751 -0.5075636 0.7878334 0.9318702 2 -1.237274 -2.830541 -0.02665903 0.1771139
100 28.8617 2.318927 -0.4871698 0.9027153 1.106919e-07 2 -3.664734 -0.6923953 -0.1484476 0.3442183
102 28.23292 2.309477 -0.4848003 0.6303544 0.5495591 2 -5.206802 -0.3244091 -0.05004717 0.2492193
104 27.02499 2.16416 -0.5332853 1.317817 0.4614206 2.08218 -6.146862 2.341199 -0.140887 0.3779503
107 26.11047 2.55894 -0.5830769 1.542443 0.6142252 2.151277 -2.656802 -2.624202 -0.0287917 0.2140474
108 27.6349 2.358651 -0.4799823 1.07212 3.344539 2 -3.44563 -3.960685 -0.1942509 0.4202304
113 28.12391 2.06072 -0.4825689 2.139767 1.993418e-08 2.028973 -2.514346 -1.861105 -0.09219282 0.2347292
122 28.04158 2.455024 -0.5154416 1.231788 0.5542103 2 -2.51157 -1.396859 -0.114966 0.2478199
124 27.04093 2.372964 -0.5632056 0.990538 0.8554408 2 -5.479928 -0.6531169 -0.1105998 0.3197343
127 27.22465 2.368357 -0.5886562 1.524354 0.718156 3.147635 -3.907633 -0.9169331 -0.07211427 0.2516888
128 23.89989 2.287579 -0.5044281 1.630133 4.027633 2 -2.322026 -1.671853 -0.1227645 0.3135362
135 26.70405 2.457637 -0.4964053 1.543272 2.787243 2.57142 -3.62605 0.4342348 -0.07211348 0.2221311
136 28.87627 2.426212 -0.5218427 1.882244 0.5602018 2.96632 -3.177929 -0.6858078 -0.04769687 0.1855134
139 28.54703 1.94455 -0.4172112 1.792528 7.499261e-09 4.150724 -2.482285 -1.671652 -0.06558971 0.2053839
140 28.91068 2.331292 -0.4897964 1.002888 1.270446 2 -4.042293 -2.523104 -0.2002255 0.4079547
141 29.2374 2.298877 -0.4569073 1.800007 1.466162 2.730266 -4.208789 -0.8680388 -0.09794026 0.2372886
142 28.64258 2.293093 -0.4801619 1.110151 0.6405289 2 -4.150019 -1.157532 -0.08718499 0.260822
143 27.77238 2.274708 -0.527081 1.983932 2.348886e-08 2.695087 -3.29824 -0.2755197 -0.09949981 0.2423838
144 26.99416 1.861419 -0.4942013 0.8539146 0.4238 2 -3.824364 -1.217207 -0.09711996 0.2809349
146 28.23759 2.079603 -0.4437957 3.592378 3.075913 200 -4.429801 -1.447341 -0.07832505 0.2360196
148 29.22266 2.155058 -0.4506307 1.201406 1.114314 2 -3.403541 0.01529221 -0.08973822 0.240642
150 29.59987 2.287529 -0.4861256 0.9762795 1.524396 2.265023 -3.23773 -0.9445889 -0.09788558 0.2524492
151 27.52055 2.506169 -0.5888655 1.542522 0.3612569 2 -2.612373 -1.813954 -0.08008333 0.2545381
152 27.13746 2.416871 -0.5635842 0.933861 1.225289 2 -4.351996 -1.006133 -0.1277509 0.3319274
155 26.25002 2.348594 -0.5511612 1.032964 1.51084 2 -3.047986 -1.150143 -0.06016657 0.2341863
159 27.68107 2.45863 -0.5273559 1.064158 0.667647 2 -5.06272 0.02110287 -0.1403269 0.3183724
160 26.45664 2.154459 -0.5550748 1.089915 0.265888 2 -4.328427 -0.5127342 -0.05981385 0.2392046
161 24.20178 1.996669 -0.4772845 1.720704 5.312619 3.310603 -2.944564 -0.09003687 -0.03832618 0.1817885
162 27.66228 2.152268 -0.4937412 1.355947 0.6848548 2.433705 -3.149581 -1.50564 -0.1064375 0.2848177
164 28.15969 2.413735 -0.5458839 1.541699 1.148383e-07 2 -2.917045 -1.379094 -0.07592153 0.2353676
165 27.09106 2.49552 -0.579131 0.9513945 1.085341 2 -3.253517 -2.928719 -0.1536931 0.3741556
170 26.83062 2.190905 -0.5025749 1.212431 0.4426551 2 -2.505602 -1.095509 0.005530905 0.134943
171 27.37876 2.300871 -0.5364943 1.379802 1.942586 3.597116 -3.343885 -0.1014549 -0.08312924 0.2265258
172 27.36065 2.328567 -0.536095 1.515732 1.013127e-07 2 -3.659726 -0.03126981 -0.0779153 0.2550743
175 26.93568 2.263584 -0.5575703 0.8507371 0.7246979 2 -2.484177 -0.7117145 -0.09383274 0.2439151
180 26.45335 2.323943 -0.5447279 0.5646248 0.5195508 2 -5.006403 0.2160233 -0.1191815 0.3300827
181 29.51657 2.369277 -0.4921122 1.521305 2.494919 2.990733 -4.522786 2.133256 -0.1383096 0.3253559
183 27.77859 2.438606 -0.5170597 0.659336 1.275034 2 -5.168862 0.3991013 -0.09061499 0.2617186
184 28.87749 2.513961 -0.4762923 0.4371635 0.2611451 2 -4.065642 -0.3025307 -0.150017 0.3028239
187 28.34638 2.348437 -0.5180373 0.9693941 0.8814118 2 -3.364358 -0.2717133 -0.08964015 0.236438
188 28.36347 2.306414 -0.4971293 0.9407811 0.3103361 2 -3.421025 -0.008155494 -0.06195672 0.2154667
189 27.79596 2.225698 -0.5023174 0.8381825 0.9200026 2 -3.247705 -2.82979 -0.130304 0.3390193
191 26.4961 2.376184 -0.5468666 0.4895999 0.2450845 2 -3.358991 -2.195387 -0.07698604 0.2716008
192 26.66821 2.21044 -0.5556469 1.248395 0.8513872 2 -3.033908 -2.530598 -0.06070307 0.2385411
195 27.95864 2.417504 -0.5112738 1.199659 0.8348955 2 -4.12095 -0.8331263 -0.02510303 0.1760039
196 27.9557 2.079349 -0.5299426 0.2807184 0.1151604 2 -4.959705 -1.221099 -0.1313505 0.3611039
197 26.12372 2.055767 -0.4983281 1.130807 1.366845 2 -3.125189 -2.258671 -0.06846923 0.2476454
198 30.10386 2.411972 -0.4439833 1.728536 1.074825e-08 2 -2.811936 -1.646715 -0.1312266 0.2917591
199 27.79586 2.292745 -0.5320949 0.9206136 1.39011 2 -3.770724 -1.931686 -0.1145226 0.3045743
200 28.59743 2.525433 -0.5294633 1.178497 0.8839559 2 -3.700862 -1.229952 -0.09163562 0.261428
