1 43.70222 42.73017
4 33.86642 34.47031
5 28.06796 25.00076
6 21.25576 21.18987
7 45.51473 50.24747
8 31.45058 30.23278
10 27.74229 25.90678
15 39.7079 38.84979
17 40.52427 42.74052
18 34.06486 37.14095
19 30.85693 24.95395
20 31.07305 29.70951
23 39.38693 31.52854
25 34.6348 29.2089
26 38.81787 32.75792
27 29.53539 29.77241
29 51.04999 48.89344
33 29.55379 26.99421
35 34.0563 29.87506
41 38.6539 41.75749
42 30.78207 30.07629
44 44.13868 41.30288
45 25.96587 23.66956
46 32.15189 29.15666
48 40.49704 40.72263
49 28.26594 25.79746
51 26.28338 22.39863
54 51.45797 42.15005
61 28.66206 26.68902
62 28.25758 25.27673
63 28.02139 30.83338
65 33.91048 30.65196
66 54.20999 53.60221
72 28.13465 28.21394
73 32.25937 32.67353
74 25.31104 30.61832
75 35.69338 35.28848
76 33.39316 32.7886
77 54.67487 55.05575
78 33.54956 33.89662
81 41.04909 38.50931
82 61.10259 44.23112
83 34.66433 30.70865
84 29.67267 32.82433
86 37.88668 37.47131
87 34.26633 34.67974
89 33.92884 33.39412
93 43.52336 47.22745
95 34.46323 37.0711
96 27.1903 31.53433
98 21.54207 26.07742
100 35.28914 38.34303
102 36.49222 38.8102
104 25.99933 25.25386
107 27.39472 30.34717
108 55.06262 42.55589
113 32.1919 31.61419
122 37.35687 29.44537
124 38.61277 34.91164
127 30.02801 35.99961
128 16.90298 16.31185
135 26.68203 20.02514
136 43.81388 49.92357
139 28.56129 33.46045
140 47.85114 50.7822
141 57.63474 57.46647
142 41.76512 42.39129
143 27.03655 28.79009
144 23.24262 22.57082
146 49.75378 53.2466
148 41.68081 36.0118
150 46.61302 48.98209
151 33.47124 34.68495
152 26.35999 36.02607
155 27.20633 27.83443
159 43.83051 37.40452
160 25.39874 27.74427
161 19.56492 22.16805
162 28.3688 30.60173
164 44.92392 44.44512
165 34.28304 36.0447
170 21.74314 21.27174
171 35.73789 36.58031
172 28.16051 30.66497
175 25.00989 28.73206
180 29.02118 26.43696
181 49.23485 60.17775
183 48.01279 40.50476
184 39.82136 47.18711
187 41.2078 39.44957
188 29.14009 24.36358
189 39.13342 34.78431
191 22.01401 21.71304
192 25.69827 22.60565
195 33.91671 37.62827
196 33.22272 34.80375
197 24.78066 23.70554
198 48.0665 46.54784
199 39.25994 41.50693
200 47.53717 46.43994
