1 300025001
4 300025004
5 300025005
6 300025006
7 300025007
8 300025008
10 300025010
15 300025015
17 300025017
18 300025018
19 300025019
20 300025020
23 300025023
25 300025025
26 300025026
27 300025027
29 300025029
33 300025033
35 300025035
41 300025041
42 300025042
44 300025044
45 300025045
46 300025046
48 300025048
49 300025049
51 300025051
54 300025054
61 300025061
62 300025062
63 300025063
65 300025065
66 300025066
72 300025072
73 300025073
74 300025074
75 300025075
76 300025076
77 300025077
78 300025078
81 300025081
82 300025082
83 300025083
84 300025084
86 300025086
87 300025087
89 300025089
93 300025093
95 300025095
96 300025096
98 300025098
100 300025100
102 300025102
104 300025104
107 300025107
108 300025108
113 300025113
122 300025122
124 300025124
127 300025127
128 300025128
135 300025135
136 300025136
139 300025139
140 300025140
141 300025141
142 300025142
143 300025143
144 300025144
146 300025146
148 300025148
150 300025150
151 300025151
152 300025152
155 300025155
159 300025159
160 300025160
161 300025161
162 300025162
164 300025164
165 300025165
170 300025170
171 300025171
172 300025172
175 300025175
180 300025180
181 300025181
183 300025183
184 300025184
187 300025187
188 300025188
189 300025189
191 300025191
192 300025192
195 300025195
196 300025196
197 300025197
198 300025198
199 300025199
200 300025200
