2 1873.736 1863.2
4 1949.397 1931.698
6 1914.517 1898.168
10 1938.868 1924.178
11 2012.162 2006.169
13 1934.065 1882.298
15 1944.631 1924.584
16 1881.248 1849.194
19 1940.62 1877.01
27 2108.222 2112.125
29 1852.2 1843.095
30 1935.646 1867.447
31 1862.873 1780.776
35 2005.914 1995.04
36 2018.557 1982.591
38 1872.722 1799.449
40 1984.21 1971.388
52 1842.185 1765.498
53 1897.885 1881.137
55 1947.956 1929.418
57 1842.309 1816.452
59 1907.397 1901.912
60 1936.093 1883.342
62 1933.862 1933.617
64 1975.533 1947.151
66 1863.186 1800.914
69 1914.995 1893.645
70 1897.072 1869.053
76 1978.48 1961.628
84 2062.134 2027.934
85 1923.278 1899.891
87 2048.63 2024.088
91 1908.331 1860.687
92 1772.345 1722.321
94 1970.701 1965.122
102 1887.41 1874.437
103 2009.93 1984.476
104 1948.948 1920.981
105 1959.554 1949.842
109 1893.322 1881.09
113 1737.212 1675.386
114 2011.215 1998.936
117 1861.674 1785.425
125 1892.45 1857.265
127 2131.807 2137.511
133 1932.833 1880.307
134 2099.885 2097.594
137 1919.144 1864.242
140 2065.591 2054.009
142 1830.799 1810.408
145 1842.442 1821.693
147 1855.975 1842.077
149 2002.283 1997.781
151 1923.423 1873.383
152 1813.245 1754.999
153 1970.233 1948.455
154 1876.334 1838.214
155 1897.912 1876.369
156 1927.94 1902.834
157 1815.258 1746.292
158 2064.937 2052.862
160 1961.301 1945.753
162 1974.654 1949.361
163 1855.901 1768.229
164 2001.176 1917.053
165 2005.579 1974.856
171 1952.685 1934.295
172 1977.068 1908.598
176 1946.494 1886.941
177 1929.977 1905.706
178 2013.03 1985.048
181 1950.236 1942.349
182 2031.614 2027.367
188 2156.907 2153.795
189 1914.904 1854.099
191 1936.732 1879.738
192 1968.54 1917.04
194 1860.663 1850.857
197 1950.663 1942.158
200 1824.688 1794.091
201 1870.14 1793.161
210 1751.937 1706.734
212 1964.8 1932.53
214 1875.048 1837.52
218 1914.257 1881.153
222 1844.336 1823.447
223 1963.883 1867.02
252 1746.844 1697.436
257 1999.273 1939.214
263 1932.746 1909.247
266 1869.567 1790.653
267 1862.148 1827.487
268 1893.876 1863.605
270 1809.134 1762.694
271 1921.468 1922.776
273 2004.821 1988.868
274 1864.098 1812.601
276 1997.598 1998.326
278 1867.138 1834.232
281 2015.659 2016.234
