2 1892.857 1882.32
4 1968.517 1950.818
6 1933.637 1917.288
10 1957.988 1943.298
11 2031.282 2025.29
13 1953.185 1901.418
15 1963.751 1943.704
16 1900.369 1868.314
19 1959.74 1896.13
27 2127.342 2131.245
29 1871.32 1862.216
30 1954.766 1886.568
31 1881.993 1799.896
35 2025.034 2014.16
36 2037.677 2001.712
38 1891.842 1818.569
40 2003.33 1990.509
52 1861.305 1784.618
53 1917.005 1900.258
55 1967.076 1948.538
57 1861.429 1835.573
59 1926.518 1921.032
60 1955.213 1902.463
62 1952.982 1952.737
64 1994.653 1966.271
66 1882.306 1820.035
69 1934.116 1912.765
70 1916.192 1888.173
76 1997.601 1980.748
84 2081.254 2047.054
85 1942.398 1919.012
87 2067.75 2043.209
91 1927.451 1879.808
92 1791.465 1741.441
94 1989.822 1984.242
102 1906.53 1893.557
103 2029.05 2003.596
104 1968.068 1940.101
105 1978.675 1968.963
109 1912.442 1900.21
113 1756.332 1694.506
114 2030.335 2018.057
117 1880.795 1804.545
125 1911.57 1876.385
127 2150.927 2156.631
133 1951.954 1899.427
134 2119.005 2116.714
137 1938.264 1883.363
140 2084.711 2073.129
142 1849.919 1829.529
145 1861.563 1840.813
147 1875.095 1861.198
149 2021.403 2016.901
151 1942.543 1892.503
152 1832.365 1774.119
153 1989.354 1967.575
154 1895.454 1857.334
155 1917.032 1895.489
156 1947.06 1921.954
157 1834.378 1765.412
158 2084.058 2071.982
160 1980.422 1964.873
162 1993.774 1968.481
163 1875.021 1787.349
164 2020.297 1936.173
165 2024.699 1993.976
171 1971.805 1953.415
172 1996.188 1927.719
176 1965.615 1906.061
177 1949.097 1924.826
178 2032.15 2004.169
181 1969.356 1961.469
182 2050.735 2046.487
188 2176.027 2172.915
189 1934.025 1873.22
191 1955.852 1898.858
192 1987.66 1936.16
194 1879.783 1869.977
197 1969.783 1961.278
200 1843.808 1813.211
201 1889.26 1812.281
210 1771.057 1725.854
212 1983.921 1951.65
214 1894.168 1856.64
218 1933.378 1900.274
222 1863.456 1842.567
223 1983.003 1886.14
252 1765.964 1716.556
257 2018.394 1958.334
263 1951.866 1928.367
266 1888.687 1809.773
267 1881.268 1846.607
268 1912.996 1882.725
270 1828.254 1781.814
271 1940.589 1941.897
273 2023.941 2007.988
274 1883.218 1831.721
276 2016.718 2017.446
278 1886.258 1853.352
281 2034.779 2035.355
