2 0.44
4 0.42
6 0.42
10 0.36
11 0.34
13 0.48
15 0.4
16 0.46
19 0.44
27 0.26
29 0.42
30 0.48
31 0.52
35 0.4
36 0.46
38 0.52
40 0.38
52 0.56
53 0.4
55 0.46
57 0.44
59 0.46
60 0.5
62 0.36
64 0.4
66 0.46
69 0.42
70 0.46
76 0.4
84 0.38
85 0.44
87 0.36
91 0.46
92 0.52
94 0.42
102 0.44
103 0.4
104 0.4
105 0.36
109 0.42
113 0.6
114 0.34
117 0.54
125 0.5
127 0.32
133 0.44
134 0.32
137 0.52
140 0.34
142 0.48
145 0.48
147 0.42
149 0.34
151 0.5
152 0.54
153 0.42
154 0.48
155 0.42
156 0.44
157 0.5
158 0.34
160 0.4
162 0.38
163 0.52
164 0.46
165 0.4
171 0.4
172 0.52
176 0.48
177 0.44
178 0.38
181 0.38
182 0.36
188 0.28
189 0.5
191 0.44
192 0.46
194 0.44
197 0.46
200 0.52
201 0.58
210 0.58
212 0.42
214 0.44
218 0.46
222 0.46
223 0.56
252 0.56
257 0.38
263 0.42
266 0.48
267 0.5
268 0.48
270 0.56
271 0.38
273 0.38
274 0.54
276 0.4
278 0.46
281 0.34
