2 1000 1000
4 1000 1000
6 1000 1000
10 1000 1000
11 1000 1000
13 1000 1000
15 1000 1000
16 1000 1000
19 1000 1000
27 1000 1000
29 1000 1000
30 1000 1000
31 1000 1000
35 1000 1000
36 1000 1000
38 1000 1000
40 1000 1000
52 1000 1000
53 1000 1000
55 1000 1000
57 1000 1000
59 1000 1000
60 1000 1000
62 1000 1000
64 1000 1000
66 1000 1000
69 1000 1000
70 1000 1000
76 1000 1000
84 1000 1000
85 1000 1000
87 1000 1000
91 1000 1000
92 1000 1000
94 1000 1000
102 1000 1000
103 1000 1000
104 1000 1000
105 1000 1000
109 1000 1000
113 1000 1000
114 1000 1000
117 1000 1000
125 1000 1000
127 1000 1000
133 1000 1000
134 1000 1000
137 1000 1000
140 1000 1000
142 1000 1000
145 1000 1000
147 1000 1000
149 1000 1000
151 1000 1000
152 1000 1000
153 1000 1000
154 1000 1000
155 1000 1000
156 1000 1000
157 1000 1000
158 1000 1000
160 1000 1000
162 1000 1000
163 1000 1000
164 1000 1000
165 1000 1000
171 1000 1000
172 1000 1000
176 1000 1000
177 1000 1000
178 1000 1000
181 1000 1000
182 1000 1000
188 1000 1000
189 1000 1000
191 1000 1000
192 1000 1000
194 1000 1000
197 1000 1000
200 1000 1000
201 1000 1000
210 1000 1000
212 1000 1000
214 1000 1000
218 1000 1000
222 1000 1000
223 1000 1000
252 1000 1000
257 1000 1000
263 1000 1000
266 1000 1000
267 1000 1000
268 1000 1000
270 1000 1000
271 1000 1000
273 1000 1000
274 1000 1000
276 1000 1000
278 1000 1000
281 1000 1000
