2 -926.8682 -921.6001
4 -964.6986 -955.8488
6 -947.2583 -939.0838
10 -959.434 -952.0891
11 -996.081 -993.0847
13 -957.0324 -931.1488
15 -962.3154 -952.292
16 -930.6242 -914.5968
19 -960.3098 -928.5049
27 -1044.111 -1046.062
29 -916.0998 -911.5477
30 -957.8229 -923.7237
31 -921.4366 -880.388
35 -992.9571 -987.5201
36 -999.2785 -981.2957
38 -926.3609 -889.7243
40 -982.1051 -975.6941
52 -911.0924 -872.7488
53 -938.9425 -930.5687
55 -963.9779 -954.7088
57 -911.1545 -898.2262
59 -943.6987 -940.9558
60 -958.0464 -931.6711
62 -956.9311 -956.8084
64 -977.7666 -963.5754
66 -921.5931 -890.4572
69 -947.4977 -936.8224
70 -938.5359 -924.5264
76 -979.2402 -970.814
84 -1021.067 -1003.967
85 -951.6389 -939.9457
87 -1014.315 -1002.044
91 -944.1655 -920.3437
92 -876.1723 -851.1603
94 -975.3507 -972.5608
102 -933.7048 -927.2183
103 -994.9651 -982.2379
104 -964.474 -950.4905
105 -969.7772 -964.9212
109 -936.6608 -930.5451
113 -858.606 -827.693
114 -995.6074 -989.4682
117 -920.8372 -882.7124
125 -936.2248 -918.6323
127 -1055.903 -1058.756
133 -956.4167 -930.1533
134 -1039.943 -1038.797
137 -949.572 -922.1212
140 -1022.796 -1017.004
142 -905.3994 -895.2042
145 -911.2212 -900.8466
147 -917.9876 -911.0387
149 -991.1416 -988.8903
151 -951.7115 -926.6913
152 -896.6224 -867.4995
153 -975.1167 -964.2273
154 -928.1668 -909.1069
155 -938.9559 -928.1844
156 -953.97 -941.4169
157 -897.6289 -863.146
158 -1022.469 -1016.431
160 -970.6507 -962.8766
162 -977.327 -964.6804
163 -917.9503 -874.1144
164 -990.5882 -948.5266
165 -992.7896 -977.4281
171 -966.3425 -957.1474
172 -978.5339 -944.2992
176 -963.2471 -933.4706
177 -954.9883 -942.8531
178 -996.5148 -982.5242
181 -965.1181 -961.1746
182 -1005.807 -1003.683
188 -1068.454 -1066.897
189 -947.4522 -917.0497
191 -958.3658 -929.869
192 -974.27 -948.5199
194 -920.3314 -915.4285
197 -965.3314 -961.0789
200 -902.344 -887.0456
201 -925.0701 -886.5803
210 -865.9684 -843.3671
212 -972.4001 -956.2651
214 -927.5238 -908.7601
218 -947.1287 -930.5767
222 -912.1679 -901.7234
223 -971.9414 -923.5101
252 -863.4218 -838.7181
257 -989.6366 -959.6068
263 -956.373 -944.6235
266 -924.7834 -885.3265
267 -921.074 -903.7433
268 -936.9379 -921.8023
270 -894.567 -871.3471
271 -950.7342 -951.3882
273 -992.4104 -984.4339
274 -922.0491 -896.3003
276 -988.799 -989.1629
278 -923.5688 -907.1158
281 -997.8295 -998.1172
