2 5.491259 5.178394
4 5.199179 5.09693
6 4.923468 4.813971
10 4.897993 4.887816
11 5.512095 5.503429
13 6.321038 6.113298
15 6.171406 6.474465
16 6.472 6.699822
19 7.1245 6.765901
27 5.939634 6.158847
29 5.41463 5.725176
30 5.506633 5.500535
31 4.694116 4.301871
35 5.266522 5.354417
36 5.558858 5.455861
38 5.306146 5.111672
40 5.323195 5.400228
52 5.071227 4.915998
53 6.230738 6.159806
55 5.673596 5.710687
57 6.242916 5.853151
59 5.402398 5.657824
60 5.223017 5.058047
62 5.197127 5.447594
64 5.552231 6.231877
66 5.989091 5.572405
69 5.997133 5.699597
70 6.107889 6.113268
76 6.178277 5.687386
84 5.928016 5.723241
85 6.082177 6.165113
87 5.873575 5.561333
91 6.951126 6.63624
92 4.968473 4.848696
94 5.069898 4.710049
102 5.632669 5.954248
103 4.940713 4.845906
104 4.975183 5.07663
105 6.519694 6.310327
109 5.288435 5.106709
113 5.972827 6.153551
114 6.201243 6.240818
117 5.186141 5.412266
125 5.024009 5.496726
127 6.01237 6.007966
133 5.383641 5.473267
134 4.606198 5.377032
137 5.196057 4.977273
140 5.705755 6.046272
142 4.932177 5.339318
145 6.192852 6.067399
147 12.64402 12.99408
149 16.5025 16.4595
151 11.73819 11.83337
152 11.33559 11.59646
153 13.3029 13.30277
154 12.2983 12.13767
155 13.47158 13.65231
156 13.29558 13.30654
157 10.04828 10.41716
158 17.11268 16.56015
160 14.41704 14.67286
162 14.04994 14.18954
163 11.38981 10.83786
164 12.82912 13.14469
165 14.05405 13.97137
171 13.53455 13.77858
172 12.7793 12.1192
176 12.4778 12.68305
177 12.64496 12.63565
178 14.75213 14.79155
181 14.14807 13.91355
182 14.72876 14.43727
188 19.28985 19.62732
189 11.63086 11.17263
191 12.96429 13.0942
192 13.14322 13.01378
194 12.51015 12.8091
197 14.38006 14.3017
200 12.51686 12.2643
201 10.52339 10.64551
210 10.80895 11.08256
212 11.73981 11.77523
214 11.62791 12.08401
218 12.34103 12.00019
222 12.27164 12.06533
223 11.80144 11.55379
252 9.126822 9.01097
257 13.90386 14.04158
263 13.66034 13.56603
266 12.22515 12.25942
267 12.52015 12.11207
268 13.95235 13.92184
270 10.54606 10.83443
271 15.91921 16.39739
273 14.13965 13.7831
274 11.86093 11.71177
276 15.57699 16.07647
278 12.19364 12.26241
281 16.56407 16.15044
