2 0.2538746 0.2389217
4 0.239274 0.233619
6 0.2214284 0.2162037
10 0.2299208 0.2291552
11 0.253681 0.2555906
13 0.2800535 0.2717092
15 0.2816663 0.2931637
16 0.2945645 0.306169
19 0.3402859 0.32144
27 0.2807409 0.2884939
29 0.2531565 0.2677967
30 0.2543269 0.2550328
31 0.2182797 0.2004258
35 0.2458909 0.2520999
36 0.2506972 0.2457815
38 0.2470527 0.2417168
40 0.2546614 0.2592068
52 0.2418321 0.2328218
53 0.2911861 0.2871453
55 0.2628756 0.2630644
57 0.2930067 0.2744707
59 0.2580174 0.268887
60 0.2381927 0.2281825
62 0.2371133 0.2478254
64 0.2551008 0.2819755
66 0.2825762 0.2655626
69 0.2801013 0.2674527
70 0.278619 0.2777866
76 0.2807519 0.2565807
84 0.276879 0.2685278
85 0.277909 0.2794619
87 0.2690674 0.2553275
91 0.3149479 0.3015527
92 0.240084 0.2342013
94 0.2241043 0.2126816
102 0.2562366 0.2709225
103 0.2187541 0.2148509
104 0.2266711 0.2314614
105 0.2906069 0.2813173
109 0.2455842 0.2369623
113 0.2740994 0.2816207
114 0.2865378 0.2872759
117 0.2404136 0.2510991
125 0.2330866 0.2557078
127 0.2709184 0.2719988
133 0.2547445 0.2588596
134 0.2175954 0.2512291
137 0.2313686 0.2214931
140 0.2644784 0.2809974
142 0.2249881 0.241607
145 0.2948072 0.2890397
147 0.7720833 0.7863385
149 0.9871459 0.9828787
151 0.7034536 0.7063035
152 0.6477014 0.656914
153 0.7811266 0.7800214
154 0.7120397 0.703035
155 0.7969904 0.8042368
156 0.7767273 0.7792075
157 0.6111666 0.6287174
158 1.02718 1.001674
160 0.8724066 0.8851879
162 0.8548843 0.8629579
163 0.6531126 0.62763
164 0.7618259 0.7714214
165 0.8316715 0.8310193
171 0.8083195 0.8155307
172 0.7541472 0.7231195
176 0.727559 0.7369726
177 0.7474794 0.7443545
178 0.8907087 0.891277
181 0.8478769 0.8393642
182 0.9017439 0.8823713
188 1.162869 1.179436
189 0.6915435 0.6731433
191 0.7513799 0.7578207
192 0.7874087 0.7812557
194 0.7208581 0.7336633
197 0.8472371 0.8452733
200 0.771458 0.758704
201 0.6395284 0.6459989
210 0.6363229 0.6473169
212 0.7283083 0.7309574
214 0.6767525 0.6966382
218 0.7309253 0.717804
222 0.7283042 0.7186601
223 0.7116538 0.6977253
252 0.5467614 0.5454139
257 0.8519272 0.8561114
263 0.8188936 0.8127537
266 0.7340844 0.734968
267 0.7434428 0.7228384
268 0.8170003 0.8208897
270 0.6247965 0.6355706
271 0.9425434 0.9660826
273 0.8226281 0.8110685
274 0.6950169 0.6892053
276 0.9489477 0.9748156
278 0.726335 0.7331219
281 1.000548 0.9776335
