2 27.5658 2.190959 -0.5225576 3.784563 1.926922 -4.267215 -1.956219 -0.08267392 0.2452038
4 27.13797 2.098308 -0.5416397 4.082493 1.942139 -5.420183 -1.152203 -0.06690416 0.2600496
6 27.43837 2.081471 -0.5090476 3.622359 1.977521 -3.923383 -1.325399 -0.07121301 0.208859
10 27.33079 2.172032 -0.521553 3.738134 2.12091 -3.58475 -0.7440677 -0.0735034 0.1885705
11 27.13778 2.168431 -0.5157509 4.350605 2.587093 -4.198081 -1.592026 -0.06572803 0.2109221
13 28.87414 2.153311 -0.4491099 4.268033 3.751921 -4.234366 -0.6791191 -0.09675978 0.2407242
15 28.09499 2.233345 -0.5146409 4.045748 2.578389 -6.031988 -1.071433 -0.1056051 0.3099864
16 28.89389 2.209603 -0.486104 3.675539 2.968296 -4.514584 -0.3753725 -0.0927337 0.2382676
19 28.52837 2.194065 -0.4903022 3.81658 2.7788 -4.614526 -0.9687098 -0.09558253 0.2537171
27 27.90392 2.16102 -0.491145 4.962356 2.080829 -4.27824 -1.402877 -0.06140763 0.1916167
29 27.93912 2.241216 -0.5388635 3.579987 2.384722 -3.556003 -1.659652 -0.08497421 0.2167473
30 27.62817 2.162328 -0.5262778 4.126604 1.823229 -4.429802 -0.6926236 -0.05629165 0.2152409
31 26.48348 2.078773 -0.5532103 3.393535 1.662014 -4.890835 -0.9679743 -0.04234315 0.2352373
35 27.25097 2.343217 -0.5541861 4.346934 2.810829 -3.977372 0.2445392 -0.05514041 0.167112
36 27.8241 2.04693 -0.4798405 4.749543 2.021214 -5.020319 -0.6521391 -0.07784277 0.2464455
38 26.93004 2.266018 -0.5548448 3.857812 2.152889 -4.706586 -0.7587477 -0.06875287 0.2476388
40 26.95476 2.030137 -0.5294957 3.850862 2.781268 -4.035067 -0.8135862 -0.0513057 0.1839213
52 26.80852 1.969471 -0.5195613 3.411824 1.334861 -4.993457 -0.5609862 -0.06764511 0.2560601
53 27.73867 2.138965 -0.5374697 3.739519 2.749345 -5.28918 -2.185274 -0.08743311 0.2841198
55 27.77936 2.1554 -0.4851899 4.285222 1.526983 -4.749112 -0.593692 -0.07065058 0.2304945
57 27.77371 2.264776 -0.5290459 3.389598 2.66821 -3.719578 -2.414057 -0.07917391 0.2267077
59 27.94063 2.280032 -0.5108449 3.896718 2.233667 -3.591323 -0.3447695 -0.05514091 0.1694238
60 27.53062 2.156807 -0.5143193 3.697632 3.425041 -4.995939 -0.811834 -0.05786528 0.2358095
62 27.35627 2.176319 -0.5180339 3.382425 3.068669 -5.00805 -0.7425424 -0.09913657 0.2568644
64 27.70785 2.11217 -0.4953262 3.761004 3.90244 -5.088358 0.2106571 -0.07515391 0.2269649
66 27.66612 2.188505 -0.4991804 3.552143 2.220976 -3.857834 -0.03784998 -0.08823432 0.2141689
69 27.56322 2.203593 -0.5294921 3.85593 2.386988 -4.191738 -0.3120523 -0.0726653 0.2100643
70 27.71349 2.220757 -0.4901413 3.765248 3.411847 -4.855024 -1.570984 -0.08968214 0.2704657
76 27.79087 2.110894 -0.5088708 4.072468 3.033937 -4.706685 -0.9258811 -0.07452395 0.2318304
84 27.77754 2.032007 -0.525331 4.579241 2.223016 -3.952867 -0.2767038 -0.03781949 0.1559225
85 27.94164 2.235361 -0.5217503 3.769897 3.893344 -5.200889 -0.1582361 -0.0931048 0.2591635
87 27.29509 2.138192 -0.5454435 4.494532 3.564067 -4.939921 -0.9163301 -0.06588066 0.2302296
91 28.48555 2.257322 -0.4954085 3.58583 5.078231 -5.25236 -0.8368858 -0.1185504 0.2955124
92 26.69442 2.171065 -0.5342974 3.451495 1.789957 -3.393431 -0.8203394 -0.07091284 0.2086108
94 27.53818 2.104294 -0.4964359 4.20816 2.235318 -4.289393 -1.677634 -0.06186385 0.2152673
102 28.16602 2.257586 -0.5325204 3.855553 2.356192 -4.540109 -0.5357146 -0.07703596 0.2284409
103 26.99251 2.160068 -0.526056 4.290303 3.074504 -6.057371 -0.8742543 -0.06937821 0.2794496
104 27.22482 2.040876 -0.5112761 3.866772 2.582929 -4.448068 -1.533843 -0.05756202 0.221804
105 28.62939 2.197799 -0.4701071 3.963706 2.362252 -4.852674 -1.394411 -0.1064064 0.2660902
109 27.54951 2.227851 -0.5415957 3.822972 1.757265 -4.329763 -0.6127938 -0.06275746 0.2098908
113 28.09655 2.199818 -0.4878618 3.618239 4.013069 -4.852873 -1.586528 -0.1131656 0.313834
114 27.50892 2.194527 -0.5108536 4.111827 3.341305 -5.273306 -1.683947 -0.09357634 0.2741409
117 27.66477 2.165367 -0.5137854 3.829572 2.002704 -3.972038 -0.901246 -0.07714952 0.2295126
125 27.72346 2.112568 -0.5092373 3.962468 2.137021 -3.904528 -0.6406047 -0.05459802 0.194351
127 27.74914 2.224849 -0.537758 5.214277 3.534675 -5.515723 -0.2467355 -0.05985287 0.2204188
133 27.52683 2.168817 -0.5074227 3.750788 1.992764 -4.300885 -0.3193857 -0.08152415 0.2230236
134 26.40465 2.097799 -0.5653265 4.715339 2.94192 -5.555378 -1.362178 -0.06959414 0.2530103
137 28.09038 2.129914 -0.5014373 4.129881 2.609065 -4.839807 -0.3325181 -0.08421764 0.2497213
140 27.78882 2.227811 -0.5066821 4.780218 2.188077 -4.17819 -0.6018827 -0.05842718 0.1845408
142 28.02364 2.098628 -0.4943325 3.874896 2.397119 -3.720349 -0.9513569 -0.10047 0.2359344
145 27.91573 2.24123 -0.5154966 3.768961 1.311654 -3.713038 -0.859156 -0.07000133 0.2046422
147 26.98901 2.122105 -0.5522285 3.332881 1.584237 -4.721745 -1.738325 -0.08463778 0.2593233
149 27.72226 2.201144 -0.4871859 4.019095 3.099599 -4.529385 -0.4613453 -0.0702368 0.2089745
151 27.42322 2.205177 -0.5036039 4.241451 4.107673 -3.420611 -0.8467782 -0.0630291 0.1893777
152 28.02696 2.098473 -0.4912892 4.091343 6.180533 -3.335936 -0.9478605 -0.106002 0.2333335
153 27.57756 2.247947 -0.5395068 4.387309 2.334449 -4.470825 -1.155769 -0.06917167 0.2268793
154 28.07627 2.057064 -0.4887681 3.929348 1.654494 -4.229412 -0.9499716 -0.0656486 0.2212292
155 27.28137 2.092353 -0.5168092 3.39607 2.372403 -5.469221 -0.7806436 -0.102439 0.2882126
156 27.38609 1.967671 -0.5019613 3.879309 2.240236 -5.40628 -1.253278 -0.07866245 0.2713268
157 26.59606 2.055229 -0.5296026 3.015386 2.530427 -3.709589 -0.8301843 -0.08745489 0.2288931
158 27.42304 2.136984 -0.5094583 4.47609 3.334284 -5.177833 -0.8651149 -0.06386251 0.2291588
160 26.76672 2.16907 -0.5455963 3.845346 1.965164 -5.999483 -1.003895 -0.07188374 0.2795373
162 27.01245 1.988228 -0.5066339 3.909259 3.017929 -4.421809 -1.849933 -0.09102979 0.2517507
163 27.62479 2.022298 -0.484446 3.370534 2.469353 -5.245775 -0.6277258 -0.0854266 0.2774291
164 27.47481 2.087884 -0.5015639 4.376448 2.613499 -5.584746 -0.9621029 -0.1143535 0.3118154
165 27.75189 2.168755 -0.5078998 4.740061 2.387453 -4.463971 -1.107968 -0.08071073 0.2358591
171 27.02172 2.112008 -0.5143279 4.108893 1.694852 -4.766909 -1.124467 -0.08229139 0.2502817
172 27.464 2.091219 -0.4918749 4.500977 1.537127 -3.188628 -0.5594784 -0.04537242 0.1567669
176 27.54057 2.091653 -0.4960276 4.344344 2.91934 -3.937285 -1.949432 -0.07701235 0.2333893
177 27.19039 2.029545 -0.5096207 3.895821 1.68855 -4.576121 -0.8413023 -0.0684689 0.228378
178 27.02225 2.166083 -0.5382811 4.203554 2.242975 -5.318837 -0.5511822 -0.05504361 0.2314216
181 26.48051 1.971113 -0.5271149 3.779228 1.941824 -3.773007 -1.867518 -0.04900568 0.1884659
182 26.80343 2.042694 -0.5089461 4.357312 2.560803 -5.427767 -0.2710216 -0.08288244 0.2519633
188 27.22831 2.09478 -0.5187516 5.302998 2.166907 -4.948329 -0.7873874 -0.05940192 0.2081142
189 27.08554 2.078433 -0.5089457 3.670261 2.613711 -4.249973 -0.3654297 -0.04893664 0.1987853
191 27.70995 2.122286 -0.4993046 3.851917 2.83699 -5.156633 -0.2073529 -0.1005353 0.2694159
192 27.75671 2.074915 -0.5005916 4.274248 1.708922 -4.607798 -0.3413763 -0.05556956 0.2098176
194 28.07995 2.168984 -0.5133595 3.76266 2.299624 -4.243117 -1.123141 -0.08375941 0.2349708
197 27.52733 2.119103 -0.504286 4.071845 2.170019 -4.525818 -1.202218 -0.0437589 0.2044535
200 28.03548 2.247079 -0.4999456 3.805964 1.603637 -3.691566 -1.221474 -0.0916216 0.2322207
201 27.35303 2.188077 -0.5091851 3.959829 1.702701 -5.886697 -0.3467988 -0.08262146 0.2974366
210 28.06651 2.208991 -0.5161031 3.442925 1.901475 -4.58176 -0.4985335 -0.1088768 0.2756261
212 25.9793 2.005316 -0.5633342 3.970105 2.738779 -4.149593 -0.7495646 -0.05241444 0.2008659
214 27.77884 2.129138 -0.5152116 3.978451 1.791813 -3.759246 -1.107204 -0.08903277 0.2270895
218 27.49587 2.13295 -0.5099085 4.159688 1.695918 -4.199866 -0.2175734 -0.07070518 0.2118227
222 27.58025 2.180979 -0.506174 3.799288 1.541106 -3.698505 -1.517287 -0.08069723 0.2247549
223 27.46992 2.071784 -0.4722725 4.431634 2.051392 -4.688259 -1.793286 -0.05779595 0.2472061
252 26.79977 2.133781 -0.5349742 3.52017 1.596234 -3.994312 -1.359434 -0.05275245 0.2264574
257 26.82667 2.05016 -0.5143192 3.86664 2.583399 -5.056763 -1.418831 -0.06392138 0.2475957
263 27.12354 2.189165 -0.5273087 3.769575 1.753761 -4.324803 -0.8512982 -0.06283684 0.2122605
266 27.17 2.148804 -0.5091883 3.199515 1.398488 -5.535096 -1.330048 -0.09553766 0.3020525
267 27.2132 2.1722 -0.5035561 3.49786 2.244272 -4.464186 -0.6730619 -0.08979277 0.2480817
268 28.42546 2.406013 -0.4902308 3.764313 3.868828 -4.551461 0.3700383 -0.08854495 0.2248312
270 27.40223 2.129867 -0.4895258 3.541172 2.648065 -4.184305 -0.7938803 -0.07503749 0.2352443
271 27.70616 2.140555 -0.5060083 3.519786 3.750423 -4.510407 -2.722256 -0.07363968 0.2405029
273 27.92006 2.095949 -0.5054495 4.674961 2.37923 -3.74887 -0.6333108 -0.0599689 0.1805972
274 28.03025 2.357609 -0.517397 4.19695 2.981301 -4.397705 -0.8164483 -0.08637519 0.2499341
276 27.65112 2.308033 -0.5421494 4.294916 2.862417 -5.248733 -0.4602908 -0.07376492 0.239557
278 27.43432 2.202197 -0.5300197 3.615492 1.616149 -3.288062 -1.025476 -0.06864266 0.1870788
281 27.21015 2.089208 -0.5095056 4.091579 2.2967 -5.573888 0.5329858 -0.04553293 0.2039665
