2 27.61666 2.220218 -0.5300883 2.836494 1.663196 7.453562 -4.677879 -1.969236 -0.0888298 0.2655049
4 27.14347 2.15048 -0.5497489 3.336353 1.779366 12.29809 -5.691731 -1.11172 -0.07204769 0.2739929
6 27.45581 2.213046 -0.5195255 2.748926 1.918906 9.880426 -3.780464 -1.295115 -0.07059756 0.2021528
10 27.21792 2.186646 -0.5308107 3.074447 2.176204 12.05612 -3.756423 -0.7508786 -0.07458658 0.1964773
11 27.20508 2.160032 -0.5171428 3.646273 2.342862 16.96272 -4.322409 -1.574516 -0.06748045 0.2167838
13 28.76123 2.367364 -0.4664966 1.897361 2.314698 2.748274 -4.344663 -0.7038448 -0.1003655 0.2480239
15 28.02451 2.254051 -0.5161862 2.886294 1.821126 8.701344 -5.547948 -1.085843 -0.09461225 0.2841982
16 28.89915 2.377743 -0.4998383 1.958186 2.321057 3.639286 -4.453451 -0.3873312 -0.09358514 0.2372447
19 28.55757 2.275417 -0.5024419 1.442669 1.67765 2.188064 -5.059423 -0.9341245 -0.1109939 0.2822334
27 27.84863 2.127571 -0.4889148 4.732917 1.911348 97.82034 -4.031342 -1.407017 -0.05072957 0.1735409
29 27.86683 2.216131 -0.5427333 2.662453 1.547799 7.832714 -3.3701 -1.640141 -0.07501767 0.2010765
30 27.98625 2.197857 -0.5256503 1.278623 0.7662623 2 -4.49992 -0.6743068 -0.0621906 0.2228204
31 26.753 2.276803 -0.5707549 0.984197 0.7240566 2 -5.664717 -0.9644501 -0.06132393 0.2804404
35 27.27979 2.267262 -0.5469198 3.246938 2.470775 10.30146 -4.086604 0.2590541 -0.05887261 0.1742436
36 27.87205 2.181367 -0.4900962 2.59871 1.541267 4.255882 -5.053493 -0.6762661 -0.07870251 0.2484698
38 27.18961 2.238195 -0.5466149 1.009476 1.063837 2 -5.076007 -0.7843696 -0.08484004 0.2754438
40 26.95434 2.094989 -0.535272 2.424442 1.988862 5.63703 -3.874359 -0.7905602 -0.04583613 0.172524
52 26.87997 2.398169 -0.5588848 1.04459 0.6565083 2 -5.176128 -0.5455294 -0.06953267 0.2635414
53 27.77168 2.265414 -0.5480748 2.450988 1.927674 5.934804 -5.161829 -2.159849 -0.07702434 0.2694436
55 27.73809 2.223459 -0.4922464 3.471025 1.165546 10.97967 -4.71844 -0.6006874 -0.06669987 0.226128
57 27.90016 2.422351 -0.5397333 2.842202 2.801022 14.55627 -3.807456 -2.440136 -0.08499118 0.2344958
59 27.85087 2.267724 -0.5120349 3.907329 1.901584 200 -3.401844 -0.3319596 -0.04257929 0.151158
60 27.59193 2.290714 -0.5237036 1.206159 1.573408 2 -5.461812 -0.8389833 -0.07683024 0.2699265
62 27.36723 2.201723 -0.5175692 3.307562 2.484713 160.5958 -4.617197 -0.7571865 -0.0901467 0.2351134
64 27.67114 2.202947 -0.5008369 2.433584 2.103031 5.823084 -4.021096 0.2398941 -0.0400868 0.156337
66 27.96945 2.369502 -0.5101367 1.713715 1.600767 3.376314 -3.970109 -0.08007328 -0.09369223 0.2232365
69 27.73094 2.325775 -0.5415961 2.306244 2.06326 4.932133 -4.527067 -0.3120667 -0.0806597 0.2291872
70 27.79206 2.212304 -0.4891815 2.249657 2.748846 4.761643 -4.996199 -1.568613 -0.09344963 0.2790211
76 27.87098 2.236822 -0.5226468 3.419894 3.214098 12.21508 -4.933806 -0.9306703 -0.07803387 0.242593
84 27.97273 2.183733 -0.5401543 2.496199 1.727783 3.99086 -4.087601 -0.2798911 -0.04340329 0.1656106
85 27.88566 2.250673 -0.5347647 2.881074 2.972776 7.610779 -5.194302 -0.1896209 -0.08427445 0.2515588
87 27.42423 2.210258 -0.5450503 3.048301 2.496991 5.729781 -5.276904 -0.9285932 -0.07657762 0.2514569
91 28.50949 2.392125 -0.5058624 1.827625 3.492445 3.293904 -5.610203 -0.8733982 -0.1264154 0.3149728
92 26.80829 2.36692 -0.553025 1.160696 0.8901678 2 -3.526789 -0.826614 -0.07598694 0.2181514
94 27.71913 2.088947 -0.4926679 4.215818 2.716886 192.6944 -4.756501 -1.655882 -0.083033 0.2499811
102 28.17176 2.205744 -0.5257642 3.085588 1.787161 11.20469 -4.25992 -0.5916046 -0.07327224 0.2166136
103 27.08395 2.310379 -0.5450436 1.753455 1.998981 2.687647 -6.13271 -0.8276104 -0.06609745 0.2778174
104 27.2384 2.166821 -0.5241766 2.42751 1.717277 5.597733 -4.190331 -1.508646 -0.04706695 0.2021872
105 28.72179 2.247265 -0.4755932 3.369252 2.049077 15.12527 -5.049043 -1.385419 -0.1099785 0.2754331
109 27.58737 2.272066 -0.547336 3.374432 1.810779 21.63779 -4.390816 -0.6097611 -0.06404931 0.2129784
113 27.83097 2.438961 -0.5095068 1.160785 1.4404 2 -4.251502 -1.607551 -0.0856658 0.2679495
114 27.47136 2.219822 -0.5150307 3.08566 2.603347 8.524674 -4.965825 -1.638634 -0.08116667 0.2514366
117 27.68424 2.240841 -0.5231597 1.135515 0.7339626 2 -3.989112 -0.9273506 -0.07700214 0.2310766
125 27.60282 2.109582 -0.5115358 1.969238 1.195121 3.427856 -3.677685 -0.6152116 -0.03918699 0.1722644
127 27.79443 2.234462 -0.5364081 4.969527 3.321618 136.2478 -5.515809 -0.2122583 -0.06115274 0.2210132
133 27.47009 2.33 -0.5215915 1.416528 0.9313359 2.136939 -4.511233 -0.3632893 -0.08145538 0.2317385
134 26.1937 2.083791 -0.5665269 4.573978 2.015708 130.6483 -4.28964 -1.34694 -0.03356396 0.1738507
137 28.21566 2.328009 -0.5192521 1.716712 1.485625 2.625956 -5.084573 -0.3296633 -0.08915185 0.2624923
140 27.80889 2.165328 -0.5028139 3.238153 1.527656 7.246446 -4.017181 -0.5900564 -0.0512487 0.1726214
142 27.90424 2.235022 -0.5003961 2.45227 1.290378 5.170492 -3.062206 -0.9752962 -0.07253323 0.1875322
145 27.97728 2.35231 -0.5265544 2.202299 1.384331 4.343703 -3.800162 -0.8547113 -0.07437984 0.2118559
147 26.9477 2.121005 -0.5520506 2.382791 0.9414722 7.366686 -4.354526 -1.744553 -0.07291169 0.2358704
149 27.78917 2.218762 -0.4843565 3.416737 3.309399 18.13481 -4.512488 -0.4868295 -0.07671512 0.2145335
151 27.31522 2.319326 -0.5184322 1.690252 1.947834 2.429506 -3.343594 -0.8225051 -0.05361182 0.1777639
152 28.54746 2.401479 -0.5108753 1.490701 1.131032 2 -2.948678 -0.9735831 -0.08307297 0.1993327
153 27.65856 2.319391 -0.5418989 2.612944 1.988082 5.086617 -4.391098 -1.167363 -0.06770192 0.2227001
154 28.23559 2.139004 -0.4870439 1.98848 1.156795 3.519692 -4.1908 -0.982049 -0.06897822 0.2230853
155 27.28258 2.144921 -0.5201126 2.606926 1.974506 8.936551 -5.145457 -0.7878321 -0.09194694 0.2672281
156 27.35124 2.027388 -0.5086941 2.452139 2.015821 5.999258 -5.198507 -1.279184 -0.07595933 0.2619781
157 26.4952 2.031455 -0.523358 0.9854984 1.071711 2 -3.460167 -0.840929 -0.08700155 0.2199307
158 27.57218 2.23363 -0.5135857 3.51224 2.939859 10.88378 -5.359381 -0.8551756 -0.07915148 0.2484339
160 26.67359 2.170152 -0.5487789 3.096754 1.716982 12.02708 -5.626346 -0.965514 -0.06715651 0.2614554
162 27.14105 2.033843 -0.5097576 2.257332 1.881333 4.166135 -4.291891 -1.850285 -0.08221319 0.2392394
163 27.7714 2.204041 -0.5007327 0.8135167 0.8283541 2 -5.361634 -0.649129 -0.08817267 0.2825431
164 27.44993 2.182321 -0.5064305 1.059114 0.5283811 2 -4.941271 -0.994662 -0.09418842 0.2712763
165 27.91861 2.305474 -0.5184941 1.570043 1.051698 2 -4.561772 -1.134117 -0.08347155 0.241671
171 26.92457 2.15353 -0.5166377 2.758069 0.9787955 6.220133 -4.355686 -1.120264 -0.07648968 0.2301199
172 27.70952 2.291383 -0.51432 1.792811 0.9960098 2.500977 -3.588075 -0.5661825 -0.05933093 0.1834797
176 27.64577 2.23352 -0.5080334 1.60529 1.380302 2.363152 -3.725706 -1.923479 -0.07265149 0.2214435
177 27.20637 2.14155 -0.5171211 2.682629 1.01543 7.111544 -4.406891 -0.8234656 -0.06333083 0.2173383
178 27.10033 2.304375 -0.5517872 2.498662 1.34795 5.00044 -5.056972 -0.5449685 -0.05125305 0.2184058
181 26.50795 2.029191 -0.5312031 2.760717 2.006682 8.332868 -3.801228 -1.823924 -0.05356184 0.1927443
182 26.89609 2.091373 -0.5138174 3.741568 2.343768 16.75953 -5.334664 -0.2008413 -0.07748932 0.2420209
188 27.15008 2.077159 -0.5181016 4.899118 1.833287 29.09993 -4.644525 -0.759128 -0.04819355 0.1868395
189 27.19383 2.195547 -0.5195203 0.9566856 1.46822 2 -4.489702 -0.3791898 -0.06027748 0.2171989
191 27.80539 2.217331 -0.5040943 1.676605 1.268335 2.627949 -4.952631 -0.216804 -0.09168396 0.2545688
192 27.99659 2.178844 -0.507888 1.561708 1.013903 2.36577 -4.618508 -0.3147496 -0.05734775 0.2111258
194 27.9748 2.13052 -0.5151465 3.30502 1.726928 19.17941 -4.074224 -1.093551 -0.07272728 0.219072
197 27.737 2.123576 -0.5031447 2.046202 1.035396 3.284268 -4.794852 -1.230557 -0.05030968 0.220112
200 28.11774 2.289242 -0.510968 2.003076 1.184305 3.125265 -3.871675 -1.213538 -0.09671968 0.2425945
201 27.36682 2.310846 -0.5300271 0.9570221 0.6704878 2 -5.697378 -0.3383696 -0.07270812 0.2821571
210 28.05928 2.202952 -0.5118188 1.209462 0.5478957 2 -4.302753 -0.4833054 -0.1005844 0.258522
212 26.00484 2.072582 -0.5685365 2.55633 2.031051 5.837228 -4.008537 -0.7067119 -0.04608383 0.1890212
214 27.67274 2.264132 -0.522462 1.77273 0.7150905 2.739674 -3.33005 -1.120726 -0.06879912 0.1938441
218 27.70672 2.323021 -0.5224345 2.241949 1.328644 3.781414 -4.532162 -0.2284498 -0.08040748 0.232209
222 27.65669 2.22183 -0.508069 2.8404 1.42325 8.825313 -3.905429 -1.495316 -0.09283848 0.2425979
223 27.72506 2.360081 -0.4861643 1.19937 0.7306174 2 -4.385973 -1.715324 -0.05054216 0.2273988
252 27.10557 2.201154 -0.5336191 1.431785 0.8942474 2.19269 -4.367997 -1.378014 -0.06954131 0.2557867
257 26.80419 2.212335 -0.5293069 1.169441 0.5544658 2 -4.78602 -1.421474 -0.05441032 0.229263
263 27.23728 2.181952 -0.5314913 2.250552 1.386563 4.358828 -4.504337 -0.8833623 -0.0640952 0.2204619
266 27.16676 2.272714 -0.5196305 0.8333332 0.3817528 2 -5.150725 -1.287478 -0.08362531 0.2762515
267 27.41665 2.270204 -0.5102001 1.780176 1.331696 3.343966 -4.492603 -0.6590567 -0.08983233 0.2482067
268 28.33857 2.317186 -0.4781483 1.983591 3.261181 3.420381 -5.141902 0.3731755 -0.1159568 0.2699777
270 27.37973 2.363039 -0.508961 1.786386 1.538871 3.180852 -3.871617 -0.7794258 -0.05961511 0.2097532
271 27.69434 2.107438 -0.4998102 3.030588 2.417517 14.85554 -4.213947 -2.723609 -0.06171108 0.2192015
273 27.98897 2.180296 -0.5087636 3.446832 3.014602 7.831222 -4.249237 -0.6679844 -0.08295264 0.219783
274 27.98845 2.392079 -0.5307809 1.467119 1.707887 2.024794 -4.85236 -0.8903777 -0.09312446 0.2733919
276 27.49571 2.251892 -0.543976 3.633124 2.322034 17.59172 -5.072584 -0.460069 -0.06505272 0.226164
278 27.66323 2.139968 -0.5123602 1.9871 1.145903 3.898843 -3.517295 -1.039744 -0.08805889 0.2131415
281 27.24606 2.16714 -0.5182888 3.951892 2.354546 200 -5.437431 0.5287865 -0.0449561 0.1980687
