2 0.3174467 0.07025141 0.01834189 0.5367045 0.2630957 0.6222842 0.2467758 0.03192837 0.045428
4 0.3088709 0.07087124 0.0198498 0.5354352 0.2816697 0.7484565 0.2309443 0.0323287 0.04892524
6 0.322813 0.06496388 0.01808869 0.5468116 0.2521972 0.5773134 0.2302207 0.03349804 0.04566762
10 0.3183013 0.0693623 0.01832122 0.565447 0.2579756 0.5098766 0.2158324 0.03112768 0.04141242
11 0.353113 0.07495608 0.01978063 0.6895137 0.2981314 0.6265215 0.2496413 0.03228936 0.04526458
13 0.4534013 0.06722639 0.01746209 1.00631 0.2993815 0.5400583 0.2163333 0.0322327 0.04322318
15 0.3496001 0.07219082 0.01831801 0.6777307 0.2800018 0.7804026 0.2341187 0.0339847 0.0511028
16 0.3802104 0.06569506 0.01664805 0.7763082 0.2576041 0.5782195 0.212513 0.03177876 0.04388594
19 0.3671473 0.06666206 0.01719652 0.7194678 0.2651058 0.5980507 0.2217388 0.03234269 0.0448566
27 0.3678008 0.07584664 0.02000743 0.6077452 0.3372553 0.6309371 0.2636335 0.03141393 0.04296922
29 0.3185715 0.06958995 0.01771661 0.6159697 0.2465113 0.5321671 0.2308815 0.03140263 0.04249434
30 0.3181361 0.07232859 0.01924901 0.5186115 0.2875204 0.5758286 0.2139592 0.0284705 0.04041493
31 0.2798681 0.06648353 0.01895646 0.4577876 0.2381346 0.6950639 0.2193007 0.03179339 0.04787401
35 0.3423023 0.08379419 0.0201897 0.7252361 0.3018497 0.5262528 0.2128103 0.0289518 0.03946715
36 0.373963 0.07005741 0.0198919 0.5934092 0.3309181 0.6635652 0.2232329 0.03190862 0.04567709
38 0.3125434 0.07699112 0.01944815 0.5911783 0.2715851 0.6132665 0.2140239 0.02919911 0.04307956
40 0.3378148 0.06660184 0.01936457 0.7032387 0.2656998 0.5739445 0.2232603 0.03065569 0.0422352
52 0.2843951 0.06096069 0.01843292 0.395956 0.2398926 0.6543184 0.2132758 0.03273733 0.04797897
53 0.3310134 0.06761065 0.01835321 0.6969253 0.2571762 0.7764625 0.2632959 0.03469131 0.05247071
55 0.3523356 0.07185833 0.01883992 0.482893 0.2994021 0.6198187 0.2193379 0.03039323 0.04298205
57 0.3298246 0.06856453 0.01712729 0.6796661 0.234974 0.5731731 0.2622684 0.0347655 0.04687855
59 0.3438996 0.07350506 0.01804506 0.6192085 0.2751785 0.4861465 0.2082647 0.02881113 0.03826684
60 0.365021 0.06737065 0.01800941 0.8422344 0.2589814 0.6783788 0.2234073 0.03157552 0.04603142
62 0.345209 0.06584314 0.01734161 0.7570009 0.2339708 0.6800352 0.2305718 0.03531025 0.0496859
64 0.3918071 0.06540982 0.01777117 0.9532057 0.260975 0.6179227 0.2192244 0.03222676 0.04475393
66 0.3438038 0.0677108 0.01738818 0.6100391 0.2500061 0.4887071 0.2039319 0.0306997 0.04058301
69 0.3297451 0.07150578 0.01851778 0.6295823 0.2659124 0.5423983 0.2099792 0.02889799 0.03997132
70 0.3861207 0.06908399 0.01749026 0.8545859 0.2615578 0.6522826 0.2401617 0.03351983 0.0469907
76 0.3639129 0.06820757 0.01867268 0.7743775 0.2816173 0.6381637 0.2259362 0.03268964 0.04599334
84 0.3370726 0.07027835 0.02044469 0.6198473 0.3170108 0.5519102 0.2171288 0.02828118 0.0386637
85 0.3772568 0.0698786 0.01773289 0.9560393 0.2613664 0.6665174 0.2148007 0.03164524 0.04606905
87 0.3646001 0.07551534 0.02058614 0.8749702 0.3075446 0.6666802 0.2297301 0.02964121 0.04330522
91 0.4285719 0.06628108 0.01644909 1.254084 0.2497519 0.6277719 0.2255856 0.0327342 0.04615192
92 0.2981153 0.06946697 0.0183416 0.4985861 0.2416319 0.4987024 0.2049808 0.03108209 0.04245141
94 0.3540194 0.06955108 0.01909238 0.6124864 0.2951847 0.6477435 0.2492731 0.03459121 0.04822396
102 0.3293489 0.07203 0.01810064 0.6293542 0.2664132 0.6044867 0.2128421 0.02922683 0.04192465
103 0.3603625 0.07462482 0.01992408 0.7847959 0.2963015 0.783241 0.2325212 0.03267307 0.0496106
104 0.3407925 0.06556793 0.01880083 0.6654172 0.266982 0.6277215 0.237615 0.03286535 0.04605838
105 0.3906357 0.06884073 0.01727871 0.6604033 0.2745708 0.6773693 0.2432872 0.03640846 0.05078244
109 0.3017186 0.07283794 0.01870312 0.4952249 0.2668579 0.5985799 0.2136944 0.02991115 0.04256526
113 0.4182624 0.06635503 0.01691249 1.077237 0.2567457 0.6400884 0.2363204 0.03574076 0.05079237
114 0.3721456 0.07244571 0.01875268 0.8334084 0.2808947 0.7204445 0.2577556 0.03466706 0.05004385
117 0.3319738 0.06950311 0.01829144 0.5565846 0.2672155 0.5474188 0.2118827 0.03085734 0.04291478
125 0.3362715 0.06806326 0.01861336 0.5820429 0.2771999 0.5364148 0.2099787 0.0293497 0.04044175
127 0.383575 0.08341162 0.02152006 0.9018544 0.3592279 0.7256945 0.2356276 0.03061471 0.04445687
133 0.3281128 0.06868887 0.01801758 0.5499489 0.2595983 0.5755618 0.2113629 0.03122856 0.04330013
134 0.3407725 0.07928944 0.02249427 0.7540147 0.3237534 0.8032666 0.262587 0.0342649 0.05073869
137 0.3626568 0.0686446 0.01850081 0.7000197 0.2876781 0.6024627 0.2127319 0.03024718 0.04303403
140 0.3603614 0.07886618 0.01997917 0.6312716 0.3295479 0.5712039 0.225921 0.02949621 0.04011723
142 0.357746 0.06589142 0.01803318 0.6641126 0.2726398 0.5037947 0.2114624 0.03103805 0.041546
145 0.3035362 0.07090826 0.01782166 0.4113898 0.2608652 0.531154 0.2107373 0.030641 0.04196022
147 0.2778853 0.06632527 0.01829997 0.4395118 0.230987 0.6939095 0.2442716 0.03310033 0.04884622
149 0.3899519 0.07172444 0.01814946 0.7935517 0.2777469 0.6003981 0.2239813 0.0336582 0.04537369
151 0.4235392 0.07511514 0.01909484 1.082305 0.299574 0.4799722 0.2095596 0.02908758 0.03858448
152 0.5789415 0.0695888 0.01847304 2.103045 0.2979719 0.4729285 0.2091037 0.03035736 0.04001057
153 0.3385584 0.07852669 0.01992282 0.6383373 0.3034985 0.6013273 0.2267488 0.03000815 0.04231148
154 0.3419462 0.06521265 0.01821982 0.5013837 0.277502 0.5661893 0.2176726 0.03180265 0.04362917
155 0.3316837 0.06379046 0.01762084 0.6309397 0.2347692 0.7242144 0.2245427 0.0340102 0.05086066
156 0.343591 0.06336589 0.01895909 0.6111044 0.273743 0.7522046 0.2351019 0.03412691 0.05094363
157 0.3208008 0.06102211 0.01735096 0.6474351 0.2104793 0.5126563 0.208069 0.03123825 0.04297773
158 0.3799077 0.07339855 0.0198109 0.842182 0.3088782 0.6877762 0.2395583 0.03298454 0.04626507
160 0.3057582 0.0727412 0.01949074 0.5325324 0.2664065 0.8500898 0.2368231 0.03270816 0.05221535
162 0.3561961 0.06433257 0.01906754 0.7595314 0.2677499 0.6378548 0.2512139 0.03535359 0.04942725
163 0.3764005 0.061616 0.01731003 0.7261894 0.2417932 0.6624236 0.2172489 0.03269982 0.04790915
164 0.3701085 0.07105037 0.01961857 0.7092356 0.3031889 0.7038358 0.2258965 0.03382187 0.04980905
165 0.3632469 0.07645952 0.02008043 0.6629839 0.3268015 0.5967375 0.2265348 0.0312174 0.0436725
171 0.3249361 0.07154163 0.01953134 0.5001777 0.2838237 0.6363611 0.2303266 0.03120155 0.04465586
172 0.3552873 0.07266452 0.01995066 0.5077977 0.3210398 0.4647571 0.2061158 0.02827718 0.03744031
176 0.3896498 0.07108539 0.01947661 0.7947829 0.3039655 0.5603088 0.2431151 0.0326102 0.04444198
177 0.3199705 0.06618908 0.01902438 0.4999184 0.2706218 0.6228793 0.2208741 0.03127101 0.04454206
178 0.3254078 0.07489328 0.01999631 0.6093049 0.2898687 0.7192881 0.2253806 0.03133133 0.04647531
181 0.3067239 0.06472335 0.01963597 0.5223123 0.2590999 0.5881192 0.2536263 0.03321161 0.04567383
182 0.3603506 0.07118713 0.02033185 0.6891203 0.3004037 0.6902961 0.2285177 0.03330852 0.04770752
188 0.3546893 0.07905968 0.02196295 0.6234146 0.3610265 0.6955002 0.2479605 0.03211855 0.04562107
189 0.3494668 0.06609591 0.01841109 0.7003177 0.2596799 0.5829159 0.2102312 0.03212573 0.04497536
191 0.3865556 0.06890333 0.01831225 0.8025 0.2713901 0.6307447 0.2149896 0.03134381 0.04492866
192 0.3356132 0.06883002 0.01927724 0.5143693 0.301179 0.589995 0.2140176 0.0298567 0.04200997
194 0.3444289 0.06846561 0.01789216 0.6386249 0.2634804 0.5781007 0.2203694 0.03136536 0.04348897
197 0.3441388 0.06926408 0.01892785 0.6035397 0.2878551 0.6552222 0.2305338 0.03287443 0.04659335
200 0.3432828 0.07237616 0.01783389 0.5010043 0.2695844 0.5101954 0.2172643 0.03103751 0.04197972
201 0.3366388 0.07278753 0.01882953 0.5252155 0.2816233 0.7054785 0.2195017 0.0321449 0.0481798
210 0.3347523 0.06850248 0.01735488 0.5590499 0.2473187 0.5992282 0.2107086 0.03170906 0.04549546
212 0.3216072 0.07055732 0.02124341 0.689794 0.2754162 0.5756646 0.2163977 0.0296205 0.04209024
214 0.3252834 0.06937816 0.01868932 0.5192789 0.2758863 0.5218725 0.2155265 0.03076674 0.0418018
218 0.3312251 0.07196735 0.01919524 0.5096559 0.2881644 0.57222 0.2086378 0.03023114 0.0423813
222 0.3192777 0.06984172 0.01815465 0.467781 0.2641435 0.5336467 0.225493 0.03192216 0.04342413
223 0.3966255 0.07122707 0.01954304 0.6344228 0.3156848 0.6533478 0.2421473 0.03537346 0.04989752
252 0.2987714 0.06909963 0.0187094 0.46601 0.2495531 0.5691512 0.2227608 0.03083442 0.0440198
257 0.3387237 0.06680501 0.01907174 0.669163 0.2654638 0.7131614 0.2407314 0.03328188 0.04889135
263 0.3104927 0.07152482 0.01865112 0.5018288 0.259988 0.5785627 0.2204602 0.03008632 0.04161702
266 0.2972458 0.06402999 0.01704605 0.4158067 0.2240436 0.7658442 0.2331078 0.03669702 0.05467886
267 0.3555117 0.06868024 0.01782437 0.6484751 0.2485228 0.5856979 0.2142955 0.03272474 0.04591601
268 0.4346639 0.07739721 0.01709062 1.026494 0.2717887 0.5369714 0.2110269 0.03087171 0.04153288
270 0.3864725 0.06700368 0.01771845 0.7794899 0.2597677 0.5594011 0.2142838 0.03291247 0.04525699
271 0.3759868 0.06475999 0.01729149 0.9041758 0.2433731 0.719401 0.3126041 0.04016968 0.05574151
273 0.3661456 0.0729701 0.02003172 0.6729789 0.3242151 0.5184326 0.2146678 0.02876499 0.03881531
274 0.3811421 0.07992125 0.01860744 0.8037999 0.2955144 0.5804811 0.2144232 0.03074242 0.04350413
276 0.3470375 0.07956785 0.01949632 0.7422951 0.2977505 0.69159 0.2237779 0.03057847 0.04480513
278 0.301885 0.07035467 0.01820103 0.4728699 0.2530464 0.5021062 0.2123031 0.03053708 0.04119747
281 0.3427613 0.06939158 0.01927138 0.6226411 0.2838846 0.7211203 0.2316696 0.0332173 0.04744272
