2 0.3052898 0.0712541 0.01840103 0.4633443 0.3495791 2.797011 0.6763424 0.2495719 0.03196939 0.04686567
4 0.3039449 0.07447727 0.02002497 0.483002 0.3465262 5.855985 0.7844173 0.2313842 0.03270902 0.05035267
6 0.317869 0.06862783 0.01773496 0.5185644 0.319771 4.585646 0.5672287 0.2293539 0.03294003 0.04478649
10 0.3238456 0.07195489 0.01932293 0.5923407 0.3233325 5.981737 0.532083 0.2169619 0.03117576 0.0420279
11 0.3440428 0.07251319 0.01954957 0.598715 0.3520291 9.263556 0.6369486 0.2495702 0.03258965 0.04576143
13 0.4277694 0.0644716 0.01546019 0.3508417 NaN NaN 0.5404087 0.2169843 0.03208947 0.04304798
15 0.3208351 0.07125417 0.01761467 0.4847701 0.3580753 3.88284 0.7410183 0.2317949 0.03402892 0.05021513
16 0.3543784 0.06807257 0.01513881 0.6689071 0.33883 1.170658 0.5645551 0.2121202 0.03156071 0.04337715
19 0.3623096 0.0628541 0.01559707 0.432388 NaN NaN 0.6453091 0.2237085 0.03328766 0.04709845
27 0.4265331 0.07801332 0.02585279 0.7275175 1.6116 1578.317 0.6156534 0.2628313 0.03140229 0.04270474
29 0.2918157 0.06853094 0.01806562 0.4814591 0.3321355 3.423261 0.5142916 0.2293158 0.03100056 0.04166685
30 0.2967803 0.06221949 0.01618242 0.2029979 NaN NaN 0.5839303 0.2142245 0.02881617 0.0409499
31 0.2818713 0.06929683 0.01758297 0.2059238 NaN 0.3060491 0.7554209 0.223051 0.03250943 0.05017829
35 0.3349248 0.07684333 0.01942161 0.6304602 0.3563217 4.398081 0.5298817 0.213041 0.02934724 0.03990882
36 0.3453911 0.0701733 0.01848284 0.5524882 0.8386483 3.011263 0.6556938 0.2234631 0.03152092 0.0450459
38 0.32138 0.06985986 0.01758523 0.1563635 NaN NaN 0.6400141 0.2174779 0.02973676 0.04434945
40 0.3161581 0.06557938 0.01839317 0.5237117 0.3215196 1.814724 0.5619469 0.2224366 0.03080274 0.04197592
52 0.2405865 NaN NaN NaN NaN NaN 0.6774876 0.2140071 0.03214518 0.04801043
53 0.3094605 0.06993756 0.01745284 0.548087 0.3430211 2.231764 0.7604426 0.2620054 0.03413922 0.05127227
55 0.3320832 0.07553286 0.01861909 0.4067758 0.4454827 8.556572 0.625715 0.2194204 0.03057027 0.04349507
57 0.3418213 0.07685118 0.01745371 0.707325 0.307399 10.31058 0.5743576 0.2633787 0.03445963 0.04642645
59 0.3311606 0.07502347 0.01849624 0.543702 0.2885291 318.3356 0.4728615 0.2070428 0.02838927 0.03746729
60 0.3720595 0.06376569 0.01638338 0.3349963 NaN NaN 0.7054329 0.2255522 0.03239463 0.04767564
62 0.3267257 0.06754318 0.0173953 0.6228717 0.2598679 353.1104 0.6439543 0.2284597 0.03484097 0.04838705
64 0.335841 0.06460537 0.01638811 0.5709943 0.3474036 2.300768 0.5424369 0.2136518 0.0311424 0.04165309
66 0.333579 0.06922794 0.01588652 0.4296786 NaN NaN 0.4903281 0.2048977 0.03053297 0.04047712
69 0.3203959 0.06923647 0.01696388 0.5747493 0.3259561 1.597991 0.5689767 0.2118963 0.02895503 0.04064792
70 0.3853635 0.06467018 0.01649509 0.7854895 0.4148237 2.04864 0.6601859 0.2407062 0.03377951 0.04753882
76 0.3752037 0.07407643 0.01888085 0.8367977 0.3684545 7.0971 0.659289 0.2280488 0.0321613 0.04594854
84 0.320163 0.06907285 0.01935624 0.4760529 0.4264479 1.366375 0.5626214 0.2179964 0.02836198 0.03901279
85 0.372651 0.07168073 0.01797958 0.8843666 0.3845383 3.484258 0.6642156 0.2149323 0.03076937 0.04522388
87 0.357519 0.08087422 0.02034703 0.7214907 0.4720074 2.494778 0.6919872 0.2318522 0.03005996 0.04430106
91 0.4402032 0.06601648 0.01538736 0.8268509 NaN NaN 0.6564676 0.2287905 0.03277221 0.04684281
92 0.2746811 0.0743523 0.01648446 0.5275007 0.6609546 1.243212 0.5139437 0.2058996 0.03136239 0.04319568
94 0.3717239 0.06866443 0.01905381 0.723153 0.3128374 290.3523 0.6826198 0.2509331 0.03558017 0.04980814
102 0.3135565 0.06916283 0.01781237 0.5021694 0.3372856 5.637571 0.5704795 0.2120714 0.02916127 0.04102065
103 0.3365751 0.07228312 0.01868848 0.6278862 0.4819878 1.105404 0.7931955 0.2315343 0.03232844 0.04944333
104 0.3084947 0.06853 0.01787985 0.5002865 0.3886869 2.525936 0.6015181 0.2354615 0.03201297 0.04440072
105 0.3615378 0.06902189 0.01732456 0.565955 0.3358456 8.497065 0.6877013 0.2432567 0.03620935 0.05071348
109 0.3009999 0.07456946 0.01881119 0.490196 0.3029883 13.95885 0.6014984 0.2142166 0.0295394 0.04219927
113 0.3613136 0.0510704 0.006017051 NaN NaN NaN 0.5755342 0.2339567 0.03458736 0.04766981
114 0.3560838 0.07120244 0.01842847 0.6703442 0.3476213 3.116139 0.6857722 0.2548691 0.0337421 0.04796027
117 0.3019245 0.07212045 0.01763788 0.1539971 NaN NaN 0.5461307 0.212302 0.03085503 0.04298908
125 0.3012898 0.06407796 0.01661305 0.4759795 0.5711114 1.816814 0.5122016 0.2077935 0.02892828 0.03930599
127 0.375701 0.08709401 0.02229062 0.846954 0.450036 402.2988 0.7264402 0.2352958 0.03090693 0.04471604
133 0.29372 0.06683788 0.01606634 0.2100831 NaN NaN 0.5909824 0.2125209 0.03160477 0.04415995
134 0.3105108 0.07969794 0.02268666 0.5577496 0.3635498 267.3101 0.6819926 0.2567618 0.03296905 0.04675003
137 0.3293323 0.06695392 0.01579189 0.3576791 NaN NaN 0.6273698 0.2140343 0.03037719 0.04379354
140 0.3277929 0.07043867 0.01824497 0.4594131 0.4106 2.960436 0.561478 0.2252767 0.02972869 0.04010543
142 0.3087636 0.0687955 0.01712794 0.4258457 0.4582248 2.486427 0.4520455 0.2080154 0.03018252 0.03930377
145 0.2895908 0.06988102 0.01676487 0.3952264 0.3612943 1.561584 0.5364831 0.2115518 0.03026867 0.0415285
147 0.2510364 0.06421991 0.01736376 0.2926534 0.3283183 3.150809 0.6517403 0.2430105 0.03262703 0.04727445
149 0.4020974 0.07124064 0.01786534 0.8519433 0.3716329 16.2748 0.5921741 0.2245617 0.03383376 0.0453086
151 0.3850521 0.07399105 0.01759179 0.4294934 NaN NaN 0.4786907 0.2090797 0.0286997 0.03819692
152 0.3374557 0.06645045 0.0155948 0.1201188 NaN NaN 0.4296482 0.2055925 0.02881036 0.03723004
153 0.3316976 0.0747928 0.01822888 0.5478404 0.5048921 2.359143 0.583019 0.2261684 0.02972625 0.04148068
154 0.3149217 0.06046246 0.01597542 0.05969133 NaN NaN 0.5579005 0.2177357 0.03192541 0.04362512
155 0.3176657 0.06608965 0.01721935 0.5447439 0.3034394 3.598471 0.6771428 0.2232833 0.03309422 0.04841914
156 0.3323314 0.06101698 0.01750554 0.5585927 0.4438654 3.014599 0.7192909 0.233448 0.03378103 0.04966318
157 0.3130968 0.05659292 0.01562526 0.2651039 NaN 0.1796775 0.4960689 0.2069822 0.0316936 0.04308021
158 0.3748693 0.07551413 0.0190919 0.7680699 0.3941816 5.858696 0.7123335 0.240951 0.03377195 0.04778525
160 0.2995811 0.07075234 0.01918444 0.4745559 0.3389611 5.874833 0.8169327 0.2344418 0.03250905 0.05104589
162 0.3376776 0.06057821 0.01718637 0.5589144 0.3826701 1.474983 0.6189658 0.250729 0.03491147 0.04834716
163 0.371718 0.06140159 0.0154954 0.2196203 NaN 0.4410206 0.6655347 0.2192826 0.03230776 0.04734429
164 0.3150513 0.0729758 0.01770199 0.1324283 NaN 0.3786432 0.6400108 0.2234114 0.03254149 0.04677968
165 0.3243937 0.08818961 0.02046789 0.8738212 1.344765 1.586216 0.6070171 0.2280761 0.03103447 0.04375535
171 0.2958156 0.0710352 0.01903318 0.3215325 0.4214982 2.614855 0.594797 0.2279008 0.03094693 0.04331174
172 0.3240611 0.07547598 0.01849316 0.2984198 NaN 0.330966 0.4896575 0.2080764 0.0285996 0.03834854
176 0.3583046 0.06780854 0.01668042 0.3559983 NaN NaN 0.537427 0.2420029 0.03245882 0.04363703
177 0.2897602 0.06907671 0.01814451 0.34861 0.3839316 3.242408 0.5993339 0.219147 0.03102583 0.04367094
178 0.2954982 0.07783907 0.01932015 0.409835 0.4327028 2.062611 0.6936971 0.2236252 0.03111059 0.04558082
181 0.3131953 0.06513559 0.01859591 0.556154 0.3199614 3.215335 0.5874619 0.2530051 0.03330681 0.04560576
182 0.3467637 0.07103628 0.0198084 0.608357 0.3462838 8.079786 0.6780702 0.2283217 0.03232497 0.04606112
188 0.3464278 0.07878266 0.02197496 0.5490038 0.4294537 22.64681 0.6547245 0.2460242 0.03113624 0.04343028
189 0.3818723 0.0615989 0.01694756 0.3903822 NaN 0.3152183 0.5992609 0.2119124 0.03216268 0.04538892
191 0.3405155 0.06697613 0.01672292 0.3687994 NaN 0.2684378 0.6049641 0.2139889 0.03062777 0.04345151
192 0.3189673 0.06352365 0.0166147 0.273064 NaN NaN 0.5882993 0.2140934 0.02971511 0.04166232
194 0.3294583 0.06716121 0.0181052 0.524046 0.3351764 14.56717 0.5734433 0.2191699 0.03100207 0.0430948
197 0.3064756 0.06533435 0.01702295 0.4062495 0.5601993 1.502619 0.6821037 0.232273 0.03313389 0.04757159
200 0.3285491 0.07354067 0.01728503 0.3575624 NaN NaN 0.5274638 0.2178937 0.03109887 0.04239749
201 0.2998537 0.06981581 0.01655412 0.1699286 NaN 0.2755287 0.6855772 0.2184459 0.03159753 0.04706484
210 0.2727164 0.06028253 0.0153394 0.1502444 NaN NaN 0.5610823 0.2076532 0.03137393 0.04408911
212 0.3209584 0.06938101 0.02014913 0.5984262 0.4409045 2.999183 0.5634596 0.2149949 0.02948594 0.0415336
214 0.2781347 0.06824325 0.01676738 0.2052766 NaN NaN 0.4852756 0.2131232 0.03007753 0.04017789
218 0.317939 0.08133387 0.01945058 0.6921351 1.256233 4.069876 0.587878 0.2105986 0.0302774 0.04272297
222 0.3269503 0.07038227 0.01815019 0.511845 0.5262502 6.787229 0.5473813 0.2259024 0.03236778 0.04415275
223 0.3424873 0.07730351 0.01779137 0.1918217 NaN 0.3043363 0.6196692 0.2380901 0.03461207 0.04794706
252 0.2861291 0.06583402 0.01713113 0.2519076 NaN NaN 0.5970642 0.2246504 0.03192632 0.0459097
257 0.284127 0.07569495 0.018705 0.1436084 NaN 0.2773296 0.6777935 0.239314 0.03311732 0.04763196
263 0.2994644 0.06819524 0.0178562 0.4469735 0.4268159 1.746995 0.5966853 0.2222528 0.03012096 0.042136
266 0.2561923 0.07121009 0.01615052 0.1125029 NaN 0.3521003 0.6985094 0.2290459 0.03581313 0.05168748
267 0.3140413 0.067763 0.01602449 0.275832 NaN NaN 0.5843658 0.21419 0.03231035 0.0452887
268 0.4622137 0.06923493 0.01518554 0.6366242 NaN NaN 0.5918639 0.2155508 0.03227231 0.04439918
270 0.330462 0.06613041 0.01549005 0.423816 NaN NaN 0.5289054 0.211499 0.03183149 0.04335558
271 0.3436632 0.06429569 0.01706783 0.6132142 0.2997564 7.777561 0.6588212 0.305622 0.03891404 0.05262966
273 0.3863854 0.07632189 0.01946193 0.8347466 0.4584498 3.796565 0.5595618 0.2185821 0.03006445 0.0413571
274 0.3788871 0.06964377 0.01585986 0.3114168 NaN NaN 0.6168352 0.2190883 0.03045011 0.04424008
276 0.32792 0.07599189 0.01930226 0.611139 0.3369208 9.239289 0.6741692 0.2225992 0.03013553 0.04386918
278 0.297172 0.06197388 0.01656745 NaN NaN NaN 0.5159421 0.2131883 0.03167249 0.04275116
281 0.3363149 0.07167987 0.01896032 0.623578 0.2817057 279.9677 0.7012779 0.2304535 0.03238728 0.04627538
