2 38.96268 34.91569
4 36.49273 35.46352
6 31.04774 30.0435
10 32.65744 31.53467
11 39.18748 39.15171
13 49.18596 47.03231
15 48.24198 50.56681
16 52.93419 56.04078
19 62.14693 57.11765
27 46.66384 50.07202
29 39.05298 43.17222
30 38.13228 38.72718
31 31.07287 26.85343
35 36.31752 37.39414
36 39.35177 36.94979
38 38.21317 36.03182
40 37.49941 37.39317
52 35.16318 31.99199
53 50.03294 48.19609
55 41.48522 41.78367
57 50.80827 44.59838
59 38.16525 41.89192
60 37.27365 35.27419
62 36.39454 39.40152
64 40.5562 49.24452
66 45.47416 40.69936
69 45.38881 41.86829
70 46.68496 46.23497
76 49.48345 42.46668
84 46.52834 43.47861
85 45.70196 46.28659
87 44.16102 41.71569
91 59.13956 54.72465
92 33.77101 32.99814
94 34.23166 31.24712
102 40.77607 44.45661
103 32.25777 31.13066
104 33.56226 34.42498
105 49.83799 48.36339
109 37.13238 34.96548
113 44.03283 46.42213
114 49.00818 49.60197
117 36.69014 38.95268
125 34.76997 39.46404
127 47.07447 46.97018
133 39.41452 40.3991
134 29.06355 39.26803
137 36.61225 34.60391
140 42.06478 45.46224
142 32.54264 37.44617
145 48.52614 47.13555
147 60.39622 64.15072
149 91.22432 89.38924
151 67.24448 68.58962
152 71.31864 76.14739
153 69.38576 70.45443
154 67.20991 65.54463
155 72.21533 72.91314
156 69.30903 69.55981
157 50.78186 54.72009
158 91.24256 85.14706
160 72.795 74.89278
162 70.82299 71.47601
163 63.00846 57.22533
164 69.43291 74.13974
165 78.02576 77.51789
171 69.15953 72.47249
172 72.21318 64.43266
176 67.48278 68.29456
177 62.87333 63.54638
178 76.11813 78.01206
181 71.99424 67.219
182 68.89756 66.63403
188 97.08975 101.1111
189 62.51972 57.3112
191 72.77242 74.04513
192 74.7537 72.51587
194 67.44205 71.18717
197 76.49477 76.8559
200 76.22871 73.22606
201 56.88752 57.94468
210 62.539 67.19795
212 56.48826 57.41332
214 60.12707 65.62711
218 67.98702 64.97732
222 66.83797 65.17379
223 61.8806 59.00174
252 45.65311 44.4696
257 72.16342 73.31373
263 74.45062 72.93085
266 62.35311 63.33157
267 70.01902 66.15979
268 86.0317 84.11922
270 56.83304 59.52319
271 86.24548 91.56646
273 79.15554 73.42472
274 74.55018 71.54622
276 89.16039 93.63889
278 64.59306 66.87936
281 86.21873 82.25327
