2 200050002
4 200050004
6 200050006
10 200050010
11 200050011
13 200050013
15 200050015
16 200050016
19 200050019
27 200050027
29 200050029
30 200050030
31 200050031
35 200050035
36 200050036
38 200050038
40 200050040
52 200050052
53 200050053
55 200050055
57 200050057
59 200050059
60 200050060
62 200050062
64 200050064
66 200050066
69 200050069
70 200050070
76 200050076
84 200050084
85 200050085
87 200050087
91 200050091
92 200050092
94 200050094
102 200050102
103 200050103
104 200050104
105 200050105
109 200050109
113 200050113
114 200050114
117 200050117
125 200050125
127 200050127
133 200050133
134 200050134
137 200050137
140 200050140
142 200050142
145 200050145
147 200050147
149 200050149
151 200050151
152 200050152
153 200050153
154 200050154
155 200050155
156 200050156
157 200050157
158 200050158
160 200050160
162 200050162
163 200050163
164 200050164
165 200050165
171 200050171
172 200050172
176 200050176
177 200050177
178 200050178
181 200050181
182 200050182
188 200050188
189 200050189
191 200050191
192 200050192
194 200050194
197 200050197
200 200050200
201 200050201
210 200050210
212 200050212
214 200050214
218 200050218
222 200050222
223 200050223
252 200050252
257 200050257
263 200050263
266 200050266
267 200050267
268 200050268
270 200050270
271 200050271
273 200050273
274 200050274
276 200050276
278 200050278
281 200050281
