	est.beta	est.upper	est.lower	alpha	beta
1	10.47870694	10.76947718	10.18793669	-1.00E-04	paste(beta[1])
2	2.076872133	2.224680431	1.92906383	-1.00E-04	paste(beta[2])
3	-0.513126465	-0.127293462	-0.89895947	-1.00E-04	paste(beta[3])
4	-0.02665159	0.382488934	-0.43579211	-1.00E-04	paste(beta[4])
5	5.971242552	6.384195556	5.55828955	-1.00E-04	paste(beta[5])
6	-0.014519328	-0.002398896	-0.02663976	-1.00E-04	paste(beta[6])
7	-2.66424934	-2.147033375	-3.1814653	-1.00E-04	paste(beta[7])
8	-0.634113682	-0.097874703	-1.17035266	-1.00E-04	paste(beta[8])
9	10.51074686	10.79762011	10.22387361	-5.00E-04	paste(beta[1])
10	2.060040788	2.202718871	1.9173627	-5.00E-04	paste(beta[2])
11	-0.557264091	-0.17775535	-0.93677283	-5.00E-04	paste(beta[3])
12	0.072048004	0.476292722	-0.33219671	-5.00E-04	paste(beta[4])
13	5.919792406	6.335367108	5.5042177	-5.00E-04	paste(beta[5])
14	-0.015415012	-0.003311567	-0.02751846	-5.00E-04	paste(beta[6])
15	-2.684929104	-2.163593691	-3.20626452	-5.00E-04	paste(beta[7])
16	-0.674458026	-0.134802612	-1.21411344	-5.00E-04	paste(beta[8])
17	10.48903835	10.77831697	10.19975973	-1.00E-03	paste(beta[1])
18	2.072085827	2.218670593	1.92550106	-1.00E-03	paste(beta[2])
19	-0.563516065	-0.180671495	-0.94636064	-1.00E-03	paste(beta[3])
20	0.006911057	0.412736835	-0.39891472	-1.00E-03	paste(beta[4])
21	5.941526059	6.356354112	5.52669801	-1.00E-03	paste(beta[5])
22	-0.015600544	-0.003483476	-0.02771761	-1.00E-03	paste(beta[6])
23	-2.672888483	-2.152963988	-3.19281298	-1.00E-03	paste(beta[7])
24	-0.647537181	-0.109002371	-1.18607199	-1.00E-03	paste(beta[8])
25	10.49462241	10.78501708	10.20422773	-5.00E-03	paste(beta[1])
26	2.06881968	2.216128988	1.92151037	-5.00E-03	paste(beta[2])
27	-0.553175958	-0.164714972	-0.94163694	-5.00E-03	paste(beta[3])
28	0.052536089	0.463493261	-0.35842108	-5.00E-03	paste(beta[4])
29	5.929729312	6.343004265	5.51645436	-5.00E-03	paste(beta[5])
30	-0.015584507	-0.003350589	-0.02781843	-5.00E-03	paste(beta[6])
31	-2.667010985	-2.14968987	-3.1843321	-5.00E-03	paste(beta[7])
32	-0.66748974	-0.130883793	-1.20409569	-5.00E-03	paste(beta[8])
33	10.48868639	10.77827951	10.19909327	-1.00E-02	paste(beta[1])
34	2.068723159	2.215294461	1.92215186	-1.00E-02	paste(beta[2])
35	-0.535043323	-0.149255503	-0.92083114	-1.00E-02	paste(beta[3])
36	0.016590909	0.424850671	-0.39166885	-1.00E-02	paste(beta[4])
37	5.933947834	6.347917602	5.51997807	-1.00E-02	paste(beta[5])
38	-0.014834732	-0.002628012	-0.02704145	-1.00E-02	paste(beta[6])
39	-2.684165105	-2.165626219	-3.20270399	-1.00E-02	paste(beta[7])
40	-0.657212179	-0.120959745	-1.19346461	-1.00E-02	paste(beta[8])
41	10.51195069	10.7989893	10.22491207	-5.00E-02	paste(beta[1])
42	2.077174313	2.22153066	1.93281797	-5.00E-02	paste(beta[2])
43	-0.530678957	-0.150805152	-0.91055276	-5.00E-02	paste(beta[3])
44	0.019818718	0.425812947	-0.38617551	-5.00E-02	paste(beta[4])
45	5.920354174	6.335886168	5.50482218	-5.00E-02	paste(beta[5])
46	-0.015821894	-0.003722086	-0.0279217	-5.00E-02	paste(beta[6])
47	-2.685272295	-2.164463256	-3.20608133	-5.00E-02	paste(beta[7])
48	-0.669907619	-0.130457817	-1.20935742	-5.00E-02	paste(beta[8])
49	10.49851053	10.78863362	10.20838745	-1.00E-01	paste(beta[1])
50	2.077633006	2.223675876	1.93159014	-1.00E-01	paste(beta[2])
51	-0.545509163	-0.159904767	-0.93111356	-1.00E-01	paste(beta[3])
52	0.026538507	0.43456377	-0.38148676	-1.00E-01	paste(beta[4])
53	5.91870852	6.331514662	5.50590238	-1.00E-01	paste(beta[5])
54	-0.015550874	-0.003366962	-0.02773479	-1.00E-01	paste(beta[6])
55	-2.675203935	-2.15858014	-3.19182773	-1.00E-01	paste(beta[7])
56	-0.666996878	-0.131225446	-1.20276831	-1.00E-01	paste(beta[8])
57	10.48626057	10.77834038	10.19418077	-5.00E-01	paste(beta[1])
58	2.052247343	2.19789495	1.90659974	-5.00E-01	paste(beta[2])
59	-0.532487987	-0.147462436	-0.91751354	-5.00E-01	paste(beta[3])
60	0.038528437	0.450013522	-0.37295665	-5.00E-01	paste(beta[4])
61	5.951849216	6.365844999	5.53785343	-5.00E-01	paste(beta[5])
62	-0.014932755	-0.002446092	-0.02741942	-5.00E-01	paste(beta[6])
63	-2.663247114	-2.145383639	-3.18111059	-5.00E-01	paste(beta[7])
64	-0.653374699	-0.116905198	-1.1898442	-5.00E-01	paste(beta[8])
65	10.50312684	10.79203215	10.21422154	-1.00E+00	paste(beta[1])
66	2.055768863	2.199880176	1.91165755	-1.00E+00	paste(beta[2])
67	-0.546666086	-0.166675496	-0.92665668	-1.00E+00	paste(beta[3])
68	0.033144235	0.441140378	-0.37485191	-1.00E+00	paste(beta[4])
69	5.953381986	6.367517642	5.53924633	-1.00E+00	paste(beta[5])
70	-0.015996519	-0.00434567	-0.02764737	-1.00E+00	paste(beta[6])
71	-2.64826899	-2.128151012	-3.16838697	-1.00E+00	paste(beta[7])
72	-0.660936174	-0.121235166	-1.20063718	-1.00E+00	paste(beta[8])
73	10.50166759	10.79130323	10.21203196	-2.00E+00	paste(beta[1])
74	2.063903791	2.209110229	1.91869735	-2.00E+00	paste(beta[2])
75	-0.537111964	-0.155394626	-0.9188293	-2.00E+00	paste(beta[3])
76	0.057875932	0.465978626	-0.35022676	-2.00E+00	paste(beta[4])
77	5.936165076	6.348539626	5.52379053	-2.00E+00	paste(beta[5])
78	-0.015094698	-0.003078345	-0.02711105	-2.00E+00	paste(beta[6])
79	-2.675676387	-2.157493001	-3.19385977	-2.00E+00	paste(beta[7])
80	-0.661148398	-0.123414185	-1.19888261	-2.00E+00	paste(beta[8])
81	10.48638397	10.77684794	10.19592	-4.00E+00	paste(beta[1])
82	2.084342214	2.231342753	1.93734167	-4.00E+00	paste(beta[2])
83	-0.557078668	-0.171219217	-0.94293812	-4.00E+00	paste(beta[3])
84	0.023829004	0.431912842	-0.38425483	-4.00E+00	paste(beta[4])
85	5.946840209	6.36063805	5.53304237	-4.00E+00	paste(beta[5])
86	-0.015767575	-0.003691459	-0.02784369	-4.00E+00	paste(beta[6])
87	-2.654538822	-2.136858064	-3.17221958	-4.00E+00	paste(beta[7])
88	-0.665317431	-0.127699585	-1.20293528	-4.00E+00	paste(beta[8])
89	10.48062566	10.76999166	10.19125965	-6.00E+00	paste(beta[1])
90	2.088460148	2.234319586	1.94260071	-6.00E+00	paste(beta[2])
91	-0.563791271	-0.185036171	-0.94254637	-6.00E+00	paste(beta[3])
92	0.001948603	0.408692672	-0.40479547	-6.00E+00	paste(beta[4])
93	5.942606456	6.354020259	5.53119265	-6.00E+00	paste(beta[5])
94	-0.014994752	-0.00372616	-0.02626334	-6.00E+00	paste(beta[6])
95	-2.66899197	-2.151413322	-3.18657062	-6.00E+00	paste(beta[7])
96	-0.6644009	-0.127574064	-1.20122774	-6.00E+00	paste(beta[8])
97	10.4872176	10.77711469	10.1973205	1.00E-04	paste(beta[1])
98	2.096821689	2.243388393	1.95025499	1.00E-04	paste(beta[2])
99	-0.593458356	-0.210518228	-0.97639848	1.00E-04	paste(beta[3])
100	-0.008472316	0.39823386	-0.41517849	1.00E-04	paste(beta[4])
101	5.94670015	6.360377505	5.5330228	1.00E-04	paste(beta[5])
102	-0.015917209	-0.00376575	-0.02806867	1.00E-04	paste(beta[6])
103	-2.662483851	-2.144014688	-3.18095301	1.00E-04	paste(beta[7])
104	-0.636966703	-0.099057523	-1.17487588	1.00E-04	paste(beta[8])
105	10.50699116	10.79608168	10.21790063	5.00E-04	paste(beta[1])
106	2.067673914	2.212978953	1.92236887	5.00E-04	paste(beta[2])
107	-0.510443983	-0.13134726	-0.88954071	5.00E-04	paste(beta[3])
108	-0.009690129	0.397517308	-0.41689757	5.00E-04	paste(beta[4])
109	5.947135714	6.362781001	5.53149043	5.00E-04	paste(beta[5])
110	-0.015686685	-0.00349881	-0.02787456	5.00E-04	paste(beta[6])
111	-2.664272531	-2.143912566	-3.1846325	5.00E-04	paste(beta[7])
112	-0.636296324	-0.096607958	-1.17598469	5.00E-04	paste(beta[8])
113	10.49375013	10.78472368	10.20277657	1.00E-03	paste(beta[1])
114	2.035404365	2.1791472	1.89166153	1.00E-03	paste(beta[2])
115	-0.540313851	-0.161165831	-0.91946187	1.00E-03	paste(beta[3])
116	0.020970922	0.430588685	-0.38864684	1.00E-03	paste(beta[4])
117	5.970523564	6.386893004	5.55415412	1.00E-03	paste(beta[5])
118	-0.015590624	-0.003447394	-0.02773385	1.00E-03	paste(beta[6])
119	-2.652036537	-2.130601036	-3.17347204	1.00E-03	paste(beta[7])
120	-0.649452597	-0.108940281	-1.18996491	1.00E-03	paste(beta[8])
121	10.52198658	10.8107084	10.23326477	5.00E-03	paste(beta[1])
122	2.068700806	2.211187026	1.92621459	5.00E-03	paste(beta[2])
123	-0.538986307	-0.160027294	-0.91794532	5.00E-03	paste(beta[3])
124	0.041010576	0.447099422	-0.36507827	5.00E-03	paste(beta[4])
125	5.919796402	6.333936483	5.50565632	5.00E-03	paste(beta[5])
126	-0.015836106	-0.003714219	-0.02795799	5.00E-03	paste(beta[6])
127	-2.686035671	-2.165781296	-3.20629005	5.00E-03	paste(beta[7])
128	-0.658920007	-0.120623299	-1.19721672	5.00E-03	paste(beta[8])
129	10.48916131	10.77847933	10.1998433	1.00E-02	paste(beta[1])
130	2.063899698	2.208952963	1.91884643	1.00E-02	paste(beta[2])
131	-0.543895051	-0.161509377	-0.92628072	1.00E-02	paste(beta[3])
132	0.011066571	0.418429788	-0.39629665	1.00E-02	paste(beta[4])
133	5.943579417	6.358198966	5.52895987	1.00E-02	paste(beta[5])
134	-0.015395747	-0.003271201	-0.02752029	1.00E-02	paste(beta[6])
135	-2.678089425	-2.159334521	-3.19684433	1.00E-02	paste(beta[7])
136	-0.656423814	-0.118475211	-1.19437242	1.00E-02	paste(beta[8])
137	10.50342664	10.7938404	10.21301288	5.00E-02	paste(beta[1])
138	2.032812158	2.17565006	1.88997426	5.00E-02	paste(beta[2])
139	-0.522542541	-0.140347782	-0.9047373	5.00E-02	paste(beta[3])
140	0.033125702	0.441340497	-0.37508909	5.00E-02	paste(beta[4])
141	5.925099452	6.341136028	5.50906288	5.00E-02	paste(beta[5])
142	-0.016393475	-0.004223881	-0.02856307	5.00E-02	paste(beta[6])
143	-2.65091686	-2.131158051	-3.17067567	5.00E-02	paste(beta[7])
144	-0.673925503	-0.134692298	-1.21315871	5.00E-02	paste(beta[8])
145	10.51365976	10.80338203	10.22393748	1.00E-01	paste(beta[1])
146	2.049546137	2.19221189	1.90688038	1.00E-01	paste(beta[2])
147	-0.552082502	-0.172755953	-0.93140905	1.00E-01	paste(beta[3])
148	0.060646689	0.467048187	-0.34575481	1.00E-01	paste(beta[4])
149	5.942209783	6.357640108	5.52677946	1.00E-01	paste(beta[5])
150	-0.016206852	-0.004114237	-0.02829947	1.00E-01	paste(beta[6])
151	-2.665081468	-2.145380099	-3.18478284	1.00E-01	paste(beta[7])
152	-0.643231448	-0.104320991	-1.1821419	1.00E-01	paste(beta[8])
153	10.49138576	10.78140019	10.20137133	5.00E-01	paste(beta[1])
154	2.070515584	2.21732436	1.92370681	5.00E-01	paste(beta[2])
155	-0.549066049	-0.165034024	-0.93309807	5.00E-01	paste(beta[3])
156	-0.000613161	0.40613424	-0.40736056	5.00E-01	paste(beta[4])
157	5.958767859	6.374154713	5.543381	5.00E-01	paste(beta[5])
158	-0.015364422	-0.003276015	-0.02745283	5.00E-01	paste(beta[6])
159	-2.646664885	-2.127045897	-3.16628387	5.00E-01	paste(beta[7])
160	-0.654405616	-0.115595521	-1.19321571	5.00E-01	paste(beta[8])
161	10.51997389	10.80975604	10.23019175	1.00E+00	paste(beta[1])
162	2.057652001	2.202662689	1.91264131	1.00E+00	paste(beta[2])
163	-0.505399993	-0.123081553	-0.88771843	1.00E+00	paste(beta[3])
164	0.046597039	0.455167721	-0.36197364	1.00E+00	paste(beta[4])
165	5.938249206	6.353185938	5.52331247	1.00E+00	paste(beta[5])
166	-0.016062327	-0.003957302	-0.02816735	1.00E+00	paste(beta[6])
167	-2.653872952	-2.134907239	-3.17283866	1.00E+00	paste(beta[7])
168	-0.669140169	-0.130815244	-1.20746509	1.00E+00	paste(beta[8])
169	10.46028566	10.74955024	10.17102109	2.00E+00	paste(beta[1])
170	2.066554508	2.212607194	1.92050182	2.00E+00	paste(beta[2])
171	-0.548598456	-0.167142831	-0.93005408	2.00E+00	paste(beta[3])
172	0.004847832	0.412296651	-0.40260099	2.00E+00	paste(beta[4])
173	5.955954014	6.370797693	5.54111033	2.00E+00	paste(beta[5])
174	-0.014216924	-0.002122386	-0.02631146	2.00E+00	paste(beta[6])
175	-2.686688743	-2.165279718	-3.20809777	2.00E+00	paste(beta[7])
176	-0.650821824	-0.111369569	-1.19027408	2.00E+00	paste(beta[8])
177	10.49899412	10.78827338	10.20971486	4.00E+00	paste(beta[1])
178	2.085187481	2.231120583	1.93925438	4.00E+00	paste(beta[2])
179	-0.558314294	-0.176286986	-0.9403416	4.00E+00	paste(beta[3])
180	0.040771519	0.448483769	-0.36694073	4.00E+00	paste(beta[4])
181	5.951393607	6.365759734	5.53702748	4.00E+00	paste(beta[5])
182	-0.015483077	-0.003415086	-0.02755107	4.00E+00	paste(beta[6])
183	-2.657737095	-2.138664645	-3.17680955	4.00E+00	paste(beta[7])
184	-0.667105152	-0.129096442	-1.20511386	4.00E+00	paste(beta[8])
185	10.46028566	10.74955024	10.17102109	6.00E+00	paste(beta[1])
186	2.066554508	2.212607194	1.92050182	6.00E+00	paste(beta[2])
187	-0.548598456	-0.167142831	-0.93005408	6.00E+00	paste(beta[3])
188	0.004847832	0.412296651	-0.40260099	6.00E+00	paste(beta[4])
189	5.955954014	6.370797693	5.54111033	6.00E+00	paste(beta[5])
190	-0.014216924	-0.002122386	-0.02631146	6.00E+00	paste(beta[6])
191	-2.686688743	-2.165279718	-3.20809777	6.00E+00	paste(beta[7])
192	-0.650821824	-0.111369569	-1.19027408	6.00E+00	paste(beta[8])