2 8554.108 8555.359
4 8537.077 8533.98
10 8607.892 8604.323
11 8616.54 8620.366
17 8446.758 8449.913
37 8581.592 8581.358
39 8602.188 8604.454
42 8404.867 8385.748
45 8594.503 8588.631
48 8385.218 8355.533
51 8624.204 8613.527
52 8665.79 8671.337
53 8670.579 8671.706
55 8410.145 8425.023
57 8407.792 8409.51
58 8501.513 8496.781
65 8656.276 8653.864
66 8374.285 8367.168
75 8615.119 8610.499
78 8696.885 8717.979
83 8580.309 8570.04
85 8398.398 8387.181
113 8684.213 8675.808
116 8554.104 8544.833
117 8511.066 8519.896
120 8608.761 8602.289
121 8519.448 8512.479
125 8743.646 8724.91
126 8710.767 8713.627
135 8759.882 8765.83
136 8469.249 8472.256
140 8599.359 8605.852
141 8460.314 8460.246
145 8428.743 8415.874
147 8446.25 8442.757
149 8627.796 8630.219
152 8550.067 8541.363
153 8621.877 8604.095
157 8627.399 8634.499
159 8636.502 8632.732
166 8666.927 8645.416
171 8616.742 8603.66
173 8474.639 8474.544
174 8490.195 8506.246
175 8601.097 8593.356
178 8555.698 8554.824
182 8621.019 8615.667
185 8579.824 8569.466
186 8528.817 8525.882
189 8699.631 8700.245
191 8499.635 8498.483
192 8559.898 8556.918
193 8654.084 8661.2
195 8548.256 8535.055
196 8753.197 8746.848
199 8677.996 8675.06
202 8733.578 8725.584
205 8654.213 8667.57
206 8628.438 8635.865
207 8620.623 8614.447
208 8478.789 8473.068
211 8340.445 8334.681
212 8737.71 8728.397
214 8465.603 8460.612
217 8528.805 8520.426
218 8541.749 8537.54
255 8685.442 8680.483
259 8595.471 8601.103
265 8532.429 8530.472
266 8748.615 8771.063
302 8444.484 8438.884
304 8471.477 8453.927
309 8504.801 8499.971
313 8547.306 8550.643
314 8665.054 8674.83
351 8596.092 8604.854
352 8613.725 8600.802
357 8618.978 8608.434
361 8537.321 8531.217
365 8642.834 8628.611
366 8530.376 8522.327
369 8550.257 8530.248
501 8389.771 8376.244
505 8704.162 8697.257
508 8637.086 8632.382
509 8753.14 8744.521
515 8470.984 8480.295
518 8630.773 8632.775
551 8601.507 8619.795
553 8615.365 8614.105
554 8537.844 8540.449
555 8632.344 8634.012
556 8524.917 8515.176
559 8549.183 8555.873
562 8439.899 8442.678
563 8470.603 8457.798
564 8627.332 8626.75
565 8484.389 8484.678
568 8695.747 8691.678
570 8474.078 8460.376
