2 8587.091 8588.342
4 8570.06 8566.964
10 8640.875 8637.306
11 8649.523 8653.349
17 8479.741 8482.896
37 8614.575 8614.341
39 8635.172 8637.437
42 8437.85 8418.732
45 8627.486 8621.614
48 8418.201 8388.516
51 8657.187 8646.51
52 8698.773 8704.321
53 8703.563 8704.689
55 8443.128 8458.006
57 8440.775 8442.494
58 8534.496 8529.764
65 8689.259 8686.847
66 8407.268 8400.152
75 8648.102 8643.482
78 8729.868 8750.962
83 8613.292 8603.023
85 8431.381 8420.164
113 8717.196 8708.791
116 8587.087 8577.816
117 8544.049 8552.879
120 8641.744 8635.273
121 8552.431 8545.462
125 8776.629 8757.893
126 8743.75 8746.61
135 8792.865 8798.813
136 8502.232 8505.239
140 8632.342 8638.836
141 8493.297 8493.229
145 8461.726 8448.857
147 8479.233 8475.74
149 8660.78 8663.203
152 8583.051 8574.347
153 8654.861 8637.078
157 8660.383 8667.482
159 8669.485 8665.715
166 8699.911 8678.399
171 8649.725 8636.643
173 8507.622 8507.528
174 8523.178 8539.229
175 8634.08 8626.339
178 8588.681 8587.807
182 8654.002 8648.651
185 8612.807 8602.449
186 8561.8 8558.865
189 8732.615 8733.228
191 8532.618 8531.466
192 8592.881 8589.901
193 8687.067 8694.183
195 8581.24 8568.038
196 8786.18 8779.831
199 8710.979 8708.043
202 8766.561 8758.567
205 8687.196 8700.554
206 8661.421 8668.849
207 8653.607 8647.431
208 8511.772 8506.051
211 8373.428 8367.664
212 8770.693 8761.38
214 8498.587 8493.595
217 8561.788 8553.409
218 8574.732 8570.524
255 8718.425 8713.466
259 8628.454 8634.086
265 8565.412 8563.455
266 8781.598 8804.046
302 8477.467 8471.867
304 8504.46 8486.91
309 8537.784 8532.954
313 8580.289 8583.626
314 8698.037 8707.813
351 8629.075 8637.837
352 8646.709 8633.785
357 8651.961 8641.417
361 8570.305 8564.201
365 8675.817 8661.594
366 8563.359 8555.31
369 8583.241 8563.231
501 8422.754 8409.227
505 8737.146 8730.24
508 8670.069 8665.365
509 8786.123 8777.505
515 8503.967 8513.278
518 8663.756 8665.758
551 8634.49 8652.779
553 8648.348 8647.088
554 8570.828 8573.432
555 8665.327 8666.995
556 8557.9 8548.16
559 8582.166 8588.856
562 8472.882 8475.661
563 8503.586 8490.781
564 8660.315 8659.733
565 8517.372 8517.661
568 8728.73 8724.661
570 8507.061 8493.359
