2 0.185
4 0.185
10 0.17
11 0.215
17 0.24
37 0.21
39 0.2
42 0.265
45 0.21
48 0.25
51 0.23
52 0.175
53 0.195
55 0.21
57 0.23
58 0.235
65 0.185
66 0.265
75 0.22
78 0.17
83 0.24
85 0.25
113 0.16
116 0.21
117 0.23
120 0.205
121 0.255
125 0.205
126 0.175
135 0.165
136 0.21
140 0.21
141 0.255
145 0.235
147 0.235
149 0.195
152 0.235
153 0.2
157 0.17
159 0.16
166 0.205
171 0.2
173 0.225
174 0.215
175 0.2
178 0.205
182 0.21
185 0.22
186 0.215
189 0.16
191 0.23
192 0.205
193 0.21
195 0.195
196 0.17
199 0.185
202 0.17
205 0.195
206 0.185
207 0.21
208 0.215
211 0.285
212 0.19
214 0.245
217 0.22
218 0.26
255 0.165
259 0.195
265 0.21
266 0.17
302 0.23
304 0.24
309 0.23
313 0.25
314 0.18
351 0.195
352 0.19
357 0.2
361 0.175
365 0.195
366 0.225
369 0.25
501 0.25
505 0.19
508 0.18
509 0.185
515 0.25
518 0.205
551 0.185
553 0.21
554 0.25
555 0.19
556 0.23
559 0.245
562 0.21
563 0.23
564 0.19
565 0.215
568 0.18
570 0.245
