2 1000 1000
4 1000 1000
10 1000 1000
11 1000 1000
17 1000 1000
37 1000 1000
39 1000 1000
42 1000 1000
45 1000 1000
48 1000 1000
51 1000 1000
52 1000 1000
53 1000 1000
55 1000 1000
57 1000 1000
58 1000 1000
65 1000 1000
66 1000 1000
75 1000 1000
78 1000 1000
83 1000 1000
85 1000 1000
113 1000 1000
116 1000 1000
117 1000 1000
120 1000 1000
121 1000 1000
125 1000 1000
126 1000 1000
135 1000 1000
136 1000 1000
140 1000 1000
141 1000 1000
145 1000 1000
147 1000 1000
149 1000 1000
152 1000 1000
153 1000 1000
157 1000 1000
159 1000 1000
166 1000 1000
171 1000 1000
173 1000 1000
174 1000 1000
175 1000 1000
178 1000 1000
182 1000 1000
185 1000 1000
186 1000 1000
189 1000 1000
191 1000 1000
192 1000 1000
193 1000 1000
195 1000 1000
196 1000 1000
199 1000 1000
202 1000 1000
205 1000 1000
206 1000 1000
207 1000 1000
208 1000 1000
211 1000 1000
212 1000 1000
214 1000 1000
217 1000 1000
218 1000 1000
255 1000 1000
259 1000 1000
265 1000 1000
266 1000 1000
302 1000 1000
304 1000 1000
309 1000 1000
313 1000 1000
314 1000 1000
351 1000 1000
352 1000 1000
357 1000 1000
361 1000 1000
365 1000 1000
366 1000 1000
369 1000 1000
501 1000 1000
505 1000 1000
508 1000 1000
509 1000 1000
515 1000 1000
518 1000 1000
551 1000 1000
553 1000 1000
554 1000 1000
555 1000 1000
556 1000 1000
559 1000 1000
562 1000 1000
563 1000 1000
564 1000 1000
565 1000 1000
568 1000 1000
570 1000 1000
