2 -4267.054 -4267.68
4 -4258.538 -4256.99
10 -4293.946 -4292.161
11 -4298.27 -4300.183
17 -4213.379 -4214.956
37 -4280.796 -4280.679
39 -4291.094 -4292.227
42 -4192.433 -4182.874
45 -4287.251 -4284.316
48 -4182.609 -4167.767
51 -4302.102 -4296.763
52 -4322.895 -4325.669
53 -4325.29 -4325.853
55 -4195.073 -4202.512
57 -4193.896 -4194.755
58 -4240.757 -4238.39
65 -4318.138 -4316.932
66 -4177.142 -4173.584
75 -4297.559 -4295.249
78 -4338.443 -4348.989
83 -4280.154 -4275.02
85 -4189.199 -4183.59
113 -4332.107 -4327.904
116 -4267.052 -4262.416
117 -4245.533 -4249.948
120 -4294.38 -4291.145
121 -4249.724 -4246.24
125 -4361.823 -4352.455
126 -4345.384 -4346.813
135 -4369.941 -4372.915
136 -4224.625 -4226.128
140 -4289.679 -4292.926
141 -4220.157 -4220.123
145 -4204.371 -4197.937
147 -4213.125 -4211.379
149 -4303.898 -4305.11
152 -4265.034 -4260.682
153 -4300.939 -4292.047
157 -4303.7 -4307.249
159 -4308.251 -4306.366
166 -4323.464 -4312.708
171 -4298.371 -4291.83
173 -4227.32 -4227.272
174 -4235.098 -4243.123
175 -4290.549 -4286.678
178 -4267.849 -4267.412
182 -4300.509 -4297.834
185 -4279.912 -4274.733
186 -4254.409 -4252.941
189 -4339.816 -4340.123
191 -4239.817 -4239.242
192 -4269.949 -4268.459
193 -4317.042 -4320.6
195 -4264.128 -4257.527
196 -4366.598 -4363.424
199 -4328.998 -4327.53
202 -4356.789 -4352.792
205 -4317.106 -4323.785
206 -4304.219 -4307.933
207 -4300.312 -4297.224
208 -4229.394 -4226.534
211 -4160.223 -4157.34
212 -4358.855 -4354.199
214 -4222.802 -4220.306
217 -4254.403 -4250.213
218 -4260.875 -4258.77
255 -4332.721 -4330.242
259 -4287.735 -4290.552
265 -4256.214 -4255.236
266 -4364.307 -4375.532
302 -4212.242 -4209.442
304 -4225.738 -4216.963
309 -4242.4 -4239.986
313 -4263.653 -4265.322
314 -4322.527 -4327.415
351 -4288.046 -4292.427
352 -4296.863 -4290.401
357 -4299.489 -4294.217
361 -4258.661 -4255.609
365 -4311.417 -4304.305
366 -4255.188 -4251.164
369 -4265.129 -4255.124
501 -4184.885 -4178.122
505 -4342.081 -4338.629
508 -4308.543 -4306.191
509 -4366.57 -4362.261
515 -4225.492 -4230.148
518 -4305.387 -4306.388
551 -4290.754 -4299.898
553 -4297.682 -4297.052
554 -4258.922 -4260.224
555 -4306.172 -4307.006
556 -4252.458 -4247.588
559 -4264.592 -4267.937
562 -4209.949 -4211.339
563 -4225.302 -4218.899
564 -4303.666 -4303.375
565 -4232.195 -4232.339
568 -4337.873 -4335.839
570 -4227.039 -4220.188
