2 5.808102 5.828377
4 5.300729 5.401028
10 5.494236 5.70561
11 5.69846 5.820834
17 5.870669 5.977793
37 27.13733 27.00871
39 27.82674 27.686
42 21.53954 21.66361
45 27.2868 27.06146
48 21.03638 20.61011
51 25.89794 25.78835
52 30.78346 30.85297
53 27.70757 27.5817
55 24.45106 24.961
57 22.97015 23.29851
58 23.77105 23.76028
65 29.92388 29.67688
66 20.35853 20.15771
75 26.58931 26.789
78 31.64846 31.54551
83 22.35005 22.77837
85 21.21169 21.26263
113 31.5523 31.75778
116 25.26668 25.44196
117 23.83569 23.66036
120 26.3217 26.3192
121 22.8864 22.79006
125 27.0268 27.30392
126 30.69305 30.59494
135 31.84886 31.6537
136 25.78878 25.95383
140 26.39334 26.61164
141 21.66812 21.914
145 22.90845 22.9606
147 22.91116 22.90336
149 27.89096 27.86282
152 23.76449 23.69673
153 26.03566 25.94845
157 29.35085 29.57796
159 31.36579 31.34524
166 28.00471 27.90434
171 26.73014 26.50033
173 24.82811 24.62835
174 25.18118 25.19347
175 26.02024 25.94955
178 25.49905 25.74337
182 28.3649 28.54512
185 25.33059 25.58551
186 25.60059 25.53054
189 32.42648 32.55879
191 24.20888 24.07692
192 28.14641 28.07427
193 29.01125 29.17033
195 27.546 27.61445
196 31.10581 31.61381
199 28.96797 28.70892
202 32.38618 32.00685
205 27.86595 27.53615
206 28.39182 28.23459
207 26.15463 25.87706
208 26.51839 26.17901
211 19.09331 19.13155
212 28.3386 28.09051
214 23.24247 23.14752
217 24.54753 24.24592
218 22.52972 22.57445
255 30.96091 31.03693
259 27.17346 27.35959
265 25.8618 25.7061
266 29.84453 29.96009
302 25.03953 24.8049
304 22.69121 22.58586
309 22.53057 22.87781
313 21.96176 21.98735
314 28.42116 28.23892
351 28.09026 28.17951
352 28.33855 28.53576
357 27.18983 27.51671
361 28.00264 28.06698
365 28.98913 28.98813
366 24.0201 24.1382
369 22.02324 21.70653
501 22.07037 21.884
505 28.74142 28.78821
508 27.66229 27.59884
509 30.64916 30.63276
515 23.10715 23.44811
518 27.36027 27.34079
551 27.3197 27.57111
553 26.37855 26.50946
554 22.27475 22.4438
555 27.70214 27.97358
556 24.33923 24.3426
559 22.65533 22.5019
562 26.09302 25.87874
563 23.97339 23.72366
564 27.38184 26.95804
565 24.69688 25.06856
568 29.82903 30.04168
570 22.95889 22.93988
