2 0.2640444 0.2651548
4 0.2446227 0.2477189
10 0.2572989 0.2672784
11 0.2630792 0.267262
17 0.2740687 0.2769526
37 1.607301 1.600487
39 1.686837 1.679397
42 1.293341 1.298605
45 1.635823 1.621983
48 1.266104 1.247895
51 1.5626 1.55641
52 1.863544 1.871175
53 1.689115 1.683569
55 1.471263 1.495966
57 1.386435 1.400811
58 1.405778 1.404235
65 1.806485 1.795291
66 1.213316 1.204882
75 1.596991 1.612871
78 1.909582 1.90797
83 1.330883 1.349385
85 1.284077 1.284779
113 1.86804 1.877003
116 1.523573 1.53271
117 1.434579 1.423743
120 1.60647 1.605607
121 1.371586 1.368139
125 1.631521 1.645428
126 1.843187 1.840267
135 1.949914 1.935431
136 1.557185 1.563922
140 1.608312 1.619415
141 1.315845 1.328966
145 1.370291 1.372787
147 1.36992 1.366811
149 1.87105 1.868163
152 1.426696 1.424653
153 1.564452 1.561694
157 1.756221 1.769701
159 1.88387 1.885102
166 1.699888 1.696094
171 1.603791 1.591158
173 1.510402 1.500206
174 1.537539 1.537175
175 1.563504 1.565218
178 1.53268 1.545071
182 1.698239 1.706618
185 1.530525 1.538952
186 1.536475 1.536037
189 1.949973 1.957479
191 1.429694 1.421413
192 1.69099 1.684759
193 1.743681 1.754615
195 1.667425 1.666961
196 1.978602 2.003789
199 1.746208 1.732707
202 1.924042 1.905358
205 1.670991 1.653119
206 1.735328 1.727152
207 1.586437 1.575813
208 2.321834 2.212974
211 1.144179 1.144814
212 1.722925 1.710972
214 1.391134 1.388223
217 1.466165 1.452938
218 1.349451 1.351733
255 1.858673 1.861312
259 1.650179 1.659001
265 1.544567 1.538589
266 1.8339 1.83703
302 1.515613 1.502773
304 1.347936 1.346894
309 1.371849 1.393901
313 1.31465 1.316073
314 1.728999 1.717979
351 1.70237 1.705708
352 1.705472 1.711996
357 1.63139 1.647313
361 1.692496 1.694151
365 1.729312 1.730721
366 1.457172 1.466274
369 1.32714 1.314707
501 1.308906 1.301397
505 1.734517 1.734666
508 1.64434 1.637565
509 1.846847 1.844975
515 1.375297 1.389745
518 1.667629 1.669716
551 1.736768 1.760193
553 1.590962 1.599618
554 1.336674 1.348101
555 1.667342 1.68214
556 1.459757 1.459062
559 1.360119 1.352469
562 1.560041 1.550526
563 1.418529 1.406147
564 1.631218 1.61181
565 1.570374 1.59153
568 1.800656 1.80861
570 1.36787 1.363225
