2 27.4504 2.052032 -0.5010456 4.181207 2.488303 45.89216 -5.745431 -0.9083241 -0.05049836 0.2091025
4 26.93247 2.037631 -0.5139918 4.148331 2.348217 54.9537 -5.165236 -0.9887344 -0.03700268 0.1794934
10 27.18772 2.029746 -0.5189594 4.290274 1.734858 52.3602 -5.283715 -1.063055 -0.05404643 0.1932123
11 27.26281 2.080615 -0.5186815 4.568089 1.839858 39.47989 -5.452483 -1.138099 -0.04617622 0.2039871
17 27.37776 2.098958 -0.5143605 4.425042 2.172976 200 -5.469024 -0.9566106 -0.05330686 0.2127869
37 27.5597 2.063204 -0.4999474 4.557346 2.192867 196.0716 -5.636664 -1.081709 -0.05466289 0.2153906
39 27.24028 2.089903 -0.5130126 4.249737 1.819533 24.94235 -5.145416 -0.6578772 -0.04800362 0.1830329
42 27.46182 2.164686 -0.5133644 4.034629 2.106998 22.30933 -5.260288 -0.8648506 -0.0554434 0.2118584
45 27.35329 2.00143 -0.4859817 4.303911 2.387124 39.09363 -5.156517 -1.158176 -0.05918126 0.2022889
48 27.13169 2.079497 -0.5131793 4.084016 2.265865 33.23673 -5.335292 -0.8232461 -0.06869861 0.2275424
51 27.1197 2.058314 -0.5157069 4.443806 2.093396 32.41423 -5.363022 -1.069605 -0.0446359 0.1987248
52 27.06293 2.093346 -0.5185617 4.354989 1.827559 44.79279 -5.868104 -0.6201982 -0.04945172 0.2085302
53 26.99562 2.009493 -0.5179581 4.486796 1.933058 33.65543 -5.876677 -0.7124936 -0.05904745 0.2198934
55 27.32558 2.136277 -0.5207191 3.949966 1.789702 27.15767 -5.405601 -0.108766 -0.04654703 0.1882407
57 27.28548 2.131083 -0.5199412 4.266816 2.230316 200 -5.050484 -0.9164187 -0.04435129 0.1903712
58 27.56689 2.096198 -0.5051131 4.090967 2.119861 23.07656 -5.35493 -0.6064529 -0.04863507 0.1994126
65 27.35483 2.026176 -0.4880079 4.402587 1.883318 43.17103 -5.386334 -0.8400986 -0.04963749 0.1932421
66 27.14422 2.025158 -0.5112639 3.981353 1.718573 20.60492 -5.334025 -0.8051247 -0.05052714 0.2113467
75 27.56918 2.013614 -0.4934899 4.510967 2.202788 50.07861 -5.41338 -0.3671015 -0.05065125 0.1920882
78 27.13941 2.027149 -0.5102285 4.286266 1.907349 31.50992 -5.54319 -0.6186717 -0.04043067 0.1873769
83 27.47814 2.050906 -0.4881497 4.316544 1.935434 18.69572 -4.858488 -0.7500884 -0.05173629 0.1908197
85 27.14072 2.099945 -0.5269731 4.005179 2.100565 23.63071 -5.270566 -0.6351179 -0.05014225 0.204088
113 27.33831 2.004686 -0.5044092 4.250858 1.950577 31.97567 -5.517098 -0.4804956 -0.06024253 0.200795
116 27.4547 2.073492 -0.4947477 4.526635 1.910207 69.77636 -5.429024 -0.4875032 -0.04797449 0.1967027
117 27.26172 2.132373 -0.5097834 4.108004 2.842449 26.22586 -5.263185 -0.9131119 -0.05618424 0.2075878
120 27.20222 2.088515 -0.5072835 4.68724 1.519369 71.76568 -5.317989 -1.078123 -0.04796481 0.1996594
121 27.55499 2.046214 -0.4952188 4.267159 2.278112 30.68809 -5.283732 -0.5109428 -0.04210911 0.1917271
125 27.22961 2.032092 -0.4872596 4.653077 2.1489 30.3459 -5.109236 -0.951312 -0.02928717 0.1705017
126 27.3107 2.059334 -0.4991274 4.285751 1.862342 28.8246 -5.679322 -0.1776889 -0.05797684 0.2024138
135 27.05472 2.063091 -0.5010017 4.530056 1.289622 23.61904 -4.806465 -1.053547 -0.0558391 0.1790878
136 27.14616 2.089841 -0.520792 3.949052 1.586723 21.01415 -5.229975 -0.1003404 -0.04075002 0.1745637
140 27.06939 2.074863 -0.5040807 4.248281 2.261594 27.76318 -5.377489 -0.9524555 -0.04590107 0.195954
141 27.15383 2.108804 -0.5150794 4.370774 2.109886 44.56439 -5.485789 -1.127637 -0.05288546 0.2206386
145 27.33499 2.023006 -0.5129266 4.097627 1.617484 24.10984 -5.089435 -1.3382 -0.04057879 0.1939758
147 27.36436 2.072238 -0.5153217 4.03307 2.011174 26.38293 -5.003007 -0.9638009 -0.03271179 0.179498
149 27.05051 2.020524 -0.5170039 4.259218 1.950009 26.0098 -5.253506 -1.095531 -0.0534309 0.1963863
152 27.35708 2.064637 -0.5014259 4.425055 1.612572 30.26634 -5.472262 -0.3545195 -0.04364666 0.1951035
153 27.22699 2.079165 -0.5182482 4.352485 1.818551 24.48193 -5.234054 -0.3266166 -0.04585319 0.1820929
157 27.00703 2.008715 -0.5104248 4.126672 1.562522 25.11673 -4.959089 -0.6536607 -0.04518926 0.1729134
159 27.32059 2.089265 -0.5114242 4.306922 2.514612 86.91 -5.315203 -0.7304053 -0.06892625 0.206312
166 27.08495 2.080933 -0.516679 4.624477 1.725685 50.19814 -5.55709 -0.7736459 -0.03622408 0.1879464
171 27.21742 2.069395 -0.5132229 4.42436 2.229047 50.0232 -5.601294 -0.7634787 -0.05253271 0.2050036
173 27.28238 2.128909 -0.5095029 4.082771 2.013694 28.92349 -5.164743 -1.207792 -0.05121815 0.2012888
174 26.94963 2.0756 -0.5222504 4.403863 1.707545 78.55221 -5.368822 -0.9270361 -0.04764508 0.1997295
175 27.15506 2.008288 -0.4946069 4.535555 2.044026 68.23417 -5.62472 -0.6042783 -0.04936053 0.2039012
178 27.40954 2.076376 -0.5067559 4.180089 1.867255 23.56263 -5.09075 -1.170339 -0.04494552 0.1910378
182 27.5699 2.072884 -0.4907385 4.659793 1.451074 56.08157 -5.085066 -0.7164217 -0.06500552 0.1962958
185 27.35653 2.02783 -0.503126 4.468382 1.87875 49.06149 -5.273552 -0.4872153 -0.03046378 0.1733594
186 27.43779 2.101367 -0.497884 4.118234 1.87755 21.41747 -5.260054 -0.612387 -0.06593141 0.2080726
189 27.25311 2.016803 -0.4835691 4.195484 1.968711 25.37711 -5.666379 -0.5588979 -0.05496408 0.2032328
191 27.70018 2.106822 -0.5060511 4.298059 2.176071 36.1943 -5.307652 -0.8069219 -0.0557791 0.2067023
192 27.21752 2.07741 -0.5015828 4.100128 2.141092 28.01886 -5.312776 -0.8250161 -0.05669885 0.1994669
193 27.46415 2.038692 -0.4874769 4.57293 1.674548 52.73088 -5.232746 -0.8391704 -0.04483545 0.1839519
195 27.16691 2.144866 -0.5319852 4.00795 1.689629 20.46035 -4.960342 -0.8636905 -0.05101669 0.1813746
196 27.12384 2.054873 -0.5061518 4.672759 2.061714 112.4197 -5.273514 -0.7376512 -0.06282563 0.200803
199 27.12559 2.062171 -0.5198153 4.179581 2.060677 19.41317 -5.57097 -0.6505215 -0.05483558 0.2029124
202 27.58189 2.027253 -0.4967032 4.422732 2.014319 32.6861 -5.42458 -1.104428 -0.05271131 0.1962507
205 27.49414 2.102176 -0.5087146 4.568676 2.051692 58.25145 -5.631028 -0.171978 -0.05073328 0.1956087
206 26.96582 1.982833 -0.5083357 4.4383 1.88188 57.17927 -5.815226 -0.8290717 -0.05844873 0.2191602
207 27.00809 2.018072 -0.5178042 4.476974 2.308844 53.16993 -5.747607 -0.6305114 -0.05512896 0.2128584
208 27.24298 2.104842 -0.5154841 3.975252 1.839625 26.07834 -5.619241 -1.401048 -0.0522938 0.2171393
211 27.43638 2.022238 -0.5028642 3.905664 1.529578 15.45902 -4.791026 -0.6534167 -0.06010103 0.1997714
212 26.88422 2.067788 -0.5296553 4.671062 1.87335 49.44588 -5.011089 -0.6674827 -0.0463502 0.1766135
214 27.48924 2.042203 -0.494955 4.05261 2.4346 26.79018 -5.475457 -0.6494558 -0.04245711 0.2011334
217 27.54473 2.036979 -0.4942374 4.420215 1.829367 44.11708 -5.241589 -0.6023574 -0.06414039 0.2078088
218 27.32726 1.964929 -0.493175 4.292059 2.064612 24.6354 -5.462639 -0.6170449 -0.05011958 0.2081715
255 27.3052 2.104309 -0.5122705 4.574498 1.919118 162.2857 -4.964048 -0.7754822 -0.04841378 0.175444
259 26.8609 2.026754 -0.5176975 4.275704 2.219138 43.51901 -5.249469 -1.074564 -0.0496069 0.1954096
265 27.8397 2.103985 -0.4910336 4.200551 2.191083 30.66379 -5.135425 -0.604349 -0.05332873 0.1910634
266 26.85849 2.029227 -0.5155849 4.573681 2.039794 41.87326 -4.837851 -1.143934 -0.05460279 0.181341
302 27.24389 2.16337 -0.5205713 3.947099 2.071705 28.19985 -5.472525 -0.8595754 -0.04851514 0.2039313
304 27.48078 2.025687 -0.4985066 3.973994 2.267012 20.46719 -5.616998 -0.5277765 -0.05189076 0.213369
309 27.2446 2.047324 -0.5086811 4.263073 2.233025 35.61134 -5.216684 0.06458856 -0.05100201 0.1870138
313 27.37789 2.138954 -0.5240192 4.099447 2.009413 14.96206 -5.535234 -0.6626082 -0.04396916 0.2067807
314 27.04062 2.05715 -0.5135216 4.619425 2.120785 65.37935 -5.479509 -0.7114784 -0.0577539 0.2043019
351 27.18618 2.096928 -0.5109891 4.329213 1.887665 48.04527 -5.402111 -0.8007972 -0.02828031 0.1748025
352 27.22212 2.103606 -0.5001893 4.361814 1.790331 39.42343 -4.977496 -0.87406 -0.03499118 0.1671524
357 27.27505 2.014289 -0.5094395 4.380865 2.039784 40.96566 -5.199899 -0.8941438 -0.05522626 0.1945118
361 27.04559 2.057735 -0.53615 4.260703 1.30682 45.68804 -5.601098 -0.7977043 -0.04903427 0.2015577
365 27.39534 2.040788 -0.4982665 4.31733 1.956978 28.46602 -5.484307 -0.6839476 -0.0600601 0.2047682
366 27.27985 2.022469 -0.4960647 4.227111 2.030816 23.77146 -5.514281 -1.242371 -0.06096051 0.2240335
369 27.36187 2.086096 -0.5148986 4.196195 1.962647 17.38597 -5.676045 -0.2957085 -0.04683791 0.209698
501 27.4237 2.059101 -0.5059879 3.738155 2.616755 15.02634 -5.340887 -1.451591 -0.0614917 0.2247619
505 27.03359 2.042598 -0.5003762 4.329714 2.148618 29.96064 -4.991141 -0.6005339 -0.04145172 0.1710867
508 27.29513 2.029006 -0.5080498 4.465913 1.703543 32.7211 -5.123402 -0.8194788 -0.05849252 0.192868
509 27.20879 2.108996 -0.5234413 4.807525 1.769296 170.9392 -5.134774 -0.5704453 -0.05822203 0.1883488
515 27.54321 2.143898 -0.5113108 4.148779 1.868157 32.23672 -5.176685 -0.1429789 -0.04569547 0.1839376
518 27.35298 2.019581 -0.4902248 4.285799 2.017094 28.31898 -4.889215 -0.9871733 -0.04868163 0.1805433
551 27.14713 2.078552 -0.5060017 4.010983 2.468187 18.98309 -5.34882 -0.499152 -0.06975857 0.209068
553 27.14821 2.080211 -0.5190267 4.257603 2.400722 26.54466 -5.204033 -1.051019 -0.04277142 0.189322
554 27.24244 2.059711 -0.5049864 4.262376 2.753116 26.7208 -5.350917 -0.9556215 -0.05325073 0.2120881
555 27.18898 2.009231 -0.5055585 4.294084 2.245025 36.23914 -5.483176 -0.6762161 -0.05562693 0.2018089
556 27.47241 2.048945 -0.483335 3.929824 2.58478 18.37479 -5.276898 -0.3756193 -0.04822408 0.1916787
559 27.27495 2.061484 -0.4846652 4.294965 1.990817 23.83273 -5.252537 -0.6475335 -0.05019061 0.2025761
562 27.32187 2.02774 -0.4957466 3.834716 2.00594 21.69146 -5.148352 -0.3291909 -0.04794059 0.1809182
563 27.29335 2.047089 -0.5042519 4.287651 2.13203 52.37565 -5.207606 -1.322311 -0.03703265 0.193477
564 27.5262 2.075682 -0.5053825 4.355352 1.652723 24.62103 -5.413828 -0.3014054 -0.05799945 0.1968604
565 26.77507 2.077513 -0.5227479 4.208677 1.906665 50.8933 -5.189702 -0.8083824 -0.04855663 0.192436
568 27.12327 2.036017 -0.5173373 4.630785 1.958489 92.7075 -5.308659 -0.9176267 -0.06254727 0.2032517
570 27.49174 2.08158 -0.514235 4.298556 1.970414 39.34711 -5.208408 -0.9729693 -0.03901489 0.1923144
