2 0.1774999 0.03489909 0.00981362 0.3264753 0.1509898 0.4699936 0.147888 0.01986901 0.02867537
4 0.1730104 0.03479159 0.01005318 0.3319364 0.1470677 0.4527912 0.1492099 0.01974534 0.02813419
10 0.1617929 0.03528243 0.01019164 0.2657931 0.1518087 0.4967159 0.1611268 0.02105589 0.03078722
11 0.1730867 0.03734961 0.01048224 0.3018502 0.1654668 0.4499998 0.145007 0.01850801 0.02687229
17 0.1734823 0.03620085 0.01003458 0.3118244 0.1550986 0.4417463 0.1365939 0.0184275 0.02696898
37 0.1763043 0.0355952 0.01002501 0.2933707 0.1584863 0.5189804 0.3613818 0.0242191 0.03384022
39 0.1693525 0.03656329 0.01029738 0.2654112 0.1606721 0.4098481 NaN NaN NaN
42 0.1776149 0.0373002 0.009938461 0.3242654 0.1559593 0.3920379 0.184285 0.02239703 0.02806624
45 0.1840888 0.03371 0.009969124 0.3204945 0.1558015 0.5816809 0.4014869 0.03050057 0.0428152
48 0.1713302 0.03559176 0.01009761 0.2947207 0.1508266 0.3937204 0.2035036 0.02344414 0.02933879
51 0.1745827 0.03681991 0.01056281 0.2931474 0.1654017 0.5900653 0.4995558 0.02521469 0.03715543
52 0.1640806 0.03714129 0.01029806 0.2633833 0.1565879 0.466492 NaN NaN 0.01925273
53 0.1682451 0.03643053 0.0106629 0.2858381 0.1633904 0.4343816 NaN NaN 0.008428786
55 0.167922 0.0376718 0.009890069 0.2991445 0.1489195 0.4246228 0.15575 0.03175681 0.03828809
57 0.1713099 0.03691455 0.009886842 0.321176 0.1485412 0.4372449 0.3294085 0.02823614 0.03192119
58 0.179458 0.0364634 0.01002423 0.3070584 0.1572773 0.3963709 0.2318669 0.03202265 0.03639794
65 0.1784239 0.03508038 0.0101082 0.2739374 0.1594823 0.4830626 0.2436082 0.03485837 0.04314597
66 0.1663091 0.03488327 0.01027081 0.2626322 0.1562107 0.3933497 0.2077507 0.02257719 0.0280417
75 0.1812517 0.03544731 0.0100554 0.3245706 0.1611932 0.4262509 0.4970049 0.09158731 0.09826333
78 0.1701196 0.03541216 0.0103188 0.2844281 0.1584913 0.4501312 NaN NaN 0.01888922
83 0.190663 0.03661153 0.01019221 0.3448016 0.1661163 0.3796096 0.2476999 0.02796237 0.03151073
85 0.1680489 0.036916 0.01019311 0.3059712 0.152953 0.3913111 0.2231657 0.02751825 0.03224901
113 0.1721269 0.0343849 0.01008671 0.3021511 0.1538313 0.4534475 NaN NaN NaN
116 0.178815 0.03613647 0.01001418 0.2869843 0.1605997 0.396813 0.3001038 0.03790887 0.04170452
117 0.1890798 0.03653002 0.01007677 0.3956608 0.1558407 0.4406225 0.4875258 0.04466942 0.04347291
120 0.169707 0.03713301 0.01040333 0.2493083 0.1661888 NaN NaN 0.02149195 0.006965069
121 0.1804403 0.03608549 0.01010228 0.2987333 0.1619746 0.3845332 0.1973081 0.02600674 0.03104017
125 0.1893797 0.03722115 0.01044641 0.3319635 0.1717877 0.4937896 0.3510378 0.02316475 0.03145313
126 0.1749257 0.03545765 0.01022489 0.2726039 0.1608513 0.2825413 0.2567249 0.09385241 0.01331398
135 0.1696471 0.03678379 0.01061723 0.2341288 0.169523 NaN NaN 0.01172779 NaN
136 0.1636962 0.03641575 0.01016821 0.2652251 0.1537089 0.4239878 0.2131842 0.05128494 0.05590004
140 0.1818927 0.03681187 0.01025214 0.345516 0.1604229 0.5148351 1.169991 0.1287628 0.1202806
141 0.1769011 0.0381543 0.01028348 0.3241008 0.1597829 0.4367144 0.279312 0.02286369 0.02843346
145 0.1643395 0.03512142 0.01013137 0.2678896 0.1540371 0.4659342 0.3297383 0.02063383 0.02852075
147 0.1718384 0.03535831 0.01005143 0.3024011 0.1540306 0.4086172 0.2538225 0.02346833 0.02861901
149 0.17039 0.03619696 0.01045326 0.293866 0.1598748 NaN NaN 0.01677673 NaN
152 0.1702015 0.03663447 0.01033407 0.2460621 0.1653799 0.3972577 0.2057558 0.03165639 0.03671684
153 0.1669245 0.03714239 0.01046382 0.265004 0.1626095 0.3908037 NaN NaN NaN
157 0.1628207 0.03537139 0.01028956 0.2501417 0.1550961 0.4181393 NaN NaN NaN
159 0.173714 0.03556662 0.00994427 0.3153986 0.1507858 0.347687 NaN 0.009588181 0.02984722
166 0.1640883 0.0377873 0.01055321 0.2517264 0.1652611 0.4401164 NaN NaN NaN
171 0.1736378 0.0359097 0.01024511 0.3034994 0.1574795 0.414526 NaN NaN NaN
173 0.172717 0.03660538 0.009977811 0.2899687 0.1531015 0.5009344 0.3449322 0.02321212 0.03279986
174 0.1620996 0.03673568 0.0103853 0.2596013 0.1564881 0.4349787 NaN NaN NaN
175 0.1742155 0.03576452 0.01027289 0.2698507 0.1607209 0.4046266 NaN NaN NaN
178 0.17295 0.03648565 0.01005888 0.2924177 0.1573534 1.097404 1.088578 0.03023557 0.05654011
182 0.1759059 0.03631049 0.01013969 0.2518284 0.1659034 0.4079185 NaN NaN NaN
185 0.1778064 0.03505571 0.01016017 0.3165709 0.1586053 0.4221314 NaN NaN NaN
186 0.1761453 0.03657947 0.01002079 0.2774002 0.1575039 0.3941686 NaN NaN NaN
189 0.1797731 0.03498563 0.01002254 0.2920816 0.1564474 0.4395324 0.01129109 NaN NaN
191 0.1766947 0.03635452 0.01000084 0.3060182 0.1574494 0.4084547 0.2568612 0.02571964 0.03034655
192 0.1783779 0.03520744 0.009919406 0.3202339 0.152447 0.2683863 NaN NaN 0.02191586
193 0.1763237 0.03611364 0.01017699 0.254206 0.1667797 0.4305534 0.4537096 0.05281177 0.0541232
195 0.1604909 0.03765638 0.01023253 0.2636085 0.1549066 0.4172465 NaN NaN 0.01162165
196 0.1758303 0.03716768 0.01034662 0.3101317 0.1619429 0.4290567 NaN NaN 0.02407558
199 0.1693413 0.03607265 0.01046392 0.2904652 0.1604292 0.4385536 NaN NaN NaN
202 0.1754456 0.03498899 0.01016751 0.2826359 0.1611925 NaN NaN NaN NaN
205 0.1772102 0.03655255 0.0102217 0.3057648 0.1624914 0.4414003 0.2253031 0.04709147 0.05407242
206 0.1696832 0.03494566 0.01046073 0.2736922 0.1578326 0.4171642 NaN 0.01991408 0.03228075
207 0.169894 0.03583785 0.01056421 0.2992352 0.1610418 0.4200387 NaN NaN NaN
208 0.1636184 0.03576779 0.00998723 0.2622149 0.1497618 0.5785068 0.3720538 0.03102688 0.04345065
211 0.1737326 0.03548937 0.01028287 0.2704518 0.1621693 0.3701726 0.164417 0.02278026 0.02857673
212 0.1643841 0.03793637 0.01088777 0.2655944 0.1679616 0.4056712 NaN NaN 0.01082952
214 0.1830774 0.03447266 0.009850512 0.3434595 0.1535705 0.3961186 0.2431232 0.03236319 0.03636969
217 0.1752158 0.03537531 0.01010656 0.2695979 0.1601047 0.3857573 0.2869505 0.03759932 0.04034754
218 0.1814122 0.03439635 0.01035084 0.3059312 0.1661441 0.4054708 0.3523283 0.0466683 0.04859926
255 0.1696478 0.03702892 0.01014896 0.2806737 0.1577395 0.5850758 0.5594688 0.0344381 0.03931633
259 0.1731292 0.03563686 0.0103478 0.3278612 0.1550821 0.1441755 NaN 0.02213367 0.02398022
265 0.1838756 0.0358048 0.009821048 0.3046498 0.1580458 0.3977345 0.7822897 0.1123584 0.1104722
266 0.1768171 0.03680836 0.01072368 0.3321526 0.1652663 0.2617405 NaN 0.02434695 0.02907668
302 0.1649816 0.03646262 0.009863235 0.2796978 0.1495622 0.2949419 NaN NaN NaN
304 0.1745803 0.03471757 0.009972755 0.2912159 0.1539856 0.3961525 0.2792416 0.02892414 0.03264967
309 0.1745597 0.03670947 0.01017061 0.3211725 0.1571668 0.3841173 0.1286363 0.02278668 0.02907627
313 0.1757324 0.03848847 0.01050395 0.331143 0.1664635 0.409275 0.2152542 0.02816193 0.03329416
314 0.1718599 0.03700907 0.01052384 0.2920481 0.1623282 0.4117139 NaN NaN 0.01411815
351 0.1707619 0.0365627 0.01013919 0.2885372 0.1569072 0.4575654 0.456439 0.052505 0.05638283
352 0.1772831 0.03616549 0.0100484 0.2940116 0.158273 0.4660785 0.4358157 0.03852144 0.0400369
357 0.1724952 0.03539304 0.01026066 0.3062775 0.1588662 0.4297996 NaN NaN 0.008975319
361 0.1505433 0.03627352 0.01043024 0.2189552 0.152892 0.4114137 NaN 0.02384883 0.0326017
365 0.1734623 0.03547878 0.0100991 0.2804575 0.1581036 0.4270348 NaN NaN NaN
366 0.1746253 0.035688 0.01022164 0.2782861 0.1604638 0.534481 0.4896226 0.0219299 0.02829375
369 0.1705339 0.03699576 0.01048993 0.274681 0.1669422 0.3922929 0.137657 0.02193 0.02854112
501 0.1797225 0.03488817 0.009924671 0.3454088 0.150908 0.4463332 0.2497761 0.02043505 0.02908566
505 0.1784094 0.0356948 0.01028383 0.3076393 0.1603454 0.4066821 NaN NaN NaN
508 0.1713461 0.0355529 0.0103933 0.2772554 0.1625076 0.414001 NaN NaN 0.01351614
509 0.1665432 0.03804747 0.01050054 0.2772989 0.1643921 0.4020388 0.09235569 NaN 0.008416562
515 0.1758729 0.03706982 0.00995692 0.3091728 0.1584607 0.4000257 0.1369892 0.02479006 0.03118379
518 0.1821394 0.03535063 0.01014911 0.3081327 0.1612403 1.225463 1.151893 0.04339042 0.07398913
551 0.1794879 0.03686349 0.01016951 0.3401873 0.1584584 0.3997578 NaN NaN NaN
553 0.1746573 0.03726956 0.01032907 0.3365332 0.1596237 NaN NaN 0.005630028 NaN
554 0.1879122 0.03683379 0.01030786 0.3795294 0.1630606 0.4166903 0.2747048 0.02149755 0.02708421
555 0.1757009 0.03572526 0.01027593 0.3106211 0.1587758 0.4290947 NaN NaN NaN
556 0.19644 0.03456199 0.009790768 0.3817626 0.1541861 0.3835907 0.2181816 0.03813804 0.04253591
559 0.1910911 0.03634679 0.01025152 0.3154507 0.1658489 0.3832507 0.2266376 0.0297966 0.03367781
562 0.1738394 0.03348187 0.009804957 0.3013998 0.1470046 0.3815037 NaN NaN NaN
563 0.1731951 0.03419893 0.01002467 0.2889842 0.1540388 0.5239976 0.3941619 0.02119864 0.0311275
564 0.1708174 0.03641075 0.01028442 0.2539278 0.1621189 0.3931076 NaN NaN NaN
565 0.1663497 0.03719751 0.0102772 0.2981011 0.1520867 0.4420792 NaN NaN NaN
568 0.1699553 0.03605696 0.01044635 0.2963836 0.1612798 0.9421205 0.8397526 0.04824295 0.06972077
570 0.1731432 0.03604925 0.01010092 0.3025945 0.1569229 0.427622 0.2612022 0.02312628 0.02853714
