2 0.178793 0.0344901 0.009762812 0.3301814 0.1693665 21.47625 0.4727261 0.1480535 0.02005109 0.02888387
4 0.1709692 0.03491139 0.01003381 0.314346 0.1692074 32.71114 0.4365829 0.1484894 0.01954907 0.02765337
10 0.1607333 0.03511175 0.01020735 0.2547522 0.1684373 24.24039 0.4834152 0.1610603 0.02091952 0.03040904
11 0.1677444 0.03743291 0.01051578 0.2675788 0.1915849 18.10702 0.4456082 0.1448412 0.01835315 0.02671897
17 0.1703724 0.03644525 0.01002527 0.2998388 0.1631383 166.6375 0.4343423 0.1360579 0.01841254 0.02685961
37 0.1790493 0.03578312 0.009995082 0.3048539 0.1753134 263.4235 0.5337384 0.3854958 0.02297749 0.03223573
39 0.1669911 0.03690306 0.01018545 0.2640677 0.1911348 8.194519 0.412927 NaN NaN NaN
42 0.1722034 0.03735265 0.009824723 0.2898512 0.1905983 7.476204 0.3869462 0.1761115 0.02138923 0.02739035
45 0.1835883 0.03405467 0.009912298 0.3281763 0.1844171 19.85751 0.5987757 0.4338723 0.03262141 0.04528608
48 0.1730443 0.03621998 0.01002179 0.3037166 0.1789724 14.61434 0.3969561 0.2232513 0.02244501 0.02803348
51 0.1717674 0.03694908 0.01048329 0.2935737 0.1905341 12.66517 0.5712867 0.4540101 0.02496095 0.03631533
52 0.1650578 0.0369003 0.01023246 0.2649072 0.1858592 26.55403 0.4682401 NaN NaN 0.02076795
53 0.1684289 0.0362537 0.0106249 0.2773297 0.188948 12.74796 0.4644808 NaN NaN 0.01250117
55 0.1620111 0.03621244 0.009736266 0.2542793 0.1747761 9.788269 0.4050532 0.1583144 0.0314795 0.03726277
57 0.1696468 0.03681768 0.009897363 0.3029569 0.1695408 337.2129 0.4060095 0.2496952 0.02462504 0.02969857
58 0.1745549 0.03583774 0.00981029 0.2940153 0.1875454 7.411841 0.3960411 0.2362793 0.03231721 0.03656541
65 0.1774411 0.03471224 0.01000052 0.2731176 0.1832649 21.57692 0.5137265 0.2620847 0.04037449 0.0494064
66 0.1641886 0.03506644 0.01001019 0.2527897 0.184584 5.838679 0.394403 0.2197435 0.02346888 0.02849124
75 0.1816561 0.03487549 0.01010487 0.3096798 0.1836362 27.58762 0.4350732 0.5735071 0.1156851 0.1208689
78 0.1677458 0.03530675 0.01018458 0.2721187 0.1840284 12.28759 0.4571487 NaN NaN 0.01941237
83 0.1821269 0.03622713 0.01012783 0.2838594 0.2057092 5.428569 0.3709157 0.2262802 0.0261336 0.02987368
85 0.1654458 0.03649486 0.01004491 0.289113 0.1863037 8.275572 0.3882386 0.2245172 0.02703341 0.0316799
113 0.1692096 0.03428464 0.01001438 0.2734592 0.1814711 12.39936 0.4388255 NaN NaN NaN
116 0.1781369 0.03651368 0.01008495 0.2787881 0.1915307 62.05404 0.4076606 0.380261 0.05060673 0.05343573
117 0.1840877 0.03686481 0.009904499 0.36428 0.1857749 9.04732 0.4358005 0.4782535 0.04597424 0.04410491
120 0.1675493 0.03765105 0.01041912 0.2397633 0.1804437 45.28845 0.5978553 0.5100608 0.02558826 0.03738
121 0.1818342 0.03496718 0.009913804 0.3140378 0.1840348 11.08 0.3872254 0.2042687 0.02751476 0.03252957
125 0.1862244 0.03635106 0.01039442 0.3042341 0.2022242 11.31867 0.5057489 0.3488337 0.02830374 0.03769355
126 0.17235 0.03565955 0.01004246 0.2689147 0.1881993 10.66586 0.5294569 0.283436 0.07527514 0.08776123
135 0.1661645 0.03724663 0.0105059 0.2167601 0.2000351 7.341883 NaN NaN NaN NaN
136 0.158069 0.03586555 0.009952775 0.234441 0.179748 5.953729 0.4089718 0.2094654 0.04787906 0.05188731
140 0.1767884 0.03634894 0.01009855 0.3046118 0.1877269 9.475019 0.4431591 0.5309802 0.05771513 0.05746735
141 0.1719036 0.03718965 0.01019986 0.2934216 0.1770244 20.4061 0.4321599 0.2858663 0.02375564 0.02856388
145 0.161893 0.03474818 0.01006023 0.2382776 0.1867478 8.064488 0.4385197 0.2728513 0.02099286 0.02805123
147 0.1674324 0.0354023 0.009873865 0.2788488 0.1855551 10.50049 0.4019429 0.247646 0.02459872 0.02948094
149 0.1672748 0.03556438 0.01036733 0.2767203 0.1863791 8.250795 NaN NaN 0.01957256 0.01384782
152 0.1703436 0.03634343 0.01018838 0.2471915 0.1926139 11.46865 0.40582 0.2629763 0.04565547 0.05044023
153 0.1661945 0.03736606 0.01039964 0.2607419 0.1970022 8.185612 0.3961762 NaN NaN NaN
157 0.1606223 0.03479696 0.01012015 0.2381642 0.1876323 9.236359 0.4088909 NaN NaN NaN
159 0.1759292 0.03572649 0.009898885 0.3333602 0.1850406 110.0146 0.357769 NaN 0.01788306 0.03166202
166 0.1675636 0.03778979 0.01051436 0.258014 0.1939631 30.6343 0.4505403 NaN NaN NaN
171 0.1737131 0.03642776 0.01023406 0.3041569 0.1874126 32.14464 0.4422783 NaN NaN NaN
173 0.1694793 0.0364042 0.00983361 0.2780015 0.1749148 9.435798 0.5079231 0.3770732 0.02208919 0.03173672
174 0.1607634 0.0369263 0.01032243 0.2506167 0.1727919 65.27309 0.4250799 NaN NaN NaN
175 0.1787938 0.03514259 0.01020687 0.2900366 0.1843071 57.49819 0.4250612 NaN NaN NaN
178 0.1698414 0.03585266 0.00998754 0.2665993 0.1870267 7.148356 NaN NaN 0.0127967 NaN
182 0.1742441 0.03642849 0.01013496 0.2356267 0.1855835 32.01669 0.4005088 NaN NaN NaN
185 0.1720255 0.03565178 0.01024037 0.2708681 0.1797739 24.67279 0.4035777 NaN NaN NaN
186 0.1741542 0.03625762 0.009810954 0.2671929 0.192246 6.568561 0.4107632 0.6222347 0.08004995 0.07810699
189 0.1786554 0.03442347 0.009799289 0.2802417 0.1872915 8.439178 0.441977 NaN NaN NaN
191 0.177066 0.03641936 0.009861209 0.3032973 0.1855619 17.08585 0.4111097 0.2597302 0.02564761 0.03020666
192 0.1740493 0.03534704 0.009886134 0.2949187 0.1771734 9.250529 0.6294658 0.8770149 0.04597901 0.04087684
193 0.1768335 0.03537415 0.01009886 0.2560984 0.1917228 34.41161 0.443739 0.6749429 0.07873008 0.07753792
195 0.1572858 0.0372441 0.01003884 0.243921 0.1879477 6.194762 0.4076738 NaN NaN NaN
196 0.1735942 0.03641045 0.01034944 0.2898176 0.1759624 97.24648 0.4159402 NaN NaN 0.02182284
199 0.1682373 0.03631778 0.01029985 0.2853424 0.1936855 5.318843 0.4468639 NaN NaN NaN
202 0.1760255 0.03492662 0.01004227 0.2867752 0.1933309 14.38001 NaN NaN 0.01537044 NaN
205 0.1732971 0.03695159 0.01014949 0.2902524 0.1809678 32.77186 0.5131703 0.4294121 0.1135071 0.1231941
206 0.1676628 0.03484453 0.01039117 0.2726422 0.1773628 36.13056 0.4274837 NaN 0.0133704 0.02956479
207 0.1726159 0.03585525 0.01048888 0.3115152 0.1852788 31.31605 0.4365235 NaN NaN NaN
208 0.1660604 0.03594189 0.009817462 0.2634568 0.1822445 10.03421 0.6287485 0.4333245 0.03187918 0.04556476
211 0.166208 0.03488634 0.009981134 0.2351522 0.2024654 4.177636 0.3656575 0.1550967 0.02117218 0.02707008
212 0.1647272 0.03834016 0.0107978 0.2722 0.194365 28.64302 0.4125946 NaN NaN 0.01068512
214 0.1822642 0.03438275 0.009766507 0.3262999 0.1829043 9.848152 0.3993892 0.2415713 0.03237445 0.03648295
217 0.1746261 0.03496155 0.009965951 0.2695881 0.1820138 22.46185 0.3917258 0.2504313 0.03304277 0.03696933
218 0.1776503 0.03414991 0.0101675 0.2927849 0.1947475 8.086552 0.4032596 0.2748066 0.03166117 0.03534095
255 0.1694502 0.03711886 0.01018849 0.2784448 0.2006665 317.9839 0.5276617 0.4708673 0.03711189 0.04173876
259 0.1690244 0.03567842 0.01034181 0.3010212 0.178893 22.22698 0.06906621 NaN 0.02120667 0.02117267
265 0.1800197 0.03556298 0.009609255 0.3034099 0.1847508 12.09458 0.400069 0.6915273 0.08507222 0.08365417
266 0.1704806 0.03683815 0.01067736 0.289532 0.1908873 21.2072 0.07985004 NaN 0.02295853 0.02163076
302 0.1665058 0.03703285 0.009753047 0.2820335 0.176487 10.39047 0.417198 NaN NaN NaN
304 0.1777578 0.03445228 0.009762534 0.3053508 0.1870064 6.103439 0.4136987 0.2494639 0.02712752 0.03185015
309 0.1748844 0.03578265 0.01011442 0.3092219 0.1792569 15.09209 0.3805237 0.1284514 0.0229327 0.0291272
313 0.1692917 0.03757661 0.01011616 0.2797637 0.2075564 3.7496 0.4031238 0.1898721 0.02417296 0.02969175
314 0.1740709 0.03701039 0.01047445 0.3000371 0.1884558 50.09057 0.4291607 NaN NaN 0.015212
351 0.1676776 0.03688612 0.01014256 0.2693232 0.1910152 32.52113 0.4461927 0.3823825 0.0473394 0.05228555
352 0.1710376 0.03661334 0.01009794 0.2622266 0.1854429 19.44459 0.4349561 0.2972489 0.03215336 0.03713365
357 0.17086 0.0352376 0.01025562 0.2854167 0.1835114 19.99172 0.4207883 NaN NaN 0.006854284
361 0.1485358 0.03626191 0.01030823 0.2078224 0.1804677 26.75039 0.357953 NaN 0.02432028 0.03134536
365 0.1753329 0.03535903 0.01004461 0.2777201 0.1893045 10.18576 0.4335776 NaN NaN NaN
366 0.1768046 0.03521564 0.01006251 0.2909418 0.1874151 7.231996 0.5556538 0.5875777 0.0297577 0.03005917
369 0.1712019 0.03688836 0.01025519 0.2789488 0.2119467 5.313904 0.4060885 0.1374057 0.02413587 0.03085021
501 0.1803745 0.03436878 0.009590699 0.3499574 0.1891069 3.861651 0.4392677 0.2381328 0.02009494 0.02845816
505 0.1761995 0.03587388 0.01022259 0.297816 0.1913616 11.60698 0.4008209 NaN NaN NaN
508 0.1675319 0.03594202 0.01033589 0.2545105 0.2026931 15.80209 0.3992849 NaN NaN NaN
509 0.1654427 0.03824926 0.01056377 0.2643028 0.1792981 178.4959 0.4086628 0.09446579 NaN 0.005649017
515 0.1690146 0.0368622 0.009847669 0.2671576 0.1924857 16.58934 0.3842358 0.1392314 0.0263248 0.0319564
518 0.1798741 0.03464265 0.01000285 0.2861459 0.186344 9.708332 1.492072 1.355423 0.03515563 0.07355759
551 0.1773649 0.03565347 0.009917973 0.3240566 0.1843691 4.91655 0.4051162 NaN NaN NaN
553 0.1744439 0.03693749 0.01026583 0.3225277 0.1870079 8.594892 NaN NaN 0.01941288 NaN
554 0.1872225 0.03596677 0.01015906 0.3616309 0.1911431 9.605173 0.417542 0.2717659 0.0211621 0.02664957
555 0.1748597 0.03471492 0.01013934 0.3039147 0.1887842 17.46355 0.4238537 NaN NaN NaN
556 0.1887921 0.03431849 0.009581345 0.3422396 0.1878361 5.145927 0.3858051 0.2457645 0.0442823 0.04802832
559 0.1830264 0.03624599 0.01001446 0.284992 0.1970923 7.902979 0.3860533 0.2161635 0.02803104 0.03217158
562 0.171164 0.03366927 0.009576469 0.2792856 0.1761682 6.603026 0.3876074 NaN NaN NaN
563 0.1737549 0.03539361 0.01000221 0.2929259 0.18751 39.65151 0.5769661 0.4635419 0.02214057 0.03363996
564 0.1692699 0.03633288 0.01007012 0.2495036 0.1942314 8.044594 0.400213 NaN NaN NaN
565 0.1638033 0.0365317 0.01023981 0.2723448 0.1696069 27.96453 0.4177754 NaN NaN NaN
568 0.1677437 0.03639655 0.01051251 0.2787843 0.1749802 67.90926 NaN NaN NaN NaN
570 0.1686433 0.03592792 0.0100282 0.2789701 0.178503 17.39681 0.413373 0.2557067 0.02173458 0.02745129
