2 27.46296 2.064012 -0.5013959 4.414237 2.444834 -5.624032 -0.9057041 -0.05181768 0.2059984
4 26.93008 2.031104 -0.5138606 4.313265 2.539658 -5.50055 -1.005124 -0.04423464 0.1983059
10 27.18816 2.037639 -0.5209115 4.46514 1.851455 -5.686188 -1.061082 -0.06250179 0.2150877
11 27.29756 2.075699 -0.5166575 4.845766 2.146373 -5.684262 -1.133276 -0.05024462 0.2156004
17 27.42067 2.092513 -0.5133982 4.51341 2.287714 -5.716212 -0.9643728 -0.0566377 0.2244595
37 27.5299 2.062084 -0.499767 4.625272 2.081975 -5.408677 -1.102402 -0.04915449 0.2027939
39 27.23224 2.06502 -0.5087864 4.699547 1.781725 -5.102229 -0.6643339 -0.04809144 0.18171
42 27.47384 2.147994 -0.5114436 4.50688 2.401168 -5.368905 -0.8528867 -0.05791191 0.2175546
45 27.31831 1.983759 -0.4843384 4.538233 2.377333 -5.101314 -1.151948 -0.05748697 0.1987797
48 27.0353 2.050959 -0.5115733 4.377778 2.141953 -4.845477 -0.8259115 -0.06310889 0.2050824
51 27.13093 2.04068 -0.5118764 4.814249 2.052915 -5.318846 -1.061109 -0.04714033 0.1994141
52 27.06106 2.097051 -0.5194965 4.60243 1.812305 -5.814761 -0.6276502 -0.04564208 0.2033163
53 26.94081 2.017274 -0.51903 4.777381 2.007461 -5.397262 -0.7508375 -0.05549542 0.2001983
55 27.3681 2.177575 -0.5250776 4.357759 2.195383 -5.714875 -0.1094271 -0.05219247 0.2043647
57 27.33443 2.146766 -0.5223405 4.332325 2.413441 -5.43148 -0.947617 -0.05621632 0.2149347
58 27.56053 2.090331 -0.5047948 4.56238 2.18512 -5.313062 -0.5977522 -0.04931765 0.1984174
65 27.31641 2.016976 -0.4880638 4.667959 1.871903 -5.236065 -0.8369924 -0.04527527 0.1840299
66 27.09994 2.000816 -0.5102006 4.51858 1.795917 -5.279572 -0.8173818 -0.05076214 0.209915
75 27.54294 2.052173 -0.4972633 4.669455 2.370001 -5.180182 -0.3469195 -0.03791541 0.1716033
78 27.14077 2.017682 -0.5082166 4.657662 1.992991 -5.503317 -0.6343531 -0.04154316 0.1873215
83 27.52031 2.066736 -0.4909107 4.850811 2.532254 -5.269234 -0.7422751 -0.05602146 0.2088262
85 27.13134 2.103482 -0.5276113 4.426818 2.245908 -5.316017 -0.6412388 -0.04923449 0.2049146
113 27.35554 2.006075 -0.5050364 4.536946 2.195981 -5.759172 -0.4575246 -0.06046271 0.2093232
116 27.5105 2.079519 -0.4927188 4.69087 1.956879 -5.305242 -0.4924407 -0.0483712 0.1924737
117 27.23238 2.09238 -0.5071796 4.531699 3.096792 -5.433192 -0.9142021 -0.05962067 0.2168764
120 27.24417 2.072727 -0.5038784 4.864054 1.597699 -5.552716 -1.063781 -0.05817278 0.2170688
121 27.49845 2.062416 -0.4975693 4.656455 2.115732 -5.138143 -0.545156 -0.03714604 0.1826789
125 27.25019 2.061178 -0.4893309 5.022249 2.377442 -5.485856 -0.9439891 -0.04144979 0.1948292
126 27.30767 2.029211 -0.4958898 4.71621 1.87257 -5.687078 -0.1985083 -0.0591585 0.2042847
135 27.03879 2.028602 -0.4983667 4.991663 1.415686 -4.86341 -1.050006 -0.05957308 0.1846516
136 27.1983 2.084112 -0.5196278 4.491413 1.824884 -5.464365 -0.08561283 -0.04412409 0.1857185
140 27.08056 2.08386 -0.5045567 4.651172 2.567484 -5.473625 -0.9471878 -0.05128961 0.2040647
141 27.16198 2.13376 -0.5178325 4.634781 2.394695 -5.637734 -1.141553 -0.05582586 0.2285141
145 27.31606 2.035103 -0.5153954 4.487737 1.850505 -5.070091 -1.342816 -0.04079076 0.1935684
147 27.37199 2.052068 -0.512066 4.475097 2.205936 -5.130935 -0.9976665 -0.03942173 0.1906353
149 27.05112 2.033706 -0.5163298 4.671466 2.095945 -5.178263 -1.087862 -0.05327863 0.1934519
152 27.3105 2.061467 -0.5019963 4.803828 1.55195 -5.327518 -0.3619734 -0.0403772 0.1871078
153 27.20529 2.069315 -0.5169683 4.770055 1.799363 -5.062251 -0.3187601 -0.03829053 0.1689978
157 27.03658 2.021473 -0.512461 4.555084 1.702085 -5.092086 -0.652461 -0.04837799 0.1807988
159 27.33343 2.07528 -0.5091158 4.448499 2.349061 -5.321291 -0.7410538 -0.07020268 0.2079258
166 27.04338 2.087963 -0.5196334 4.802501 1.656266 -5.330248 -0.7783991 -0.03150273 0.1756352
171 27.15735 2.046152 -0.5103941 4.599548 2.207192 -5.179354 -0.7791115 -0.039131 0.1781221
173 27.25769 2.110105 -0.5083381 4.453063 2.068273 -5.039872 -1.223349 -0.04551774 0.1919234
174 26.95909 2.069068 -0.5226187 4.57243 1.787915 -5.588066 -0.9215738 -0.05220606 0.2116794
175 27.11067 2.028876 -0.4963846 4.710932 1.845428 -5.292916 -0.5867435 -0.03662303 0.1803121
178 27.44442 2.095715 -0.5078539 4.609597 2.06733 -5.102943 -1.164772 -0.04297881 0.1893065
182 27.59096 2.072594 -0.4906244 4.856523 1.61422 -5.271529 -0.6935108 -0.07272366 0.2093566
185 27.38724 2.02009 -0.5032165 4.621635 2.329012 -5.75029 -0.515158 -0.04551137 0.2041588
186 27.3793 2.095938 -0.497983 4.620055 1.91506 -5.19151 -0.6001364 -0.062182 0.2021336
189 27.21819 2.029428 -0.4867307 4.603701 2.066926 -5.59317 -0.566601 -0.05285148 0.1987594
191 27.65214 2.094418 -0.5072892 4.595755 2.202076 -5.265575 -0.7912179 -0.05058554 0.2003574
192 27.20461 2.06004 -0.4991586 4.430895 2.380318 -5.425861 -0.8059367 -0.05564769 0.2023328
193 27.48443 2.062981 -0.4890105 4.844835 1.630724 -5.135212 -0.8278018 -0.04302545 0.1784048
195 27.20385 2.133548 -0.5308628 4.524551 1.827116 -5.138026 -0.8643081 -0.06153598 0.1973507
196 27.16506 2.084652 -0.5089867 4.769463 2.238824 -5.531791 -0.7122173 -0.06483783 0.2109739
199 27.08986 2.029891 -0.5156583 4.707773 2.064208 -5.424981 -0.6680374 -0.05144795 0.195095
202 27.50422 2.015622 -0.4967621 4.733244 1.977585 -5.110907 -1.083043 -0.04952304 0.1823854
205 27.46264 2.073225 -0.5059902 4.754599 2.199947 -5.687722 -0.172284 -0.05185484 0.1987891
206 26.94639 1.972876 -0.5075404 4.631684 1.910803 -5.880629 -0.8324152 -0.06021 0.223323
207 26.95431 2.007068 -0.5185332 4.682915 2.1709 -5.422343 -0.6080401 -0.04089787 0.1882277
208 27.13814 2.083897 -0.5156199 4.35055 1.825991 -5.258755 -1.387247 -0.04487034 0.1977722
211 27.4192 2.013298 -0.5034492 4.662258 1.81086 -4.970435 -0.6624809 -0.06139488 0.2074395
212 26.87147 2.050574 -0.5272375 4.908007 1.765069 -4.906237 -0.6795016 -0.04373135 0.1708604
214 27.45006 2.036011 -0.4948898 4.44399 2.585316 -5.389177 -0.6401885 -0.04117582 0.1968421
217 27.47036 2.034194 -0.4950716 4.662035 1.812377 -4.999484 -0.5803234 -0.05680342 0.1923001
218 27.3432 1.9643 -0.4915112 4.785391 2.160531 -5.568183 -0.6329954 -0.05142328 0.2134161
255 27.31352 2.109399 -0.5115989 4.638021 1.94339 -5.008866 -0.7715843 -0.05040746 0.1786643
259 26.89617 2.025803 -0.5164103 4.530695 2.45714 -5.387767 -1.086743 -0.05551657 0.2057838
265 27.81637 2.08518 -0.4899454 4.607188 2.16327 -5.21779 -0.6486339 -0.05627178 0.1974982
266 26.8808 2.020198 -0.5157777 4.865757 2.457286 -5.178763 -1.156984 -0.05650734 0.1953445
302 27.20796 2.1315 -0.5187789 4.339069 2.016945 -5.312662 -0.8488653 -0.03990644 0.190469
304 27.40076 2.030168 -0.4995842 4.481675 2.086545 -5.183548 -0.5297091 -0.04546843 0.1923428
309 27.24504 2.090984 -0.5145639 4.569084 2.366311 -5.117894 0.0670685 -0.04430122 0.1771435
313 27.33548 2.120735 -0.5245975 4.838162 2.421098 -5.621944 -0.6620146 -0.04275489 0.2086352
314 26.99115 2.052079 -0.5133901 4.779826 2.052359 -5.1221 -0.7538635 -0.05342793 0.1880989
351 27.20596 2.092635 -0.5107685 4.578898 2.063499 -5.599918 -0.7933192 -0.03452934 0.1873857
352 27.29767 2.081184 -0.4963353 4.63287 2.072361 -5.440793 -0.8800418 -0.05040834 0.1978847
357 27.30882 2.028928 -0.5111178 4.64697 2.237953 -5.427374 -0.8696719 -0.05802896 0.2047304
361 27.05345 2.050722 -0.5354145 4.50509 1.384706 -5.871079 -0.7933574 -0.05198875 0.2137431
365 27.36727 2.04871 -0.5004487 4.625927 1.966299 -5.340493 -0.6861553 -0.05276614 0.1930602
366 27.26412 2.036369 -0.4991576 4.680069 1.927894 -5.21552 -1.246568 -0.04671542 0.2001946
369 27.26304 2.059595 -0.5119909 4.849059 1.881359 -5.454395 -0.321417 -0.04674658 0.202558
501 27.35334 2.045591 -0.5068387 4.383647 2.64494 -5.226281 -1.424934 -0.05782758 0.2170278
505 27.04959 2.029748 -0.4978288 4.691 2.232601 -5.069636 -0.59298 -0.04671042 0.1784163
508 27.29907 2.008841 -0.5053152 4.793484 1.900848 -5.416397 -0.8071386 -0.06645369 0.2104429
509 27.20262 2.109306 -0.5233534 4.815193 1.896258 -5.038787 -0.5756483 -0.0591455 0.1856411
515 27.61523 2.136649 -0.5104598 4.569784 2.225164 -5.569349 -0.1425241 -0.0490556 0.200833
518 27.34139 2.028176 -0.4909947 4.708307 2.205077 -4.939273 -0.9723418 -0.05282433 0.1860284
551 27.16001 2.095836 -0.5070158 4.63087 2.545204 -5.246781 -0.4914124 -0.06730511 0.2030435
553 27.15188 2.099829 -0.521087 4.643756 2.519146 -5.167131 -1.051614 -0.04060495 0.1858334
554 27.24387 2.073339 -0.5069581 4.721367 2.907378 -5.343491 -0.9520738 -0.05217241 0.2106924
555 27.2091 2.032656 -0.5070236 4.650157 2.260323 -5.515931 -0.6873328 -0.05496386 0.2024258
556 27.45362 2.033751 -0.4808512 4.479487 2.944381 -5.3368 -0.3740453 -0.05124877 0.1965926
559 27.24852 2.037969 -0.4824888 4.805297 2.221492 -5.178409 -0.6652356 -0.04837767 0.1985239
562 27.24543 2.002001 -0.4967742 4.281493 2.204481 -5.060569 -0.3105945 -0.04079677 0.171083
563 27.29314 2.003476 -0.4989406 4.48569 2.063083 -5.096587 -1.333804 -0.03782288 0.1905815
564 27.42836 2.049699 -0.5052546 4.7511 1.660792 -5.1507 -0.2879029 -0.0456143 0.1766706
565 26.79846 2.105198 -0.5265235 4.429638 2.179451 -5.677446 -0.8240611 -0.06165946 0.2219921
568 27.16597 2.032722 -0.5159594 4.731077 2.117735 -5.515636 -0.9231459 -0.06728838 0.2147582
570 27.50425 2.072619 -0.5133652 4.564486 2.1892 -5.354982 -0.9734178 -0.04133387 0.1995699
