2 42.8013 42.91549
4 37.2046 38.60223
10 39.3249 41.46518
11 41.94735 43.39105
17 45.0448 45.67432
37 136.2609 133.5208
39 136.4767 134.1723
42 109.4177 110.9626
45 127.1766 124.9613
48 102.5651 98.81172
51 128.82 126.3047
52 143.5886 145.157
53 128.0392 126.6205
55 120.2104 126.8952
57 110.46 113.4201
58 118.3166 118.5162
65 142.2764 139.8755
66 97.65472 95.7737
75 130.693 131.7557
78 148.1688 146.9485
83 109.1336 113.5501
85 102.0845 102.7551
113 148.1282 150.8185
116 123.59 125.2505
117 118.6755 117.3168
120 129.2592 129.3242
121 113.2931 112.1219
125 126.6032 130.0254
126 144.2551 144.171
135 146.6193 144.6473
136 126.8668 129.3637
140 125.3836 127.5598
141 105.761 108.813
145 113.6332 114.8095
147 112.8077 112.6273
149 128.8546 127.919
152 116.5561 115.4558
153 126.9602 125.3943
157 133.2602 135.7794
159 150.6531 150.2356
166 134.8424 133.3792
171 126.8426 123.7393
173 122.1193 119.7821
174 121.3852 121.8615
175 122.548 121.52
178 125.0193 127.6646
182 140.0945 142.4183
185 121.8603 125.7096
186 126.3779 125.19
189 149.8954 151.8248
191 124.2465 123.052
192 135.0992 135.5132
193 139.0646 139.9462
195 131.8999 132.7814
196 145.2341 150.9182
199 134.352 132.4598
202 153.4903 149.6624
205 134.4038 132.5351
206 131.5626 130.2481
207 123.9207 121.0127
208 127.7178 123.6343
211 91.97942 92.93244
212 130.6089 128.4729
214 116.1198 114.849
217 120.8058 116.8066
218 107.9278 108.3158
255 144.6017 145.6954
259 125.3133 126.9207
265 129.4506 128.381
266 135.8623 139.0636
302 120.9953 118.4715
304 112.668 110.9529
309 109.0149 112.4778
313 110.1949 110.6855
314 136.236 133.8182
351 132.251 133.3026
352 135.4298 138.0565
357 128.5291 133.1811
361 127.7234 128.9387
365 140.3096 139.3955
366 115.6472 116.5474
369 114.6417 109.8707
501 111.5537 108.6765
505 132.1199 132.231
508 131.9997 131.8905
509 144.1277 144.1354
515 115.514 119.6873
518 132.2308 133.2844
551 132.2361 134.4686
553 126.1501 128.0849
554 110.9673 112.4217
555 130.2015 132.09
556 119.311 119.7233
559 109.7437 107.6624
562 124.3766 122.3043
563 119.5358 115.9991
564 132.8131 128.2248
565 112.4409 116.1898
568 139.7796 141.607
570 115.1618 115.3306
