2 100200002
4 100200004
10 100200010
11 100200011
17 100200017
37 100200037
39 100200039
42 100200042
45 100200045
48 100200048
51 100200051
52 100200052
53 100200053
55 100200055
57 100200057
58 100200058
65 100200065
66 100200066
75 100200075
78 100200078
83 100200083
85 100200085
113 100200113
116 100200116
117 100200117
120 100200120
121 100200121
125 100200125
126 100200126
135 100200135
136 100200136
140 100200140
141 100200141
145 100200145
147 100200147
149 100200149
152 100200152
153 100200153
157 100200157
159 100200159
166 100200166
171 100200171
173 100200173
174 100200174
175 100200175
178 100200178
182 100200182
185 100200185
186 100200186
189 100200189
191 100200191
192 100200192
193 100200193
195 100200195
196 100200196
199 100200199
202 100200202
205 100200205
206 100200206
207 100200207
208 100200208
211 100200211
212 100200212
214 100200214
217 100200217
218 100200218
255 100200255
259 100200259
265 100200265
266 100200266
302 100200302
304 100200304
309 100200309
313 100200313
314 100200314
351 100200351
352 100200352
357 100200357
361 100200361
365 100200365
366 100200366
369 100200369
501 100200501
505 100200505
508 100200508
509 100200509
515 100200515
518 100200518
551 100200551
553 100200553
554 100200554
555 100200555
556 100200556
559 100200559
562 100200562
563 100200563
564 100200564
565 100200565
568 100200568
570 100200570
