1 1069.709 1078.357 1076.434 1087.84 1082.114 1081.902
2 1075.281 1077.975 1072.177 1075.625 1079.462 1077.019
3 1068.481 1074.783 1072.685 1093.72 1102.781 1099.952
4 980.0493 993.1467 985.7535 1012.533 1018.607 1015.364
5 1092.713 1102.547 1098.522 1094.631 1102.648 1100.552
6 1016.367 1027.391 1019.503 1022.018 1027.593 1018.329
7 1031.71 1049.46 1051.613 1054.118 1065.455 1063.74
8 1119.237 1136.962 1133.757 1127.242 1141.485 1142.895
9 1115.113 1128.849 1120.534 1150.379 1156.441 1152.811
10 1047.215 1048.371 1049.123 1051.434 1058.355 1054.523
11 1027.938 1037.892 1029.363 1067.753 1074.982 1071.846
12 1081.77 1091.013 1085.879 1092.974 1101.341 1098.01
13 1147.041 1161.898 1145.899 1192.685 1196.923 1185.439
14 1120.939 1120.094 1124.31 1131.036 1124.819 1128.288
15 1041.045 1052.153 1054.402 1045.398 1057.65 1056.763
16 1041.855 1048.97 1043.971 1070.969 1077.522 1070.393
17 985.5456 998.6696 997.5843 991.6082 998.283 1003.958
18 976.445 987.8558 986.2409 975.7982 991.5047 987.3378
19 916.5316 927.8527 920.559 924.1511 930.263 928.406
20 1019.826 1042.037 1023.516 1088.454 1092.146 1088.087
21 1125.294 1129.422 1125.452 1135.168 1135.908 1138.632
22 1056.053 1065.499 1064.403 1067.821 1071.785 1069.551
23 1076.99 1072.549 1078.811 1082.98 1081.974 1086.818
24 1016.708 1022.772 1022.521 1056.558 1057.976 1062.324
25 1029.754 1046.101 1043.141 1058.038 1063.202 1064.749
26 1076.874 1094.453 1089.817 1106.358 1106.287 1101.722
27 1114.069 1114.484 1116.326 1191.064 1183.537 1184.501
28 1062.834 1072.619 1066.499 1079.602 1082.874 1078.037
29 1058.979 1076.515 1076.352 1077.075 1088.589 1085.688
30 1044.951 1054.765 1060.418 1058.543 1071.352 1073.436
31 867.2244 889.0912 879.7662 884.7721 895.492 888.6535
32 895.4648 909.2401 910.1792 908.027 907.9859 908.149
33 1038.598 1060.783 1048.756 1079.59 1094.86 1089.885
34 1028.261 1032.317 1033.785 1050.148 1059.689 1054.586
35 1242.253 1248.634 1247.706 1291.414 1299.168 1290.681
36 1050.688 1067.282 1060.131 1081.145 1084.373 1085.528
37 1206.399 1202.195 1193.734 1215.409 1209.987 1206.802
38 991.8942 1005.511 1001.607 1005.699 1020.366 1018.771
39 1144.8 1140.912 1150.842 1146.837 1145.687 1157.535
40 942.1712 952.5478 936.9024 978.7892 987.9624 975.057
41 1076.539 1079.921 1085.242 1101.695 1098.924 1103.933
42 1110.116 1113.022 1110.596 1131.597 1133.831 1129.904
43 1082.295 1093.928 1089.582 1107.111 1107.795 1107.246
44 1132.386 1144.062 1143.383 1156.59 1168.912 1163.244
45 1035.311 1033.176 1022.184 1046.496 1048.587 1043.102
46 981.1567 994.4508 990.8381 991.8809 1004.509 1003.54
47 1057.863 1067.047 1060.679 1073.362 1080.164 1070.26
48 1060.94 1060.765 1063.065 1088.032 1090.873 1090.169
49 1127.838 1129.736 1122.359 1138.038 1142.209 1135.511
50 1101.163 1107.777 1112.93 1113.68 1117.519 1118.253
51 915.659 943.4095 929.9469 937.8161 948.3113 937.407
52 1010.691 1030.871 1027.625 1032.649 1046.585 1041.065
53 957.8141 972.5685 975.6014 984.0242 994.8565 990.8722
54 981.8641 994.8079 988.84 996.2082 1008.912 1000.751
55 1021.227 1033.068 1028.711 1048.514 1058.534 1057.973
56 1115.528 1116.916 1114.759 1137.963 1141.383 1142.41
57 1134.542 1144.128 1136.902 1160.531 1169.323 1162.216
58 1052.581 1057.221 1053.152 1070.548 1075.24 1076.698
59 1001.089 1019.782 1006.306 1017.644 1027.954 1010.445
60 1036.571 1038.856 1039.077 1062.214 1069.312 1066.592
61 1014.711 1019.388 1019.115 1035.396 1043.437 1039.843
62 916.556 923.0665 913.3442 924.4016 934.0996 931.2255
63 1084.641 1087.733 1084.822 1099.445 1097.081 1092.817
64 914.2158 917.7221 916.8131 924.6494 928.8054 926.8976
65 1062.329 1070.867 1068.891 1057.201 1072.177 1069.512
66 1005.81 1013.556 1011.16 1028.367 1025.222 1023.337
67 1111.883 1117.177 1117.021 1110.441 1120.846 1118.147
68 1028.795 1032.349 1031.108 1035.481 1035.693 1035.859
69 1098.898 1117.838 1111.376 1122.362 1135.009 1128.073
70 1033.08 1046.52 1043.908 1045.831 1061.792 1055.129
71 1032.978 1047.097 1044.85 1085.036 1105.017 1091.965
72 1057.521 1074.854 1067.551 1087.209 1092.197 1085.934
73 1171.219 1174.277 1167.392 1191.175 1182.988 1184.978
74 980.0396 979.4504 980.1167 998.6619 998.7821 998.9879
75 1086.031 1082.471 1084.123 1085.928 1084.697 1086.739
76 1044.507 1047.487 1046.48 1060.849 1064.081 1060.529
77 1025.918 1042.798 1037.853 1043.843 1048.823 1046.269
78 957.7404 967.4092 964.5281 956.2026 967.4942 963.2779
79 1030.69 1044.611 1040.503 1044.307 1053.182 1045.34
80 1084.247 1105.456 1092.899 1084.861 1107.644 1101.955
81 1114.05 1125.144 1120.044 1132.21 1135.94 1137.521
82 1079.941 1081.163 1080.468 1092.583 1100.456 1092.91
83 1065.782 1081.072 1078.859 1088.148 1090.844 1083.065
84 997.4886 1007.842 1002.415 1001.825 1010.493 1008.216
85 1007.39 1017.601 1013.108 1015.161 1028.04 1022.907
86 1094.127 1102.908 1106.689 1130.628 1130.408 1134.356
87 1022.331 1040.902 1043.532 1041.35 1048.29 1053.883
88 1144.551 1151.733 1147.364 1170.726 1173.093 1172.72
89 1083.503 1098.836 1093.567 1171.765 1180.372 1180.127
90 1043.645 1059.38 1048.41 1075.948 1086.828 1078.648
91 1105.799 1106.271 1101.402 1130.714 1140.648 1128.019
92 1077.052 1088.831 1085.93 1083.289 1094.751 1087.661
93 1077.37 1081.772 1076.55 1082.199 1086.416 1082.703
94 1117.162 1123.248 1115.185 1129.076 1138.415 1132.313
95 1011.85 1027.415 1020.986 1016.207 1025.701 1021.23
96 1124.771 1126.747 1118.629 1124.071 1136.233 1130.259
97 1086.072 1102.444 1098.62 1117.861 1129.787 1130.154
98 1179.813 1187.591 1186.816 1179.159 1185.234 1183.575
99 1128.252 1133.476 1125.498 1153.706 1156.085 1145.299
100 856.4452 895.6369 879.618 882.7397 907.1793 895.7916
