1 1081.898 1089.327 1084.966 1100.029 1093.084 1090.434
2 1087.469 1088.945 1080.709 1087.814 1090.432 1085.551
3 1080.67 1085.753 1081.218 1105.909 1113.75 1108.484
4 992.2381 1004.117 994.2856 1024.721 1029.577 1023.897
5 1104.902 1113.517 1107.055 1106.82 1113.618 1109.084
6 1028.555 1038.361 1028.035 1034.207 1038.563 1026.861
7 1043.899 1060.43 1060.145 1066.307 1076.425 1072.272
8 1131.426 1147.931 1142.289 1139.43 1152.455 1151.427
9 1127.302 1139.819 1129.066 1162.568 1167.411 1161.344
10 1059.404 1059.341 1057.655 1063.623 1069.325 1063.055
11 1040.126 1048.862 1037.895 1079.942 1085.952 1080.378
12 1093.958 1101.983 1094.411 1105.163 1112.311 1106.542
13 1159.23 1172.868 1154.431 1204.874 1207.893 1193.971
14 1133.128 1131.064 1132.842 1143.225 1135.789 1136.82
15 1053.234 1063.122 1062.934 1057.587 1068.62 1065.295
16 1054.044 1059.939 1052.503 1083.158 1088.492 1078.926
17 997.7344 1009.64 1006.116 1003.797 1009.253 1012.49
18 988.6338 998.8257 994.773 987.987 1002.475 995.8699
19 928.7204 938.8226 929.0911 936.3398 941.2328 936.9381
20 1032.014 1053.006 1032.048 1100.642 1103.116 1096.619
21 1137.482 1140.392 1133.984 1147.357 1146.878 1147.164
22 1068.242 1076.469 1072.936 1080.009 1082.755 1078.083
23 1089.178 1083.519 1087.344 1095.169 1092.943 1095.35
24 1028.896 1033.742 1031.053 1068.747 1068.946 1070.856
25 1041.942 1057.071 1051.674 1070.227 1074.172 1073.282
26 1089.062 1105.423 1098.349 1118.546 1117.257 1110.254
27 1126.258 1125.454 1124.858 1203.252 1194.507 1193.033
28 1075.022 1083.589 1075.031 1091.791 1093.844 1086.569
29 1071.168 1087.485 1084.884 1089.264 1099.559 1094.22
30 1057.139 1065.735 1068.95 1070.732 1082.322 1081.968
31 879.4132 900.0611 888.2983 896.9609 906.4619 897.1856
32 907.6536 920.21 918.7113 920.2157 918.9558 916.6812
33 1050.787 1071.753 1057.288 1091.779 1105.83 1098.417
34 1040.45 1043.287 1042.317 1062.337 1070.659 1063.118
35 1254.442 1259.604 1256.238 1303.603 1310.138 1299.214
36 1062.877 1078.252 1068.663 1093.334 1095.343 1094.06
37 1218.588 1213.165 1202.266 1227.598 1220.957 1215.334
38 1004.083 1016.481 1010.139 1017.887 1031.336 1027.303
39 1156.988 1151.882 1159.374 1159.026 1156.657 1166.067
40 954.36 963.5177 945.4345 990.978 998.9323 983.5891
41 1088.728 1090.891 1093.774 1113.884 1109.894 1112.465
42 1122.305 1123.992 1119.128 1143.785 1144.801 1138.437
43 1094.484 1104.898 1098.114 1119.3 1118.765 1115.778
44 1144.575 1155.031 1151.915 1168.779 1179.882 1171.776
45 1047.5 1044.146 1030.716 1058.685 1059.557 1051.634
46 993.3454 1005.421 999.3702 1004.07 1015.479 1012.072
47 1070.052 1078.017 1069.211 1085.55 1091.134 1078.792
48 1073.129 1071.735 1071.597 1100.221 1101.843 1098.701
49 1140.027 1140.705 1130.891 1150.226 1153.179 1144.044
50 1113.352 1118.747 1121.463 1125.869 1128.489 1126.785
51 927.8477 954.3794 938.4791 950.0049 959.2812 945.9391
52 1022.88 1041.841 1036.157 1044.838 1057.555 1049.597
53 970.0028 983.5383 984.1335 996.2129 1005.826 999.4043
54 994.0529 1005.778 997.3722 1008.397 1019.881 1009.283
55 1033.416 1044.038 1037.243 1060.702 1069.504 1066.505
56 1127.717 1127.886 1123.292 1150.151 1152.353 1150.942
57 1146.731 1155.098 1145.435 1172.72 1180.293 1170.748
58 1064.77 1068.191 1061.684 1082.737 1086.21 1085.23
59 1013.278 1030.752 1014.838 1029.833 1038.924 1018.977
60 1048.76 1049.826 1047.609 1074.402 1080.282 1075.125
61 1026.899 1030.358 1027.648 1047.584 1054.407 1048.375
62 928.7448 934.0364 921.8764 936.5903 945.0694 939.7577
63 1096.83 1098.702 1093.354 1111.633 1108.051 1101.349
64 926.4046 928.692 925.3452 936.8382 939.7753 935.4298
65 1074.518 1081.836 1077.423 1069.39 1083.147 1078.044
66 1017.999 1024.526 1019.693 1040.556 1036.192 1031.87
67 1124.072 1128.147 1125.553 1122.63 1131.816 1126.679
68 1040.984 1043.318 1039.64 1047.67 1046.663 1044.391
69 1111.086 1128.808 1119.908 1134.551 1145.979 1136.605
70 1045.269 1057.49 1052.44 1058.02 1072.761 1063.661
71 1045.166 1058.067 1053.382 1097.225 1115.987 1100.497
72 1069.71 1085.824 1076.083 1099.398 1103.167 1094.466
73 1183.407 1185.246 1175.924 1203.364 1193.958 1193.511
74 992.2283 990.4203 988.6488 1010.851 1009.752 1007.52
75 1098.22 1093.441 1092.655 1098.117 1095.667 1095.272
76 1056.696 1058.457 1055.012 1073.038 1075.051 1069.061
77 1038.107 1053.768 1046.385 1056.032 1059.793 1054.802
78 969.9292 978.379 973.0602 968.3914 978.4641 971.8101
79 1042.879 1055.581 1049.035 1056.495 1064.152 1053.872
80 1096.436 1116.426 1101.431 1097.05 1118.614 1110.487
81 1126.238 1136.114 1128.576 1144.399 1146.91 1146.053
82 1092.13 1092.132 1089 1104.772 1111.426 1101.442
83 1077.971 1092.042 1087.391 1100.337 1101.814 1091.597
84 1009.677 1018.812 1010.948 1014.014 1021.463 1016.748
85 1019.579 1028.571 1021.64 1027.349 1039.01 1031.44
86 1106.316 1113.878 1115.221 1142.817 1141.378 1142.888
87 1034.52 1051.872 1052.064 1053.539 1059.26 1062.415
88 1156.74 1162.703 1155.897 1182.914 1184.063 1181.252
89 1095.691 1109.806 1102.099 1183.954 1191.342 1188.66
90 1055.834 1070.35 1056.942 1088.137 1097.798 1087.18
91 1117.987 1117.241 1109.934 1142.903 1151.618 1136.551
92 1089.241 1099.801 1094.462 1095.477 1105.721 1096.194
93 1089.559 1092.742 1085.082 1094.388 1097.386 1091.235
94 1129.351 1134.218 1123.717 1141.265 1149.385 1140.845
95 1024.038 1038.384 1029.518 1028.396 1036.671 1029.762
96 1136.959 1137.717 1127.161 1136.26 1147.203 1138.792
97 1098.261 1113.414 1107.152 1130.049 1140.757 1138.686
98 1192.002 1198.561 1195.348 1191.348 1196.204 1192.107
99 1140.441 1144.446 1134.03 1165.895 1167.055 1153.831
100 868.6339 906.6068 888.1501 894.9285 918.1492 904.3238
