1 0.32
2 0.2
3 0.24
4 0.28
5 0.16
6 0.24
7 0.28
8 0.16
9 0.2
10 0.12
11 0.28
12 0.24
13 0.24
14 0.12
15 0.32
16 0.32
17 0.28
18 0.24
19 0.52
20 0.24
21 0.12
22 0.16
23 0.12
24 0.32
25 0.24
26 0.28
27 0.12
28 0.24
29 0.2
30 0.16
31 0.44
32 0.36
33 0.24
34 0.28
35 0.12
36 0.24
37 0.12
38 0.24
39 0.08
40 0.56
41 0.16
42 0.16
43 0.32
44 0.16
45 0.28
46 0.32
47 0.36
48 0.2
49 0.28
50 0.12
51 0.4
52 0.36
53 0.32
54 0.36
55 0.24
56 0.24
57 0.28
58 0.16
59 0.44
60 0.36
61 0.32
62 0.44
63 0.16
64 0.32
65 0.2
66 0.36
67 0.12
68 0.32
69 0.24
70 0.24
71 0.28
72 0.28
73 0.16
74 0.36
75 0.2
76 0.24
77 0.24
78 0.36
79 0.28
80 0.32
81 0.12
82 0.28
83 0.2
84 0.24
85 0.28
86 0.2
87 0.24
88 0.16
89 0.2
90 0.28
91 0.24
92 0.16
93 0.2
94 0.2
95 0.32
96 0.2
97 0.16
98 0.2
99 0.16
100 0.56
