1 1000 1000 318 1000 1000 527
2 1000 1000 488 1000 1000 489
3 1000 1000 757 1000 1000 757
4 1000 1000 86 1000 1000 190
5 1000 1000 1000 1000 1000 1000
6 1000 1000 876 1000 1000 118
7 1000 1000 602 1000 1000 406
8 1000 1000 375 1000 1000 809
9 1000 1000 202 1000 1000 398
10 1000 1000 473 1000 1000 1000
11 1000 1000 1000 1000 1000 335
12 1000 1000 676 1000 1000 659
13 1000 1000 331 1000 1000 1000
14 1000 1000 1000 1000 1000 1000
15 1000 1000 764 1000 1000 1000
16 1000 1000 703 1000 1000 1000
17 1000 223 438 1000 1000 1000
18 1000 1000 994 1000 1000 514
19 1000 1000 490 1000 1000 499
20 1000 1000 597 1000 1000 665
21 1000 1000 500 1000 1000 1000
22 1000 1000 935 1000 1000 758
23 1000 989 345 1000 1000 1000
24 1000 1000 211 1000 1000 938
25 1000 1000 882 1000 1000 1000
26 1000 1000 732 1000 1000 1000
27 1000 1000 658 1000 1000 229
28 1000 1000 445 1000 1000 482
29 1000 1000 901 1000 1000 633
30 1000 1000 940 1000 1000 1000
31 1000 1000 1000 1000 1000 937
32 1000 1000 500 1000 1000 845
33 1000 1000 387 1000 1000 989
34 1000 1000 945 1000 1000 1000
35 1000 1000 1000 1000 1000 1000
36 1000 1000 427 1000 845 1000
37 1000 1000 1000 1000 1000 1000
38 1000 1000 1000 1000 1000 1000
39 1000 1000 209 1000 1000 508
40 1000 1000 807 1000 1000 715
41 1000 1000 249 1000 1000 752
42 1000 995 176 1000 1000 1000
43 1000 1000 678 1000 1000 70
44 1000 1000 949 1000 1000 1000
45 1000 1000 336 1000 1000 583
46 1000 1000 722 1000 1000 1000
47 1000 1000 320 1000 1000 190
48 1000 1000 496 1000 1000 887
49 1000 1000 228 1000 1000 458
50 1000 766 833 1000 1000 1000
51 1000 1000 330 1000 1000 547
52 1000 1000 399 1000 1000 369
53 1000 1000 488 1000 1000 193
54 1000 1000 156 1000 1000 532
55 1000 1000 590 1000 1000 851
56 1000 1000 1000 1000 1000 1000
57 1000 1000 308 1000 1000 405
58 1000 1000 1000 1000 1000 1000
59 1000 1000 1000 1000 1000 158
60 1000 1000 631 1000 1000 113
61 1000 1000 224 1000 1000 768
62 1000 1000 692 1000 1000 448
63 1000 1000 1000 1000 1000 794
64 1000 1000 1000 1000 1000 1000
65 1000 1000 1000 1000 1000 373
66 1000 1000 832 888 1000 239
67 1000 1000 1000 1000 1000 1000
68 1000 1000 193 1000 1000 843
69 1000 1000 521 1000 1000 687
70 1000 1000 1000 1000 1000 1000
71 1000 1000 863 1000 1000 712
72 1000 1000 792 1000 1000 874
73 1000 1000 1000 1000 1000 773
74 1000 1000 734 1000 1000 186
75 1000 1000 1000 1000 1000 932
76 1000 1000 919 1000 1000 785
77 1000 1000 333 1000 1000 734
78 1000 1000 373 1000 1000 870
79 1000 1000 493 1000 1000 457
80 1000 1000 755 1000 1000 201
81 1000 1000 483 1000 1000 665
82 1000 1000 73 1000 1000 1000
83 1000 1000 908 1000 1000 1000
84 1000 1000 152 1000 1000 195
85 1000 1000 671 1000 1000 861
86 1000 1000 624 1000 1000 946
87 1000 1000 170 1000 1000 72
88 1000 1000 793 1000 1000 256
89 1000 1000 888 1000 1000 529
90 1000 1000 678 1000 1000 457
91 1000 180 544 1000 1000 1000
92 1000 1000 503 1000 1000 372
93 1000 1000 647 1000 1000 404
94 1000 1000 1000 1000 1000 388
95 1000 1000 1000 1000 1000 441
96 1000 1000 489 1000 1000 650
97 1000 1000 819 1000 1000 840
98 1000 1000 494 1000 851 620
99 1000 1000 1000 1000 1000 976
100 1000 1000 255 1000 1000 749
