1 -524.8544 -530.1786 -531.2171 -533.9202 -532.057 -533.9509
2 -527.6403 -529.9876 -529.0883 -527.8124 -530.7311 -531.5097
3 -524.2406 -528.3916 -529.3427 -536.8602 -542.3903 -542.976
4 -480.0247 -487.5734 -485.8767 -496.2663 -500.3036 -500.6822
5 -536.3567 -542.2735 -542.2612 -537.3154 -542.3239 -543.2758
6 -498.1833 -504.6957 -502.7514 -501.0091 -504.7963 -502.1644
7 -505.855 -515.73 -518.8066 -517.0591 -523.7276 -524.8701
8 -549.6187 -559.4808 -559.8783 -553.6208 -561.7424 -564.4476
9 -547.5567 -555.4244 -553.2672 -565.1896 -569.2206 -569.4057
10 -513.6076 -515.1856 -517.5615 -515.717 -520.1776 -520.2616
11 -503.9689 -509.9459 -507.6815 -523.8766 -528.4912 -528.9228
12 -530.8848 -536.5067 -535.9395 -536.487 -541.6707 -542.0048
13 -563.5206 -571.9489 -565.9495 -586.3427 -589.4615 -585.7194
14 -550.4696 -551.047 -555.1548 -555.518 -553.4097 -557.1439
15 -510.5226 -517.0763 -520.2009 -512.699 -519.8249 -521.3815
16 -510.9277 -515.4848 -514.9854 -525.4844 -529.7611 -528.1967
17 -482.7728 -490.3348 -491.7921 -485.8041 -490.1415 -494.9788
18 -478.2225 -484.9279 -486.1205 -477.8991 -486.7523 -486.6689
19 -448.2658 -454.9264 -453.2795 -452.0755 -456.1315 -457.203
20 -499.9128 -512.0183 -504.7579 -534.2268 -537.0729 -537.0435
21 -552.6469 -555.7112 -555.7262 -557.5839 -558.9542 -562.3161
22 -518.0265 -523.7494 -525.2017 -523.9104 -526.8925 -527.7755
23 -528.4948 -527.2747 -532.4057 -531.4899 -531.9868 -536.4091
24 -498.3538 -502.3859 -504.2606 -518.2792 -519.9879 -524.1618
25 -504.8768 -514.0507 -514.5707 -519.0189 -522.6011 -525.3747
26 -528.4368 -538.2265 -537.9084 -543.1788 -544.1436 -543.8609
27 -547.0345 -548.2419 -551.163 -585.5318 -582.7687 -585.2505
28 -521.4168 -527.3095 -526.2494 -529.8012 -532.4371 -532.0184
29 -519.4896 -529.2574 -531.176 -528.5376 -535.2946 -535.8438
30 -512.4753 -518.3827 -523.2089 -519.2717 -526.6758 -529.7181
31 -423.6122 -435.5456 -432.8831 -432.3861 -438.746 -437.3267
32 -437.7324 -445.62 -448.0896 -444.0135 -444.993 -447.0745
33 -509.2991 -521.3914 -517.378 -529.7951 -538.4299 -537.9425
34 -504.1305 -507.1585 -509.8924 -515.0741 -520.8444 -520.2928
35 -611.1264 -615.3169 -616.8529 -635.707 -640.5841 -638.3407
36 -515.3441 -524.6411 -523.0654 -530.5725 -533.1865 -535.764
37 -593.1997 -592.0973 -589.8668 -597.7044 -595.9937 -596.401
38 -485.9471 -493.7555 -493.8033 -492.8494 -501.183 -502.3854
39 -562.3998 -561.4562 -568.4208 -563.4187 -563.8437 -571.7673
40 -461.0856 -467.2739 -461.4512 -479.3946 -484.9812 -480.5285
41 -528.2695 -530.9606 -535.6211 -540.8477 -540.462 -544.9665
42 -545.0579 -547.511 -548.2978 -555.7983 -557.9154 -557.9522
43 -531.1476 -537.9641 -537.791 -543.5557 -544.8974 -546.6229
44 -556.1932 -563.0308 -564.6913 -568.295 -575.4561 -574.6221
45 -507.6557 -507.5881 -504.0921 -513.2482 -515.2935 -514.5511
46 -480.5783 -488.2254 -488.4191 -485.9404 -493.2546 -494.7699
47 -518.9314 -524.5235 -523.3395 -526.6808 -531.082 -528.1301
48 -520.4699 -521.3827 -524.5326 -534.0161 -536.4364 -538.0844
49 -553.9191 -555.8678 -554.1796 -559.0188 -562.1043 -560.7557
50 -540.5815 -544.8885 -549.4652 -546.8402 -549.7593 -552.1266
51 -447.8295 -462.7048 -457.9735 -458.908 -465.1556 -461.7035
52 -495.3456 -506.4356 -506.8127 -506.3245 -514.2925 -513.5325
53 -468.907 -477.2842 -480.8007 -482.0121 -488.4282 -488.4361
54 -480.9321 -488.4039 -487.42 -488.1041 -495.4558 -493.3753
55 -500.6136 -507.5342 -507.3553 -514.2568 -520.2671 -521.9866
56 -547.7642 -549.4579 -550.3797 -558.9813 -561.6915 -564.2049
57 -557.2709 -563.0642 -561.4512 -570.2657 -575.6613 -574.1079
58 -516.2907 -519.6107 -519.576 -525.2741 -528.6202 -531.3489
59 -490.5446 -500.8909 -496.1528 -498.8221 -504.9768 -498.2224
60 -508.2857 -510.428 -512.5386 -521.1069 -525.6562 -526.2962
61 -497.3554 -500.6942 -502.5577 -507.6978 -512.7185 -512.9216
62 -448.278 -452.5332 -449.6721 -452.2008 -458.0498 -458.6128
63 -532.3204 -534.8663 -535.4111 -539.7223 -539.5404 -539.4085
64 -447.1079 -449.8611 -451.4066 -452.3247 -455.4027 -456.4488
65 -521.1647 -526.4333 -527.4454 -518.6005 -527.0885 -527.756
66 -492.9052 -497.7781 -498.5802 -504.1836 -503.6109 -504.6687
67 -545.9416 -549.5886 -551.5106 -545.2206 -551.4232 -552.0735
68 -504.3975 -507.1743 -508.5539 -507.7404 -508.8467 -510.9296
69 -539.4488 -549.9191 -548.6879 -551.1812 -558.5047 -557.0364
70 -506.5399 -514.2599 -514.9538 -512.9154 -521.8958 -520.5647
71 -506.4888 -514.5484 -515.4252 -532.5181 -543.5087 -538.9826
72 -518.7607 -528.4269 -526.7756 -533.6044 -537.0985 -535.9671
73 -575.6093 -578.1383 -576.6959 -585.5875 -582.4941 -585.4892
74 -480.0198 -480.7252 -483.0583 -489.331 -490.3911 -492.4939
75 -533.0157 -532.2355 -535.0613 -532.9641 -533.3487 -536.3697
76 -512.2534 -514.7435 -516.2398 -520.4245 -523.0404 -523.2644
77 -502.9591 -512.3991 -511.9265 -511.9217 -515.4116 -516.1347
78 -468.8702 -474.7046 -475.264 -468.1013 -474.7471 -474.639
79 -505.3452 -513.3054 -513.2516 -512.1533 -517.591 -515.6701
80 -532.1235 -543.728 -539.4494 -532.4307 -544.822 -543.9773
81 -547.0248 -553.572 -553.0219 -556.1052 -558.9702 -561.7606
82 -529.9706 -531.5813 -533.234 -536.2917 -541.2279 -539.4552
83 -522.8912 -531.5359 -532.4294 -534.0742 -536.4218 -534.5323
84 -488.7443 -494.9211 -494.2077 -490.9126 -496.2467 -497.108
85 -493.6951 -499.8004 -499.5538 -497.5803 -505.02 -504.4537
86 -537.0635 -542.454 -546.3443 -555.3142 -556.2042 -560.1778
87 -501.1655 -511.4511 -514.7659 -510.6751 -515.1451 -519.9415
88 -562.2755 -566.8667 -566.6822 -575.3628 -577.5464 -579.36
89 -531.7513 -540.4182 -539.7833 -575.8824 -581.186 -583.0637
90 -511.8227 -520.69 -517.205 -527.9739 -534.4142 -532.3241
91 -542.8993 -544.1355 -543.7008 -555.357 -561.324 -557.0093
92 -528.5262 -535.4154 -535.9648 -531.6443 -538.3757 -536.8307
93 -528.6851 -531.8859 -531.2751 -531.0995 -534.2082 -534.3513
94 -548.581 -552.6239 -550.5926 -554.538 -560.2075 -559.1566
95 -495.9248 -504.7073 -503.4932 -498.1037 -503.8504 -503.6148
96 -552.3853 -554.3737 -552.3143 -552.0356 -559.1166 -558.1297
97 -533.0359 -542.2221 -542.3101 -548.9303 -555.8934 -558.0772
98 -579.9066 -584.7954 -586.4081 -579.5797 -583.617 -584.7877
99 -554.1262 -557.7381 -555.749 -566.8531 -569.0427 -565.6494
100 -418.2226 -438.8185 -432.809 -431.3699 -444.5896 -440.8958
