1 87.17069 89.43126 83.70163 85.09666 89.46133 84.00378
2 153.6436 139.4093 150.5285 153.6214 139.2373 150.668
3 119.3399 114.6508 124.8032 117.5954 114.507 122.9629
4 102.2518 100.2566 100.6023 100.4384 101.4197 99.07747
5 189.6886 187.4929 186.2694 198.9836 183.6486 182.1426
6 132.8032 117.8761 121.0859 130.8785 118.4725 120.9379
7 108.4925 102.2373 97.884 109.9134 102.0595 97.23533
8 180.6996 182.1354 181.6183 184.997 184.5251 180.4929
9 163.32 152.3442 139.8549 159.83 148.3081 142.9285
10 279.8986 261.9503 241.4868 276.9135 250.3983 245.0108
11 109.7761 100.471 100.5405 109.4186 99.74301 99.72405
12 120.2939 122.2116 120.9828 119.2913 124.292 122.026
13 126.6095 129.4649 119.4384 124.2529 126.7423 119.8784
14 285.3006 257.737 262.3847 268.0741 265.0783 266.6628
15 90.54314 81.90825 79.89415 89.81498 84.62975 80.17187
16 86.02029 83.92381 86.69887 86.87362 82.85742 87.62528
17 109.6097 99.04145 95.15913 105.5676 99.6823 95.54894
18 136.2004 120.2671 118.842 137.2943 121.5444 120.7447
19 52.00944 48.30401 49.56481 51.52533 48.68392 49.64656
20 111.1543 126.0015 117.9764 114.1215 119.8817 116.7153
21 285.3241 242.0581 252.0747 280.105 249.7911 262.991
22 184.4431 189.9778 185.4947 195.4551 187.7983 185.7993
23 262.0613 249.3415 269.4009 266.8475 251.7325 265.5
24 75.50283 81.72742 78.64672 76.59647 79.0223 78.75325
25 131.6168 115.3086 118.4701 135.7556 115.7214 120.4196
26 99.70277 105.2001 104.6366 102.5702 104.9464 106.5555
27 248.4148 257.7798 243.7533 251.7237 254.6503 249.0959
28 118.8243 124.0898 119.6096 115.7397 124.649 117.4505
29 143.3179 137.7707 141.8345 146.8643 139.2192 140.2758
30 180.3003 179.3017 178.8401 181.2695 181.3879 181.5088
31 58.32717 53.31171 56.53487 59.77473 53.15973 55.64981
32 75.51939 74.11219 68.70982 73.37103 72.28651 69.04692
33 118.069 116.2733 118.5114 120.2284 116.431 119.6549
34 98.00922 93.78738 99.92212 95.98718 92.2074 102.7529
35 275.2412 271.9457 272.2366 276.8664 259.5471 273.8467
36 117.7738 116.1437 110.4475 125.0338 120.3597 111.6176
37 259.2189 252.2025 242.164 256.1591 252.0749 236.9405
38 125.4964 118.2215 123.6166 125.1606 116.3311 121.0431
39 402.753 392.6812 393.1361 400.5602 397.8378 388.6159
40 38.90293 42.19674 42.88224 40.87492 43.01909 43.66243
41 176.8287 176.0022 186.4582 180.1201 179.1159 183.1316
42 189.8176 183.9192 179.2104 190.5534 185.8085 178.1361
43 89.33231 84.26313 83.88521 91.65971 86.86275 84.01043
44 189.9952 193.6251 181.0211 191.5215 186.1472 183.338
45 99.39977 103.2768 99.71375 98.56725 100.1007 99.60714
46 91.04576 81.3706 79.33531 92.34976 80.6478 78.99954
47 87.2332 76.86354 79.18231 86.88081 75.06421 78.23518
48 146.7864 149.727 138.8771 145.3079 150.8104 142.7286
49 106.3714 100.349 102.2232 99.86639 103.1645 102.8466
50 249.5085 249.7316 253.4549 251.6546 257.2315 251.7175
51 69.46034 59.89382 63.61741 69.75701 61.16889 62.82097
52 80.58648 71.06208 71.80208 83.02531 72.42387 71.47892
53 90.03304 85.64377 84.34958 90.39832 84.37485 83.07744
54 79.76219 70.80394 74.31755 80.67516 70.53102 70.99475
55 124.4423 119.5155 121.9139 125.4962 120.5257 118.6215
56 121.1354 122.8618 116.592 120.8024 124.2169 116.1139
57 100.398 102.4582 100.1938 103.2067 100.782 99.14948
58 185.7421 177.8188 181.5339 182.4377 178.9753 181.691
59 63.67558 61.60164 62.85625 64.7897 61.92801 62.23394
60 78.6182 77.22962 74.56154 77.92355 77.14144 75.77349
61 88.94147 86.84415 86.57588 86.85783 83.95845 85.74769
62 55.60513 56.57646 56.87816 55.68819 57.31699 57.19257
63 189.3388 190.2431 185.7421 190.0222 186.2025 183.3201
64 88.52662 79.47632 82.20691 86.82689 79.64325 84.11071
65 155.6901 142.8204 138.3554 154.1331 143.3917 138.287
66 73.65045 74.27025 75.02464 74.65248 76.02393 73.94148
67 268.3601 255.6441 247.8358 273.987 256.6322 249.7444
68 83.93407 91.24371 85.27833 87.62629 91.69882 85.27448
69 118.9316 117.1656 121.5331 117.9351 112.1029 125.7812
70 131.2463 110.956 110.3372 128.0705 113.8414 114.7381
71 104.0407 100.8316 96.50572 104.3105 99.8857 97.28864
72 100.1662 104.3831 103.7357 101.0863 108.6123 103.7093
73 203.6682 190.6127 194.2557 201.9275 195.9587 195.836
74 74.69061 78.88354 72.43033 78.84941 80.48814 74.86718
75 154.6859 146.9036 143.7243 158.6384 147.4287 143.4117
76 126.4002 119.4409 121.3528 127.8797 118.6468 121.5594
77 125.6985 121.2136 120.3654 128.6912 118.9706 119.4043
78 78.42683 70.30348 73.26765 80.03408 70.48499 72.37949
79 107.4888 93.67669 98.95624 110.8746 95.01132 99.01675
80 95.31469 82.56156 85.42724 91.56382 83.14367 84.47064
81 259.4929 254.4893 263.2025 249.4346 247.6335 265.2663
82 107.6423 99.2609 94.25258 106.9053 97.93669 94.82644
83 155.3049 147.1523 139.7706 158.0608 150.3129 139.1128
84 112.631 120.6871 107.7392 109.9272 118.9937 110.4107
85 106.3048 95.99102 97.71646 106.077 96.986 97.57795
86 163.2341 141.9177 144.5714 163.8178 143.5781 145.7076
87 114.137 112.3727 114.108 115.5476 111.3424 115.5255
88 212.1506 184.0227 194.5536 210.0086 183.4843 191.8718
89 151.2099 136.2386 150.5055 154.9089 141.6771 150.1293
90 101.4582 99.68454 99.76516 98.23846 99.13839 102.7399
91 139.6955 133.7315 128.7817 139.8336 132.4733 128.5193
92 206.5712 190.3635 189.6675 201.5058 198.1882 186.7235
93 144.0976 156.9954 143.9701 142.9404 154.3512 146.1212
94 131.4233 145.7586 144.2621 141.2146 141.4422 143.8658
95 95.07661 88.06324 84.70171 96.38054 86.14659 84.95089
96 141.8387 138.1716 153.9393 141.6176 137.3081 152.6365
97 201.6893 174.933 186.8845 192.7236 176.6582 182.6544
98 158.7688 147.325 151.6942 164.9534 146.2317 151.9083
99 194.6176 198.9237 196.2505 190.8606 191.5409 189.6908
100 42.03006 39.02116 37.84566 43.37468 39.99121 38.08981
