1 5.998432 6.099784 5.886753 5.931278 6.110087 5.876147
2 11.193 11.10478 11.48583 11.36181 11.07535 11.56149
3 7.500269 7.357951 7.713099 7.393149 7.361546 7.61641
4 6.676031 6.668804 6.71748 6.572287 6.718605 6.632854
5 17.12435 18.45932 17.47694 18.33838 17.90398 18.34321
6 8.761169 8.078934 8.218782 8.639302 8.130127 8.228847
7 7.476041 7.211028 7.123074 7.52739 7.208374 7.12134
8 12.77213 13.07802 13.19685 12.99652 13.34069 13.14602
9 10.49275 9.98416 9.402007 10.23762 9.77241 9.649745
10 16.78221 15.87282 15.13317 16.6002 15.2214 15.31732
11 7.130807 6.648208 6.725376 7.108897 6.645488 6.658024
12 7.645539 7.679133 7.586649 7.573698 7.791811 7.675149
13 7.86469 7.900777 7.462809 7.719814 7.728662 7.49674
14 17.54347 16.20315 16.57134 16.52382 16.63505 16.77152
15 6.266788 5.852291 5.900253 6.219315 6.116046 5.937413
16 8.976355 8.639688 8.98365 8.661907 8.963162 9.20902
17 7.08013 6.472937 6.308633 6.764074 6.48013 6.325432
18 8.489572 7.650292 7.647266 8.571433 7.741056 7.764378
19 3.98158 3.851052 3.915796 3.880418 3.89105 3.934762
20 7.783523 8.673195 8.247462 7.826629 8.283294 8.193782
21 16.98946 15.10552 15.41355 16.70846 15.53358 16.07958
22 11.61335 11.999 11.98436 12.34238 11.90414 11.94914
23 15.96194 15.51086 16.23734 16.19511 15.65663 16.0415
24 5.169245 5.529444 5.401057 5.268048 5.364516 5.415194
25 8.168912 7.422383 7.481558 8.403754 7.400363 7.610019
26 6.624296 6.960023 6.843564 6.91936 6.932261 6.948141
27 15.64291 16.34091 15.66336 15.78805 16.08205 15.99953
28 8.034086 8.175743 8.050922 7.89186 8.249034 7.92518
29 9.84493 9.831999 10.00946 10.05005 9.956375 9.947197
30 11.89731 12.08643 12.05041 11.87396 12.24426 12.20366
31 3.815093 3.5762 3.767685 3.90721 3.565026 3.710687
32 5.287827 5.398359 5.127246 5.168312 5.252571 5.132664
33 7.820157 7.874615 7.882989 7.939701 7.868826 7.926972
34 6.595333 6.475543 6.62824 6.450405 6.356562 6.797854
35 33.89275 35.34249 36.11533 33.87017 32.8811 35.08301
36 7.393895 7.397183 7.205984 7.890813 7.62282 7.301388
37 16.24161 16.11259 15.69581 16.18639 16.00883 15.41366
38 8.415871 8.225466 8.379049 8.366789 8.076092 8.239276
39 24.74809 24.35092 24.50693 24.69272 24.60598 24.25953
40 2.937366 3.197716 3.200384 3.062219 3.246846 3.273872
41 11.45291 11.70221 12.17298 11.66665 11.84639 11.94119
42 12.88602 12.75944 12.59029 12.99997 12.90928 12.51073
43 6.105855 5.8931 5.946945 6.226386 6.062453 5.971395
44 13.39189 13.48545 12.86175 13.32882 13.14108 12.94712
45 6.532504 6.826457 6.621595 6.461462 6.610219 6.601641
46 6.00923 5.604876 5.561251 6.072533 5.565689 5.520787
47 6.508696 6.029316 6.129518 6.409202 5.938471 6.017731
48 9.59657 9.775913 9.302875 9.51879 9.819034 9.482902
49 7.514202 7.072053 7.233861 7.099385 7.278433 7.283909
50 16.34581 16.50279 16.72678 16.502 16.97319 16.57327
51 4.558103 4.123567 4.263565 4.58742 4.193003 4.220389
52 5.296474 4.884396 4.972094 5.423184 4.968207 4.959046
53 5.804842 5.685448 5.583851 5.823081 5.59916 5.472405
54 5.327007 5.057014 5.210998 5.378413 5.031642 4.982309
55 8.310387 8.129609 8.270694 8.367743 8.179888 8.066483
56 8.457015 8.530288 8.361161 8.21534 8.598511 8.459113
57 134.4891 106.7509 120.7997 124.6848 101.9192 102.7195
58 11.81719 11.62696 11.82262 11.62582 11.67572 11.7865
59 4.184065 4.117525 4.157116 4.247938 4.126531 4.106364
60 5.182212 5.10759 5.001685 5.142666 5.129068 5.077773
61 6.07919 5.989371 6.038186 5.934173 5.830194 5.992474
62 5.247158 5.356986 5.387594 5.034237 5.465422 5.486568
63 11.91044 12.02455 11.86339 11.98287 11.77419 11.72042
64 5.516256 5.14064 5.142034 5.431654 5.136084 5.251024
65 10.02298 9.495163 9.300155 9.861106 9.563554 9.301965
66 5.098717 5.229055 5.344351 5.202494 5.348194 5.267429
67 16.93301 16.48851 16.28479 17.16929 16.57799 16.37102
68 10.54586 11.03102 11.04962 11.45599 10.48399 10.54173
69 7.843143 7.963595 7.978615 7.795472 7.628791 8.24754
70 8.355744 7.470597 7.41944 8.157094 7.669198 7.67327
71 6.873192 6.749502 6.59904 6.84562 6.711253 6.598967
72 6.422215 6.608302 6.597383 6.454793 6.854339 6.605669
73 16.87555 15.78074 16.63284 16.61273 16.85729 17.13534
74 5.148906 5.447344 5.177974 5.434962 5.550731 5.381712
75 9.864161 9.604254 9.557398 10.075 9.662021 9.556213
76 7.825583 7.563004 7.618393 7.921768 7.528276 7.569747
77 7.873391 7.690343 7.641009 8.083322 7.568354 7.591211
78 4.833352 4.476974 4.574679 4.91767 4.47076 4.511975
79 7.143877 6.5133 6.801295 7.34613 6.627278 6.780845
80 9.08537 8.412072 8.73593 8.477213 8.603247 8.59471
81 17.00097 17.18549 17.29726 16.4946 16.7217 17.36847
82 7.102471 6.743827 6.564837 7.071989 6.683915 6.623369
83 9.822982 9.503427 9.335724 9.98329 9.69225 9.232162
84 7.512048 7.956728 7.37125 7.289458 7.837139 7.532417
85 7.597695 7.316804 7.258856 7.529399 7.358512 7.313045
86 10.13152 9.363761 9.463531 10.19199 9.470388 9.551982
87 8.161422 8.491074 8.425456 8.374714 8.342091 8.578986
88 14.02171 12.90992 13.331 13.87073 12.81231 13.11439
89 9.572625 8.941493 9.569001 9.751579 9.295871 9.497764
90 6.959371 6.922174 6.860114 6.673946 6.920981 7.068304
91 8.844528 8.484316 8.341024 8.843099 8.454364 8.327007
92 12.7222 12.02749 12.21029 12.43352 12.46971 12.02091
93 9.451199 10.26436 9.686515 9.417498 10.07272 9.857333
94 8.685766 9.602113 9.482107 9.325978 9.303307 9.493843
95 6.532428 6.256375 6.059139 6.537227 6.104835 6.059809
96 9.236234 9.340048 9.917231 9.264144 9.268242 9.844736
97 12.3416 11.18785 11.71593 11.73285 11.28737 11.45325
98 13.30966 13.47753 13.4292 13.63548 13.25561 13.25973
99 12.43549 12.90787 12.88852 12.29293 12.42669 12.38672
100 3.216626 3.08234 3.045594 3.287267 3.086112 3.077754
