1 26.64941 1.910836 -0.5005231 7.749702 1.708928 11.24827 -2.656692 -0.1140035 -0.03915488
2 26.26747 2.26279 -0.5738307 5.087117 4.545037 20.43952 -2.483554 -1.937827 -0.09688303
3 26.17042 1.760659 -0.5457804 5.279151 0.9915801 4.133329 -2.003546 -1.238143 -0.05931054
4 25.96018 2.108926 -0.5298293 3.768405 0.8054313 5.044101 -3.760817 2.125059 -0.0842417
5 26.53687 1.81148 -0.4954456 5.611998 2.805723 15.63316 -2.894551 -0.03095133 -0.184817
6 26.44255 1.97607 -0.5110738 4.949849 1.658508 191.5268 -2.424465 -1.996289 -0.06767702
7 26.37162 2.063463 -0.5078922 5.391931 1.107024 4.892714 -2.181608 -0.988322 -0.01695587
8 25.45616 1.961698 -0.5756918 5.281807 1.216161 10.14473 -3.878819 -7.908167 0.01263599
9 26.73911 1.931273 -0.4936559 4.994788 1.150044 4.467791 -3.050143 -0.5562411 -0.008539881
10 27.13606 1.871542 -0.4987469 3.490349 1.886513 11.31253 -2.716935 -2.357173 -0.1350295
11 26.49125 1.810754 -0.5089261 3.839374 1.387273 4.298818 -2.572474 -3.041177 -0.02523475
12 26.5842 2.096349 -0.5233879 5.371329 0.840115 5.882003 -4.871771 2.623022 0.002921921
13 27.48466 1.938802 -0.5077228 5.12295 1.79409 3.948682 -3.590808 -2.960896 0.0304609
14 26.62088 2.067028 -0.5149219 4.365189 2.658183 9.355661 -4.149848 -8.495469 0.06124703
15 26.08821 2.093653 -0.5224987 6.632592 2.183849 16.00394 -2.565375 -1.108435 -0.06485786
16 25.37478 1.934081 -0.5507512 5.469181 1.621791 4.89471 -2.295217 -1.136826 -0.09086608
17 26.6763 1.802521 -0.4905597 4.600757 2.270948 7.333241 -2.003808 -1.176574 -0.02525859
18 27.56635 1.788213 -0.467131 4.217419 0.5077237 17.3672 -2.789428 -1.66352 -0.0009580857
19 25.99538 2.109719 -0.5206695 5.164346 1.546733 5.816072 -2.023549 0.3791836 -0.03317858
20 25.57288 2.180421 -0.5652955 3.096817 4.203025 3.128408 -2.751226 -0.3232635 -0.09305031
21 26.65486 1.861542 -0.5231412 4.927058 1.856132 9.689594 -2.096886 -3.940101 -0.09106412
22 26.76197 1.867345 -0.5072437 4.356917 2.0068 12.12644 -2.386992 -3.048006 -0.1139848
23 26.9288 1.884586 -0.5268005 3.856025 1.728146 8.434872 -2.298299 -7.100964 -0.1627615
24 26.24985 2.045367 -0.5723941 5.358605 2.561997 4.144176 -1.884294 -0.8969196 -0.07659319
25 25.96203 1.710859 -0.4971188 3.938316 1.720206 4.026466 -2.504817 -0.4751127 -0.06831061
26 26.46968 1.834337 -0.5371798 5.466176 3.291389 6.05105 -1.653744 -0.9766102 -0.08899336
27 26.00206 2.101582 -0.5343152 3.652146 1.929273 3.791527 -2.589999 -0.5227154 -0.1096918
28 26.64155 1.947742 -0.5147055 4.922336 1.914185 9.238367 -2.106527 -2.472026 -0.009315559
29 25.29424 1.870441 -0.5487506 4.548982 1.198538 7.122849 -3.53766 -1.864252 0.03658268
30 25.95196 2.006469 -0.554872 4.210138 1.348494 5.925107 -2.360707 -0.6940019 -0.09936692
31 26.80028 1.75437 -0.5114091 3.963713 3.997035 7.497498 -1.568682 -1.063512 -0.1096661
32 25.88091 2.424879 -0.5719087 4.100301 2.286787 77.92365 -2.678939 -0.03451584 -0.02884844
33 25.4367 2.070528 -0.553137 4.624524 1.243172 4.898682 -2.610601 0.2984396 -0.03593509
34 25.43528 1.839644 -0.5498921 3.643178 3.834478 4.628644 -2.142255 -0.3293267 -0.09804132
35 26.75895 1.931836 -0.5243794 6.798835 0.6931453 5.732978 -5.798505 -2.787118 0.123331
36 26.72676 1.802872 -0.5028799 5.340659 3.969129 4.852131 -2.276478 -0.1324436 -0.1901549
37 26.07662 2.019254 -0.543887 6.282423 2.877181 6.476787 -3.008567 -0.8868141 -0.1657823
38 26.10078 2.124554 -0.5580699 3.709129 0.5926573 4.968255 -3.213223 0.9153347 -0.05112106
39 26.99 2.022181 -0.5304544 5.340147 2.68962 14.93484 -1.932595 -6.532911 -0.2905815
40 25.70698 2.228046 -0.5653137 4.250376 3.986155 3.355291 -2.184829 -2.05794 0.002612134
41 25.86821 2.001398 -0.5630987 4.589529 1.88585 6.175355 -2.21446 -0.7260677 -0.09593393
42 26.23277 1.904598 -0.5265133 4.870828 1.205291 7.025783 -2.400829 -2.524084 -0.08005402
43 26.31966 2.040963 -0.5293841 6.230333 3.255473 6.63969 -2.618717 -2.099882 -0.02709851
44 26.94051 1.925211 -0.5104908 5.240103 2.485095 4.144069 -2.69685 -0.4138313 -0.1854508
45 26.3027 1.752064 -0.5224396 3.371063 2.80416 4.408607 -1.817364 -3.018066 -0.05422463
46 26.51284 1.988358 -0.5305876 4.570603 0.8219012 5.133613 -2.687921 -0.0322839 -0.04827911
47 25.80698 2.053436 -0.524047 5.444067 3.826594 8.651477 -3.578973 -0.3293809 0.0217476
48 26.47448 1.939757 -0.5250107 4.326318 1.800782 4.887622 -3.085814 0.3335394 -0.07058112
49 26.20735 1.732777 -0.5256319 6.069537 2.34853 5.474665 -3.350209 -1.075742 0.009822112
50 26.09459 2.041218 -0.5411604 5.377288 1.230905 14.5714 -12.39391 10.10378 -0.09570762
51 26.26219 1.872871 -0.5057897 4.485808 1.678036 7.676835 -1.890812 -1.786977 -0.07032195
52 26.6521 1.887042 -0.5047463 5.586628 0.8716304 3.756309 -1.892092 -0.3006317 -0.01566237
53 26.79819 2.130589 -0.5041764 4.337744 0.6509043 4.968864 -2.624802 0.7548875 -0.1225284
54 26.47035 2.032449 -0.5368412 5.176196 1.688958 7.079257 -2.591162 0.2745167 -0.06516495
55 26.46774 2.189546 -0.5257324 4.522707 1.939537 5.994647 -2.858282 0.6248004 -0.04006311
56 26.60946 2.005422 -0.5094186 4.82107 5.566876 4.639506 -3.353765 0.5098094 -0.07228409
57 25.90363 2.01169 -0.5472814 7.310941 0.6230088 4.571015 -1.541546 -2.496823 -0.07808219
58 26.10245 1.941326 -0.5610894 3.653098 2.701727 6.935264 -2.455652 -0.4554541 -0.1590514
59 26.3896 2.117286 -0.5118019 4.80945 2.114035 10.14683 -2.593213 -0.2585031 -0.05485326
60 26.02935 2.090756 -0.5219141 5.456513 1.352831 4.736412 -2.710876 -2.130586 0.01520213
61 26.62107 2.071765 -0.5188857 4.354573 5.04629 5.674446 -2.438009 -1.918986 -0.06844392
62 25.72138 2.111801 -0.5422735 4.655084 2.733511 6.139163 -2.005229 -0.04686083 -0.08544839
63 26.74751 2.000822 -0.5445711 4.12015 2.178692 10.39471 -1.970426 -2.664133 -0.1112067
64 27.05585 1.833595 -0.5370184 3.772471 2.517338 9.228372 -1.143467 -2.436322 -0.09516144
65 26.50066 2.114794 -0.5544221 6.157038 1.572231 26.53509 -1.774263 -0.6988968 -0.2159794
66 25.95273 2.18536 -0.5564034 3.760001 4.356565 5.176718 -3.299525 -0.07355723 0.03145017
67 26.56614 1.899078 -0.5206651 5.004713 2.159108 22.3498 -2.449816 -3.115216 -0.11565
68 26.10622 1.888215 -0.5189166 5.793398 3.066606 14.65687 -1.088515 -2.59808 -0.1071812
69 25.97859 2.23498 -0.596958 5.57609 3.619371 7.224145 -3.111777 0.3687974 -0.1167973
70 26.05864 1.806938 -0.5267309 4.323291 1.494117 5.637485 -3.673049 0.6321418 -0.008502793
71 26.64988 1.889591 -0.5207835 4.295144 0.3255346 2.873291 -1.902766 -1.366237 -0.1117596
72 26.72029 1.956717 -0.5254331 4.989782 0.7703554 7.800691 -2.383979 -0.8393972 -0.04837565
73 26.23273 2.173246 -0.5236604 5.317522 3.116833 7.935572 -4.817896 -1.393499 0.0769168
74 26.33137 2.094883 -0.5070163 3.961805 3.289085 4.317778 -1.604389 -0.5093572 -0.05974188
75 26.13901 1.926161 -0.5319399 4.924859 1.662266 16.75179 -3.01026 -8.865343 0.0172979
76 26.74974 1.914787 -0.5226214 5.008468 0.8981268 6.824941 -2.482362 -0.5782644 -0.09389484
77 26.57574 1.898601 -0.5089011 4.640623 1.784041 7.421895 -2.666473 -0.285852 -0.07827621
78 26.91785 1.574655 -0.4988266 5.866867 2.468189 15.28002 -1.498457 -1.721546 -0.1324821
79 25.96655 1.889091 -0.5285135 5.200567 3.723902 10.89152 -2.744149 0.8462046 -0.1303204
80 25.53682 2.082793 -0.5488973 7.353393 2.375474 7.314433 -2.484337 -0.4747477 -0.07731814
81 26.36667 2.074737 -0.5600702 4.300369 1.552782 4.391963 -2.666534 -6.439987 -0.1868737
82 25.99004 2.173531 -0.5327963 5.692957 1.9009 6.43944 -2.262716 -0.8014574 -0.08097026
83 26.15292 1.916525 -0.4986737 5.053129 2.304561 7.374696 -3.657275 0.1782675 0.01404307
84 26.4684 2.077581 -0.5252887 4.467504 2.07284 11.92187 -2.391956 -0.3384957 -0.03608594
85 25.70446 2.18281 -0.565307 5.045657 2.090542 8.968665 -2.356494 -0.7306062 -0.04771005
86 26.74382 2.018771 -0.5500918 4.582512 1.743846 5.151969 -2.774155 -9.523244 0.02734846
87 26.09731 2.0934 -0.5550143 5.866356 2.047216 8.23414 -2.130269 -0.0421932 -0.1739213
88 26.85178 2.027083 -0.5340786 4.608736 1.495696 4.0214 -2.146837 -3.615135 -0.0980647
89 26.14025 1.881564 -0.5462019 4.889655 1.469374 4.575081 -4.151867 2.383375 -0.1448116
90 26.66796 2.033184 -0.5513164 4.545894 2.543069 4.674919 -1.855814 -1.365256 -0.1144195
91 27.08256 1.89148 -0.4746277 4.683839 0.3986219 4.711938 -2.847234 -0.4264559 -0.02680924
92 26.58246 1.955185 -0.5107403 4.302663 0.696455 10.69486 -3.964858 0.858443 -0.01100048
93 25.89381 2.046473 -0.5137958 4.467265 2.649944 14.2517 -2.163807 -4.568059 -0.003032443
94 26.11081 1.860401 -0.5483193 5.293992 2.094809 5.733344 -3.525428 0.09603227 0.003814815
95 26.46451 1.928444 -0.5012378 5.766007 6.514127 15.88253 -2.95493 1.074012 -0.1275198
96 25.50753 1.882081 -0.5569722 6.097432 3.109497 11.11889 -3.595597 0.1277104 0.01344418
97 26.39179 1.866206 -0.5257427 4.207395 1.2272 5.211898 -2.08624 -7.212881 -0.127024
98 26.52486 2.355211 -0.5608684 9.271982 2.16236 15.01294 -1.747848 -2.622292 -0.1732597
99 26.14926 2.260516 -0.5311832 4.330892 1.594454 3.98535 -3.563903 -0.4685044 0.004220137
100 26.56835 1.991097 -0.4939624 6.715508 0.7918322 3.970027 -1.774757 -0.8771352 -0.07391242
