1 0.6970062 0.1378008 0.04630293 1.289974 0.9759275 0.7378277 0.8579252 0.02501021
2 0.6013076 0.1457654 0.03670525 1.684328 0.5753293 0.6779061 NaN NaN
3 0.5378253 0.1338041 0.0474206 0.8850456 0.8693038 0.7524565 1.00354 0.02793945
4 0.5337143 0.1219642 0.0373262 0.6482926 0.6244142 NaN NaN NaN
5 0.5950931 0.1062585 0.03693413 1.181252 0.6270706 0.8571041 1.036188 NaN
6 0.5244097 0.1088064 0.03328682 0.8013633 0.5146662 0.8525844 2.442536 0.06592667
7 0.6341111 0.1405377 0.04206475 0.8434642 0.838572 0.5822447 0.7979514 0.03350056
8 0.469652 0.1325284 0.04094967 0.72754 0.635693 1.415167 22.18299 0.06545472
9 0.6593702 0.1333768 0.04104141 1.152176 0.8276114 1.053364 1.223518 0.04584795
10 0.4857996 0.08465321 0.03011201 0.7069156 0.4341309 0.8815408 1.224103 NaN
11 0.6332957 0.1186599 0.04213162 0.929581 0.7748816 0.6809233 NaN NaN
12 0.5782985 0.1336776 0.04046144 0.7950379 0.7769381 NaN NaN 0.02278438
13 0.6811568 0.1311066 0.04640684 1.282988 0.9804252 0.8124947 NaN 0.01747952
14 0.5850348 0.1117399 0.03229433 1.397496 0.5120807 NaN 17.9848 NaN
15 0.6386012 0.1520488 0.04344055 1.101808 0.8234973 0.9565686 1.290811 0.03125144
16 0.6374933 0.1610682 0.04997896 1.110211 0.9938129 0.8155439 NaN NaN
17 0.6390252 0.1093293 0.0366663 1.58254 0.625725 0.6138617 1.758789 0.06491933
18 0.5113715 0.09216297 0.03052856 0.6121093 0.4841104 0.9745513 1.466277 0.1033532
19 0.6734885 0.152073 0.04242272 1.149845 0.7729836 0.5617624 NaN 0.01321742
20 0.7248789 0.139652 0.04103219 2.752249 0.6248411 0.8666658 0.8343339 0.02773083
21 0.5441521 0.110194 0.03664819 0.9408578 0.6173366 0.9881477 0.2812015 0.05635783
22 0.5320979 0.1017659 0.03389396 0.8698933 0.5348842 0.9997495 NaN 0.06930763
23 0.5167212 0.1014151 0.03199727 1.129895 0.4701849 0.7643576 12.01315 NaN
24 0.6753974 0.1836962 0.0583156 1.493254 1.196978 0.5159581 1.08029 0.01632785
25 0.8240191 0.1002334 0.03780051 3.042378 0.6347687 0.9362036 0.8583093 0.02658299
26 0.6536589 0.1202302 0.0427384 1.617858 0.7673342 0.3091816 2.303829 NaN
27 0.6067781 0.1505534 0.04257143 1.343227 0.8039407 1.122328 1.335444 0.1443906
28 0.5816862 0.1202041 0.03816221 1.029006 0.6601106 0.8982399 NaN 0.01402595
29 0.5140005 0.1286306 0.0392442 1.048184 0.6059087 0.9155719 NaN NaN
30 0.4785708 0.1341767 0.03719132 0.891577 0.5807725 0.8405673 1.223731 0.1252731
31 0.7866769 0.1028559 0.03769554 2.637113 0.5974602 0.5385484 0.6986356 0.01928217
32 0.5400796 0.1283662 0.03300644 1.067458 0.4593503 0.5944705 0.719552 0.01967397
33 0.5426445 0.138549 0.04492242 0.8189347 0.7904624 0.7443471 0.8645483 NaN
34 0.6584335 0.1182044 0.04132315 1.855581 0.6523762 0.9341418 1.7711 0.01303068
35 0.6038263 0.1716319 0.04873639 1.022934 1.098799 NaN 3.134857 0.08958683
36 0.7570814 0.1199929 0.04317769 2.506558 0.8309137 0.6372141 0.9279415 NaN
37 0.661706 0.1322579 0.04449784 1.613852 0.8477674 0.8999443 1.258171 NaN
38 0.4369232 0.1248574 0.03546027 0.5410555 0.5409186 0.6141936 NaN NaN
39 0.5650221 0.1174652 0.03506784 1.220553 0.601095 0.8924378 5.870239 0.2758126
40 0.8783738 0.1884523 0.05502141 2.600157 1.11346 0.5404016 NaN NaN
41 0.5072585 0.1368384 0.04125811 0.9006585 0.6858741 0.8154205 1.269271 0.1302034
42 0.5308103 0.128022 0.04046833 0.7088859 0.7274998 0.9238506 NaN NaN
43 0.7144041 0.1547478 0.04608852 1.485039 0.9586769 0.6370803 NaN NaN
44 0.6653814 0.1295075 0.04159208 1.783167 0.8339656 0.8395858 1.072172 NaN
45 0.6014478 0.10675 0.0381836 1.417869 0.579575 1.317517 NaN NaN
46 0.5702615 0.1231053 0.04202792 0.7129199 0.754871 0.7337258 0.8059232 0.02373665
47 0.7367886 0.1475801 0.04279538 1.822485 0.7967495 NaN NaN NaN
48 0.5586891 0.121639 0.03912891 0.9793232 0.6852658 0.8964004 0.9963399 NaN
49 0.6677905 0.1424073 0.04658741 1.402459 0.9419067 0.7121553 NaN NaN
50 0.4899879 0.1379043 0.03768919 0.7755142 0.6309845 8.08164 8.014071 0.09118065
51 0.6497476 0.1114678 0.04025236 1.095226 0.6733025 0.5780773 0.8305656 0.02851741
52 0.70789 0.1389713 0.04609453 1.237317 0.9662524 0.7972741 1.056678 0.03375949
53 0.6060761 0.1380077 0.03877139 0.7615344 0.7403474 0.7505512 0.8067855 0.01432863
54 0.6503382 0.1359277 0.04156121 1.232397 0.7706009 0.6490756 0.7386372 0.01938421
55 0.6169156 0.134422 0.03845359 1.114692 0.7193644 0.8623513 0.9211004 NaN
56 0.9335955 0.1296518 0.04076601 4.536611 0.7870552 0.9588247 0.9190496 0.02946523
57 0.6946127 0.1550656 0.05500411 1.106149 1.22843 0.926994 NaN NaN
58 0.5622898 0.1093601 0.03656303 1.401441 0.5236486 0.8513456 1.07892 NaN
59 0.6731384 0.1231431 0.03803135 1.300129 0.670084 0.7688751 0.6449038 0.0278559
60 0.742289 0.1538347 0.04862853 1.272248 1.07708 1.082475 3.639392 0.01873096
61 0.7379021 0.1277368 0.04030218 2.031414 0.7284066 0.7381968 NaN NaN
62 0.7075183 0.1523083 0.04227637 2.142947 0.7357235 0.5816535 0.6786057 0.01778653
63 0.5097385 0.1074135 0.03409977 0.9977978 0.5185635 1.022373 NaN NaN
64 0.5571005 0.0956313 0.03434793 1.299906 0.5123343 0.8297669 NaN NaN
65 0.5290065 0.1345586 0.03945798 0.8464091 0.6887261 0.6829667 0.9219407 NaN
66 0.7502684 0.1295387 0.03850998 2.948981 0.6039189 0.5428712 0.6080311 NaN
67 0.5317157 0.1073678 0.03406492 1.067582 0.5472515 0.8575379 0.9702856 0.03142391
68 0.6901551 0.118969 0.04006017 1.842418 0.6912663 1.102347 2.307914 0.01587296
69 0.6752781 0.1496354 0.04441702 1.984438 0.7848182 0.8102405 0.8931531 0.02510648
70 0.5622749 0.111221 0.03903125 0.9297 0.6385171 0.7291173 NaN NaN
71 0.6058958 0.1599541 0.04684294 1.202901 0.9894261 0.7723509 0.8442039 0.03448316
72 0.5298839 0.1204432 0.03839215 0.5949933 0.7042583 NaN NaN NaN
73 0.6224265 0.1555117 0.03717021 1.393222 0.6742269 2.17215 3.45964 0.08880126
74 0.7310699 0.1364881 0.03830077 1.885616 0.6736005 3.25748 6.499713 0.08836105
75 0.4960303 0.1178048 0.03614297 0.7068609 0.574603 0.9126514 15.99269 0.009192845
76 0.5539883 0.1181938 0.04001008 0.7711084 0.7201658 0.894537 0.8460699 0.02385267
77 0.5692116 0.1064425 0.03726112 0.8678136 0.6300166 0.9795506 0.8980967 0.02845532
78 0.6740813 0.1006553 0.04256605 1.322346 0.7457564 NaN NaN NaN
79 0.6513063 0.1213452 0.04080062 1.757114 0.688146 0.8012475 0.8619305 0.02388499
80 0.6558821 0.1715466 0.04861402 1.350079 0.9534018 0.6418181 NaN NaN
81 0.5306698 0.1264234 0.03895044 1.09508 0.6411083 0.6701686 11.11318 NaN
82 0.7003306 0.1488116 0.04464278 1.448395 0.8972524 0.7629555 0.8669659 0.02240433
83 0.6813071 0.1135033 0.03874669 1.700265 0.6733327 0.9595007 0.9667331 0.02597496
84 0.5972441 0.112957 0.03516701 1.343194 0.5469582 0.6583276 0.9434472 NaN
85 0.5710024 0.1461964 0.03986019 1.109504 0.6893415 0.5675861 0.8612336 0.015523
86 0.7049021 0.124101 0.03891011 2.189308 0.7055146 1.345609 17.38485 0.01109921
87 0.5619459 0.1561715 0.04294016 1.051917 0.7817926 0.6888414 0.8983705 0.1257145
88 0.5601093 0.1383303 0.04086731 0.8584115 0.7782525 0.9470134 NaN 0.07696153
89 0.5917504 0.1539144 0.0477292 1.031083 0.9853837 NaN NaN 0.1133142
90 0.6960247 0.142264 0.04147462 2.146994 0.7815217 0.7357233 0.8829587 0.02511011
91 0.6054264 0.1135484 0.03902257 0.794004 0.7366392 0.8790693 0.9219433 0.0262156
92 0.4626244 0.1135302 0.03191878 0.5971104 0.5027279 0.9599539 1.298238 0.03756203
93 0.5703231 0.1136754 0.03420461 1.170483 0.5251214 NaN NaN NaN
94 0.57952 0.117043 0.04341892 1.220833 0.7247886 1.000469 0.965008 0.02577756
95 0.8387139 0.1169281 0.03854434 3.702145 0.6826635 0.7503473 0.7924477 0.01381052
96 0.6509599 0.1243218 0.04512715 1.740864 0.7423954 0.9718276 0.9687173 0.02293062
97 0.5568837 0.1150391 0.03929452 0.9998615 0.6534563 0.9547919 14.8796 0.005855126
98 0.6350608 0.1948071 0.04749819 1.200881 1.054904 0.6409876 0.7570653 0.01514925
99 0.5952489 0.1367536 0.0382935 1.004547 0.7106045 1.070474 1.121696 0.0286763
100 NaN NaN 0.0527091 NaN 0.4955809 0.483454 0.63777 0.01722155
