1 26.51082 1.888785 -0.5005283 9.018779 1.689316 -2.657388 -0.1216378 -0.04215296
2 26.04562 2.333897 -0.5801134 5.615979 4.29461 -2.616799 -1.736456 -0.08856902
3 26.02372 1.83548 -0.5590099 8.352171 0.9426026 -2.003458 -1.24581 -0.05905403
4 26.15174 2.018282 -0.5178686 5.95107 0.9485698 -3.765688 2.138946 -0.08448106
5 26.51717 1.795726 -0.4956456 6.180435 2.71695 -2.917622 0.01225331 -0.1870863
6 26.41652 1.996447 -0.5135861 4.985089 1.694354 -2.48595 -2.108793 -0.0621559
7 26.51392 2.051617 -0.5024084 7.981862 0.9758389 -2.193892 -0.9933582 -0.0166409
8 25.43885 2.014256 -0.5849609 6.441994 1.392848 -3.877153 -7.938812 0.01372929
9 26.79765 1.981358 -0.4993648 8.151667 2.323393 -3.031254 -0.5697202 -0.01046663
10 26.96549 1.758267 -0.4868265 4.385847 1.616734 -2.663843 -2.34627 -0.1383779
11 26.27661 1.79119 -0.4962396 7.382536 1.699878 -2.43475 -3.067622 -0.03368963
12 26.75709 2.028008 -0.5183029 7.510273 1.046338 -4.838881 2.625178 0.001691949
13 26.98517 1.804203 -0.5114084 9.612333 2.363325 -3.664873 -2.877444 0.03201696
14 26.62615 2.050496 -0.5150949 5.204284 3.787278 -4.341332 -8.413118 0.06685918
15 25.9573 2.152002 -0.5310385 7.724093 2.140299 -2.53894 -1.21696 -0.05939789
16 25.39639 2.016727 -0.5441913 9.268684 1.329401 -2.342755 -1.096805 -0.09009067
17 26.50612 1.861307 -0.4951173 5.709682 2.971973 -1.823583 -1.095519 -0.09037278
18 27.53423 1.865734 -0.4773637 4.640044 0.7771992 -2.800997 -1.631227 -0.0009876101
19 25.86136 2.225064 -0.5342078 6.610075 1.675427 -2.006177 0.3726958 -0.03553805
20 25.07079 2.086589 -0.5767247 6.010528 7.447984 -2.730245 -0.3112804 -0.08604959
21 26.70051 1.853678 -0.5164787 6.246488 2.074049 -2.11424 -3.907561 -0.09148962
22 26.69554 1.859947 -0.5049258 5.314926 2.023859 -2.386069 -3.031374 -0.1146863
23 27.02181 1.944512 -0.5438574 4.74775 3.071151 -2.258136 -7.143911 -0.162405
24 25.55484 2.046642 -0.5982884 10.89949 2.69688 -1.914492 -0.7920425 -0.07351064
25 25.79094 1.677533 -0.4795673 6.001129 4.12366 -2.520149 -0.5071433 -0.07729054
26 26.49683 1.809569 -0.5362391 7.290377 3.721239 -1.637499 -1.006281 -0.08853677
27 26.17225 2.111699 -0.550331 8.091466 3.163304 -2.595414 -0.5129539 -0.1054437
28 26.34168 1.94896 -0.5134454 6.400739 2.172977 -2.114479 -2.475169 -0.008792837
29 25.32249 2.023943 -0.5667035 5.893218 2.086475 -3.553925 -1.861375 0.03687125
30 25.74828 2.171753 -0.5713643 5.659077 1.634067 -2.341635 -0.6934162 -0.09215681
31 26.51727 1.735212 -0.5060391 5.072242 6.382421 -1.533407 -1.134015 -0.1093895
32 25.85946 2.331719 -0.562675 4.162568 2.425916 -2.678529 -0.03576187 -0.02825438
33 25.54123 1.955162 -0.5496964 7.658214 1.146295 -2.616594 0.3063292 -0.0357452
34 25.57002 1.835291 -0.5472336 6.16885 4.864333 -2.120449 -0.3300673 -0.09936774
35 26.45883 2.095814 -0.5403212 11.46835 0.5614186 -5.740748 -2.909096 0.1223524
36 26.43507 1.766366 -0.5026082 7.751993 5.273007 -1.629393 -0.3784269 -0.2230864
37 26.14534 1.852557 -0.5275387 8.565628 4.103468 -3.102443 -0.8707543 -0.1618872
38 26.18637 2.159263 -0.5593755 5.258013 0.5275067 -3.246412 0.9174062 -0.04889475
39 27.0285 2.005104 -0.5259802 6.1468 3.142095 -1.892058 -7.028415 -0.2637322
40 24.77985 2.160072 -0.5627322 9.282111 5.399205 -2.133801 -2.040228 -0.001800924
41 25.90455 2.049255 -0.571631 6.76481 1.74624 -2.238458 -0.9000207 -0.1268692
42 26.31137 1.95079 -0.5278942 7.269713 1.041344 -2.377736 -2.604936 -0.07938901
43 26.34119 2.067706 -0.5250766 9.029067 3.061461 -2.619329 -2.104501 -0.0267701
44 26.44282 1.899749 -0.5053678 8.026626 3.32384 -2.674778 -0.3823479 -0.1850454
45 25.76991 1.792819 -0.5297696 5.501407 3.505875 -1.846834 -2.948285 -0.05681639
46 26.49591 1.891404 -0.5192012 7.045172 0.773644 -2.687261 -0.04091721 -0.05122996
47 25.68241 2.097855 -0.5239896 7.439535 4.37359 -3.574226 -0.3517593 0.02165384
48 26.6781 1.925334 -0.5344628 6.690167 2.051773 -3.117192 0.3452181 -0.06809363
49 26.37186 1.919153 -0.5342669 9.030523 2.79429 -3.302021 -1.168735 0.009703293
50 26.23037 2.179812 -0.5597941 6.355072 1.513796 -11.80054 9.192162 -0.1389663
51 26.25911 1.80063 -0.5035628 6.008187 2.175985 -1.867128 -1.718317 -0.07240998
52 26.63799 1.908587 -0.5072484 8.790476 1.548909 -1.943824 -0.2704389 -0.01388073
53 26.95364 2.18196 -0.5073662 6.850712 0.9053018 -2.675251 0.8077272 -0.1262736
54 26.58676 2.041159 -0.5332447 7.027747 2.443846 -2.660104 0.257607 -0.04933373
55 26.65916 2.117377 -0.5114984 6.824062 2.171503 -2.855788 0.6252953 -0.04143004
56 26.74357 1.941621 -0.5094293 7.566998 13.11973 -3.385542 0.5294171 -0.07250015
57 25.9823 1.821152 -0.5238355 11.86705 1.054769 -1.533512 -2.499934 -0.07908794
58 25.9768 1.888902 -0.5605624 5.197462 3.91799 -2.459691 -0.4549318 -0.163619
59 26.34304 1.998082 -0.5042791 6.105514 2.753958 -2.61857 -0.2778356 -0.05266973
60 26.30331 1.978346 -0.5063704 9.841055 1.72254 -2.727189 -2.135278 0.01802146
61 26.50945 1.962724 -0.5127976 6.778159 5.235011 -2.443879 -1.872265 -0.06968624
62 25.46032 2.209413 -0.5519249 6.219198 3.893408 -2.047534 -0.06158724 -0.07499707
63 26.74025 1.940914 -0.5425558 5.209511 2.516047 -2.077243 -2.530839 -0.1056561
64 27.22693 1.810704 -0.5348551 4.582394 2.697964 -1.143395 -2.480028 -0.09428078
65 26.49399 2.085746 -0.5499891 6.693562 1.566151 -1.763105 -0.6871687 -0.2149306
66 25.91377 2.080908 -0.5522628 5.499284 7.036795 -3.312892 -0.05518636 0.03100663
67 26.53937 1.91307 -0.5184437 5.488187 2.391873 -2.458551 -3.135639 -0.1145352
68 25.97687 1.861763 -0.5109215 6.405896 4.290865 -1.008518 -2.629384 -0.1101924
69 25.82794 2.074321 -0.5786387 7.582533 5.186942 -3.097085 0.385647 -0.1173294
70 26.03438 1.808779 -0.5181728 6.170037 1.902955 -3.702006 0.6180328 -0.005784127
71 26.52445 2.106761 -0.5423865 9.373532 0.6937447 -1.899519 -1.315898 -0.1147147
72 26.73082 1.972275 -0.5277108 6.85394 0.6898449 -2.337342 -0.7675072 -0.05401511
73 26.30077 2.383369 -0.539119 6.844654 3.586736 -4.577311 -1.45952 0.06669515
74 26.17221 2.141729 -0.5107209 6.170026 4.832991 -1.584732 -0.6069293 -0.06298491
75 26.15795 1.997478 -0.534166 5.709074 1.372114 -3.014225 -8.867092 0.01700618
76 26.74973 1.863294 -0.5191857 6.90724 1.126027 -2.453332 -0.4933486 -0.07776136
77 26.67826 1.815405 -0.4991037 6.064547 1.606889 -2.66569 -0.284005 -0.08430652
78 26.91476 1.577311 -0.4979617 6.701717 2.825146 -1.514027 -1.815612 -0.1303899
79 25.77572 1.881442 -0.5271131 6.41036 3.925271 -2.741004 0.8590446 -0.1309062
80 25.31183 2.16492 -0.5627206 8.947114 2.400151 -2.477376 -0.4941194 -0.07800077
81 25.99573 1.996139 -0.5526477 6.436487 2.430344 -2.668923 -6.422914 -0.186456
82 26.19896 2.041875 -0.5208559 8.490052 3.094067 -2.275119 -0.7956761 -0.07932591
83 25.8212 1.811616 -0.487111 6.511982 3.265437 -3.648433 0.1754634 0.01231181
84 26.2016 1.980904 -0.5178122 5.19945 3.363513 -2.385478 -0.3366089 -0.03486129
85 25.89417 2.204438 -0.5556031 6.434808 2.088817 -2.369633 -0.7081382 -0.0443501
86 26.86528 1.958495 -0.5305061 6.930516 5.957281 -2.747391 -9.555834 0.02705915
87 25.98642 2.203479 -0.5654635 7.368985 1.785328 -2.131399 -0.05113747 -0.1800932
88 26.60096 2.051001 -0.5319101 7.81861 1.464075 -2.202347 -3.690094 -0.0954239
89 26.31141 1.998178 -0.5521652 9.671995 1.233893 -4.169367 2.33854 -0.1438549
90 26.5206 2.085014 -0.5464613 7.304034 4.724102 -1.87654 -1.365155 -0.1123181
91 26.79414 1.800066 -0.4727319 7.379431 0.5377358 -2.924709 0.2439813 -0.09712298
92 26.58807 2.11088 -0.5211637 5.039801 0.9218851 -3.987139 0.8352752 -0.005359809
93 25.69411 2.001137 -0.5121775 5.198514 2.929606 -2.144315 -4.53242 -0.005577552
94 25.73062 1.747286 -0.5424995 7.136592 2.778013 -3.549118 0.1175627 0.007888934
95 26.37083 1.876456 -0.49769 6.186005 8.792081 -2.895077 1.047115 -0.1289389
96 25.21593 1.783035 -0.5457642 7.28726 4.603943 -3.598578 0.1311586 0.01335663
97 26.06975 1.83924 -0.5262866 6.554247 2.255277 -2.067885 -7.222694 -0.128024
98 26.44666 2.381649 -0.5612653 10.33795 1.941506 -2.146619 -2.834472 -0.1406742
99 26.11833 2.112091 -0.5078863 7.110932 1.906079 -3.557052 -0.4662056 -0.001447037
100 26.65624 2.12723 -0.50161 10.2475 0.9855724 -1.778431 -0.8350872 -0.07283409
