1 0.699662 0.1367424 0.04488136 1.16899 1.230436 7.529821 0.7319254 0.8599969 0.02491944
2 0.6322271 0.1411837 0.0370853 1.826873 0.6758113 16.29951 0.5686947 NaN NaN
3 0.4902954 0.1091874 0.03988429 0.7201654 1.008919 1.543121 0.7499465 1.002243 0.02773081
4 0.4632395 0.1140449 0.03259532 0.5358865 0.6867182 2.017483 NaN NaN NaN
5 0.595176 0.1073556 0.03680527 1.204668 0.77134 11.18463 0.8581571 1.036456 NaN
6 0.5243568 0.1075083 0.03328157 0.7792279 0.5278863 142.7554 0.8772434 2.020787 0.04982878
7 0.5598525 0.1301205 0.03587927 0.7134752 1.049405 2.164786 0.581019 0.799883 0.03328186
8 0.4477947 0.1212663 0.03895646 0.6916244 0.7998927 5.691097 1.417927 22.18155 0.06547897
9 0.5537676 0.1082635 0.03493785 0.7079396 0.9717516 1.732864 1.030137 1.159077 0.04373785
10 0.4702084 0.08451532 0.02713229 0.7891279 0.5058496 5.747728 0.8830823 1.228329 NaN
11 0.5153906 0.0976692 0.03296574 0.71446 0.7995274 1.671943 0.6814714 NaN NaN
12 0.5187509 0.1249275 0.03622529 0.6199334 1.020419 2.815268 NaN NaN 0.02278481
13 0.5661672 0.1112267 0.03391081 0.9396226 1.047975 1.463879 0.8090422 NaN 0.01747472
14 0.5338234 0.1085097 0.03112593 1.179102 0.662758 5.208299 4.077051 18.06009 0.2041422
15 0.6375111 0.1406669 0.04088736 1.129564 0.992169 11.78703 1.01527 1.259077 0.03159353
16 0.5673989 0.1324387 0.04294958 1.035685 1.065424 1.970175 0.8108069 NaN NaN
17 0.6028688 0.1001513 0.0348731 1.18787 0.7917181 3.709405 0.7015035 1.526787 0.007479142
18 0.5139957 0.08840655 0.03175191 0.5348187 0.5871268 15.2401 0.9926869 1.614453 0.1154265
19 0.6292942 0.1376953 0.03932577 1.024275 0.9942891 2.952849 0.5627881 NaN 0.01354226
20 0.5805529 0.1112339 0.03069015 2.162093 0.6648438 1.081435 0.8308806 0.8409597 0.02715525
21 0.5173863 0.1041608 0.0351617 0.8459019 0.7646388 4.799771 1.011946 NaN 0.05820852
22 0.5197168 0.09734912 0.03176376 0.8716949 0.644335 6.875602 1.008329 NaN 0.06910149
23 0.4676417 0.09246021 0.03112948 0.8307917 0.6096552 4.426137 0.7680143 11.93965 NaN
24 0.6469681 0.1411128 0.04524933 1.307009 1.158301 1.518649 0.514611 1.093717 0.01783984
25 0.5195278 0.09041743 0.03244292 0.9058908 0.799948 1.563287 0.9045776 0.8544813 0.02200048
26 0.6105527 0.1111485 0.03810453 1.523517 0.94826 2.860409 0.3560802 2.403868 NaN
27 0.4850054 0.112096 0.0300966 0.8830719 0.7457935 1.306852 1.129666 1.341807 0.1493614
28 0.5621509 0.1110611 0.03522651 0.9091421 0.7744082 4.501655 0.9029648 NaN 0.01377944
29 0.450721 0.1112473 0.03639709 0.7057028 0.7504681 3.521351 0.9084333 NaN NaN
30 0.4444045 0.1103737 0.03397766 0.7520701 0.711809 2.606301 0.8427817 1.229202 0.121569
31 0.6768054 0.09754144 0.03536596 1.895559 0.7282915 3.875111 0.5416031 0.6940712 0.01904287
32 0.5385158 0.1347072 0.03310047 1.046628 0.5078205 100.2023 0.592215 0.7192216 0.01955438
33 0.4666221 0.1287432 0.03608898 0.7798282 0.8407139 1.839492 0.7437771 0.8654962 NaN
34 0.5910903 0.1031118 0.03398646 1.571645 0.7267911 1.863682 0.9709902 1.801587 0.01336447
35 0.5264383 0.1284034 0.04121826 0.6203504 1.128193 2.154496 NaN 3.071527 0.103002
36 0.6600088 0.112832 0.03662032 1.790986 0.9991386 1.931613 0.6397129 0.9601093 NaN
37 0.6075004 0.1364881 0.04181169 1.376135 1.202795 3.501467 0.8873224 1.251859 NaN
38 0.391682 0.1127461 0.03196015 0.4520542 0.6705621 2.060304 0.612274 NaN NaN
39 0.5400956 0.1161293 0.03470018 1.140239 0.7697948 11.07468 0.875322 5.64233 0.3039224
40 0.7200555 0.1387609 0.03841569 1.867911 1.007186 1.192521 0.5409616 NaN NaN
41 0.5024009 0.1169331 0.03613942 0.8952177 0.8105461 2.6509 0.8149507 1.208442 0.1264675
42 0.4944891 0.1115177 0.03597469 0.6752011 0.8457377 3.126105 0.9548412 NaN NaN
43 0.6760627 0.1335042 0.04118023 1.606791 1.108507 2.936603 0.6423734 NaN NaN
44 0.5620641 0.1111008 0.03447972 1.261395 1.023534 1.661596 0.8500857 1.044145 NaN
45 0.5626734 0.08496241 0.03178402 1.166055 0.722784 1.930134 1.832391 NaN NaN
46 0.5142136 0.1114147 0.03661705 0.5992815 0.9773871 2.427437 0.726941 0.8087244 0.02339741
47 0.6884173 0.1310122 0.03882907 1.658137 0.9012969 4.154575 NaN NaN NaN
48 0.5247657 0.106248 0.03532988 0.9143342 0.7772274 1.923889 0.8938473 0.9956316 NaN
49 0.6002702 0.1173242 0.04209852 1.212989 1.209223 2.610665 0.7188642 NaN NaN
50 0.4728415 0.1221629 0.03704835 0.6833107 0.7252469 8.209021 7.165981 7.034985 0.1049434
51 0.6306666 0.1103986 0.03798869 0.866284 0.8183208 3.883062 0.5795691 0.8577476 0.02981619
52 0.5887595 0.1163508 0.03880642 0.854684 1.262546 1.63556 0.8298524 1.05111 0.03279564
53 0.5176783 0.1151602 0.03313755 0.5537971 0.8428843 2.077432 0.7391408 0.8068588 0.01389659
54 0.5923237 0.1246105 0.03929104 0.9318375 0.8920313 3.222938 0.6564722 0.7350746 0.01946377
55 0.5568039 0.1220597 0.03410068 0.9722435 0.7850775 2.402258 0.8619655 0.9210235 NaN
56 0.717947 0.118352 0.03558156 2.767833 0.9693853 1.952728 0.9634759 0.9157752 0.02947929
57 0.5869284 0.1465296 0.04672431 0.7741734 1.50256 1.964115 0.9089531 NaN NaN
58 0.5196371 0.09981653 0.03272405 1.11186 0.6252312 3.058481 0.8542108 1.079794 NaN
59 0.6210474 0.129497 0.03533378 1.085976 0.8256148 6.206388 0.7913044 0.643929 0.0286926
60 0.5983391 0.1410684 0.03947162 0.8920122 1.200045 2.041062 1.06051 3.490396 0.01742637
61 0.6838267 0.1152882 0.03307131 2.114768 0.7882271 2.260449 0.7355122 NaN NaN
62 0.6347655 0.1313641 0.03846204 1.502757 0.8615845 2.706717 0.5799764 0.6769985 0.01774278
63 0.4945428 0.102539 0.03216834 0.9176136 0.6488378 5.741401 1.001008 NaN NaN
64 0.5443575 0.09382697 0.03252698 1.172367 0.5990081 4.760521 0.8245117 NaN NaN
65 0.5308589 0.1384346 0.04003946 0.8410059 0.869786 27.83517 0.6693808 0.9089934 NaN
66 0.6377416 0.121144 0.03247111 2.005816 0.7583411 2.271662 0.5355011 0.5989261 NaN
67 0.5190365 0.1045811 0.03400848 1.034663 0.6433451 20.18936 0.8564338 0.9604214 0.03087667
68 0.6362505 0.1210354 0.04163542 1.472612 0.8281932 10.55059 1.04228 2.370035 0.01500236
69 0.5962877 0.1451151 0.0403396 1.527565 0.9132127 3.202959 0.8065439 0.8854182 0.02464585
70 0.504725 0.0969586 0.03636278 0.8644511 0.815447 2.755548 0.7138738 NaN NaN
71 0.4610278 0.1042949 0.03395197 0.5020661 0.9755839 0.9778499 0.7675135 0.8478784 0.03407778
72 0.4907743 0.1139322 0.03544096 0.6141698 0.8032103 3.484683 NaN NaN NaN
73 0.5938753 0.1310166 0.03540968 1.277115 0.830139 3.67019 2.236309 2.597876 0.09711325
74 0.6258387 0.1107532 0.03211862 1.52191 0.8083697 1.749793 NaN NaN NaN
75 0.5117881 0.112433 0.03535792 0.783248 0.7216386 12.57596 0.8961263 15.98596 0.009560924
76 0.4846346 0.1079854 0.03490863 0.6309836 0.8460269 3.067691 0.8933258 0.8496928 0.02885277
77 0.5372531 0.1041378 0.03432201 0.8816969 0.7832383 3.501662 0.9856074 0.8991084 0.02725265
78 0.6627507 0.09859472 0.04121031 1.187627 0.9840075 12.83792 0.4438941 NaN NaN
79 0.6448165 0.1152904 0.03855266 1.632715 0.7984778 6.090685 0.8052794 0.8665949 0.02522671
80 0.6359015 0.1570981 0.0448491 1.252366 1.244515 3.908138 0.6975775 NaN NaN
81 0.458859 0.115458 0.03449655 0.8079662 0.8884449 1.931886 0.6780414 11.1379 NaN
82 0.6127988 0.1370987 0.04040442 1.130341 1.105465 3.229868 0.7661711 0.8646395 0.02251632
83 0.5870277 0.1152163 0.03573348 1.149674 0.8442752 3.634123 0.9646442 0.9652765 0.02420357
84 0.5337138 0.1178761 0.0330556 1.034048 0.6956771 7.477684 0.6549635 0.9521021 NaN
85 0.5436997 0.1384218 0.03811826 1.100463 0.8184351 4.922299 0.5689886 0.855993 0.01585061
86 0.5122205 0.1171308 0.03581719 0.9396449 0.8286423 1.966912 1.405527 17.47286 0.01344963
87 0.5489723 0.1405705 0.04144743 1.119359 0.9515191 4.170846 0.6826202 0.8971249 0.1134385
88 0.4961905 0.1135853 0.03476892 0.7357123 0.9369321 1.538439 0.9564741 NaN 0.07902092
89 0.4949758 0.1099232 0.03731522 0.7469835 0.850383 1.525285 0.128672 NaN 0.1069032
90 0.5499507 0.1182111 0.03505571 1.274782 0.8773628 1.818939 0.742623 0.8842469 0.02512222
91 0.5119691 0.102305 0.03248595 0.5504227 0.8541838 1.89799 0.903856 0.8147321 0.02745208
92 0.4357984 0.1023503 0.03042696 0.4808436 0.6445458 6.452666 0.9649041 1.357153 0.03933763
93 0.5624116 0.1117313 0.03277775 1.133164 0.6548188 9.57351 NaN NaN NaN
94 0.5471621 0.1134556 0.03884364 0.9759795 0.9272772 2.55929 0.9998584 0.9595605 0.02721497
95 0.7745188 0.1204128 0.03881101 3.105162 0.855591 13.85631 0.7549886 0.7983407 0.01375027
96 0.5815595 0.127347 0.04283117 1.464812 0.911028 6.654738 0.9688516 0.9645378 0.0219617
97 0.4545212 0.09693528 0.03224387 0.6346471 0.7839332 2.146641 0.9510634 14.91573 0.004993745
98 0.6495245 0.1948493 0.04763954 1.228358 1.36794 11.6068 0.6026594 0.7406415 NaN
99 0.5072544 0.1256119 0.03326456 0.825345 0.8704508 1.518846 1.062509 1.119523 0.02827786
100 0.7485318 0.147068 0.04548158 1.576895 1.490359 1.694226 0.4820547 0.639218 0.01750451
