1 25.78725 1.836816 -0.5472711 9.144125 1.553573 -3.205001
2 26.61145 2.444361 -0.5432685 5.587838 4.780461 -3.624506
3 26.77935 1.876073 -0.5087168 8.248311 0.9548786 -3.518248
4 25.90773 1.986199 -0.5290875 5.948715 1.058293 -3.439204
5 26.298 1.80623 -0.5135912 6.207945 2.736075 -4.141349
6 26.6603 2.01985 -0.4998281 4.923282 1.563479 -3.411249
7 26.09235 1.973959 -0.5198073 7.949472 0.9222947 -3.325644
8 25.37933 1.965431 -0.5830104 6.461769 1.400304 -4.056337
9 26.30715 1.950654 -0.5271206 8.211934 2.409537 -3.750464
10 26.48023 1.775027 -0.5222096 4.39905 1.615425 -4.255125
11 26.19824 1.795524 -0.5036057 7.524005 1.917242 -3.281454
12 26.68518 1.982252 -0.5170898 7.538226 1.039335 -3.634467
13 26.45472 1.739706 -0.5391328 9.55313 2.220187 -3.532814
14 26.62268 2.066144 -0.5194301 5.347342 3.782561 -4.246497
15 25.55697 2.070159 -0.5497436 7.833891 2.106338 -3.183003
16 25.9377 2.099079 -0.5177234 9.190037 1.310999 -3.168396
17 26.1698 1.804025 -0.505938 5.752513 3.032955 -3.386121
18 27.31118 1.869886 -0.4917642 4.654157 0.6241301 -3.55528
19 26.08898 2.276736 -0.5225554 6.753172 1.826514 -2.567117
20 24.98044 2.065936 -0.5936712 5.93342 7.896201 -3.638035
21 27.09982 1.927097 -0.5051371 6.491127 1.890616 -4.255125
22 26.435 1.869005 -0.5263681 5.31114 2.102762 -3.9812
23 27.51535 1.986346 -0.5112141 4.869015 3.20242 -4.255125
24 25.44824 2.077129 -0.6131641 11.01695 2.506382 -3.131258
25 26.46669 1.742432 -0.4683642 6.194906 3.516266 -3.52507
26 26.83929 1.802996 -0.5083381 7.345314 3.674683 -3.443379
27 25.92584 2.109723 -0.5716006 8.100008 3.252134 -4.013248
28 25.91905 1.853866 -0.5328371 6.3667 2.05537 -3.514123
29 25.45094 2.019197 -0.5550886 5.890771 2.318532 -3.786837
30 25.76139 2.150503 -0.564969 5.57874 1.93081 -4.141349
31 26.90471 1.836243 -0.5097755 5.175578 6.280084 -2.734539
32 25.53692 2.267117 -0.5818617 4.229413 2.397658 -3.021038
33 25.85502 1.963631 -0.5290212 7.522595 1.286982 -3.515862
34 26.32149 1.997868 -0.5141187 6.163446 5.242367 -3.422634
35 26.74864 2.211346 -0.5335914 11.43275 0.4834745 -4.238737
36 25.84852 1.676676 -0.5221937 7.753203 5.402906 -3.518592
37 25.7784 1.769939 -0.5379759 8.686049 3.802836 -4.257374
38 26.62939 2.19309 -0.5286396 5.347531 0.5619654 -3.526021
39 26.89937 1.970821 -0.5296119 6.339068 3.227146 -4.760925
40 25.00445 2.171385 -0.5456078 9.261248 5.250837 -2.465636
41 26.13548 2.052891 -0.5523054 6.843205 1.748992 -3.973612
42 25.96933 1.915875 -0.5476369 7.210414 1.22415 -4.156576
43 26.13392 2.022287 -0.5324523 9.204599 3.203685 -3.148573
44 26.15111 1.902368 -0.528264 7.956342 3.184106 -4.156576
45 25.69987 1.790065 -0.5361854 5.522104 3.55501 -3.428322
46 26.29893 1.863753 -0.5303732 7.110607 0.7361639 -3.146958
47 26.15439 2.182575 -0.5056406 7.27735 4.661947 -3.114781
48 26.22915 1.866369 -0.5590867 6.610196 2.373336 -3.763297
49 26.31969 1.916808 -0.5395242 9.003811 2.584006 -3.409077
50 26.22622 2.10762 -0.5506074 6.303239 1.329404 -4.259648
51 26.76046 1.839151 -0.477053 5.94307 2.302907 -2.873826
52 26.46936 1.889462 -0.5159384 8.876575 1.594718 -3.066533
53 27.00773 2.121652 -0.4960439 6.749889 0.9722374 -3.209349
54 26.78001 2.036273 -0.5202984 6.856786 2.396431 -3.003116
55 26.61986 2.08937 -0.507234 6.866914 2.111658 -3.440574
56 26.17514 1.854636 -0.5375866 7.726138 12.84959 -3.52696
57 25.97346 1.786316 -0.5170882 11.83111 0.955754 -3.334254
58 26.08752 1.900925 -0.5548069 5.321655 4.043195 -4.141349
59 26.57477 1.999951 -0.4907064 5.980843 2.790604 -2.867062
60 26.06609 1.955377 -0.5192834 9.621675 1.72572 -3.048893
61 26.50917 2.024228 -0.522394 6.809764 5.337087 -3.206594
62 25.52565 2.177139 -0.5405064 6.309072 3.983345 -2.738497
63 26.55848 1.943746 -0.5577037 5.225976 2.490621 -4.03497
64 27.82983 1.847068 -0.4996856 4.612376 2.630328 -3.126247
65 26.30027 2.02102 -0.5555602 6.613387 1.564912 -3.746407
66 25.76442 2.045786 -0.5643185 5.658567 6.791409 -3.042446
67 26.28754 1.884513 -0.530548 5.508995 2.476535 -4.250725
68 25.30377 1.779139 -0.5516681 6.419086 3.92453 -3.242298
69 26.50336 2.289985 -0.5516612 7.645314 5.385173 -3.622333
70 26.11277 1.815423 -0.5142284 6.134108 1.914491 -3.52507
71 26.24372 2.069053 -0.5610811 9.120852 0.5867759 -3.292644
72 26.46896 1.894795 -0.5313573 6.734458 0.8436421 -3.384044
73 26.38317 2.372043 -0.5328886 7.058702 3.692949 -3.997286
74 25.37697 2.063568 -0.5559571 6.183203 5.042332 -3.060596
75 25.93468 1.965553 -0.5469742 5.716496 1.389122 -3.776104
76 27.08609 1.869986 -0.4998057 6.861864 1.125066 -3.484122
77 26.69054 1.819402 -0.5001976 6.097636 1.580865 -3.542527
78 27.3248 1.600075 -0.4738317 6.662251 2.735065 -2.978014
79 26.11478 1.939453 -0.513346 6.37267 3.800852 -3.390119
80 25.46356 2.180367 -0.5545177 8.932691 2.196281 -3.267314
81 26.58832 2.060805 -0.5194998 6.490758 2.430631 -4.312315
82 25.82524 2.007292 -0.5444399 8.398893 2.961505 -3.411171
83 25.43577 1.696271 -0.5050454 6.465367 2.89986 -3.649125
84 25.65271 1.902887 -0.5523126 5.222649 3.071307 -3.596175
85 26.06246 2.191019 -0.5416475 6.219365 2.18931 -3.351193
86 27.02144 1.97588 -0.5250124 6.95025 5.899477 -3.733356
87 26.22843 2.256764 -0.5591836 7.392111 1.638143 -3.495907
88 26.9436 2.114398 -0.5188987 7.926528 1.658516 -4.010174
89 26.96824 2.049549 -0.510887 9.75421 1.281106 -3.645622
90 26.80802 2.141813 -0.5343449 7.305769 4.643626 -3.393308
91 26.41796 1.767121 -0.4897162 7.186571 0.6684433 -3.536242
92 26.1933 2.010661 -0.5361804 5.069979 0.7844684 -4.259123
93 25.11908 1.944263 -0.5505662 5.190242 2.83161 -3.770306
94 25.74794 1.789024 -0.5492749 7.182845 2.509571 -3.780622
95 26.25821 1.859598 -0.5042745 6.138503 9.252387 -3.228365
96 26.08993 1.886457 -0.4998375 7.29063 4.91767 -3.809041
97 26.45083 1.874745 -0.5073285 6.642339 2.208872 -4.102003
98 26.84399 2.419492 -0.5385403 10.17248 2.124892 -3.765851
99 26.0309 2.083876 -0.5126711 6.930018 1.777345 -4.19012
100 25.81944 2.044011 -0.5448964 10.0732 1.002989 -2.37739
