1 0.6286653 0.1389381 0.04955877 1.169854 1.224157 9.643388 0.3645407
2 0.6559528 0.1402817 0.03404539 1.813175 0.6743143 15.48947 0.4740182
3 0.5496467 0.1108547 0.03587986 0.7816918 0.9954337 1.58795 0.4251575
4 0.4550688 0.1155423 0.03392311 0.6266785 0.6752019 2.268604 0.4014739
5 0.5639286 0.1125829 0.03783838 1.09086 0.7596323 22.34542 0.5330403
6 0.535288 0.1081863 0.03220271 0.7661407 0.5208136 144.4061 0.4234069
7 0.5375367 0.1298429 0.03824787 0.7391636 1.062244 2.345376 0.391606
8 0.4353165 0.1215156 0.03809583 0.6484115 0.8036731 4.74897 0.5550046
9 0.5182563 0.1009689 0.03562341 0.7215816 0.9664743 1.534747 0.4767636
10 0.4478181 0.08460502 0.02970796 0.7178395 0.5180487 6.53531 0.6554912
11 0.5002159 0.09742802 0.03284283 0.6615127 0.8069375 1.548803 0.3891754
12 0.5310032 0.1237685 0.03675432 0.706141 0.9820666 3.390745 0.4261262
13 0.5325396 0.1020546 0.03587102 0.8880326 1.014752 1.491355 0.4340076
14 0.5424926 0.1193161 0.03248483 1.225182 0.67392 6.545099 0.6234005
15 0.6106039 0.1455769 0.0431647 1.099654 1.03461 11.81531 0.3628303
16 0.6130237 0.1271909 0.03877703 1.10359 1.066322 1.760969 0.3629875
17 0.5944206 0.1006746 0.03626516 1.239443 0.7826742 4.263434 0.3891919
18 0.4929775 0.09056366 0.03252603 0.5265742 0.5836372 20.18039 0.4208557
19 0.6335887 0.1374693 0.03742279 1.000781 1.010643 2.66383 0.2878295
20 0.5777062 0.09911288 0.02912629 2.123712 0.6110426 1.013859 0.424221
21 0.5399859 0.1043546 0.03424066 0.8893564 0.7574976 5.477899 0.659886
22 0.4822579 0.09881098 0.03366317 0.7105552 0.6655903 5.8986 0.5307688
23 0.5167898 0.09865016 0.02924712 0.9782006 0.6270361 5.302117 0.6442281
24 0.6364048 0.138136 0.04536193 1.318199 1.137734 1.499803 0.3667981
25 0.5517125 0.09266676 0.03200058 0.9477696 0.7947 1.951473 0.4227465
26 0.6416172 0.1051512 0.03763383 1.486893 0.9490006 3.192033 0.390505
27 0.4820073 0.1080109 0.03176524 0.9575352 0.7503912 1.34428 0.6560816
28 0.5327727 0.1100626 0.03667003 0.8683263 0.7704715 4.530323 0.4257654
29 0.4701051 0.1153183 0.03635002 0.8147168 0.7572088 3.989049 0.4713542
30 0.4583842 0.1099034 0.03406856 0.8061978 0.715843 2.752324 0.5309149
31 0.6772846 0.1041595 0.03415285 1.951787 0.7243272 3.491409 0.3114258
32 0.5343603 0.1284871 0.03498742 1.075398 0.4840659 140.7935 0.3432897
33 0.4812542 0.1186474 0.03329953 0.8113821 0.8008555 1.69063 0.4280691
34 0.6533183 0.1060363 0.03293135 1.764708 0.743146 2.317553 0.3885968
35 0.567405 0.124425 0.04071018 0.6889445 1.158104 2.131268 0.6261514
36 0.632508 0.1094038 0.03774495 1.771701 0.9565387 2.062814 0.424529
37 0.5948891 0.1342105 0.04286784 1.432357 1.183106 3.72664 0.6202146
38 0.4317303 0.1137675 0.03075835 0.4881319 0.6636289 2.495439 0.4209132
39 0.5366737 0.1195143 0.03546227 1.127141 0.7933214 10.55956 1.179764
40 0.7254783 0.1344033 0.03623875 1.884749 0.9653967 1.165522 0.2783605
41 0.5050068 0.1232628 0.03550648 0.8488917 0.8224085 2.815614 0.5415516
42 0.4729917 0.1173864 0.03775492 0.6767671 0.8476209 3.281939 0.5741319
43 0.6680806 0.134406 0.0422956 1.586763 1.115746 3.270634 0.3634971
44 0.547677 0.1023608 0.03624025 1.246397 1.032072 1.551095 0.5314309
45 0.5460406 0.07635175 0.03161979 1.079574 0.7085407 1.561373 0.3932921
46 0.499531 0.1119609 0.03756536 0.602208 0.9503798 2.589561 0.3627934
47 0.7159879 0.1292241 0.0366142 1.632434 0.9079316 3.617293 0.3427273
48 0.5057041 0.1064039 0.03757699 0.9063066 0.7803869 2.070822 0.472745
49 0.5977141 0.1195889 0.04191198 1.291433 1.164479 2.570909 0.3971265
50 0.4699122 0.1266931 0.03684499 0.6578709 0.72807 8.939123 0.6345725
51 0.6600673 0.112018 0.03571576 0.8501323 0.7992522 3.921148 0.3256936
52 0.5908005 0.1251443 0.04046279 0.9478921 1.247701 1.903 0.3432801
53 0.5399395 0.1127268 0.03316119 0.5889277 0.8555715 2.165082 0.3648179
54 0.6156605 0.1281829 0.03789977 1.068281 0.8851151 3.299871 0.344553
55 0.555657 0.1244575 0.03332498 0.9989415 0.7693088 2.342937 0.4237653
56 0.6917336 0.1221569 0.03758828 2.719742 0.9767844 1.848407 0.4210401
57 0.5913542 0.1420072 0.04702973 0.8157071 1.496064 1.976049 0.3942303
58 0.5179738 0.09904641 0.03221595 1.068026 0.6257722 2.877394 0.5330175
59 0.6497835 0.1276052 0.03452857 1.192152 0.8147698 6.697398 0.3104139
60 0.5607263 0.1396434 0.0389763 0.8288448 1.231169 1.695728 0.3422811
61 0.6797525 0.1180368 0.03410072 2.059932 0.8185953 2.347738 0.3675789
62 0.6441872 0.1270369 0.03754438 1.537683 0.8453994 2.73951 0.3112888
63 0.4965915 0.1021711 0.03298172 0.9833619 0.6436485 5.550168 0.5337412
64 0.5990912 0.08857548 0.03021473 1.410523 0.598932 4.245603 0.3633916
65 0.5197373 0.1359874 0.04033155 0.8412115 0.8697913 22.46781 0.4670324
66 0.6329968 0.1308373 0.03367677 1.96292 0.7736351 2.149369 0.3429282
67 0.5076162 0.1057827 0.03533759 1.032412 0.6563356 19.47169 0.6221114
68 0.5811572 0.1205925 0.04413988 1.421796 0.8453745 6.827873 0.3677533
69 0.6287293 0.1388393 0.03716531 1.556122 0.9307297 3.005418 0.4231239
70 0.5156935 0.09598274 0.03650072 0.8343677 0.8246196 2.910152 0.4207906
71 0.4335215 0.109743 0.03624781 0.6253239 1.037047 0.9948939 0.3882639
72 0.4725222 0.1116294 0.03550907 0.5620007 0.796005 2.993045 0.3899969
73 0.5984269 0.1319406 0.03462509 1.290296 0.8185079 3.654699 0.5342227
74 0.6156541 0.1135415 0.03606851 1.698405 0.8076145 2.009634 0.3425561
75 0.4936646 0.1156477 0.03654972 0.7342377 0.7311115 14.65681 0.4697008
76 0.5073044 0.1079735 0.03450805 0.6115005 0.8623055 3.129563 0.4217078
77 0.524123 0.1030545 0.03397034 0.7833666 0.7808788 3.28177 0.4311387
78 0.6983079 0.09972549 0.03977161 1.226145 0.9731694 15.19435 0.3430645
79 0.6580643 0.1202584 0.03699272 1.661249 0.8189914 5.055505 0.3901814
80 0.6330916 0.1520932 0.04270826 1.243099 1.194144 3.593373 0.36292
81 0.4574085 0.09681264 0.0295961 0.6662887 0.8997449 1.297477 0.6569038
82 0.6136642 0.13992 0.04354331 1.300702 1.116654 3.609095 0.4047791
83 0.5637119 0.116161 0.03756875 1.193465 0.862484 3.482607 0.4699392
84 0.481352 0.1085284 0.03537156 0.877377 0.7094151 6.336376 0.42809
85 0.5503991 0.1355188 0.03649688 1.117974 0.7919707 4.32793 0.3905818
86 0.5177851 0.1150458 0.03456584 0.9594744 0.8305171 1.77346 0.4673278
87 0.5393939 0.1391199 0.03983829 1.010691 0.9479175 4.103556 0.4258016
88 0.5210912 0.11828 0.03398312 0.7882438 0.9213985 1.663141 0.5287863
89 0.5265869 0.1149418 0.03404572 0.7291355 0.8404864 1.551848 0.4715567
90 0.566107 0.1121994 0.03377798 1.293104 0.8682956 1.803347 0.3908187
91 0.484025 0.09923881 0.03350944 0.514953 0.8546399 1.735275 0.4240301
92 0.4186121 0.1095374 0.03194454 0.5132237 0.6410114 7.795666 0.5552393
93 0.5592912 0.1064311 0.03502944 1.323284 0.6389538 9.502015 0.4678126
94 0.5530151 0.1092835 0.03804798 1.044237 0.9033386 2.471448 0.4691431
95 0.7600135 0.1164204 0.03885287 3.024772 0.8645273 9.682443 0.3635906
96 0.6367235 0.1273117 0.03854691 1.52855 0.909985 6.992466 0.4739438
97 0.4670246 0.09888227 0.03073657 0.6277679 0.7664332 2.118097 0.5278012
98 0.6807304 0.1876222 0.04516767 1.200219 1.372578 9.6311 0.4736592
99 0.4956425 0.1220354 0.03352847 0.7700072 0.8660644 1.547383 0.533744
100 0.6418578 0.1496683 0.04723152 1.948439 1.476378 1.739204 0.2793464
