1 25.86997 1.832223 -0.5438452 7.949041 1.592146 13.21966 -3.144288
2 26.7926 2.362633 -0.5363466 5.016403 4.557339 19.58478 -3.624584
3 26.93766 1.878486 -0.503671 5.209358 1.186226 4.192263 -3.518248
4 25.82455 2.108638 -0.5454172 3.812434 0.8937675 5.525279 -3.257279
5 26.32173 1.845916 -0.5168475 5.792807 2.481539 23.28511 -4.141349
6 26.69277 2.029582 -0.501022 4.885379 1.632401 200 -3.466265
7 25.92385 1.979948 -0.5260662 5.570345 1.07402 5.153718 -3.366457
8 25.44279 1.984073 -0.5817742 5.074969 1.102587 8.959094 -4.25337
9 26.17203 1.826264 -0.5135016 4.710477 1.192641 4.030828 -3.749836
10 26.53333 1.761669 -0.5186362 3.64302 1.682057 12.44274 -4.603782
11 26.36311 1.831187 -0.5168774 3.695628 1.220922 4.007949 -3.416992
12 26.50469 2.06315 -0.5243476 5.505526 1.097114 6.839191 -3.623378
13 26.82943 1.767342 -0.5235552 5.03116 1.638745 4.04884 -3.574702
14 26.63059 2.138467 -0.5245183 4.601468 2.846426 10.94939 -4.246497
15 25.75179 2.077874 -0.5485064 6.848335 2.068669 16.00184 -3.207482
16 25.81205 1.991851 -0.5218064 5.173522 1.985931 4.453071 -3.162888
17 26.32815 1.756122 -0.5032306 4.69354 2.372938 8.05578 -3.357226
18 27.31126 1.793458 -0.481666 4.290629 0.497352 20.56394 -3.520026
19 26.29495 2.175654 -0.5117151 5.028788 1.409925 5.296626 -2.567138
20 25.47048 2.083425 -0.5721555 2.79669 4.030271 2.990177 -3.645076
21 26.94732 1.896366 -0.5081181 4.998243 1.975708 10.65051 -4.601864
22 26.46222 1.845812 -0.5260108 4.398418 1.505527 11.00832 -4.163646
23 27.50486 2.012267 -0.5044555 3.964495 2.19455 9.399395 -4.339311
24 26.09474 2.00714 -0.5770659 5.307254 2.543353 4.1311 -3.149803
25 26.3344 1.746692 -0.4811924 4.073848 1.828831 4.719367 -3.458012
26 26.74628 1.766038 -0.5023431 5.61564 3.166219 6.588877 -3.319111
27 25.73508 2.007897 -0.5457019 3.702368 2.112471 3.884296 -4.317043
28 26.25292 1.890877 -0.5376619 4.883167 1.828589 9.233111 -3.469977
29 25.43872 1.92876 -0.5449772 4.658053 1.385217 7.639371 -3.784325
30 25.96647 1.976438 -0.5468754 4.280212 1.502652 6.175037 -4.159027
31 26.97848 1.887499 -0.5189759 3.946812 4.031756 7.045687 -2.728742
32 25.5269 2.256245 -0.5806614 4.25311 2.298681 200 -3.002319
33 25.72242 2.056452 -0.5298028 4.295057 1.364314 4.598985 -3.443928
34 26.08617 1.885788 -0.5028303 3.967582 4.433808 5.518674 -3.412198
35 26.97643 1.897157 -0.5030192 6.928975 0.8798291 5.645923 -4.238737
36 26.19016 1.730578 -0.525236 5.190134 3.842303 5.067322 -3.430666
37 25.80948 1.970597 -0.5595797 6.18998 3.026042 6.681151 -4.257374
38 26.57172 2.176329 -0.5292846 3.842814 0.7285099 5.730291 -3.526021
39 26.918 2.03639 -0.5389734 5.434291 2.672721 14.61717 -4.806263
40 25.89098 2.242328 -0.5489218 4.11736 4.004798 3.31641 -2.466606
41 26.22781 2.084222 -0.5538312 4.765319 1.697968 6.488072 -3.978796
42 25.9536 1.938825 -0.5530506 4.994214 1.153699 7.321533 -3.774177
43 26.18584 2.012946 -0.5367253 6.353955 3.2113 7.167675 -3.166572
44 26.54264 1.764714 -0.5152611 5.213122 2.490476 3.956549 -4.169647
45 26.22551 1.648879 -0.5140027 3.130195 2.519194 3.749285 -3.300081
46 26.26185 1.957972 -0.5407591 4.64046 0.7729978 5.496788 -3.165809
47 26.29899 2.094184 -0.5003969 5.352515 3.769175 7.859866 -3.071316
48 26.02325 1.820584 -0.5421709 4.481882 1.774447 5.207875 -3.617416
49 26.21022 1.784638 -0.5373817 5.980945 2.559662 5.571869 -3.461186
50 26.15962 2.091622 -0.5440956 5.486557 1.127736 15.51514 -4.094758
51 26.86787 1.968029 -0.4853464 4.429351 1.675234 7.719225 -2.901299
52 26.49092 1.929164 -0.521725 5.876118 1.168823 4.26811 -3.069228
53 26.84481 2.07212 -0.4928756 4.425939 0.748494 5.108772 -3.19134
54 26.73008 2.119858 -0.5326248 5.137868 1.975342 7.18411 -3.079136
55 26.51024 2.251301 -0.5295224 4.408816 2.006268 5.905681 -3.610717
56 26.10857 1.99451 -0.5440423 4.730858 5.37594 4.428474 -3.52696
57 25.86714 1.962582 -0.5402358 7.298475 0.5816496 4.598044 -3.310361
58 26.16797 1.942957 -0.5550493 3.61059 2.617773 6.659825 -4.141349
59 26.58062 2.128847 -0.500352 4.818034 2.452931 10.68209 -2.868938
60 25.71429 2.077772 -0.5332977 5.050462 1.095679 3.91707 -3.034802
61 26.59397 2.046961 -0.5197767 4.549068 4.777589 5.798998 -3.199844
62 25.75708 2.096093 -0.5325762 4.536612 2.838522 6.122574 -2.743586
63 26.58768 1.968357 -0.5559138 4.116452 2.398582 10.34433 -4.18469
64 27.49239 1.824488 -0.4970313 3.681513 3.110721 8.539156 -3.126247
65 26.31333 2.073238 -0.5622743 6.013031 1.596588 23.01571 -3.636353
66 25.90577 2.289627 -0.5810671 3.825003 4.257097 5.017616 -3.096766
67 26.30603 1.860264 -0.5316024 5.105299 2.061957 21.92768 -4.250725
68 25.47562 1.81486 -0.5628193 5.584971 2.866912 10.97802 -3.256078
69 26.45522 2.229233 -0.5495176 5.576042 3.705912 6.840675 -3.57026
70 26.10864 1.772549 -0.5171336 4.409041 1.460085 5.900173 -3.52507
71 26.2905 1.866088 -0.5428279 4.588871 0.2636256 2.935364 -3.356999
72 26.6034 1.939372 -0.5319007 4.822968 0.7034392 6.993205 -3.336583
73 26.30747 2.200344 -0.520022 5.248794 3.167313 7.973373 -4.215373
74 25.6588 2.012067 -0.5518521 4.130328 3.756953 4.797161 -3.069926
75 25.89291 1.914741 -0.5473898 5.016336 1.494845 17.9945 -3.706567
76 27.03164 1.920094 -0.5024929 5.162085 0.7476419 6.927474 -3.463586
77 26.55805 1.887187 -0.5094731 4.569193 1.532602 7.096957 -3.50362
78 27.35242 1.622784 -0.4778142 5.986568 2.448511 17.25949 -3.028237
79 26.26879 1.990642 -0.5201869 5.152486 3.756256 9.493075 -3.416765
80 25.68082 2.122761 -0.543501 6.939676 2.396946 6.922277 -3.213422
81 26.89392 1.999524 -0.5136742 3.648777 1.209961 3.147875 -4.599829
82 25.66377 2.109407 -0.553461 5.920638 2.172582 6.889681 -3.295919
83 25.64209 1.848505 -0.5226446 5.117356 2.406341 7.124423 -3.729932
84 25.84047 1.900533 -0.5486822 4.353076 1.551023 10.3848 -3.470245
85 25.91814 2.24554 -0.5597795 4.748951 2.235944 8.352499 -3.299287
86 26.89728 2.040791 -0.5444998 4.428622 1.830511 4.720158 -3.7732
87 26.31318 2.128927 -0.5469861 5.773117 1.685568 8.108826 -3.524099
88 27.20428 2.130044 -0.523878 4.669918 1.654376 4.333228 -4.033393
89 26.83635 2.033622 -0.5163377 4.859246 1.384995 4.647568 -3.799297
90 26.88861 2.035496 -0.5345768 4.442746 2.721028 4.581621 -3.314733
91 26.72898 1.823066 -0.4863711 4.539082 0.3830724 4.404868 -3.615343
92 26.24916 1.99486 -0.5396483 4.404063 0.7915521 12.13636 -4.05153
93 25.37452 1.910991 -0.5432998 4.35434 3.127153 14.33023 -3.810383
94 26.0986 1.831814 -0.5462393 5.163733 2.354809 5.637936 -3.691341
95 26.18502 1.866207 -0.5022267 5.572977 6.339457 12.62626 -3.16118
96 26.33246 1.992312 -0.5109886 6.048172 3.323427 11.3684 -3.624506
97 26.82818 1.959583 -0.5136559 4.190671 1.183853 5.274583 -4.073663
98 26.92584 2.370515 -0.5350844 9.085614 2.051641 13.52227 -3.624501
99 26.00414 2.177784 -0.531358 4.363956 1.418752 4.053076 -4.18469
100 25.95573 2.003066 -0.5484828 6.428196 0.6882031 3.942886 -2.376173
