1 0.6251094 0.142404 0.05064008 1.22585 0.987261 0.3650586
2 0.6426336 0.1464418 0.03391199 1.811968 0.5719679 0.4739363
3 0.6029387 0.1285514 0.04309736 0.8799178 0.8592475 0.4251577
4 0.5258136 0.1221099 0.03830286 0.7020778 0.6256454 0.3939932
5 0.5777772 0.1093101 0.03792505 1.211805 0.6309749 0.533016
6 0.5478926 0.1104628 0.03239398 0.7696794 0.5105512 0.4393432
7 0.6008402 0.138751 0.04392104 0.8854835 0.833018 0.389754
8 0.4702256 0.1294425 0.04133911 0.7305587 0.6373562 0.5293366
9 0.6254716 0.1368486 0.0434097 1.182017 0.8359018 0.4819217
10 0.453356 0.08902519 0.03170905 0.7076742 0.43552 0.6208232
11 0.6373151 0.1213094 0.04292923 1.001001 0.7875756 0.3926343
12 0.5779376 0.1308045 0.04084734 0.808626 0.7784775 0.4258729
13 0.6318408 0.1303411 0.04922087 1.212334 0.9751654 0.4219
14 0.5866881 0.1145572 0.03283047 1.411794 0.5266113 0.6233952
15 0.6148329 0.1507292 0.04583156 1.097725 0.8345106 0.3637151
16 0.6789524 0.1612849 0.04685139 1.085497 0.9866617 0.3636314
17 0.6301095 0.1084219 0.03808386 1.687868 0.6346923 0.3891703
18 0.4913126 0.09500659 0.03129428 0.5868589 0.4835304 0.4227904
19 0.7085555 0.1558317 0.04175958 1.19817 0.7936499 0.2878344
20 0.7392313 0.1395836 0.04205021 2.991141 0.6164459 0.4260587
21 0.5584805 0.1142885 0.03595338 0.8857719 0.6414387 0.6208229
22 0.5143636 0.1046132 0.03490954 0.88444 0.5345087 0.5282511
23 0.5534555 0.1009429 0.03048287 1.192658 0.4817154 0.6208226
24 0.6582056 0.1902257 0.05964586 1.442843 1.209733 0.3635824
25 0.7258595 0.1034079 0.03690985 2.085784 0.6545896 0.4207941
26 0.6853282 0.1168673 0.04115238 1.650819 0.7714738 0.3891678
27 0.5926183 0.1540832 0.04403683 1.375991 0.8044194 0.7006618
28 0.550776 0.1170183 0.04011602 0.9773566 0.6567922 0.4240815
29 0.5337058 0.1268865 0.03857514 1.143069 0.6055345 0.4671695
30 0.4956929 0.1314366 0.03673974 1.040446 0.5742902 0.5330168
31 0.7792142 0.1091717 0.0372459 2.539726 0.6113701 0.3113805
32 0.529038 0.128242 0.03466973 1.056804 0.4660128 0.3429002
33 0.5698554 0.1347913 0.04297749 0.8445204 0.7778778 0.420911
34 0.7071398 0.1233392 0.03767763 1.999869 0.6506045 0.3891739
35 0.6189801 0.179093 0.04708307 1.109248 1.09152 0.6261522
36 0.7368285 0.1170775 0.04578487 2.600288 0.8297688 0.4201724
37 0.6402146 0.1296967 0.04668714 1.52838 0.8610731 0.620213
38 0.4765475 0.1237658 0.03388735 0.5586136 0.5512768 0.4209131
39 0.5684995 0.1179108 0.03611716 1.252608 0.6203879 0.8136738
40 0.8965405 0.1860823 0.05335165 2.56746 1.108435 0.2783752
41 0.5261252 0.1351548 0.04022372 0.906009 0.69443 0.5273931
42 0.5132718 0.1284141 0.04196062 0.7468937 0.7228997 0.5332793
43 0.7192383 0.1557884 0.04766272 1.556381 0.9815222 0.372409
44 0.6323498 0.1323109 0.0428192 1.690188 0.8217724 0.5332805
45 0.5994133 0.1073859 0.03861913 1.434779 0.5800086 0.3921047
46 0.5536645 0.1233808 0.04321772 0.7130696 0.7605443 0.3635089
47 0.7750179 0.1495225 0.04056296 1.88678 0.7833441 0.3456926
48 0.5450517 0.1207727 0.04107075 1.07158 0.6793557 0.4706214
49 0.6538871 0.1426851 0.04692202 1.349382 0.9374813 0.3898568
50 0.4858416 0.1315877 0.03752032 0.7191669 0.6251677 0.6196131
51 0.6963155 0.110746 0.03817645 1.126441 0.6670861 0.3253478
52 0.6968182 0.1395424 0.04712146 1.294522 0.9731537 0.3428484
53 0.6221473 0.1321608 0.03836844 0.8160039 0.7320291 0.3672338
54 0.6592304 0.1323957 0.04024876 1.204505 0.7520766 0.3430176
55 0.6201777 0.1326968 0.03861033 1.097982 0.7223174 0.4226769
56 0.9042838 0.1298408 0.04398873 4.482315 0.8062502 0.4210404
57 0.7023931 0.1516897 0.05491541 1.100237 1.223044 0.390272
58 0.5739703 0.1105727 0.03653103 1.449732 0.5371478 0.5330152
59 0.6886397 0.1209084 0.0369071 1.300918 0.6598797 0.3116662
60 0.7156801 0.153327 0.04934681 1.312669 1.055207 0.3428956
61 0.7337167 0.1329189 0.04042061 2.055664 0.7331724 0.3628275
62 0.7256558 0.1499902 0.04214588 2.263596 0.7510503 0.3111795
63 0.4985886 0.1094422 0.03494461 0.9923897 0.5198185 0.5287564
64 0.5906485 0.09417741 0.03229945 1.307993 0.5135169 0.3633915
65 0.5190162 0.1308381 0.04015034 0.8399235 0.6810894 0.480931
66 0.7442359 0.1308782 0.04011185 2.84138 0.6195371 0.3445199
67 0.5244921 0.1076723 0.03504729 1.100759 0.5485298 0.6220876
68 0.6325394 0.1188848 0.04370199 1.641826 0.69182 0.3632851
69 0.7119252 0.160729 0.0410184 2.053649 0.7916104 0.4263308
70 0.5667049 0.1108386 0.03862416 0.9309907 0.6352721 0.4207908
71 0.5683711 0.1580057 0.04788812 1.339515 0.9601926 0.3901301
72 0.5278859 0.1199599 0.03985284 0.712057 0.6982231 0.388892
73 0.6388547 0.1559631 0.03743422 1.437665 0.69414 0.5315642
74 0.6919451 0.1395465 0.04195467 1.992744 0.6811214 0.3451692
75 0.4838178 0.1179051 0.0371755 0.7151149 0.5752403 0.4714939
76 0.5800073 0.1155764 0.03858261 0.7724683 0.7147151 0.4244026
77 0.5678986 0.1069873 0.03735179 0.8642847 0.6333515 0.4255489
78 0.7076123 0.09939503 0.04069311 1.318635 0.741509 0.3427871
79 0.6635066 0.1225262 0.03934205 1.714078 0.6847288 0.3895241
80 0.659584 0.1712223 0.04775182 1.324172 0.9527866 0.3682008
81 0.5665875 0.1258262 0.03656967 1.095896 0.6474202 0.6560195
82 0.662581 0.149537 0.0463873 1.391507 0.8859117 0.3891762
83 0.6174101 0.108043 0.04093206 1.383601 0.6656669 0.4675419
84 0.5578933 0.1132464 0.0378687 1.249124 0.5488402 0.4268295
85 0.5811254 0.1407106 0.03844743 1.112263 0.6659147 0.3881703
86 0.7085817 0.1244018 0.03846453 2.161534 0.7069026 0.470337
87 0.5642269 0.1592655 0.04203018 1.009207 0.7835927 0.4501752
88 0.5917593 0.1410176 0.03973877 0.9336119 0.7887579 0.5454412
89 0.6586543 0.1513078 0.0444806 1.081203 0.9948479 0.4720521
90 0.7065811 0.1441808 0.04021365 2.081247 0.7856059 0.3895642
91 0.5720647 0.112844 0.03994522 0.8227324 0.7192529 0.4223851
92 0.4397981 0.1110868 0.03348203 0.5725639 0.5025832 0.554824
93 0.5344739 0.1158483 0.03681086 1.144831 0.5247608 0.4831976
94 0.5667212 0.1208025 0.04350935 1.1409 0.7287074 0.483216
95 0.8389051 0.1164758 0.03897701 3.779317 0.6803085 0.3642753
96 0.7142807 0.1243397 0.04080864 1.871897 0.7432999 0.4667322
97 0.579897 0.115236 0.03804944 0.9831963 0.663145 0.5278842
98 0.6710873 0.1909002 0.04513479 1.245543 1.03931 0.4669628
99 0.5765214 0.1338445 0.0382659 0.9549043 0.6927869 0.5328408
100 0.3501888 0.1420694 0.05679259 NaN 1.117309 0.2793687
