1 26.71231 1.903705 -0.5012078 8.599657 1.77352 14.5193 -7.801607 -1.71138 -0.4698175 0.559723
2 26.64772 2.262856 -0.5631501 5.532431 4.449966 44.2525 -7.062814 -1.739777 -0.5286741 0.5487797
3 26.73231 1.840253 -0.5110284 5.755953 1.28793 4.571325 -6.489679 -0.7635055 -0.4025898 0.4326623
4 26.31352 2.107741 -0.5131848 3.875849 0.6289583 5.418952 -6.406084 1.492769 -0.3326873 0.348854
5 27.17174 1.782036 -0.4434331 5.60714 3.3483 21.3456 -4.899313 -0.07360639 -0.3237598 0.2738427
6 27.5643 2.083387 -0.4737655 5.280729 1.243555 192.3143 -16.57476 -1.079704 -0.9713638 1.209024
7 27.10204 2.057713 -0.4702116 5.64185 0.9017186 4.856914 -5.93735 -2.358343 -0.4263162 0.4620049
8 25.77711 1.871086 -0.5409231 5.63118 1.093102 10.70475 -37.1524 -21.32233 -1.511636 2.320272
9 27.37194 2.037323 -0.480056 5.194232 1.006922 4.326999 -7.131155 0.9334914 -0.3563486 0.3772929
10 27.73973 1.968092 -0.4690275 3.736439 1.787348 12.34075 -7.578522 -1.072841 -0.628986 0.5851222
11 27.36505 1.924253 -0.4561474 3.683669 1.469179 4.076451 -3.741464 -0.5674657 -0.1778665 0.1660111
12 26.48157 2.060161 -0.5374184 6.020359 0.8312862 7.702882 -7.387049 1.640732 -0.3498009 0.3764274
13 27.4228 1.936294 -0.5018805 5.001569 1.528576 3.832334 -5.299002 -0.3942373 -0.1789517 0.2241107
14 27.13874 2.296039 -0.5169538 4.690618 3.66416 10.22075 -18.13668 -13.57099 -0.7783276 1.124216
15 27.03265 2.156383 -0.4955285 6.874576 2.224935 15.04601 -5.377959 -1.210863 -0.3501632 0.3670161
16 25.99871 1.87581 -0.500707 5.589914 1.884752 4.454817 -5.21946 -1.403676 -0.3275854 0.3546494
17 27.43324 1.951642 -0.4661356 5.207229 2.217421 8.814133 -6.104501 -2.57133 -0.5724754 0.5321411
18 28.36635 1.977098 -0.4517837 4.835955 0.4567155 51.40224 -22.87341 -1.768233 -1.671558 1.95737
19 27.25887 2.129207 -0.4811943 5.979691 1.41778 5.945752 -6.151808 -0.6322905 -0.3831227 0.4504168
20 24.98285 1.85415 -0.5262664 3.497859 3.925699 3.213685 -8.254123 -1.806135 -0.5506015 0.613349
21 27.72565 2.086041 -0.4861767 4.99466 1.871711 10.15992 -4.030973 -1.560276 -0.2584732 0.2198608
22 26.95688 1.794474 -0.4776416 4.318106 1.74478 11.20516 -5.189712 -1.702637 -0.4039013 0.3854429
23 27.37012 1.932982 -0.5164193 4.325077 1.818998 11.04852 -9.529348 -13.38401 -0.7986787 0.7456737
24 25.95672 1.900817 -0.5732941 5.425455 2.853538 4.143285 -3.806617 -1.110355 -0.3143947 0.2545017
25 27.27268 1.81421 -0.4299874 4.294693 2.043434 4.233125 -11.73332 0.7928934 -0.9270262 0.9405188
26 26.55469 1.796098 -0.5154184 6.349951 3.706933 8.153264 -19.1881 -2.895357 -0.915999 1.288828
27 25.90611 1.947342 -0.5240352 3.670438 2.126339 3.896811 -4.036237 -0.9579321 -0.3068129 0.2019783
28 26.45545 1.89297 -0.5169625 5.047424 1.876926 9.160337 -5.66144 -1.984555 -0.3457166 0.3867073
29 25.92982 1.840795 -0.5050464 4.931892 0.9959221 7.011102 -15.61746 -0.7214374 -0.7909048 1.031107
30 26.25447 1.90153 -0.5279424 4.536892 1.367797 6.012636 -14.47282 -6.139142 -1.378804 1.319364
31 27.78997 1.968769 -0.487884 4.151088 3.058308 6.662465 -6.640998 -0.5862833 -0.5309179 0.5566356
32 26.31416 2.278331 -0.5642513 4.366537 2.594703 187.4442 -14.27544 -2.350618 -1.097035 1.240905
33 26.07816 2.002935 -0.4967079 4.7952 1.400259 4.979724 -7.685466 0.6242046 -0.6513657 0.564631
34 26.13133 1.910802 -0.5041031 4.177892 4.698506 5.289132 -5.429708 -2.097775 -0.3556381 0.387604
35 26.96325 1.864355 -0.5165889 7.664025 0.0291548 6.222483 -10.18382 -2.56992 -0.4541143 0.5883665
36 27.26661 1.777648 -0.4624957 6.011957 3.959547 6.06756 -10.19487 -1.172314 -1.102442 0.9244272
37 26.47627 2.077235 -0.5143227 6.726989 3.501402 7.458464 -4.868302 -0.5271649 -0.2897675 0.2422962
38 26.63742 2.162737 -0.5513352 4.424685 0.4841807 6.225665 -15.77328 -0.08963208 -0.8439667 1.061526
39 26.97861 1.99285 -0.5328616 5.409788 2.998564 12.94337 -8.220653 -12.92766 -1.243343 0.8068861
40 25.60202 1.98289 -0.5292197 5.450603 3.623904 3.975682 -4.595002 -0.2565604 -0.2138016 0.26501
41 26.15774 1.911758 -0.5406102 4.585117 1.96331 5.982362 -5.119224 -1.193082 -0.5691737 0.4023466
42 26.57891 1.986682 -0.511094 4.903129 1.268652 7.452688 -4.287246 -1.174168 -0.1830952 0.174254
43 26.92202 2.031732 -0.5078364 6.956941 3.030326 7.184402 -6.612382 -0.5413116 -0.4052967 0.4357759
44 27.06467 1.812344 -0.4840702 6.092638 2.509889 4.783033 -13.94123 -3.877479 -0.9741631 1.064699
45 26.53921 1.734595 -0.4752821 3.860066 3.37353 5.093515 -5.14425 -1.139392 -0.2529487 0.3016539
46 27.57591 2.114124 -0.4874708 5.319826 0.7023321 6.829953 -6.208862 -0.6123294 -0.4672441 0.4801964
47 27.20996 2.183585 -0.477533 5.618694 3.752663 7.817267 -6.520966 0.8041831 -0.2755665 0.3452138
48 26.45231 1.931794 -0.5240333 4.660793 1.878826 5.586207 -5.51418 -0.1560756 -0.3378521 0.3280052
49 26.65128 1.89188 -0.5205326 6.234124 2.622868 5.079347 -5.446143 -0.2557349 -0.2514729 0.2877013
50 26.11148 1.981522 -0.5442939 5.410574 1.084929 14.33974 -17.76031 11.70252 -0.8033945 0.5004482
51 27.76432 2.042607 -0.4543465 5.092979 1.866254 8.635081 -13.28179 -0.0838117 -1.095684 1.176977
52 27.95812 2.083585 -0.468284 6.616715 1.00062 4.509559 -6.521279 -1.041249 -0.4427332 0.4797008
53 27.42891 2.11688 -0.4934082 5.025349 0.7416314 5.83329 -10.23353 1.405055 -0.7129392 0.7465511
54 27.73731 2.203669 -0.5046017 5.464449 1.816467 6.76114 -6.620986 0.3375234 -0.4185762 0.4438345
55 26.80741 2.232819 -0.5223339 4.662554 2.079924 5.966741 -6.258266 0.659023 -0.498125 0.4293477
56 26.68503 2.023281 -0.5113586 5.117514 6.025153 4.672002 -5.505092 -0.1357727 -0.3313392 0.3298516
57 26.22941 1.966629 -0.5055809 7.341378 0.5365492 4.418189 -4.750135 -1.034531 -0.2087838 0.2355229
58 26.4817 1.941177 -0.5169339 3.853433 3.318945 7.730131 -6.95361 -0.2778109 -0.6044342 0.5446844
59 27.03696 2.118382 -0.4849159 5.031631 2.15841 10.28849 -6.569576 -0.2077403 -0.2626941 0.3696097
60 26.39825 2.132229 -0.5109252 5.822818 1.292902 4.680764 -4.180897 -2.399883 -0.274137 0.2848348
61 26.94245 2.049304 -0.5038993 4.993096 5.140227 6.702608 -5.905336 -0.814811 -0.3976289 0.4179591
62 26.16699 2.001884 -0.5063421 5.236373 3.404569 6.762463 -5.632107 -0.5251949 -0.3633788 0.4128436
63 26.71246 1.965205 -0.5448446 3.971837 2.550945 9.67667 -3.037139 -1.447901 -0.04808946 0.02045801
64 27.94507 2.039121 -0.5145917 3.855402 3.546581 7.922585 -4.873015 -1.560195 -0.3408807 0.3548267
65 27.22829 2.126026 -0.5257063 6.537943 1.329977 31.53323 -8.359369 -0.5355733 -0.9712561 0.7599656
66 25.95844 2.125514 -0.5408187 3.943742 4.817196 5.540451 -5.097888 -1.068846 -0.2501795 0.3169788
67 27.16429 1.916071 -0.4863978 5.333333 1.717747 16.70002 -18.65532 -3.009561 -1.428122 1.532544
68 26.15677 1.76756 -0.4877003 6.561755 3.072663 15.7108 -9.761935 -3.122966 -0.662979 0.7948666
69 26.18048 2.072915 -0.5758086 6.383896 3.677754 7.670205 -20.51961 -0.2319656 -1.401689 1.530946
70 27.63943 2.026586 -0.4586861 4.953993 1.551538 7.150025 -9.754775 -2.03818 -0.7218738 0.7652303
71 26.9427 1.865092 -0.5159723 4.740499 0.05947831 2.945309 -5.79094 -1.516928 -0.3570928 0.3930735
72 26.49447 1.896889 -0.5363743 5.336811 0.5775546 7.389667 -12.74429 -2.4151 -0.6312066 0.858987
73 26.52657 2.144001 -0.5239564 5.562992 3.118101 8.092731 -8.368419 -0.3512566 -0.2515996 0.3722527
74 26.31048 1.931777 -0.4921418 4.364442 3.260278 4.659591 -3.314001 -0.9526875 -0.1981986 0.1872445
75 26.69813 1.963036 -0.5025558 5.043249 1.366279 14.42414 -3.87293 -18.21471 -0.164548 0.1674367
76 27.45859 1.970901 -0.4834795 5.298086 0.8662279 7.490096 -5.103704 -0.2755617 -0.3056758 0.295502
77 27.20995 1.929979 -0.4718154 4.6711 1.546397 7.080909 -6.625285 -0.7455096 -0.4238387 0.4652572
78 28.42721 1.729779 -0.4340046 6.637811 2.909254 28.38181 -6.016227 -1.358108 -0.5315652 0.5194359
79 27.03556 2.051335 -0.4780091 5.450582 3.276495 11.52252 -6.472696 0.836482 -0.4057188 0.4179438
80 26.6602 2.197298 -0.5179545 8.155415 1.707916 9.179787 -7.370681 -1.198847 -0.3689196 0.4626034
81 26.86686 2.015105 -0.5214542 3.751616 1.449131 3.342641 -6.563145 -16.13576 -0.4389568 0.4113653
82 26.63779 2.301156 -0.5225462 6.341552 1.845952 7.303231 -4.90773 -0.4077886 -0.2556056 0.2684127
83 26.91345 1.888361 -0.4370969 5.070981 2.235596 9.1266 -5.152057 0.4249895 -0.2967382 0.2750166
84 26.31077 1.923343 -0.5121849 4.626256 1.753206 11.71726 -5.347011 -0.4534909 -0.4188015 0.3939369
85 26.71953 2.249594 -0.5319865 5.243736 1.924282 8.330096 -6.372826 -1.932484 -0.5335509 0.5228769
86 27.84477 2.129371 -0.5123907 4.584316 2.279614 5.051655 -5.496164 -18.28741 -0.3388412 0.3858749
87 26.54571 1.975201 -0.5417218 5.865952 1.801176 7.853776 -11.24348 1.42664 -1.013517 0.8462004
88 27.87718 2.219649 -0.5140359 4.923624 1.291308 4.050424 -5.779094 -1.136008 -0.3291076 0.3325369
89 26.87987 1.995419 -0.5188285 4.896197 1.26203 4.572356 -6.927266 1.214898 -0.2409302 0.2774206
90 26.9589 1.995217 -0.5444623 4.708401 2.752371 4.599213 -5.792356 -0.4570844 -0.3448539 0.3628453
91 27.75906 1.934487 -0.4311363 5.008898 0.2061796 4.609188 -6.58077 0.07127988 -0.2949139 0.3528581
92 27.01953 2.065944 -0.50579 4.734833 0.6787458 14.01031 -14.67474 -1.718463 -0.6789517 0.9287404
93 25.67501 1.887463 -0.4970018 4.864277 2.958247 19.30446 -11.80708 -2.526133 -0.6585279 0.8699444
94 26.23209 1.694381 -0.4949695 5.998921 2.687545 5.773213 -15.92193 -0.6962183 -0.7543658 1.018604
95 27.48672 2.019621 -0.4583456 5.964137 5.392919 15.12308 -5.692807 0.7835253 -0.4494006 0.4135482
96 26.17466 1.882881 -0.4916992 6.353822 3.676213 11.07164 -5.635928 0.2242592 -0.3402697 0.3326498
97 27.46967 2.07608 -0.4856851 4.489812 1.380939 5.417332 -14.89502 -10.08271 -1.528388 1.472366
98 27.26491 2.158375 -0.5345898 9.574273 1.987124 14.42057 -7.690063 -3.444015 -0.5091052 0.5295864
99 26.20337 2.127435 -0.5192415 4.754659 1.7119 4.336204 -8.319556 0.4435389 -0.3009007 0.3923495
100 27.20867 2.136115 -0.5150062 7.874633 1.289617e-07 4.145509 -8.498436 -1.058414 -0.5434368 0.6398848
