1 26.52344 1.838019 -0.4984986 9.840038 1.355284 -10.61801 -2.322307 -0.6308834 0.7794197
2 26.54806 2.303618 -0.5665173 5.661927 4.836879 -6.340858 -1.396397 -0.4263597 0.4464796
3 26.59808 1.840084 -0.5194348 8.687926 0.86601 -10.49173 -0.9678753 -0.7085315 0.7895709
4 26.45014 1.97134 -0.4990697 6.114932 0.8769203 -6.677463 1.439009 -0.353997 0.3780949
5 27.3238 1.891603 -0.4560206 6.18456 2.611046 -4.832232 -0.07025501 -0.3148707 0.2639377
6 27.47226 2.070752 -0.4729049 5.105575 1.805009 -14.57564 -0.9071613 -0.8517801 1.056378
7 27.36518 2.05772 -0.4687066 8.331642 0.7717763 -11.85069 -3.691549 -0.7407629 0.8929999
8 25.75945 1.954936 -0.5524313 6.63359 1.423539 -37.86509 -21.05833 -1.525249 2.352433
9 27.45792 2.047313 -0.4849416 8.499828 2.585195 -9.351008 0.9322062 -0.4894439 0.5364438
10 27.59642 1.919368 -0.4652827 4.431878 1.790703 -8.166601 -1.117134 -0.6813763 0.6401291
11 27.25543 1.923704 -0.4472212 7.262141 2.008542 -4.003672 -0.5222915 -0.1956861 0.1916098
12 26.60689 1.956852 -0.5291572 7.834089 0.837332 -9.329004 1.91802 -0.4732095 0.522039
13 27.03045 1.834498 -0.5100629 10.02518 2.405377 -10.26779 0.04812848 -0.4356422 0.5829697
14 26.98513 1.998268 -0.4927618 5.500855 3.685713 -15.06428 -14.78527 -0.7382546 1.00316
15 26.8371 2.119117 -0.4946217 7.771506 2.362299 -5.282319 -1.213397 -0.3460269 0.3596764
16 26.22827 1.973117 -0.5032017 9.848982 1.153549 -13.44609 -3.487405 -0.9139669 1.064439
17 27.29145 1.912501 -0.4601168 5.872809 2.604291 -5.862497 -2.22137 -0.5422182 0.5070365
18 28.37631 2.011948 -0.4558976 4.953977 0.4538775 -21.65085 -1.508637 -1.574094 1.834307
19 27.18911 2.162364 -0.4858955 7.244481 1.523749 -7.319714 -0.4431482 -0.4801346 0.5631028
20 24.87144 1.952717 -0.5580759 6.318778 7.755602 -10.59874 -1.541277 -0.7027291 0.8019073
21 27.76625 1.994481 -0.4726311 6.473284 1.87509 -4.74019 -1.745423 -0.3540953 0.314366
22 27.05883 1.935735 -0.4905426 5.451404 2.030344 -6.095296 -1.874699 -0.5265051 0.5000526
23 27.4675 1.989898 -0.5308124 4.998305 3.196884 -11.86509 -11.49273 -1.005101 0.9465932
24 25.51773 1.870241 -0.6106565 11.65562 2.578895 -10.1167 -2.19948 -0.819083 0.7941569
25 27.91341 1.93689 -0.4319139 6.387696 2.944354 -19.47594 1.488788 -1.45926 1.535748
26 26.69071 1.856875 -0.5258408 7.979341 3.284961 -23.18092 -3.004152 -1.117895 1.563099
27 26.18288 2.002972 -0.5471467 8.36911 3.371994 -6.640581 -1.713053 -0.6322075 0.5220429
28 26.17051 1.819436 -0.5090244 6.673731 2.070525 -7.615463 -2.612298 -0.4907812 0.5703552
29 26.02834 2.047904 -0.5284582 6.022296 1.881866 -20.64673 -0.531385 -1.108048 1.401547
30 26.1136 2.026852 -0.5422865 5.852435 1.60064 -15.05324 -5.458952 -1.364094 1.337299
31 27.92526 1.95138 -0.4874205 5.974072 5.743278 -14.82705 -0.7986416 -1.189671 1.268746
32 26.26342 2.213151 -0.55832 4.477429 2.297382 -18.12078 -3.136587 -1.394474 1.585658
33 26.30509 1.925437 -0.4971341 7.935667 1.088316 -8.786233 0.3871089 -0.7033491 0.6484701
34 26.32535 1.866525 -0.500622 6.631411 4.811869 -8.032991 -2.722123 -0.5934488 0.6506384
35 26.74602 2.140525 -0.5452608 11.93793 0.02706434 -12.84869 -2.96742 -0.6605484 0.8095883
36 27.10342 1.846255 -0.4727483 7.888036 5.55859 -11.72555 -1.015612 -1.28267 1.073421
37 26.56082 1.85983 -0.4933046 9.0853 3.680672 -6.854621 -0.8224896 -0.469516 0.4512616
38 26.71245 2.170101 -0.5512143 5.548434 0.4484811 -18.43987 -0.07899424 -1.02365 1.275251
39 27.02696 1.994746 -0.5296415 6.293908 3.298076 -11.5064 -11.71293 -1.438917 1.071518
40 25.32247 2.000495 -0.5349106 9.895176 4.461695 -4.679811 -0.2537008 -0.2014995 0.2573818
41 26.16429 1.962286 -0.5489455 6.919122 1.875203 -5.794688 -1.379882 -0.6405316 0.4718885
42 26.67324 1.967351 -0.5066728 7.205501 1.268223 -4.696532 -1.143069 -0.212347 0.213829
43 26.97685 2.068619 -0.5077598 9.989545 3.260848 -13.36393 -0.1314823 -0.8850716 0.9571923
44 26.79425 1.919591 -0.4920751 8.286382 2.423047 -13.85917 -3.159513 -0.9504249 1.05552
45 26.2713 1.761359 -0.4798061 5.654158 3.609074 -5.107815 -1.224807 -0.249584 0.3010313
46 27.63214 2.023582 -0.4815064 7.42362 0.6731664 -11.13934 -0.8630967 -0.8927827 0.9274196
47 27.12534 2.295429 -0.4858233 8.065372 4.552779 -8.538516 0.8016575 -0.427111 0.5245593
48 26.64902 1.862901 -0.5272081 6.824419 2.390758 -6.618417 -0.4116568 -0.4442586 0.4444006
49 26.72649 1.862509 -0.5079376 9.473902 2.725415 -6.47619 -0.1686212 -0.3259102 0.3785364
50 26.21721 2.048062 -0.5572759 6.407052 1.427215 -18.16268 12.04981 -0.7774207 0.4965735
51 27.77487 1.970131 -0.4541774 6.514086 2.54905 -20.80855 0.632854 -1.658369 1.793082
52 28.04433 2.093906 -0.473027 9.79223 1.213319 -13.60511 -1.192662 -0.9143757 1.009428
53 27.53926 2.165949 -0.5000983 7.256971 0.8764185 -21.46055 2.470448 -1.372183 1.550857
54 27.93754 2.214176 -0.5037921 7.148839 2.499222 -6.766879 0.1834723 -0.419193 0.4519839
55 27.0958 2.130019 -0.5085232 6.987313 2.252305 -8.185517 0.3962664 -0.7056798 0.6242918
56 26.72187 1.912868 -0.507229 7.775583 12.89429 -5.697065 -0.1175197 -0.3515878 0.3538672
57 26.43545 1.854567 -0.4946167 12.35432 0.8263522 -6.733863 -1.138204 -0.3356614 0.4004982
58 26.48192 1.853393 -0.5113191 5.332293 4.363178 -11.39877 -0.4872685 -1.096976 1.016865
59 27.10704 2.065065 -0.4824508 6.610325 2.67949 -8.497945 -0.3884183 -0.3699629 0.5219745
60 26.76043 1.945215 -0.4924587 10.20433 1.431816 -5.6204 -2.800861 -0.4230026 0.4401361
61 27.04642 1.973575 -0.5024414 7.179545 5.611959 -6.419778 -0.7892091 -0.4190398 0.4522389
62 26.03111 2.054599 -0.5117203 6.381812 3.564048 -5.233265 -0.3333219 -0.3275039 0.3698226
63 26.73465 1.980858 -0.5511209 5.269386 2.69549 -2.818865 -1.426771 -0.008110749 -0.02372577
64 28.04362 1.939012 -0.5057709 4.708689 2.67784 -4.233139 -1.48655 -0.2881872 0.2929092
65 27.19146 2.069283 -0.5191757 6.700962 1.687481 -8.377864 -0.6246197 -0.9842815 0.7712417
66 26.01173 1.944799 -0.5282583 6.148117 7.120575 -9.711143 -1.368336 -0.5242604 0.7050745
67 27.23557 1.972825 -0.487154 5.662162 2.045865 -17.56033 -2.684087 -1.315039 1.417152
68 26.09298 1.819312 -0.4872885 6.715965 4.204118 -4.641333 -2.206606 -0.3074302 0.3311504
69 26.19463 2.048956 -0.5702444 8.121058 4.689048 -23.11858 -0.09456369 -1.55413 1.715426
70 27.56312 1.930228 -0.4436014 6.310008 1.815892 -12.01197 -2.53074 -0.8924671 0.9570782
71 26.89609 2.105249 -0.545651 9.799871 0.06343209 -10.02812 -2.20537 -0.671958 0.752248
72 26.43048 1.836791 -0.5324344 7.196831 0.6013732 -22.62215 -3.667601 -1.177193 1.594561
73 26.64576 2.24419 -0.5314174 7.234037 3.958793 -9.628591 -0.2391339 -0.3182982 0.4596976
74 26.2199 2.067171 -0.5043208 6.319335 4.961499 -3.439825 -0.9354807 -0.2110343 0.1998076
75 26.82033 2.079615 -0.5086034 5.779086 1.448045 -3.787755 -18.27441 -0.1442285 0.1486087
76 27.5074 1.958923 -0.4843649 6.960699 1.107857 -5.040823 -0.2972686 -0.3119283 0.3015107
77 27.43434 1.93977 -0.4734742 6.433625 1.522362 -13.59106 -1.703786 -0.8010165 0.9953996
78 28.45717 1.754596 -0.4360639 7.141519 2.879817 -8.453948 -1.425807 -0.7427276 0.7543345
79 27.1798 2.079066 -0.4808181 6.87085 4.116081 -8.82162 0.9324542 -0.5556706 0.6065775
80 26.35401 2.166973 -0.5198752 9.088051 1.998509 -7.567453 -1.228041 -0.3966088 0.4926477
81 26.47336 1.917035 -0.5129953 6.717707 2.214393 -14.05665 -11.53903 -1.012326 1.046019
82 26.85565 2.169504 -0.5131867 8.675537 2.880815 -5.877933 -0.4608284 -0.3176804 0.347647
83 26.95898 1.87528 -0.4344473 6.580208 2.996204 -4.846916 0.3705315 -0.2619507 0.237988
84 26.03073 1.854816 -0.507085 5.233186 3.598956 -5.506065 -0.4817565 -0.4372284 0.409029
85 26.95601 2.193984 -0.5158483 6.391979 2.116902 -7.384696 -2.344303 -0.6125044 0.6124838
86 28.08254 2.071657 -0.4971269 7.108096 5.947181 -18.0953 -14.51231 -1.493748 1.630996
87 26.43788 2.07891 -0.5532231 7.676095 1.511849 -15.53121 1.887957 -1.233619 1.126296
88 27.62952 2.176991 -0.5061397 7.965204 1.468206 -4.928982 -1.096079 -0.2591046 0.2516908
89 27.10741 2.083059 -0.5224248 9.920442 1.022088 -7.699466 1.239851 -0.2699748 0.3278346
90 26.85025 1.938042 -0.5288389 7.653959 4.025061 -7.278579 -0.3397789 -0.4671399 0.4990174
91 27.51114 1.858008 -0.4299203 7.522871 0.2254633 -6.753725 0.002622186 -0.3087382 0.3721249
92 26.96711 2.058992 -0.5012577 5.34023 0.5542045 -15.60204 -1.714089 -0.709757 0.9825154
93 25.49861 1.88132 -0.498832 5.328623 2.993515 -11.33059 -2.301294 -0.6158239 0.8176669
94 26.07591 1.744987 -0.5084576 7.528517 2.620413 -15.52077 -0.5424116 -0.7893687 1.018192
95 27.54419 2.028447 -0.4605539 6.349413 8.717013 -5.995778 0.713142 -0.4691281 0.4432128
96 25.99872 1.763889 -0.4781181 7.258728 4.760392 -6.201185 0.2132322 -0.3894301 0.3877627
97 27.14629 1.90676 -0.4729979 6.76015 2.637816 -21.45831 -6.675112 -2.001887 1.98544
98 27.28628 2.348152 -0.5511157 10.63084 2.291776 -8.548897 -3.637815 -0.5490199 0.5879298
99 26.25499 2.051486 -0.5032173 7.266249 1.849273 -7.626438 0.1957794 -0.2895972 0.367265
100 27.22384 2.206615 -0.5246587 11.80958 1.277239e-07 -26.7856 -2.047098 -1.608078 1.928876
