1 0.7192286 0.1406414 0.04612219 1.173971 1.356701 13.28905 2.671858 1.13879 0.1588732 0.2071807
2 0.6299882 0.1391247 0.03662747 1.730141 0.7097656 73.09377 2.724183 1.296062 0.2316162 0.2578269
3 0.5515436 0.1129313 0.03811686 0.8103454 1.078941 1.817373 2.332129 1.014171 0.165008 0.1891745
4 0.4729313 0.1111373 0.03167561 0.466556 0.6961242 2.190927 1.665896 0.956359 0.1145245 0.1262703
5 0.6868984 0.09842978 0.03443384 1.388293 0.7510348 20.26158 1.845593 1.111519 0.1356855 0.1563893
6 0.5768376 0.1098604 0.03114782 0.6773471 0.5724214 178.7821 5.928673 1.097192 0.3415816 0.4460752
7 0.6119386 0.1254289 0.03397051 0.6504487 1.115989 2.197995 2.189258 1.293965 0.1334006 0.1686484
8 0.4693791 0.1132573 0.03773103 0.630772 0.8356229 6.254973 17.35537 2051.886 0.7522086 1.107828
9 0.5777824 0.1098964 0.03323967 0.6808552 1.022157 1.665868 2.18374 1.08851 0.1268672 0.1376969
10 0.5086772 0.08901928 0.02631392 0.7726013 0.5281441 6.758335 2.940322 1.32789 0.2994056 0.2884197
11 0.5905549 0.09506508 0.02928657 0.7810372 0.7799283 1.554917 1.112508 0.8561639 0.100648 0.1114087
12 0.5126192 0.1291724 0.03855673 0.6334281 1.031977 4.03209 2.223881 1.186408 0.1391338 0.153728
13 0.5578924 0.1070877 0.03299003 0.8607079 1.041745 1.41765 1.921046 0.903996 0.1243745 0.1537009
14 0.5825388 0.1258979 0.0305967 1.6123 0.6967005 6.282664 7.408972 296.6917 0.3451375 0.4919853
15 0.6881389 0.140493 0.03850848 1.154072 1.062297 12.32009 1.509099 0.8860874 0.1061557 0.1228545
16 0.6283169 0.1193583 0.03915687 1.081795 1.135229 1.751857 1.514982 0.9554285 0.1175916 0.1373414
17 0.6588802 0.1103798 0.03398554 1.180597 0.8336833 5.178627 2.083158 1.934171 0.2146892 0.2072116
18 0.5751027 0.09828584 0.03138354 0.4892902 0.6174326 107.4425 8.210062 1.317264 0.6013765 0.7200688
19 0.7050539 0.1339933 0.03718699 1.006786 1.123523 3.077015 1.672145 0.7689958 0.1160164 0.1411489
20 0.5597597 0.09175869 0.03124648 1.725028 0.7183698 1.083254 2.905467 1.539946 0.2020571 0.2346479
21 0.5734059 0.1106268 0.03138073 0.878223 0.7597191 5.064524 1.706221 1.274485 0.1714215 0.1739957
22 0.5362075 0.08966695 0.03096311 0.7916253 0.6489465 5.958115 2.033224 1.230145 0.2095046 0.2103544
23 0.4960662 0.09948278 0.03146596 0.8851677 0.6453258 6.823144 3.679329 1141.108 0.3488846 0.3283914
24 0.6541363 0.131661 0.04541329 1.457294 1.154022 1.514389 1.067442 1.117719 0.1088213 0.1058803
25 0.6305975 0.08807926 0.02867775 0.9881361 0.843753 1.613699 5.158829 1.307402 0.4324846 0.4449757
26 0.6564113 0.1123137 0.03933515 1.631011 1.021552 4.501768 6.236569 1.557129 0.3017262 0.4280756
27 0.4907831 0.1021587 0.03029799 0.9206616 0.7340161 1.332767 1.605208 1.339005 0.2051434 0.1939991
28 0.5594004 0.1093405 0.03589819 0.8871577 0.7911834 4.479003 2.00424 1.285601 0.1389894 0.1718611
29 0.4827223 0.1061868 0.03553154 0.6288447 0.8182247 3.593776 6.575988 1.366063 0.3260157 0.4358102
30 0.4697145 0.1045315 0.03440626 0.7137767 0.7643068 2.723725 6.045335 3.447614 0.5901403 0.5806324
31 0.6820574 0.1046889 0.0322859 1.440112 0.7921486 3.180856 1.67363 0.7646844 0.1466788 0.1570506
32 0.5523606 0.1249081 0.03321726 1.070027 0.5078163 120.9584 4.57462 1.584796 0.3842208 0.4290052
33 0.5211393 0.1152378 0.0333088 0.7978432 0.8619036 1.88624 2.576176 1.194437 0.2624557 0.2156708
34 0.6567771 0.1059166 0.03263461 1.863479 0.7859499 2.217905 1.630073 1.243789 0.1380015 0.1538883
35 0.5233486 0.1269644 0.042597 0.3249151 1.35944 2.471513 3.362453 1.682096 0.2133761 0.2284525
36 0.7152196 0.1112334 0.03610581 1.810942 1.065202 2.611035 7.149402 1.586523 0.9211207 0.7486573
37 0.6706867 0.1428729 0.04100269 1.630466 1.226792 4.231825 1.9672 1.286754 0.1815366 0.189102
38 0.4074705 0.1189495 0.03316569 0.4153491 0.7548662 3.006673 6.662609 1.419671 0.3356592 0.4477996
39 0.5526028 0.1165659 0.03485365 1.262205 0.8046916 9.130921 3.907727 683.4424 0.501637 0.4198934
40 0.7426655 0.1322378 0.04140838 1.755248 1.212863 1.513588 1.148934 0.6136786 0.06841783 0.0826396
41 0.5169632 0.1073699 0.03517636 0.9252574 0.8105593 2.515612 1.76061 1.321171 0.2210014 0.1817418
42 0.5182202 0.1130113 0.03468179 0.701624 0.8305432 3.315303 1.494857 1.191823 0.1230937 0.1437303
43 0.7006759 0.1322638 0.04090902 1.541546 1.214352 3.328377 2.083943 0.9220751 0.1543938 0.1649013
44 0.5991305 0.1095075 0.03568805 1.262322 1.125407 2.097293 5.586789 2.451241 0.4059418 0.4619452
45 0.6367569 0.08642467 0.03139765 1.437479 0.7824867 2.413656 1.664403 0.8713206 0.1189945 0.1480271
46 0.5953508 0.1194747 0.03522074 0.6023506 1.015343 3.525989 1.970945 0.8618854 0.1739754 0.1829278
47 0.7562157 0.1289925 0.03478037 1.636431 0.9434123 3.591217 1.591643 0.7245093 0.1127804 0.1295212
48 0.5335338 0.1091186 0.03624673 0.9500404 0.8031488 2.291901 2.020676 1.033253 0.153328 0.173179
49 0.6238428 0.1242984 0.04000878 1.32805 1.235211 2.299664 1.621136 0.8315574 0.1098053 0.1270267
50 0.4608298 0.1184558 0.03732642 0.6267502 0.7282054 8.011076 445.0621 445.0591 0.3203699 0.201115
51 0.7500635 0.1151013 0.03398432 0.9980135 0.8732093 4.598625 5.526133 1.017994 0.5030328 0.5266843
52 0.7049898 0.1281376 0.0370165 0.9062421 1.363418 2.00834 1.931736 0.9119523 0.1385193 0.153045
53 0.554462 0.1158473 0.03387194 0.59143 0.9159784 2.55429 4.511029 1.10205 0.2972937 0.3426109
54 0.6629021 0.128565 0.03587256 0.9981577 0.9739525 3.178473 1.657324 0.7934718 0.1189964 0.1288977
55 0.5663443 0.1241763 0.03292297 1.022557 0.8035227 2.43034 1.973617 1.021956 0.1988731 0.1738396
56 0.7345312 0.1193989 0.03600955 3.053556 1.024557 1.979144 1.454373 0.9554085 0.120471 0.1299023
57 0.645157 0.137007 0.0440949 0.7182216 1.54892 1.910001 1.366887 0.8870764 0.08571799 0.1014674
58 0.5682009 0.09953158 0.03082897 1.303048 0.6277433 3.474659 2.501394 1.096441 0.28306 0.2645579
59 0.6683657 0.1232154 0.03376121 1.08071 0.8715201 6.528003 1.693083 0.692357 0.1024758 0.1302283
60 0.6213274 0.1446753 0.0388985 0.8927549 1.273605 2.022414 1.10846 1.123348 0.1086202 0.1084453
61 0.7071921 0.118616 0.03410919 2.244428 0.8624858 2.942115 1.674383 0.8853005 0.1294217 0.1454574
62 0.6941271 0.1239821 0.0380958 1.738295 0.9380688 3.185296 1.486611 0.766631 0.1134445 0.1390492
63 0.5070876 0.09872296 0.03170307 1.034205 0.6354809 5.113088 1.362444 1.166008 0.1426398 0.163727
64 0.613055 0.1026822 0.02990862 1.598083 0.636074 3.868527 1.549392 0.9279203 0.1242889 0.1427727
65 0.558305 0.1353142 0.03809201 0.801844 0.8970141 36.50824 2.974006 1.138652 0.4098835 0.3144406
66 0.6456631 0.1177011 0.03244272 2.054335 0.7756553 2.509341 1.591754 0.7207168 0.1030297 0.1327218
67 0.5523312 0.10495 0.03309477 0.8973616 0.7255105 14.32243 5.721088 1.67136 0.471549 0.5075516
68 0.6829259 0.1151249 0.04313559 1.613154 0.9917689 19.38609 3.803666 1.422477 0.2389671 0.3130543
69 0.6110334 0.136803 0.04058035 1.52244 1.018426 3.683023 6.109109 1.325188 0.4435186 0.4802441
70 0.6315624 0.103398 0.03239644 0.8917226 0.8699743 3.88538 3.744591 1.616775 0.296384 0.3204284
71 0.4560879 0.1037776 0.03431488 0.2900707 1.072623 1.009335 1.680088 1.027845 0.1216577 0.1369747
72 0.4655597 0.1120755 0.03669992 0.5068938 0.8650849 3.314943 4.428632 1.346926 0.2435754 0.3237496
73 0.5917065 0.1303394 0.0353341 1.283789 0.8724789 3.888969 3.160865 1.305186 0.1367913 0.1775487
74 0.6403443 0.1054248 0.0334372 1.514646 0.8450906 1.930678 1.075206 0.7571132 0.0940284 0.1057518
75 0.5384145 0.1117111 0.0340614 0.7099993 0.7700585 10.2669 1.453043 4107.807 0.1239926 0.1436623
76 0.5495286 0.1091359 0.03314763 0.6645737 0.8742203 3.564113 1.56505 0.8690476 0.1212052 0.1350205
77 0.5750152 0.10022 0.03145219 0.8146344 0.8005416 3.273291 2.376873 1.037631 0.1493883 0.1884677
78 0.8210254 0.1044269 0.03731021 1.376839 1.014499 34.09334 2.212456 0.9828536 0.2026715 0.2169884
79 0.6985322 0.119067 0.03477583 1.483083 0.8325432 6.910891 1.829726 0.8682524 0.1286454 0.1490596
80 0.6682619 0.1603294 0.04246801 1.087165 1.313256 5.831311 2.438734 0.9799464 0.1246319 0.1683858
81 0.4654401 0.09828964 0.03006097 0.7306325 0.90742 1.412916 2.720993 2411.986 0.2151889 0.2311428
82 0.6439291 0.1488184 0.04028764 1.181754 1.154623 3.833519 1.386331 0.8213992 0.09214823 0.1032658
83 0.6769441 0.1040053 0.0327328 1.177326 0.7981793 5.108014 1.7006 0.9448023 0.1673006 0.1777695
84 0.5283938 0.1077555 0.03368056 0.9917864 0.7080089 7.75808 1.608825 0.9876658 0.1594549 0.154079
85 0.5692982 0.134096 0.03586234 1.010187 0.8743089 4.611165 2.200964 1.251616 0.1989528 0.2073226
86 0.5738749 0.1140598 0.03175543 1.145314 0.8229783 1.917433 2.739133 1515.247 0.2216788 0.2639856
87 0.5402086 0.125477 0.03981282 0.9707318 0.9580507 3.958021 5.450738 1.427371 0.5493901 0.4455714
88 0.5191388 0.1221022 0.0323065 0.7047295 0.9957376 1.569277 2.068398 1.280319 0.1533835 0.1599548
89 0.5147576 0.1111949 0.0339725 0.6738849 0.8529106 1.529119 2.233413 1.235534 0.08879255 0.1174006
90 0.561759 0.1115091 0.03402325 1.359316 0.9248764 1.847033 1.640468 0.8399136 0.1243844 0.135054
91 0.6079746 0.1024028 0.03106301 0.4153211 0.9356829 1.876085 2.043555 0.8734734 0.1152207 0.147263
92 0.4584298 0.1128809 0.03048769 0.4735 0.6883917 10.78223 6.019929 1.505777 0.2614897 0.3724293
93 0.5951481 0.1049785 0.03413664 1.213946 0.6982112 17.85394 4.503372 1.29411 0.274631 0.3655183
94 0.6193564 0.1025546 0.03831866 1.22617 1.040556 2.711703 6.676037 1.415517 0.2929265 0.4320225
95 0.8082606 0.1201921 0.03563807 2.619787 0.8839989 12.50325 1.828736 0.8474002 0.1627199 0.1659781
96 0.6727065 0.1219266 0.03969706 1.713458 0.9526232 6.775184 2.101666 0.9819106 0.1579168 0.1763178
97 0.5165848 0.1029565 0.02901901 0.7030313 0.786333 2.115247 5.502517 18.9299 0.6445526 0.6012921
98 0.6716896 0.1726516 0.04698759 1.186071 1.432191 11.80613 2.98634 1.943164 0.1792963 0.2253776
99 0.5226868 0.1197873 0.03424801 0.8860167 0.9304973 1.727393 3.07943 1.190981 0.1182909 0.1653155
100 0.6648473 0.152583 0.04605134 0.6222256 1.687138 1.711839 2.668308 0.9366959 0.1778964 0.2079076
