1 0.7066681 0.138189 0.04819115 1.083587 1.083883 3.766159 1.358859 0.2222586 0.2899693
2 0.6228953 0.1391487 0.0353931 1.850822 0.5888956 2.576209 1.233838 0.2061411 0.2364788
3 0.5926566 0.1297926 0.04511035 0.8033373 0.9239798 3.454461 1.159903 0.2544818 0.2824461
4 0.5600513 0.1178552 0.0370181 0.6251702 0.6519277 1.811304 0.9839635 0.1211664 0.1357627
5 0.6602025 0.1066289 0.03412126 1.172232 0.6300688 1.799371 1.104103 0.1322588 0.1515802
6 0.5909419 0.1072343 0.0306982 0.8411547 0.535858 5.405695 1.049836 0.3096757 0.4079103
7 0.7060711 0.1359053 0.04012061 0.7438326 0.8823537 4.695258 1.897289 0.2571763 0.3431687
8 0.5004928 0.1257938 0.03977009 0.7259873 0.6531596 17.39047 1926.674 0.7450269 1.092474
9 0.7095273 0.1360221 0.03996028 1.24781 0.8707775 3.313491 1.228829 0.1762868 0.2011731
10 0.5306348 0.08962028 0.02819778 0.7728393 0.4414213 3.013256 1.341499 0.304155 0.2921773
11 0.7484601 0.1195189 0.03781615 1.033877 0.7664318 1.286903 0.8619008 0.1108769 0.1254542
12 0.5569375 0.1322106 0.04227779 0.7414854 0.8223218 3.144868 1.318992 0.1872087 0.2100772
13 0.6983048 0.1354246 0.04678646 1.280967 1.053894 3.600644 0.9878792 0.1767452 0.2383942
14 0.610575 0.1082792 0.03223953 1.429623 0.5479805 6.460888 637.9376 0.3519324 0.4763473
15 0.7039686 0.1421269 0.04090757 1.166314 0.8413816 1.499897 0.8779581 0.1039926 0.1208986
16 0.7113793 0.1517817 0.04764013 1.043009 1.091747 4.024525 1.504069 0.2860481 0.3346691
17 0.6827559 0.1076655 0.03455207 1.385928 0.6436192 1.83575 1.611334 0.1924529 0.1853724
18 0.5508014 0.09740621 0.02907588 0.479371 0.5155991 7.184031 1.264065 0.5245951 0.6252396
19 0.7688286 0.1420061 0.04049212 1.123704 0.8792604 2.150527 0.7838094 0.151262 0.1823907
20 0.7325619 0.1300085 0.04152273 2.728224 0.6627558 3.456283 1.251266 0.2407846 0.2771613
21 0.6086294 0.1129918 0.03361678 0.8930462 0.6426878 2.064867 1.325129 0.1944335 0.1974857
22 0.5581421 0.1049902 0.03291961 0.8834304 0.5518119 2.579899 1.25929 0.2415631 0.246239
23 0.5395786 0.1037308 0.03151843 1.171754 0.4943992 4.241345 548.5417 0.4085968 0.3801586
24 0.6680729 0.1730184 0.06236546 1.474874 1.308408 3.698986 1.647087 0.3158487 0.3096502
25 0.7618419 0.1086253 0.03353077 1.398437 0.6743093 11.1356 1.742218 0.8501367 0.9044778
26 0.6684644 0.1259528 0.04330431 1.41314 0.8285182 7.928686 1.624082 0.3912641 0.5507845
27 0.6180082 0.1448271 0.04354154 1.424598 0.8344355 2.307651 1.382228 0.2508869 0.234801
28 0.5840701 0.114491 0.03974771 0.9701243 0.6978269 3.004325 1.532315 0.1889348 0.2425069
29 0.5423598 0.1241706 0.0367886 0.9125899 0.6176114 7.818535 1.455292 0.4211458 0.5309078
30 0.4998446 0.1219236 0.03670919 0.8352797 0.5951374 6.071847 3.041089 0.5592554 0.5639291
31 0.8245276 0.1157435 0.03655407 2.445318 0.7056995 6.250643 1.029836 0.5106332 0.5423321
32 0.5412949 0.1215014 0.03356755 0.978072 0.4931045 5.375084 1.703273 0.4411858 0.4967558
33 0.6185355 0.1302277 0.0420827 0.7825581 0.8253126 3.102719 1.16798 0.2795983 0.2537447
34 0.7159887 0.117244 0.03920632 1.883855 0.7129588 2.727657 1.540431 0.2256647 0.2481058
35 0.5856162 0.1773677 0.04905609 0.6465951 1.161556 4.384468 1.753445 0.2975555 0.3159546
36 0.8003121 0.121537 0.04092877 2.461584 0.862795 8.432206 1.648674 1.070557 0.8717251
37 0.706093 0.1317963 0.04343205 1.539397 0.905506 2.636567 1.338753 0.2154035 0.2319692
38 0.4471299 0.1248354 0.03512941 0.4611464 0.575088 6.993368 1.42758 0.3776544 0.4855164
39 0.5717453 0.1194495 0.0355728 1.298602 0.6181954 4.539081 478.2674 0.5186755 0.4499845
40 0.8900122 0.1705439 0.05537361 2.216236 1.217588 1.196262 0.6055103 0.06779341 0.08540778
41 0.532553 0.1295447 0.04064492 0.9441223 0.7041999 2.170485 1.343203 0.2420695 0.2105698
42 0.5682705 0.1255316 0.0388277 0.7629617 0.7257317 1.744945 1.223214 0.1342714 0.1618865
43 0.7728408 0.1559676 0.04615358 1.612785 1.083376 5.025795 1.125898 0.3610892 0.3829415
44 0.6608809 0.1293772 0.04080682 1.360407 0.853849 5.292644 2.014507 0.3605629 0.426183
45 0.668107 0.1016506 0.03635837 1.500882 0.6020643 1.787218 0.8688417 0.1280923 0.160429
46 0.6584431 0.1265414 0.03889855 0.6686049 0.8135077 3.919962 1.060535 0.3454265 0.3507015
47 0.8396828 0.1563857 0.03971926 1.937044 0.8892819 2.506239 0.7997307 0.1661483 0.191966
48 0.5812635 0.1180805 0.03960395 1.087666 0.7049154 2.599411 1.131492 0.1894969 0.2178263
49 0.7102655 0.1370167 0.04629639 1.362025 1.008353 2.072723 0.8836503 0.1345667 0.1550443
50 0.4847612 0.1291349 0.03839964 0.7443178 0.6370835 505.0385 505.036 0.3128802 0.1988756
51 0.7945082 0.1185496 0.03673531 1.244098 0.7243474 17.28357 1.849616 1.463494 1.553009
52 0.8076567 0.1480748 0.04329701 1.118939 1.083244 5.284312 1.140223 0.3562672 0.3902937
53 0.6304384 0.1363665 0.03855602 0.7420425 0.7929604 9.54157 1.607821 0.6029736 0.6962246
54 0.709423 0.1398691 0.03794802 1.246356 0.7966897 1.835819 0.8046659 0.1279106 0.1407361
55 0.6312417 0.134233 0.0380508 1.140113 0.74495 3.012837 1.075589 0.320265 0.2779197
56 0.9371878 0.1280701 0.04117316 4.360008 0.8208662 1.631202 0.9817724 0.1409484 0.1469164
57 0.7607957 0.1554273 0.05312838 0.9500317 1.317084 2.370448 0.9975895 0.1344373 0.1676852
58 0.613244 0.102918 0.03440842 1.543512 0.5393673 3.453982 1.195314 0.3693056 0.3440468
59 0.7313654 0.1269231 0.03727192 1.256441 0.7424151 2.375239 0.7650935 0.1290149 0.172598
60 0.7694469 0.1497415 0.04809936 1.200631 1.142159 1.804638 1.379208 0.1784079 0.1748738
61 0.7774097 0.1289195 0.0400136 2.235338 0.7886315 2.241928 0.9303947 0.1626575 0.1869664
62 0.7391009 0.135364 0.04088277 1.937648 0.7729812 1.488965 0.7258948 0.1157709 0.1414352
63 0.5148437 0.1110608 0.03439183 1.055253 0.5252737 1.348753 1.166979 0.1476042 0.1713567
64 0.5965988 0.1001985 0.03210529 1.316582 0.5264665 1.430218 0.882777 0.1188701 0.1376438
65 0.5679164 0.1274763 0.03717676 0.8860007 0.6918256 2.835061 1.155644 0.4058427 0.3030385
66 0.7687559 0.1239392 0.03963248 2.845222 0.6928922 3.246646 0.8417117 0.1828175 0.2543128
67 0.5607854 0.1068588 0.03227277 0.9521817 0.560199 5.494444 1.586551 0.4314273 0.4726723
68 0.7266263 0.1166306 0.04014913 1.843937 0.7379704 1.766764 1.10254 0.1340104 0.1671947
69 0.6730126 0.1475865 0.04448212 1.811653 0.8322054 7.390738 1.307398 0.5246407 0.5757218
70 0.6924405 0.1084523 0.03415298 0.9122568 0.6605649 4.374424 1.729529 0.3403477 0.3696062
71 0.5796394 0.1596756 0.04702306 0.6304983 1.048374 3.351187 1.338366 0.2357457 0.2600011
72 0.520296 0.1187612 0.04132035 0.5758388 0.7561984 7.221824 1.641259 0.3890068 0.5222288
73 0.6461458 0.1464981 0.0379002 1.523611 0.7188749 3.66627 1.339983 0.1555325 0.2035586
74 0.7441841 0.131714 0.03868828 1.92391 0.6965326 1.093588 0.7543439 0.09555992 0.1093028
75 0.5365695 0.1189504 0.03415096 0.7504956 0.583062 1.449032 4217.605 0.1274555 0.1479624
76 0.6155505 0.1195163 0.03719163 0.7726913 0.7345548 1.669055 0.8685121 0.125884 0.1421059
77 0.6275193 0.1118822 0.03558735 0.8498265 0.6768627 5.063609 1.365626 0.2802105 0.3812743
78 0.8172778 0.1071951 0.03770728 1.371596 0.818676 2.792296 1.034743 0.2463065 0.2647056
79 0.7417445 0.1281761 0.03717949 1.832888 0.7543793 3.644006 1.037794 0.2347568 0.2768517
80 0.6983699 0.1612384 0.04496091 1.194328 0.9835506 2.506416 0.9622648 0.1343231 0.1777633
81 0.565006 0.1181306 0.0378058 1.052865 0.6724416 5.395032 221.2111 0.4152592 0.4423406
82 0.7192323 0.1556168 0.0430313 1.384511 0.929069 1.693437 0.8521111 0.1038822 0.1210104
83 0.7492664 0.1110264 0.03570853 1.328272 0.681134 1.628837 0.9376969 0.162078 0.174677
84 0.6118161 0.1053768 0.03576519 1.413129 0.5575326 1.822209 1.021409 0.1800966 0.1751495
85 0.6123629 0.135235 0.03647505 1.099526 0.6972076 2.705505 1.46047 0.2446272 0.2549368
86 0.7472975 0.1244933 0.03570838 2.153125 0.7176494 6.112891 5.457932 0.5104586 0.5627689
87 0.5626125 0.1463742 0.04291065 0.9289918 0.8174896 10.44094 1.915335 0.8959897 0.801728
88 0.6082083 0.1410376 0.0380195 0.8820752 0.8023619 1.911981 1.234502 0.1365877 0.1488396
89 0.6329872 0.1547906 0.04493866 0.9259526 1.016897 2.80575 1.309874 0.0981984 0.1373859
90 0.692104 0.1305986 0.04193814 1.94006 0.8374947 2.33836 0.8948502 0.1787782 0.1906058
91 0.7052071 0.1125696 0.03671905 0.5452879 0.7695189 2.290484 0.8774325 0.1279811 0.1664234
92 0.4771849 0.1102847 0.03191428 0.4835521 0.5383593 6.636562 1.536122 0.2750525 0.4039467
93 0.5858658 0.1070882 0.0348892 1.190422 0.5501241 4.492278 1.251804 0.2658687 0.3587208
94 0.6207227 0.1156182 0.04220165 1.25552 0.774218 5.670969 1.240847 0.278375 0.3828816
95 0.8995245 0.1193266 0.03514888 3.63875 0.7103896 1.90353 0.8464712 0.1732876 0.1753935
96 0.7301837 0.1147029 0.04082169 1.825572 0.7503091 2.492281 0.9995038 0.1802698 0.2049211
97 0.6525979 0.1128624 0.03588077 1.127484 0.6733652 8.676112 5.032354 0.8960479 0.8691182
98 0.6639766 0.1882544 0.04616568 1.314391 1.097581 3.234326 1.960488 0.1905589 0.239713
99 0.6015878 0.1327646 0.03872644 0.9650223 0.7334276 2.701688 1.106362 0.1119688 0.1560208
100 0.8326463 0.1838 0.05492113 1.854904 1.434372 10.77413 1.421508 0.6648246 0.7878615
