1 382.3064 391.9687 348.9759 370.9135 391.0516 350.5335
2 667.6951 566.808 645.8219 660.2198 563.9726 644.6285
3 501.2254 481.4968 557.7299 489.3261 478.9695 540.6663
4 434.9221 420.5292 424.8393 419.6479 428.7219 410.5614
5 778.0089 785.3371 781.4172 855.1867 755.8073 748.2324
6 588.7206 482.298 506.7938 568.9319 485.8465 503.7379
7 473.3567 436.3306 406.7227 486.3854 436.3962 400.5765
8 705.8773 723.3065 721.6626 740.5229 737.7674 707.9216
9 724.4533 645.521 552.9783 695.7266 611.6289 576.1659
10 1217.474 1102.809 960.795 1186.174 1007.087 985.5405
11 479.5545 420.1777 420.1523 473.8019 412.4413 412.8408
12 498.4012 519.135 509.6921 490.0791 535.6991 515.9213
13 550.4677 570.739 491.7109 523.3857 545.523 494.8
14 1281.645 1051.064 1085.931 1132.136 1106.708 1119.179
15 390.8535 332.2825 317.5843 385.513 350.0404 320.2534
16 368.1768 351.586 372.0084 384.0998 343.3951 380.3687
17 497.9255 415.3936 387.6017 455.316 419.313 390.2485
18 619.3658 503.85 491.8544 628.3192 515.0775 508.6416
19 236.8823 207.2847 217.8052 234.8214 210.7812 219.0687
20 434.0286 574.9857 501.5987 462.0167 509.9682 490.8204
21 1264.817 950.5233 1020.316 1221.339 1011.821 1104.587
22 743.9431 792.9061 762.7484 833.6733 772.2943 760.4431
23 1100.483 1010.283 1163.693 1138.164 1029.384 1131.307
24 331.7134 388.07 365.2457 330.8623 365.7911 367.3569
25 574.4187 469.0566 492.5483 606.1955 470.7762 506.5615
26 413.9796 446.6639 442.1947 444.8036 443.4014 458.5875
27 1013.27 1095.619 994.0325 1020.296 1067.307 1034.482
28 488.4961 526.444 489.3081 465.4753 531.5607 471.6413
29 574.6141 544.2507 570.9798 603.5413 553.6207 556.7687
30 710.6639 721.1651 714.781 720.2487 738.8559 735.6181
31 260.8595 222.4613 248.7095 271.2697 221.5401 241.751
32 324.7629 319.8427 278.9488 305.674 303.1474 280.9098
33 483.1548 478.3238 489.6362 497.8596 478.6425 497.694
34 405.7588 373.7442 414.3913 383.4249 361.2989 437.2896
35 1166.888 1145.511 1149.203 1192.03 1041.773 1159.616
36 480.1261 492.9392 453.6498 545.1402 524.3044 464.0182
37 1085.366 1026.04 965.4928 1058.258 1024.64 923.3785
38 539.0263 486.9633 525.9355 536.4851 469.9012 504.9371
39 1700.53 1610.007 1616.908 1672.371 1647.198 1576.099
40 150.7497 177.2509 182.5839 165.0323 184.1373 189.7675
41 700.4256 714.4919 781.5169 720.7856 733.6756 753.9714
42 790.87 739.329 715.4129 794.6526 754.2954 706.0836
43 385.7529 340.7692 340.0502 405.8126 361.0994 340.95
44 790.3221 826.553 727.1219 797.8075 763.4201 745.0629
45 407.3844 435.8892 407.5326 393.5342 408.8299 405.8112
46 405.9624 342.7761 330.8708 413.0152 336.9006 326.7047
47 403.7796 324.1763 343.6439 399.9442 308.4377 334.9641
48 616.3738 641.6863 564.791 606.7798 647.8718 591.7324
49 466.0176 407.4323 423.1627 409.3084 430.8873 430.0415
50 999.0002 1016.817 1044.401 1013.131 1074.475 1029.096
51 308.2684 241.1397 270.1133 309.4656 250.6806 263.2766
52 360.4466 299.1364 307.068 384.6821 310.2389 304.0874
53 400.6653 370.1439 358.5667 401.0013 358.3827 347.0205
54 360.7662 290.5596 316.1853 366.9791 286.9471 288.7465
55 545.8461 506.8169 525.579 550.7177 513.3491 498.5594
56 505.728 519.938 475.5104 502.5031 530.9714 471.7785
57 417.9713 433.1878 414.6441 446.5141 417.9408 405.654
58 765.0839 715.6754 740.3527 739.216 723.9389 740.5278
59 271.3099 259.4984 271.063 279.5363 261.8682 264.9758
60 351.6128 335.9116 315.3593 353.0318 335.4735 324.0348
61 389.9956 372.0427 369.573 371.5153 347.0912 362.6647
62 231.84 244.39 246.3673 232.4716 251.1888 249.1064
63 770.9551 778.613 747.2103 775.5783 744.1517 727.0982
64 404.5804 325.7789 342.5732 383.8066 325.7288 354.448
65 694.0294 601.7476 575.2823 680.2916 605.1065 571.3412
66 295.8104 302.7538 311.2801 307.2814 315.0174 301.5454
67 1147.795 1036.377 986.7042 1187.279 1043.818 1000.327
68 343.05 410.266 370.4206 374.827 414.914 369.4998
69 496.2564 482.3115 509.9573 487.7718 440.8424 545.8412
70 572.9734 437.5875 429.9062 546.1536 459.9673 464.6087
71 458.4999 431.8935 404.3279 455.815 426.0189 408.8375
72 405.8236 436.7344 429.0405 415.1677 470.0122 429.5511
73 864.1816 771.605 797.7712 847.7679 812.7965 810.4992
74 324.9692 364.6405 313.3187 358.7138 377.2252 333.5242
75 652.3571 593.2965 576.7406 684.5299 595.6342 571.7607
76 547.4569 504.5856 518.9485 561.6439 498.2035 518.8965
77 535.7257 513.4883 505.4847 565.0526 493.7256 497.0057
78 372.4839 322.5552 343.4417 384.516 323.4938 335.8894
79 470.9764 375.6794 412.7551 499.7915 384.0451 411.2188
80 428.0838 330.7837 349.4545 398.0339 334.5246 341.7037
81 1079.82 1066.952 1118.561 994.3775 1008.224 1133.286
82 492.1516 419.165 383.8072 485.2676 408.4437 388.9488
83 673.0543 638.5611 588.678 693.9757 663.2447 580.1078
84 455.7648 513.1708 420.3387 433.0381 496.2498 438.0687
85 467.8083 396.5137 404.5451 465.1135 403.9327 404.6029
86 742.9022 567.5234 583.1873 744.4886 579.552 592.029
87 464.591 463.2435 470.5297 473.4484 453.5266 481.6818
88 957.1726 739.3609 814.8708 929.3693 735.3631 791.2906
89 632.9833 526.5298 630.8781 660.7058 567.7738 625.6442
90 429.0299 413.2079 413.5346 401.7126 408.6638 437.1062
91 611.8348 590.6298 547.7189 612.7585 579.3551 546.6348
92 903.5564 770.4527 769.2922 861.6102 831.6708 745.2751
93 573.3324 676.7628 574.1937 564.488 655.3074 589.8808
94 492.3087 591.8279 579.7992 566.5767 556.5351 577.0977
95 429.722 382.1084 356.2801 437.4814 365.0892 356.8494
96 561.6189 550.0102 660.3284 558.9715 542.7129 648.1399
97 868.2553 686.4968 768.9695 790.4637 698.7038 735.2017
98 698.4284 623.8335 649.8076 743.4896 613.5087 651.1085
99 823.5373 855.2205 832.4991 783.3623 793.0334 776.2869
100 187.3848 170.4813 156.0489 202.4411 176.9445 158.8435
