3 5668.761 5532.476
18 5704.967 5530.86
19 5997.331 5816.408
23 6082.566 5910.874
27 5842.892 5682.328
31 6045.729 5852.491
33 6261.516 6083.609
35 5899.617 5787.872
37 6107.581 5960.686
39 5920.097 5811.811
40 6110.519 5963.999
46 5660 5559.202
48 5849.252 5741.522
54 6494.712 6283.121
56 5511.224 5401.042
57 5796.852 5665.483
61 5842.3 5722.145
66 5933.131 5813.011
67 5975.491 5869.393
71 5746.834 5601.814
74 6074.774 5895.091
75 5967.924 5902.495
77 5869.112 5753.319
78 6321.699 6065.667
84 5804.198 5696.301
85 5820.3 5685.133
89 6133.907 5993.437
95 5906.685 5788.638
105 6172.176 5969.129
112 6083.817 5945.658
113 5763.641 5626.576
118 5709.414 5590.414
119 5830.755 5666.554
120 5879.687 5698.923
122 6251.922 6112.525
127 5866.107 5723.178
135 5938.327 5767.256
136 6107.776 5920.646
137 5750.965 5629.824
138 6084.007 5929.371
141 6083.756 5945.534
144 6599.747 6281.503
149 5525.967 5452.392
151 5872.451 5744.457
158 5994.17 5865.457
159 6287.007 6182.54
161 6042.69 5824.025
163 6399.515 6145.3
167 6145.506 6013.921
168 6118.255 5922.358
177 6278.614 6124.07
181 5878.382 5702.405
185 5937.49 5792.778
186 5776.137 5605.299
193 6342.541 6199.984
194 5964.816 5873.922
199 5902.44 5686.163
203 6238.725 6125.326
207 5800.039 5633.679
208 6146.416 5911.876
209 6140.064 5960.926
210 6248.535 6008.729
211 5807.542 5675.778
213 5609.119 5501.636
220 6059.269 5872.711
222 6263.328 6154.923
225 5907.031 5774.069
230 6336.606 6105.548
232 5811.056 5672.364
233 6202.186 6034.589
234 6012.846 5867.972
240 5961.493 5828.349
241 6532.464 6247.332
251 6158.949 6037.292
255 5847.668 5705.44
266 5963.902 5807.988
267 5901.596 5771.913
276 5805.072 5690.695
281 5900.286 5745.3
284 5795.809 5586.671
290 6458.116 6262.419
293 6420.065 6230.7
294 5511.34 5442.237
295 5895.127 5759.373
296 6336.597 6139.112
502 6165.939 6032.377
503 6018.78 5800.414
504 5793.89 5654.418
506 5752.428 5642.025
507 5885.129 5735.915
509 6108.177 5902.945
510 5676.775 5600.445
511 6095.195 5893.388
522 6227.932 5972.975
523 5868.63 5721.499
525 6112.116 5978.039
565 5871.145 5694.578
569 6105.724 5902.295
573 5947.655 5777.931
574 5899.142 5728.814
