3 5701.744 5565.459
18 5737.95 5563.843
19 6030.314 5849.391
23 6115.549 5943.857
27 5875.875 5715.311
31 6078.712 5885.474
33 6294.499 6116.592
35 5932.6 5820.855
37 6140.564 5993.669
39 5953.08 5844.794
40 6143.503 5996.982
46 5692.983 5592.185
48 5882.235 5774.505
54 6527.695 6316.104
56 5544.207 5434.025
57 5829.835 5698.466
61 5875.283 5755.128
66 5966.114 5845.994
67 6008.474 5902.376
71 5779.817 5634.797
74 6107.757 5928.074
75 6000.907 5935.478
77 5902.096 5786.302
78 6354.682 6098.65
84 5837.181 5729.285
85 5853.283 5718.117
89 6166.89 6026.42
95 5939.668 5821.621
105 6205.159 6002.113
112 6116.8 5978.642
113 5796.625 5659.559
118 5742.397 5623.397
119 5863.738 5699.538
120 5912.67 5731.907
122 6284.905 6145.508
127 5899.09 5756.161
135 5971.31 5800.239
136 6140.759 5953.629
137 5783.949 5662.807
138 6116.99 5962.354
141 6116.739 5978.517
144 6632.731 6314.486
149 5558.95 5485.375
151 5905.434 5777.44
158 6027.153 5898.441
159 6319.99 6215.524
161 6075.673 5857.008
163 6432.498 6178.283
167 6178.489 6046.905
168 6151.239 5955.341
177 6311.597 6157.053
181 5911.365 5735.388
185 5970.473 5825.761
186 5809.12 5638.283
193 6375.524 6232.967
194 5997.8 5906.905
199 5935.424 5719.146
203 6271.708 6158.31
207 5833.022 5666.662
208 6179.399 5944.859
209 6173.047 5993.909
210 6281.518 6041.713
211 5840.525 5708.761
213 5642.102 5534.619
220 6092.252 5905.694
222 6296.311 6187.906
225 5940.014 5807.052
230 6369.589 6138.531
232 5844.039 5705.347
233 6235.169 6067.572
234 6045.829 5900.955
240 5994.476 5861.332
241 6565.447 6280.316
251 6191.932 6070.275
255 5880.651 5738.423
266 5996.885 5840.971
267 5934.579 5804.896
276 5838.055 5723.678
281 5933.27 5778.283
284 5828.792 5619.655
290 6491.099 6295.402
293 6453.048 6263.683
294 5544.323 5475.22
295 5928.11 5792.357
296 6369.58 6172.095
502 6198.923 6065.361
503 6051.763 5833.398
504 5826.873 5687.401
506 5785.411 5675.008
507 5918.112 5768.898
509 6141.161 5935.928
510 5709.759 5633.429
511 6128.178 5926.371
522 6260.915 6005.958
523 5901.614 5754.483
525 6145.099 6011.023
565 5904.128 5727.561
569 6138.707 5935.278
573 5980.639 5810.914
574 5932.125 5761.797
