3 0.755
18 0.755
19 0.725
23 0.725
27 0.74
31 0.725
33 0.705
35 0.73
37 0.72
39 0.73
40 0.725
46 0.79
48 0.73
54 0.69
56 0.785
57 0.765
61 0.75
66 0.745
67 0.695
71 0.745
74 0.72
75 0.71
77 0.715
78 0.71
84 0.73
85 0.735
89 0.73
95 0.73
105 0.715
112 0.71
113 0.775
118 0.73
119 0.755
120 0.755
122 0.7
127 0.725
135 0.745
136 0.735
137 0.75
138 0.69
141 0.685
144 0.695
149 0.785
151 0.745
158 0.73
159 0.69
161 0.735
163 0.675
167 0.72
168 0.715
177 0.67
181 0.745
185 0.71
186 0.75
193 0.685
194 0.71
199 0.73
203 0.675
207 0.77
208 0.73
209 0.72
210 0.705
211 0.735
213 0.76
220 0.71
222 0.67
225 0.735
230 0.7
232 0.765
233 0.72
234 0.705
240 0.72
241 0.695
251 0.69
255 0.765
266 0.745
267 0.74
276 0.725
281 0.725
284 0.76
290 0.685
293 0.685
294 0.76
295 0.74
296 0.695
502 0.7
503 0.715
504 0.755
506 0.745
507 0.705
509 0.725
510 0.765
511 0.7
522 0.71
523 0.745
525 0.705
565 0.75
569 0.725
573 0.76
574 0.735
