3 1000 1000
18 1000 1000
19 1000 1000
23 1000 1000
27 1000 1000
31 1000 1000
33 1000 1000
35 1000 1000
37 1000 1000
39 1000 1000
40 1000 1000
46 1000 1000
48 1000 1000
54 1000 1000
56 1000 1000
57 1000 1000
61 1000 1000
66 1000 1000
67 1000 1000
71 1000 1000
74 1000 1000
75 1000 1000
77 1000 1000
78 1000 1000
84 1000 1000
85 1000 1000
89 1000 1000
95 1000 1000
105 1000 1000
112 1000 1000
113 1000 1000
118 1000 1000
119 1000 1000
120 1000 1000
122 1000 1000
127 1000 1000
135 1000 1000
136 1000 1000
137 1000 1000
138 1000 1000
141 1000 1000
144 1000 1000
149 1000 1000
151 1000 1000
158 1000 1000
159 1000 1000
161 1000 1000
163 1000 1000
167 1000 1000
168 1000 1000
177 1000 1000
181 1000 1000
185 1000 1000
186 1000 1000
193 1000 1000
194 1000 1000
199 1000 1000
203 1000 1000
207 1000 1000
208 1000 1000
209 1000 1000
210 1000 1000
211 1000 1000
213 1000 1000
220 1000 1000
222 1000 1000
225 1000 1000
230 1000 1000
232 1000 1000
233 1000 1000
234 1000 1000
240 1000 1000
241 1000 1000
251 1000 1000
255 1000 1000
266 1000 1000
267 1000 1000
276 1000 1000
281 1000 1000
284 1000 1000
290 1000 1000
293 1000 1000
294 1000 1000
295 1000 1000
296 1000 1000
502 1000 1000
503 1000 1000
504 1000 1000
506 1000 1000
507 1000 1000
509 1000 1000
510 1000 1000
511 1000 1000
522 1000 1000
523 1000 1000
525 1000 1000
565 1000 1000
569 1000 1000
573 1000 1000
574 1000 1000
