3 -2824.381 -2756.238
18 -2842.483 -2755.43
19 -2988.665 -2898.204
23 -3031.283 -2945.437
27 -2911.446 -2831.164
31 -3012.864 -2916.246
33 -3120.758 -3031.805
35 -2939.808 -2883.936
37 -3043.791 -2970.343
39 -2950.048 -2895.906
40 -3045.26 -2971.999
46 -2820 -2769.601
48 -2914.626 -2860.761
54 -3237.356 -3131.56
56 -2745.612 -2690.521
57 -2888.426 -2822.741
61 -2911.15 -2851.072
66 -2956.565 -2896.505
67 -2977.746 -2924.696
71 -2863.417 -2790.907
74 -3027.387 -2937.546
75 -2973.962 -2941.247
77 -2924.556 -2866.66
78 -3150.849 -3022.834
84 -2892.099 -2838.151
85 -2900.15 -2832.567
89 -3056.953 -2986.718
95 -2943.342 -2884.319
105 -3076.088 -2974.565
112 -3031.909 -2962.829
113 -2871.821 -2803.288
118 -2844.707 -2785.207
119 -2905.377 -2823.277
120 -2929.843 -2839.462
122 -3115.961 -3046.262
127 -2923.054 -2851.589
135 -2959.163 -2873.628
136 -3043.888 -2950.323
137 -2865.483 -2804.912
138 -3032.004 -2954.685
141 -3031.878 -2962.767
144 -3289.874 -3130.751
149 -2752.984 -2716.196
151 -2926.225 -2862.228
158 -2987.085 -2922.729
159 -3133.504 -3081.27
161 -3011.345 -2902.013
163 -3189.758 -3062.65
167 -3062.753 -2996.961
168 -3049.128 -2951.179
177 -3129.307 -3052.035
181 -2929.191 -2841.202
185 -2958.745 -2886.389
186 -2878.069 -2792.65
193 -3161.27 -3089.992
194 -2972.408 -2926.961
199 -2941.22 -2833.082
203 -3109.363 -3052.663
207 -2890.019 -2806.839
208 -3063.208 -2945.938
209 -3060.032 -2970.463
210 -3114.267 -2994.365
211 -2893.771 -2827.889
213 -2794.559 -2740.818
220 -3019.634 -2926.356
222 -3121.664 -3067.461
225 -2943.515 -2877.034
230 -3158.303 -3042.774
232 -2895.528 -2826.182
233 -3091.093 -3007.294
234 -2996.423 -2923.986
240 -2970.746 -2904.174
241 -3256.232 -3113.666
251 -3069.475 -3008.646
255 -2913.834 -2842.72
266 -2971.951 -2893.994
267 -2940.798 -2875.956
276 -2892.536 -2835.348
281 -2940.143 -2862.65
284 -2887.905 -2783.336
290 -3219.058 -3121.209
293 -3200.032 -3105.35
294 -2745.67 -2711.118
295 -2937.563 -2869.687
296 -3158.298 -3059.556
502 -3072.97 -3006.189
503 -2999.39 -2890.207
504 -2886.945 -2817.209
506 -2866.214 -2811.012
507 -2932.565 -2857.958
509 -3044.089 -2941.472
510 -2828.388 -2790.223
511 -3037.598 -2936.694
522 -3103.966 -2976.487
523 -2924.315 -2850.75
525 -3046.058 -2979.02
565 -2925.572 -2837.289
569 -3042.862 -2941.148
573 -2963.828 -2878.966
574 -2939.571 -2854.407
