3 4.997406 5.07819
18 5.094537 4.720288
19 8.516599 8.32812
23 8.633986 8.390836
27 7.692402 7.388342
31 8.513268 8.770515
33 8.800139 8.592122
35 8.0741 8.032182
37 8.792175 8.86745
39 7.893968 7.770859
40 8.076947 7.966944
46 7.818754 7.78462
48 8.075921 7.8875
54 9.153652 9.075738
56 7.382302 7.316059
57 8.064277 8.330203
61 7.5807 7.676816
66 8.198907 8.196766
67 9.028873 8.941794
71 7.765413 7.607335
74 8.419885 8.336958
75 8.365195 8.399277
77 7.636407 7.483999
78 8.847083 8.803625
84 7.907641 7.89395
85 8.371064 8.419688
89 8.756328 8.730108
95 7.609791 7.646215
105 8.545164 8.590943
112 9.147531 8.865784
113 7.939876 7.790075
118 8.276284 7.997579
119 7.850289 7.748531
120 7.652205 7.585124
122 9.167922 9.05809
127 7.723256 7.666718
135 9.05113 8.958486
136 7.800478 7.937464
137 7.454625 7.325951
138 8.80682 8.694111
141 8.437863 8.632378
144 8.805078 8.684065
149 8.057269 7.891407
151 8.011498 7.879283
158 8.289788 8.406008
159 9.392613 9.148281
161 8.484884 8.600799
163 8.602445 8.684309
167 8.27083 8.349545
168 7.897297 7.902749
177 8.450391 8.360778
181 7.852647 7.731128
185 8.478246 8.333026
186 7.786918 7.884423
193 9.081848 8.883582
194 8.702691 8.527553
199 8.687321 8.440999
203 8.960781 8.855747
207 7.915021 7.704766
208 8.236454 8.263468
209 8.253919 8.101298
210 8.468395 8.360038
211 7.93993 7.915855
213 8.278909 8.203927
220 8.314007 8.307516
222 9.076703 9.04568
225 8.19221 8.099841
230 8.40371 8.433701
232 8.131817 7.867965
233 8.142002 8.160354
234 8.628286 8.679809
240 7.969001 7.910466
241 8.66877 8.666855
251 9.47475 9.285007
255 7.825334 7.615344
266 8.219052 8.181992
267 7.863116 7.789283
276 8.521519 8.495839
281 7.921588 7.95889
284 7.747577 7.838345
290 8.743679 8.779623
293 8.932629 8.673464
294 7.531978 7.465499
295 8.030901 8.036058
296 8.773288 8.920553
502 8.546361 8.742964
503 8.084316 8.096724
504 7.654839 7.527933
506 8.052134 8.134288
507 8.323702 8.291768
509 8.435363 8.300977
510 7.578361 7.747861
511 8.603959 8.686013
522 8.686775 8.45739
523 7.792925 7.726807
525 8.835747 8.58963
565 7.864725 8.073722
569 8.388919 8.424342
573 8.26248 8.241005
574 7.935657 7.899968
