3 0.2363852 0.24055
18 0.2422773 0.2246401
19 0.4950818 0.4858795
23 0.4999481 0.4896618
27 0.4517582 0.4371549
31 0.7271451 0.7619981
33 0.5179836 0.5089172
35 0.4770182 0.4744142
37 0.5531588 0.553775
39 0.4729155 0.4672062
40 0.4778329 0.4740493
46 0.4594365 0.4577617
48 0.4795285 0.4714152
54 0.5358395 0.5324874
56 0.4378587 0.4342007
57 0.475113 0.4854158
61 0.4534449 0.4573256
66 0.4799008 0.4814135
67 0.5219627 0.5186057
71 0.4654023 0.458429
74 0.4953906 0.4909471
75 0.4897062 0.4934405
77 0.4546676 0.4475938
78 0.5162274 0.5139892
84 0.4651543 0.4647546
85 0.4841744 0.4867398
89 0.5075731 0.5055993
95 0.4594117 0.4615344
105 0.4993928 0.5016877
112 0.5179981 0.5056526
113 0.4600084 0.4540707
118 0.485179 0.474635
119 0.4654897 0.4611223
120 0.4493481 0.4455645
122 0.5291551 0.5239112
127 0.4568307 0.4527639
135 0.5164808 0.5136585
136 0.4665891 0.472534
137 0.4476765 0.4419698
138 0.5169826 0.5122635
141 0.4890933 0.4971344
144 0.531313 0.525436
149 0.4681535 0.4614066
151 0.4672918 0.4618917
158 0.4846124 0.4902671
159 0.5384869 0.5273741
161 0.4949554 0.500388
163 0.5065091 0.5095916
167 0.4831989 0.4865338
168 0.4721924 0.470371
177 0.510179 0.505738
181 0.4600507 0.4546368
185 0.4930089 0.4870451
186 0.4604652 0.4639027
193 0.5284598 0.5202669
194 0.5104781 0.5033371
199 0.5011363 0.4896249
203 0.5195671 0.5147229
207 0.4644351 0.4532559
208 0.4853803 0.4863458
209 0.4829793 0.4771948
210 0.4947799 0.489717
211 0.4643869 0.4631617
213 0.4732307 0.4710098
220 0.4910919 0.4890603
222 0.5325307 0.5321261
225 0.4793695 0.4747922
230 0.5029311 0.5037179
232 0.476159 0.4634209
233 0.4884517 0.488754
234 0.495228 0.4973194
240 0.4691045 0.4680395
241 0.5126179 0.5115335
251 0.5411475 0.5333113
255 0.465117 0.4554905
266 0.4826732 0.4816454
267 0.4675865 0.4642583
276 0.4919784 0.4916528
281 0.4651326 0.4662527
284 0.4565389 0.4599377
290 0.524561 0.5253849
293 0.5254564 0.5156268
294 0.4428615 0.4403268
295 0.4715218 0.4720785
296 0.5183365 0.5247497
502 0.5054242 0.5134509
503 0.4811922 0.4806053
504 0.4543996 0.4498031
506 0.4672695 0.4691322
507 0.4849391 0.4831572
509 0.4976835 0.4907537
510 0.4469387 0.4540365
511 0.5026721 0.5073427
522 0.5099514 0.498892
523 0.4638715 0.459677
525 0.5091023 0.4988677
565 0.4656203 0.4751509
569 0.4931741 0.4947377
573 0.4837492 0.4807419
574 0.4710942 0.4688426
