3 0.1993357 0.03657199 0.008545982 0.3562225 0.1171736 0.2274848 0.1224341 0.01640899 0.02172606
18 0.2078517 0.03514969 0.008463697 0.3890055 0.1114928 0.2296167 0.1188261 0.01737018 0.02280169
19 NaN NaN 0.002838484 0.7216682 0.1459943 0.2439248 0.1134063 0.01707406 0.02285364
23 0.1358456 NaN 0.006834435 0.7163823 0.1934221 0.2536283 0.1142305 0.01730266 0.023316
27 NaN NaN NaN 0.6817799 0.2368078 0.2532818 0.113414 0.01742782 0.02355532
31 0.07173694 NaN 0.003641355 0.8542981 0.1668584 0.2690247 0.1107071 0.01652281 0.02291615
33 0.2275173 0.04288743 0.009707387 0.293884 0.1227116 0.2587653 0.1057997 0.01566855 0.02167483
35 NaN NaN 0.005227817 0.6278942 0.1709875 0.2675192 0.1146005 0.01714373 0.02359999
37 NaN NaN NaN 0.9489229 0.3169993 0.3188777 0.1174093 0.01941375 0.0276006
39 NaN NaN 0.003825213 0.4137663 0.1449373 0.2494908 0.1115823 0.01682748 0.02281491
40 NaN NaN NaN 0.4924024 0.1541423 0.2409981 0.1068982 0.01604601 0.02157375
46 0.4140398 NaN 0.005322481 1.807177 0.2695966 0.2551505 0.1117012 0.01725128 0.02328584
48 NaN NaN 0.005732054 0.3811299 0.1534094 0.2314706 0.1074045 0.01616303 0.02145244
54 0.4104936 0.06559148 0.01267253 0.4521848 0.1440231 0.2655648 0.1080392 0.01607723 0.02219417
56 NaN NaN NaN 0.6018932 0.1863268 0.2437706 0.1127848 0.01756875 0.02338987
57 0.4644947 0.01338417 0.007850874 1.768915 0.2831199 0.3311827 0.1337001 0.01934068 0.02851142
61 0.4726848 0.07860046 0.01563844 0.4942661 0.1508583 0.2498361 0.1196196 0.01643639 0.02248143
66 0.2776554 0.006984379 0.007458203 1.104888 0.1714802 0.224653 0.108908 0.01609262 0.02104945
67 0.2308323 0.009796086 0.007141628 0.8838404 0.2188765 0.2429138 0.1162463 0.0177585 0.02341426
71 NaN NaN NaN 0.3674184 0.1461198 0.23737 0.1152326 0.01629772 0.02185674
74 NaN NaN NaN 0.8659171 0.1804838 0.2253094 0.1084247 0.0156408 0.02067286
75 0.1302741 NaN 0.006948181 0.6202623 0.1564222 0.2659775 0.1078445 0.01711997 0.02339635
77 NaN NaN NaN 0.5887804 0.1673988 0.2315966 0.1080658 0.01639941 0.02183712
78 0.2186717 0.03930933 0.009656691 0.3704888 0.1338252 0.2667095 0.111992 0.01568933 0.02208619
84 0.235496 0.01006132 0.007604392 0.8099591 0.2437585 0.2490783 0.1086409 0.01728789 0.0231696
85 NaN NaN NaN 0.4281746 0.151554 0.2243071 0.1140769 0.0160206 0.02112267
89 NaN NaN 0.003627675 0.6189473 0.1497743 0.2742166 0.1124325 0.01699381 0.02343438
95 1.052201 0.1820775 0.03164053 0.560902 0.1411663 0.2318868 0.1105373 0.01594833 0.02143548
105 NaN NaN 0.001813017 0.5327305 0.1459669 0.2583319 0.1086995 0.01660673 0.02259044
112 NaN NaN 0.004967902 0.5220578 0.1541866 0.2701781 0.109066 0.01667591 0.02292244
113 NaN NaN NaN 0.4556524 0.1767369 0.2525902 0.1095912 0.0173255 0.02347507
118 0.1705134 NaN 0.006616028 0.6877876 0.1948107 0.2365621 0.1143293 0.01769979 0.02328882
119 NaN NaN NaN 0.3988718 0.1559235 0.2246672 0.1113083 0.01587577 0.02104218
120 NaN 0.04580608 0.01106134 NaN NaN 0.2625556 0.1157347 0.01611526 0.02209186
122 0.3307534 0.008262212 0.007348608 1.355947 0.2114056 0.2648599 0.1078205 0.01723955 0.02338036
127 NaN NaN NaN 0.386887 0.1368498 0.2503967 0.1116468 0.01671117 0.02277311
135 0.4642916 0.01313569 0.007788095 1.875815 0.2610722 0.2690728 0.1130672 0.01732005 0.02366418
136 0.3060757 0.05029894 0.01083525 0.4300832 0.1231453 0.2579427 0.107061 0.01630307 0.02237938
137 0.4257918 0.07411307 0.01396371 0.3587903 0.1491429 0.2284397 0.1167325 0.01558744 0.02090764
138 0.2046945 0.007640262 0.007070897 0.7949605 0.1836227 0.2396282 0.111808 0.01681708 0.02239072
141 NaN NaN 0.002882062 0.5035898 0.164265 0.2475634 0.109418 0.01623271 0.02194365
144 0.1856284 0.04138276 0.009630377 0.2372325 0.1387302 0.2751866 0.1071291 0.01556352 0.02210509
149 1.261825 0.02097081 0.007209481 5.899533 0.959222 0.3011697 0.118844 0.02058546 0.02860256
151 0.5499478 0.0900883 0.0168834 0.5172655 0.139878 0.2314103 0.108654 0.01580276 0.02111431
158 NaN NaN NaN 0.6343676 0.1465344 0.2452702 0.1082108 0.01646661 0.0220304
159 NaN NaN NaN 1.47367 0.2929798 0.2655309 0.1090699 0.01757721 0.02379812
161 NaN NaN NaN 0.580451 0.140442 0.2643421 0.1115701 0.01697151 0.02330685
163 NaN NaN 0.005568341 0.3883122 0.1708762 0.2518704 0.1067518 0.01639878 0.02228246
167 NaN NaN NaN 0.5769019 0.1484437 0.2743934 0.1077093 0.01695669 0.02346092
168 NaN NaN 0.006235877 0.542119 0.1610155 0.2178834 0.1077582 0.01562452 0.02044244
177 NaN NaN NaN 0.3489952 0.1364575 0.2514935 0.1116862 0.0166047 0.02255135
181 0.3131362 0.04899808 0.01121302 0.466166 0.1295019 0.2463811 0.1133748 0.01682396 0.02268055
185 0.2557823 NaN 0.007364676 0.9759951 0.2275534 0.2303864 0.110507 0.01699516 0.02225428
186 0.1539725 NaN NaN 1.033079 0.2475583 0.2733454 0.1131803 0.01798851 0.02467579
193 NaN NaN NaN 0.5062986 0.141001 0.2775293 0.1085045 0.01673823 0.02326756
194 0.1934846 NaN 0.006901428 0.8638723 0.1677792 0.2402181 0.1143896 0.01666508 0.02231985
199 0.2062656 NaN 0.004993439 1.074842 0.1820392 0.2761991 0.1105322 0.01829263 0.0249809
203 0.3295561 NaN 0.007220144 1.342695 0.207439 0.2883332 0.1104434 0.01817435 0.02516239
207 NaN NaN 0.006412792 NaN 0.2181704 0.2762378 0.1175366 0.01865526 0.02562732
208 NaN NaN NaN 0.4733667 0.1496051 0.256259 0.1075831 0.01592981 0.02192384
209 NaN NaN 0.002447246 0.6522829 0.1462512 0.266888 0.1112589 0.01729264 0.02362604
210 NaN NaN 0.002119762 0.8080577 0.1505576 0.2497463 0.1073534 0.01640871 0.02223772
211 NaN NaN 0.005323923 0.5945535 0.1612582 0.253054 0.1094411 0.01692235 0.02297396
213 0.6893769 0.004655571 0.007950404 2.620914 0.507417 0.2731941 0.1186621 0.01984857 0.02693167
220 NaN NaN 0.005401315 0.6362928 0.1451938 0.2645436 0.1090946 0.01707811 0.02343457
222 0.2016722 NaN 0.006397252 0.9451153 0.16559 0.2877182 0.1131738 0.0183202 0.02536538
225 NaN NaN 0.004401974 0.6460183 0.1516242 0.2831331 0.1129149 0.01754702 0.02439965
230 1.012058 0.1566894 0.02943507 0.5437799 0.1362942 0.2789973 0.1097678 0.01686447 0.02361496
232 0.5293336 NaN 0.005796727 2.322914 0.4441977 0.2656626 0.1104496 0.01861441 0.02523738
233 NaN NaN 0.005319876 0.453257 0.1476056 0.2546601 0.1139312 0.01688358 0.02284408
234 NaN NaN NaN 0.52408 0.1512992 0.2505903 0.1115645 0.01664303 0.02240925
240 NaN NaN NaN NaN 0.1076581 0.2498587 0.1085282 0.01620053 0.02204001
241 0.3422992 0.05506783 0.01157113 0.4675762 0.1436615 0.2679414 0.109659 0.01593274 0.02218213
251 NaN NaN 0.006911554 0.562148 0.1858135 0.2309838 0.1133372 0.01673196 0.0217766
255 0.2381786 0.009081878 0.007472623 0.8557009 0.211955 0.2418734 0.1085202 0.01697377 0.02262964
266 0.422504 0.06830652 0.01284197 0.4079746 0.1332611 0.2510083 0.1090459 0.01619433 0.02202872
267 0.385422 0.06337046 0.01295089 0.3604881 0.1292616 0.2579769 0.1151167 0.01686467 0.02314296
276 0.06743355 NaN 0.006767243 0.5206674 0.1968588 0.2242511 0.1136959 0.0160272 0.02106475
281 NaN NaN 0.004998507 0.5360567 0.1436114 0.2353869 0.1095749 0.01668097 0.02212374
284 0.261388 NaN 0.00607518 1.102341 0.279641 0.2502043 0.1157765 0.01738421 0.0233889
290 0.2453969 0.04297464 0.00999869 0.3241409 0.1307382 0.25287 0.1060946 0.01572924 0.02156094
293 NaN NaN 0.004563619 0.5117422 0.1553931 0.2534044 0.1089854 0.01597377 0.02176815
294 0.2152184 0.007570461 0.007343925 0.76181 0.2550308 0.2248317 0.1103261 0.01680632 0.02201564
295 0.1139003 NaN 0.00603859 0.7368831 0.1687157 0.2358226 0.1088757 0.01618156 0.02158907
296 0.2097401 NaN 0.006777754 0.9827714 0.2009285 0.28293 0.1151698 0.01780197 0.02475179
502 0.1621913 0.01128632 0.007580944 0.6715349 0.2016522 0.2287963 0.1097428 0.01631824 0.02143175
503 NaN NaN NaN 0.4423342 0.1324747 0.2546033 0.1129133 0.0170444 0.02313932
504 NaN NaN 0.001701637 0.5273716 0.1535874 0.2429273 0.111819 0.01661562 0.02228563
506 0.1752012 NaN 0.006395818 0.8109157 0.3459246 0.2647877 0.1142259 0.01799265 0.02447827
507 NaN NaN NaN NaN 0.1243728 0.2318933 0.1081463 0.01607271 0.02144333
509 0.4377821 0.07038636 0.01391116 0.4491976 0.1362126 0.260654 0.1175801 0.01678402 0.02299917
510 0.1856762 NaN NaN 0.7244294 0.2982119 0.2972847 0.1199082 0.01899278 0.02682705
511 NaN NaN 0.00431097 0.7803117 0.139927 0.2571183 0.1138968 0.01684181 0.02297855
522 NaN NaN NaN 0.4315767 0.1341981 0.2626462 0.11396 0.01709039 0.0233463
523 NaN NaN 0.00519789 0.671704 0.1844753 0.2508759 0.111967 0.01687426 0.02297326
525 NaN NaN NaN 0.6763546 0.1494658 0.2506421 0.1083099 0.01608284 0.02174234
565 0.5662658 0.0959538 0.01733208 0.4654368 0.1462664 0.2752036 0.1173465 0.01667213 0.02341358
569 NaN NaN 0.005371656 0.547319 0.1623326 0.255979 0.109891 0.0165036 0.02251523
573 0.2773366 NaN 0.003840767 1.27728 0.1604325 0.2387594 0.1118376 0.016587 0.0220671
574 0.5925936 0.09477433 0.01808308 0.3636809 0.1406878 0.270696 0.1134444 0.01666604 0.02334492
