3 27.49672 2.263327 -0.5226381 3.088076 2.467039 -2.900538 -1.647968 -0.07696155 0.2429648
18 27.00683 2.228438 -0.5090618 2.955669 2.480865 -2.90973 -1.531291 -0.08955112 0.2538992
19 27.21331 2.149047 -0.5029379 2.940692 3.960022 -3.283568 -1.294806 -0.0952285 0.2569165
23 27.31993 2.112029 -0.4889379 3.24676 3.228197 -3.436628 -1.236695 -0.09419675 0.2603988
27 26.84727 2.058011 -0.4984211 3.101669 2.718879 -3.505213 -1.08447 -0.09696953 0.2693719
31 27.64342 2.244121 -0.515175 3.287539 4.291871 -3.85196 -0.7156859 -0.108566 0.2769728
33 27.53212 2.261676 -0.5374404 3.207052 1.905692 -3.895848 -0.4103945 -0.09380888 0.2572415
35 27.28177 2.069719 -0.5011407 3.160876 3.059437 -3.673057 -1.174297 -0.09069288 0.267622
37 27.11908 2.059858 -0.4727619 3.405801 5.855151 -4.561702 -1.126693 -0.1450408 0.3426832
39 27.0427 2.139311 -0.5095458 3.082869 2.261715 -3.50671 -1.00302 -0.09086501 0.2601274
40 26.94739 2.150284 -0.5112432 3.276577 2.417497 -3.554882 -0.4793581 -0.07674689 0.2371779
46 26.94581 2.053912 -0.4883369 3.14584 5.057904 -3.661056 -0.4617195 -0.09246751 0.2617305
48 27.39744 2.187008 -0.5111915 3.161854 2.002161 -3.318848 -0.6175839 -0.09137345 0.2458077
54 27.73291 2.210432 -0.5094126 3.548289 2.696761 -4.012114 -0.6303346 -0.08714444 0.256105
56 26.8557 2.128371 -0.5046525 2.855166 2.781499 -3.418334 -0.7803573 -0.09685143 0.267398
57 27.13214 2.217154 -0.4997117 3.200623 5.021309 -4.040693 -1.682357 -0.1074027 0.3080703
61 26.90523 2.194281 -0.5285669 3.2435 2.538953 -3.384651 -1.492684 -0.08418224 0.2620854
66 27.02562 2.23358 -0.5009935 3.311089 4.449785 -3.116734 -0.8172562 -0.088543 0.2382147
67 27.40035 2.196467 -0.4873436 2.879575 3.696554 -3.10521 -1.558407 -0.09404155 0.2499372
71 27.17752 2.215774 -0.5334473 3.023084 2.34126 -3.110767 -1.306058 -0.07778161 0.2418345
74 27.05517 2.18877 -0.5095515 3.381627 3.962234 -3.228536 -0.8490262 -0.09179025 0.2437454
75 27.41791 2.174015 -0.4963523 3.151097 3.083827 -4.020244 -0.2997578 -0.1164392 0.2845074
77 26.71405 2.069341 -0.5069994 3.144001 2.857881 -3.259144 -0.8142082 -0.0973882 0.2547738
78 27.6491 2.207818 -0.5403765 3.444592 2.508039 -3.938689 -1.046394 -0.09383308 0.2713508
84 27.13859 2.122516 -0.4904132 3.075392 2.909749 -3.6233 -0.5015815 -0.1084581 0.2715514
85 27.86628 2.264669 -0.5190179 3.287438 2.427186 -2.937772 -1.373551 -0.1050612 0.2571872
89 27.53768 2.179306 -0.5048845 3.218004 3.531607 -4.085278 -0.9030521 -0.09491082 0.2760075
95 26.91206 2.240016 -0.5325323 3.164416 2.694097 -3.180497 -1.026445 -0.08117876 0.2399506
105 27.39462 2.197092 -0.5045244 3.063374 2.811066 -3.73344 -0.6987215 -0.09467066 0.2588859
112 27.88292 2.174583 -0.5028044 3.01943 2.800293 -4.167233 -0.4965683 -0.1010177 0.2748152
113 26.90142 2.088455 -0.5020994 2.974213 3.879573 -3.669165 -0.5372577 -0.1072793 0.274405
118 26.9882 2.176659 -0.4964299 2.756736 2.767115 -3.166637 -1.282481 -0.1016253 0.2633352
119 27.42093 2.198661 -0.5204377 3.390013 2.276153 -2.974732 -1.045487 -0.08221904 0.2358811
120 26.39701 1.956169 -0.4796289 3.081246 4.833568 -4.119961 -0.9725907 -0.1030771 0.2968409
122 27.14685 2.195969 -0.4865096 3.135565 5.190275 -3.920549 -0.5153323 -0.1054144 0.2690636
127 27.17438 2.152571 -0.5219315 2.937767 2.452455 -3.465611 -1.007476 -0.09386728 0.2612705
135 27.38878 2.21461 -0.4934003 3.190535 5.68357 -3.867015 -0.7826595 -0.1097097 0.2822345
136 26.99542 2.162114 -0.5245093 3.04238 2.619729 -3.814661 -0.4091186 -0.08794413 0.2551045
137 27.00039 2.227527 -0.5375522 3.35458 2.002639 -2.970478 -1.405088 -0.06998631 0.2343814
138 27.27718 2.227672 -0.4946914 3.040734 3.497836 -3.227702 -1.219615 -0.09887104 0.2537471
141 27.79578 2.116781 -0.4988059 3.226265 2.567664 -3.551353 -0.9443576 -0.1034162 0.2633208
144 27.41393 2.256751 -0.5413077 3.592634 1.518205 -4.118738 -0.6645952 -0.08604985 0.2607421
149 26.41954 2.127518 -0.4868747 3.016311 7.379384 -4.069058 -0.7882884 -0.1203455 0.3102375
151 27.29406 2.171245 -0.5168966 3.244337 2.793536 -3.335671 -0.6180853 -0.08493024 0.24227
158 27.36337 2.176445 -0.5051731 3.018724 3.435529 -3.677525 -0.4807035 -0.08546784 0.2473607
159 27.24098 2.066885 -0.4737578 3.214375 4.326141 -3.849961 -0.8658006 -0.09963647 0.2651143
161 27.53377 2.216649 -0.5117097 2.944693 3.210829 -3.728372 -0.9372188 -0.09966994 0.268971
163 27.67926 2.16452 -0.5016381 3.338091 2.082932 -3.681232 -0.7501028 -0.1097027 0.2677218
167 27.11271 2.091375 -0.4982971 2.950651 3.009956 -4.07818 -0.5058541 -0.09759197 0.2704467
168 26.89317 2.218911 -0.5108681 3.268308 2.964156 -2.930444 -0.9780826 -0.08160943 0.2267186
177 27.01545 2.15068 -0.5058605 3.190968 2.20373 -3.544021 -1.292976 -0.09653354 0.2637927
181 27.28493 2.120939 -0.5160773 3.06447 2.585029 -3.325506 -1.178587 -0.09401356 0.2603874
185 27.14362 2.126458 -0.4899483 3.022283 3.940685 -3.09916 -1.148423 -0.1035813 0.2553932
186 27.00484 2.124196 -0.4950073 2.87361 3.829065 -3.829536 -0.8378764 -0.104278 0.2821277
193 27.59757 2.142281 -0.4954927 3.296655 3.009135 -4.166189 -0.6856894 -0.1088307 0.2831334
194 27.26939 2.250938 -0.5090272 3.259816 4.238156 -3.212052 -1.361795 -0.1045396 0.2636599
199 27.44527 2.120025 -0.4857767 2.97528 4.108026 -4.066272 -0.5319412 -0.1298764 0.3043783
203 27.13689 2.093778 -0.4812667 3.266106 4.452018 -4.159481 -0.88111 -0.1217566 0.2990359
207 25.89295 2.026354 -0.4842495 2.95363 8.430882 -3.916264 -1.009506 -0.1120311 0.3007977
208 27.23294 2.151377 -0.5204918 3.224987 2.572603 -3.750224 -0.5397874 -0.09278758 0.258039
209 27.1245 2.078558 -0.49884 3.089278 3.607226 -3.80502 -0.9531524 -0.09736617 0.2708753
210 26.92454 2.148123 -0.5103225 3.138087 3.759284 -3.625874 -0.6732313 -0.09142013 0.251806
211 27.11615 2.18324 -0.5177427 2.944426 3.148904 -3.650117 -0.6363841 -0.108546 0.274876
213 27.19076 2.131235 -0.4862728 3.125951 4.976797 -3.230719 -1.271404 -0.1054355 0.2715911
220 27.31073 2.175039 -0.5004796 3.002154 3.273902 -3.922778 -0.6208553 -0.1104359 0.280842
222 27.15147 2.161487 -0.4858081 3.130495 4.233971 -4.236095 -1.162664 -0.1223905 0.3065438
225 27.16827 2.160971 -0.5073441 2.994708 3.441329 -4.2135 -0.7565188 -0.1006668 0.2897873
230 27.37297 2.09282 -0.5111623 3.169955 2.702671 -4.215212 -0.8213763 -0.1008746 0.2828412
232 26.86199 2.078845 -0.47955 3.257052 4.344994 -3.731176 -0.4891825 -0.1153274 0.2840934
233 27.16298 2.136133 -0.4995674 3.208976 2.710336 -3.400737 -1.358809 -0.07578533 0.2436485
234 27.75916 2.143108 -0.5055887 3.01043 3.070724 -3.514048 -1.115322 -0.09433134 0.2575084
240 27.12996 2.152743 -0.5179889 2.968727 2.416234 -3.516124 -0.756177 -0.07832677 0.2420405
241 27.28091 2.164274 -0.5145714 3.334477 2.842868 -3.940009 -0.8773463 -0.07468074 0.2481269
251 27.97676 2.182854 -0.4805567 3.275153 2.692324 -3.141599 -1.446441 -0.09364721 0.2459764
255 26.73248 2.139248 -0.4995279 2.988586 3.459883 -3.450851 -0.5324831 -0.08524162 0.2467874
266 27.60646 2.244098 -0.5167382 3.174436 2.373905 -3.71453 -0.5396966 -0.0907697 0.2567288
267 27.07244 2.165579 -0.5229682 3.080255 2.079769 -3.57597 -1.26336 -0.0867945 0.2647056
276 27.7719 2.27872 -0.5182332 3.132504 2.432637 -2.937197 -1.359892 -0.08740318 0.2389092
281 27.34859 2.125269 -0.5063436 2.989479 2.889801 -3.241794 -0.9561944 -0.09352278 0.2500013
284 26.86712 2.117923 -0.4998977 2.945353 3.853465 -3.302758 -1.226872 -0.09228586 0.2602892
290 27.48269 2.160685 -0.5203814 3.324426 2.087473 -3.639979 -0.7369888 -0.07635862 0.2341664
293 27.1692 2.152008 -0.5049622 3.43312 3.04888 -3.682118 -0.9063164 -0.07706408 0.2427649
294 27.081 2.169348 -0.511487 2.94928 3.168377 -2.925794 -0.8778835 -0.09909181 0.2482578
295 27.08796 2.209155 -0.5141954 3.007477 3.850451 -3.373466 -0.7183494 -0.09165643 0.2493197
296 27.20142 2.136696 -0.4859501 3.322105 4.353292 -4.099164 -1.221232 -0.1109881 0.2945865
502 27.52072 2.270181 -0.5028849 3.332996 3.26064 -3.117315 -1.177195 -0.1007618 0.2493422
503 27.21996 2.171515 -0.5181799 2.885291 2.678222 -3.358295 -1.222408 -0.08382309 0.2493054
504 26.86463 2.185784 -0.517012 2.916831 2.810114 -3.374237 -0.9143165 -0.08058452 0.2470786
506 27.42253 2.084019 -0.4873287 3.028253 3.021904 -3.534043 -1.015611 -0.1029433 0.2722615
507 27.419 2.238417 -0.5299449 2.866414 3.010464 -3.236593 -0.8818876 -0.09828368 0.2505703
509 27.29953 2.136607 -0.5116999 3.303965 2.654134 -3.647977 -1.413372 -0.08156952 0.262831
510 26.04753 2.087769 -0.4783172 3.072384 7.558231 -4.295666 -0.9969725 -0.1295973 0.3310131
511 27.27813 2.258234 -0.5048945 3.066877 4.338515 -3.710905 -1.158928 -0.1122307 0.2837348
522 27.53629 2.176511 -0.5086649 3.069665 2.991289 -3.57903 -1.344156 -0.08522674 0.2552831
523 26.94745 2.155353 -0.5103373 3.189953 3.300821 -3.544042 -0.9260268 -0.1038533 0.2723353
525 27.26302 2.230043 -0.5102794 3.079473 3.541865 -3.646615 -0.653124 -0.07783998 0.2385965
565 27.53115 2.24575 -0.5350702 3.312733 2.494248 -3.938939 -1.113315 -0.09140728 0.2804839
569 27.35496 2.174342 -0.5070034 3.129081 2.829855 -3.768 -0.7883697 -0.09688076 0.26581
573 26.87514 2.142548 -0.4998328 3.108328 5.08454 -3.37747 -0.9319824 -0.08817374 0.2510038
574 27.23261 2.123148 -0.5263153 3.008606 1.869788 -3.780907 -1.072072 -0.09623539 0.276624
