3 27.60485 2.496316 -0.5409729 1.221211 0.812907 2 -2.860549 -1.580394 -0.07395574 0.2374378
18 27.11563 2.617972 -0.5350798 1.040603 1.089274 2 -3.087576 -1.55633 -0.104272 0.2731726
19 27.08569 2.41624 -0.5240392 1.171079 2.424992 2 -3.444864 -1.321269 -0.1029874 0.2696217
23 27.159 2.357553 -0.5059795 1.268365 2.23571 2 -3.629905 -1.262339 -0.101387 0.2736587
27 26.96956 2.37736 -0.5284992 1.147275 1.496626 2 -3.535215 -1.04059 -0.09852522 0.2699637
31 27.31651 2.436072 -0.5333099 1.259819 1.981088 2 -3.644936 -0.6922889 -0.09674811 0.2591465
33 27.52008 2.520455 -0.5589519 1.144985 0.9952228 2 -4.156624 -0.4432388 -0.1038123 0.2760483
35 27.34705 2.215694 -0.5195356 1.231825 1.364488 2 -3.622306 -1.186919 -0.08615724 0.2616995
37 27.85167 2.319724 -0.4984527 1.311377 1.187111 2 -4.055943 -1.083099 -0.1162135 0.2975855
39 26.91469 2.306828 -0.5273444 1.403483 1.640532 2.248491 -3.610652 -1.007587 -0.09292036 0.2653226
40 26.89957 2.306267 -0.5220507 1.295733 1.535605 2 -3.801083 -0.4971969 -0.09182922 0.2602646
46 26.75333 2.30638 -0.5106594 1.455847 3.205261 2.199493 -3.727259 -0.4220307 -0.09391639 0.2647238
48 27.43298 2.39545 -0.5270226 1.349586 1.450234 2.04257 -3.476789 -0.6429595 -0.09931548 0.2588414
54 27.56298 2.49265 -0.5353528 1.088565 1.347185 2 -4.1095 -0.6568604 -0.08794468 0.2609183
56 27.16983 2.33021 -0.5258215 1.206883 0.9606886 2 -3.471313 -0.7985285 -0.09719532 0.2697237
57 27.07605 2.36121 -0.5157302 1.458291 2.304458 2.273709 -3.975208 -1.644759 -0.1010847 0.2999726
61 26.92693 2.385753 -0.5426435 1.282179 0.963049 2 -3.273567 -1.485834 -0.08004178 0.2544226
66 26.65874 2.396523 -0.5126144 1.599725 3.634585 2.494119 -3.219229 -0.8541258 -0.09374873 0.2475552
67 27.25209 2.293953 -0.4978761 1.62706 3.332594 3.275447 -3.16759 -1.578309 -0.09588858 0.2543912
71 27.24179 2.388468 -0.5441607 1.018456 1.180155 2 -3.171717 -1.305091 -0.08212768 0.2477836
74 27.43205 2.37877 -0.5283613 1.19729 1.412757 2 -3.342915 -0.8305601 -0.09736069 0.2524638
75 27.25071 2.243295 -0.5043356 1.417673 2.052894 2.215398 -4.075244 -0.318457 -0.1172369 0.2875476
77 26.64983 2.287982 -0.5273175 1.383731 1.612237 2 -3.296753 -0.7926959 -0.098132 0.2559282
78 27.56738 2.459463 -0.557453 0.9255993 0.8281152 2 -3.803428 -1.037953 -0.08916917 0.2619208
84 27.08442 2.315562 -0.5044494 1.458868 1.968622 2.383524 -3.570058 -0.5400611 -0.10705 0.2687738
85 27.73279 2.524966 -0.5390533 1.278442 1.329401 2 -2.865942 -1.389967 -0.1012455 0.2513377
89 27.58499 2.372712 -0.5232414 1.194873 1.473388 2 -4.27371 -0.9597334 -0.1018699 0.2900934
95 26.92374 2.39244 -0.541098 1.200352 1.058036 2 -3.210038 -1.005199 -0.08451438 0.2438033
105 27.38568 2.319671 -0.5183308 1.040311 1.136659 2 -3.664352 -0.7554812 -0.08936229 0.2529791
112 27.89166 2.353607 -0.5157004 1.130122 1.536602 2 -4.50212 -0.4967852 -0.1172474 0.3007224
113 27.11969 2.328347 -0.5188548 1.126763 1.665707 2 -3.682358 -0.4854874 -0.1085671 0.2741952
118 26.96467 2.301129 -0.4994104 1.369648 2.418748 2.52682 -3.361763 -1.263719 -0.1158736 0.2820515
119 27.4376 2.449604 -0.5416544 1.166071 0.9355416 2 -2.939019 -1.015443 -0.08003641 0.2317112
120 26.39228 2.170514 -0.503744 1.201251 2.467339 2 -4.011463 -0.983579 -0.09854132 0.2889097
122 27.24288 2.405298 -0.503521 1.272871 2.691718 2 -3.980852 -0.528414 -0.1068178 0.2723794
127 27.02853 2.389725 -0.5465028 1.205285 1.427417 2 -3.488509 -1.004781 -0.09269444 0.2605988
135 27.17619 2.373104 -0.5029038 1.173167 3.132652 2 -3.869839 -0.7557324 -0.1098966 0.2818635
136 27.01077 2.382211 -0.5405116 1.003648 0.811977 2 -3.660146 -0.4167572 -0.08005592 0.2425876
137 26.97942 2.46255 -0.5592458 1.313679 1.159162 2 -3.04404 -1.361556 -0.07483288 0.2402698
138 27.05582 2.341743 -0.5047729 1.466532 2.710626 2.483537 -3.418121 -1.243357 -0.1118757 0.2727796
141 27.57524 2.284647 -0.5241017 1.472462 1.488275 2.320292 -3.484618 -0.930538 -0.09440177 0.2529612
144 27.49702 2.555741 -0.5703453 0.8434168 0.580234 2 -4.172946 -0.6345693 -0.08497843 0.2610825
149 26.51871 2.324428 -0.5009079 1.706215 4.768747 3.034876 -4.121098 -0.8406791 -0.1220499 0.3143465
151 27.1214 2.416671 -0.5369479 1.355227 1.638089 2 -3.474585 -0.636406 -0.09389133 0.2555944
158 27.11376 2.333819 -0.5213072 1.287412 2.347616 2.151001 -3.670444 -0.4827856 -0.08234676 0.2446625
159 27.30717 2.228802 -0.4849371 1.582837 3.202051 2.739133 -4.101912 -0.8769384 -0.1140882 0.2869162
161 27.49285 2.373618 -0.5258314 0.9102887 0.884652 2 -3.651801 -0.9591778 -0.09436247 0.2622456
163 27.64074 2.371751 -0.5213385 1.011225 0.7091451 2 -3.506181 -0.7179042 -0.0977324 0.2500814
167 26.94328 2.219422 -0.5160093 1.11705 1.625443 2 -4.105751 -0.4950525 -0.09541468 0.2695441
168 26.98223 2.481596 -0.5379764 1.213938 1.117276 2 -2.968712 -1.006923 -0.08191005 0.2290908
177 27.22339 2.28844 -0.5164474 1.21537 0.993567 2 -3.663477 -1.294123 -0.1063009 0.2768355
181 27.17123 2.339295 -0.5367658 1.091808 1.258122 2 -3.47017 -1.191666 -0.09967985 0.2710572
185 27.02256 2.348027 -0.5086661 1.435692 2.623801 2.425901 -3.160124 -1.191592 -0.1028204 0.2574784
186 27.18896 2.268375 -0.5150092 1.035637 1.202215 2 -3.712325 -0.8487748 -0.09413386 0.2695563
193 27.5049 2.448544 -0.5155281 1.175474 1.583725 2 -4.09759 -0.7098671 -0.1090651 0.2804158
194 27.15206 2.446524 -0.526144 1.483004 2.627507 2.274273 -3.253884 -1.311924 -0.1052933 0.2643482
199 27.46201 2.386127 -0.5129419 0.9471612 1.919197 2 -4.331196 -0.5457279 -0.1372756 0.3204086
203 27.18112 2.287714 -0.4941261 1.548934 2.831846 2.419954 -4.244229 -0.8956875 -0.1242213 0.3041507
207 26.50375 2.396817 -0.5161023 0.9362937 2.225444 2 -3.684618 -0.9637774 -0.1008212 0.2800796
208 27.33169 2.465906 -0.5497454 1.077166 0.9295205 2 -3.647159 -0.5686263 -0.08473682 0.2475576
209 27.0356 2.319856 -0.5161181 1.048014 1.800701 2 -3.807215 -0.9570335 -0.09797172 0.2708909
210 26.9547 2.384999 -0.5334747 1.154894 2.13405 2 -3.613578 -0.6203436 -0.08717705 0.2460334
211 27.01282 2.402142 -0.5340308 1.170329 1.571626 2 -3.627329 -0.6491985 -0.1066133 0.2725182
213 26.75535 2.254604 -0.4890447 1.439832 3.656653 2.261923 -3.274656 -1.310729 -0.1131726 0.2806555
220 27.36078 2.380045 -0.5224611 1.126529 1.341623 2 -3.952026 -0.6220049 -0.1091504 0.2808974
222 27.12191 2.261675 -0.4959438 1.276562 2.278642 2.120908 -4.485368 -1.180323 -0.1364155 0.3289005
225 27.12574 2.35756 -0.5286431 1.122306 1.739682 2 -4.268598 -0.7772762 -0.1003809 0.2916875
230 27.34168 2.37755 -0.5378954 1.058161 0.8909539 2 -4.035705 -0.7592497 -0.09113586 0.2660253
232 27.04374 2.34718 -0.4991412 1.240667 2.263468 2 -3.826589 -0.441859 -0.120817 0.2906612
233 27.24494 2.20907 -0.5041769 1.117946 0.9642369 2 -3.421625 -1.394833 -0.07897349 0.2481723
234 27.63185 2.326795 -0.5248472 1.352491 1.480066 2.291872 -3.467083 -1.11522 -0.08931888 0.2516082
240 26.91815 2.338631 -0.5293829 1.219618 1.780325 2 -3.725914 -0.7681751 -0.08961975 0.2604584
241 27.22367 2.43021 -0.5427689 0.9671471 1.092618 2 -3.827976 -0.9026211 -0.06876025 0.2389854
251 27.71816 2.331137 -0.492299 1.502771 2.179007 2.445362 -3.313494 -1.47444 -0.1023308 0.2602646
255 26.90601 2.396888 -0.5238813 1.304041 1.783038 2.044792 -3.565037 -0.5514291 -0.08946342 0.2547007
266 27.33423 2.439716 -0.5365178 1.165852 1.435541 2 -3.77533 -0.4898019 -0.08960209 0.2572054
267 26.99457 2.424245 -0.553969 1.178937 1.121207 2 -3.567372 -1.254003 -0.08426837 0.2616745
276 27.80182 2.480931 -0.5322305 1.503246 1.547556 2.531737 -2.968166 -1.346854 -0.08721784 0.2394422
281 27.35261 2.335676 -0.5202545 1.192855 1.267164 2 -3.171337 -0.9411231 -0.09056533 0.2442296
284 26.72412 2.360124 -0.5197171 1.093761 1.782949 2 -3.086557 -1.26338 -0.08113646 0.243191
290 27.46111 2.387153 -0.5385174 1.163534 1.001932 2 -3.472801 -0.6950134 -0.06802156 0.2195091
293 27.37152 2.355608 -0.5215581 1.081969 1.413602 2 -3.967576 -0.9182173 -0.09058685 0.2651355
294 27.3375 2.39912 -0.5286055 1.495415 1.461484 2.49658 -2.764994 -0.8645755 -0.08713633 0.2307288
295 26.88659 2.355434 -0.5281442 1.319232 2.300577 2.121407 -3.353272 -0.7687025 -0.09003398 0.2480632
296 27.11691 2.300688 -0.5040169 1.0681 1.631298 2 -3.882559 -1.183697 -0.09776685 0.2744665
502 27.33521 2.437212 -0.5201926 1.372414 1.265025 2 -2.939472 -1.18413 -0.08584548 0.2296575
503 27.19611 2.426201 -0.5395129 0.9516445 1.025404 2 -3.475962 -1.240583 -0.09082036 0.2604331
504 26.84685 2.321117 -0.5266803 1.096783 1.566572 2 -3.485134 -0.9080911 -0.08794274 0.2574513
506 27.53319 2.248649 -0.5076369 1.501814 1.343246 2.53053 -3.42255 -0.9867893 -0.0926561 0.2585496
507 27.3377 2.408619 -0.5431038 1.302184 1.968634 2.406017 -3.156495 -0.8837659 -0.0949294 0.2443497
509 27.32899 2.39793 -0.5368552 1.029793 0.9182123 2 -3.843773 -1.400654 -0.08920892 0.2763049
510 25.82296 2.157034 -0.4811787 1.717502 5.38004 3.126349 -4.226943 -1.038965 -0.1272678 0.3277478
511 26.85165 2.39294 -0.5182147 1.093741 2.282007 2 -3.674052 -1.115381 -0.1102397 0.2801483
522 27.33681 2.414245 -0.5322933 0.8995481 1.461011 2 -3.656829 -1.387964 -0.08694446 0.2599235
523 27.25062 2.299701 -0.5240655 1.224417 1.300089 2 -3.584038 -0.947631 -0.107176 0.2767212
525 27.26481 2.344816 -0.519256 1.418261 2.535658 2.479377 -3.84997 -0.662008 -0.08918742 0.2558987
565 27.45266 2.399647 -0.5573792 1.112457 0.9353125 2 -3.687688 -1.093123 -0.07655662 0.2577975
569 27.3189 2.339192 -0.5217982 1.121823 1.319654 2 -3.73691 -0.7734049 -0.09394576 0.2619154
573 26.62249 2.318658 -0.5159944 1.09167 2.006637 2 -3.334194 -0.8955875 -0.08399087 0.2449576
574 27.31084 2.309423 -0.5453067 1.002931 0.8020177 2 -3.866586 -1.058723 -0.09812608 0.2814647
