3 0.1461554 0.03668606 0.007810841 0.1252983 NaN 0.1067991 0.2270534 0.1211405 0.01637585 0.02159124
18 0.183187 0.03949369 0.007310333 0.1647931 NaN 0.2010938 0.2352615 0.1200232 0.0177301 0.02331083
19 NaN NaN 0.007825958 0.5485205 0.02212812 0.1483911 0.2511063 0.1144821 0.01707463 0.02310934
23 NaN NaN 0.008028549 NaN 0.01717856 0.05555811 0.2419377 0.1150838 0.01659686 0.02204827
27 0.2991296 0.0498903 0.008091219 0.3326769 0.04163179 0.1551627 0.2511706 0.1132143 0.0169934 0.02292271
31 0.4920417 0.07566593 0.009011779 0.5328385 0.04855813 0.1721629 0.2527974 0.1096606 0.01607316 0.02193555
33 0.1923417 0.04475526 0.008190817 0.1831244 NaN 0.1860569 0.2724636 0.1074493 0.01595498 0.02243447
35 0.2893962 0.04961749 0.008883451 0.2752022 0.03751356 0.1437548 0.2619925 0.1145499 0.01699593 0.02323838
37 0.3824454 0.07190744 0.00839454 0.2495371 0.04716026 0.1522094 0.275266 0.1140806 0.01782419 0.02442402
39 0.2787305 0.05145638 0.008929503 0.3678951 0.04511686 0.1708587 0.2547522 0.1121948 0.01674234 0.02284162
40 0.3480085 0.05909907 0.008903578 0.3767356 0.03983737 0.1431169 0.2530311 0.1083286 0.01652018 0.02244056
46 NaN 0.04792778 0.008351093 NaN 0.06632504 0.1597296 0.2517697 0.1116733 0.01699849 0.02283212
48 NaN NaN NaN 0.3058646 NaN 0.1384594 0.2352275 0.1086304 0.01616717 0.02157649
54 0.2577947 0.04890214 0.007849589 0.2579388 NaN 0.2426062 0.2707884 0.1088473 0.01605767 0.02238358
56 0.8846184 0.1962298 0.01569175 0.2031152 0.04313232 0.1933709 0.2478451 0.113517 0.01735051 0.02329822
57 NaN NaN 0.005449513 0.5820319 0.05286919 0.1856452 0.2939883 0.1277527 0.01842449 0.02597478
61 0.1893543 0.04459214 0.00873259 0.153861 0.0266879 0.1336993 0.2446293 0.1189318 0.01644018 0.02234898
66 0.2931834 NaN 0.009230629 1.436755 0.06105416 0.205666 0.2298843 0.1099249 0.01635401 0.02153768
67 0.1559267 NaN 0.006762081 0.7931511 0.05823909 0.3201561 0.241865 0.1170341 0.01749582 0.02307279
71 0.2046712 0.03939028 0.007891241 0.197208 NaN 0.1895125 0.2395088 0.1157212 0.01629074 0.02186691
74 0.3035739 0.06217116 0.008247016 0.2588144 0.03211599 0.1576229 0.2314586 0.1086918 0.01576183 0.02095682
75 1.183993 0.2100744 0.01626014 0.5816172 0.04871337 0.2357763 0.2900828 0.1080815 0.0184097 0.02554998
77 0.3536984 0.06717615 0.009081552 0.3645057 0.04900072 0.1436139 0.2345254 0.1082185 0.01650294 0.0220112
78 0.29655 0.04432998 0.008642359 0.1632543 NaN 0.8171439 0.2600898 0.111645 0.01574559 0.02191423
84 NaN NaN 0.007986133 0.4979935 0.05478018 0.1991226 0.2423953 0.1086503 0.01704362 0.02271376
85 0.3326244 0.07451298 0.008214734 0.2469211 0.04240892 0.1442107 0.2208892 0.1144321 0.01587828 0.02089083
89 0.2905915 0.05146353 0.008249521 0.2949845 0.03367875 0.1519736 0.2840043 0.113922 0.01725739 0.02407381
95 0.2295304 0.0473784 0.008423914 0.1979016 0.02812139 0.1451312 0.2330868 0.1103839 0.01612994 0.02161083
105 0.3148037 0.05703346 0.008622024 0.2220765 0.02491713 0.2053961 0.2522849 0.1086815 0.01651525 0.02233858
112 0.5167881 0.08168811 0.008761549 0.4199812 0.04291432 0.1818971 0.2876469 0.1104401 0.01725411 0.02399583
113 0.4560081 0.08001196 0.008638037 0.3950685 0.04022342 0.1672327 0.2526928 0.109445 0.01744576 0.02348736
118 NaN NaN 0.00793426 NaN 0.04882372 0.1378555 0.2437512 0.1150316 0.01785279 0.02360326
119 0.2356634 0.05228578 0.008652489 0.1667394 NaN 0.2094946 0.2231368 0.1113973 0.01580463 0.02087149
120 NaN 0.02656093 0.007720329 NaN 0.04395329 0.1074973 0.2735734 0.1153555 0.01791595 0.02457946
122 0.91662 0.1472161 0.009778031 0.7464244 0.06408035 0.1645363 0.2653402 0.1080013 0.01717022 0.0233052
127 0.2162638 0.04153748 0.00786116 0.2588409 0.0432504 0.1356238 0.2511488 0.1115712 0.01654553 0.02261031
135 0.2883383 0.05681562 0.01207686 1.608934 0.05611842 0.1718516 0.2639272 0.1131056 0.01720855 0.02332026
136 0.1885451 0.0385859 0.008257694 0.1413757 NaN 0.2246504 0.2487925 0.1065187 0.01608576 0.02188334
137 0.2036232 0.04887931 0.008167922 0.2356418 0.03263474 0.1301503 0.2327257 0.1168073 0.01583631 0.02127716
138 0.1764223 NaN 0.007841309 0.7229308 0.05840448 0.2369787 0.246249 0.1128917 0.01717283 0.02295863
141 0.2852463 0.05662988 0.008612133 0.2881469 0.05402421 0.1903488 0.242555 0.1089968 0.01581172 0.02135347
144 0.08637396 0.04330506 0.008599249 0.08165803 NaN NaN 0.2754353 0.107572 0.015483 0.02197325
149 NaN 0.1850219 0.01487044 1.311018 0.08017386 0.2666102 0.2858679 0.1185106 0.01933213 0.02643739
151 0.2844147 0.05192243 0.008372895 0.3773617 0.0410218 0.1387261 0.2372743 0.1094963 0.0160448 0.02154067
158 0.404645 0.06045735 0.008628195 0.544469 0.04365859 0.1617463 0.2462042 0.1081468 0.01635088 0.02196294
159 0.6335655 0.05607684 0.00842121 1.116634 0.05691781 0.2695936 0.278441 0.1098385 0.01788873 0.02445241
161 NaN NaN NaN NaN NaN NaN 0.250247 0.1114949 0.01552145 0.02142966
163 0.2824816 0.05820496 0.00825977 0.1314544 0.01965515 0.3533801 0.2429601 0.1058233 0.01600596 0.02155375
167 0.3012327 0.0414971 0.007910373 0.3525483 0.03390172 0.1534715 0.2716205 0.10767 0.01682862 0.02320231
168 0.2574311 0.05861838 0.008097078 0.2038239 0.0283205 0.1511211 0.2203721 0.1080981 0.01568552 0.02064662
177 0.210283 0.04323973 0.008415311 0.1854917 0.03255037 0.1379698 0.2569573 0.1121346 0.01696494 0.02307102
181 0.2554094 0.04535816 0.008184024 0.2541256 0.0306265 0.2417815 0.2512331 0.114542 0.01678862 0.02278436
185 NaN NaN NaN NaN 0.02173332 NaN 0.2301975 0.1117461 0.01656203 0.02184154
186 0.462772 0.07421331 0.009049572 0.3075301 0.03530816 0.178796 0.2620093 0.1126337 0.01737633 0.02367893
193 0.2820749 0.04828913 0.007499788 0.3070031 0.02795822 0.1565544 0.2678075 0.1087205 0.01680127 0.02298257
194 NaN NaN 0.005771619 0.5684588 0.05492408 0.1588764 0.2425117 0.1142876 0.01653669 0.02220275
199 5.860642 0.5565943 0.01325726 5.639934 0.1760912 0.8793897 0.4026887 0.1117894 0.02475646 0.03581327
203 NaN NaN 0.007827273 0.9928967 0.05964857 0.2114757 0.2826256 0.1109777 0.01795461 0.02473036
207 0.6276233 0.05402421 0.00776087 0.7960592 0.02924497 0.3443985 0.261938 0.1162761 0.01813199 0.02447011
208 0.2082428 0.04854021 0.008431387 0.1700746 0.01675956 0.2290089 0.2489796 0.1073797 0.01565577 0.02145108
209 0.3029633 0.04169412 0.007710049 0.3509605 0.02506678 0.1630998 0.2619194 0.1115925 0.01726134 0.0234225
210 0.3304548 0.04855138 0.008308073 0.4521633 0.04403637 0.1544239 0.2456231 0.1071554 0.01607843 0.02165649
211 0.3215239 0.0589344 0.008300589 0.321016 0.04074595 0.142842 0.2466421 0.1094474 0.01660997 0.02243521
213 NaN NaN NaN NaN NaN 0.06149616 0.2527709 0.1204538 0.01785763 0.02397782
220 0.3206756 0.06295146 0.008452429 0.2610031 0.03267993 0.1598098 0.2650494 0.1090357 0.01688008 0.02329451
222 NaN NaN NaN 0.1858375 NaN 0.1686981 0.293462 0.1144869 0.01840123 0.02558834
225 0.2909768 0.05159312 0.007918125 0.3590197 0.02600537 0.1560322 0.2880338 0.113568 0.01755382 0.02462034
230 0.2036846 0.04608597 0.008394948 0.1508512 0.01523404 0.2288796 0.2684919 0.1087328 0.01642641 0.02273386
232 NaN 0.006539502 0.00850088 NaN 0.04227548 0.1516294 0.2572169 0.1109775 0.0173251 0.02340383
233 0.2259515 0.0417094 0.008452805 0.1907616 0.02245022 0.1810719 0.2558973 0.1146164 0.01712865 0.02315203
234 0.426878 0.08583001 0.009636704 0.2866942 0.05541546 0.2178188 0.2509516 0.111545 0.01646456 0.02226239
240 0.2680402 0.05045345 0.0081873 0.2952474 0.05487075 0.1462249 0.2629229 0.1099214 0.01664165 0.02299596
241 0.2127971 0.04110626 0.008269501 0.1720877 NaN 0.3332525 0.261498 0.1096713 0.01568162 0.02172244
251 NaN NaN 0.006985588 0.4293525 0.05625169 0.1950328 0.2451996 0.1153753 0.01725861 0.02279694
255 NaN NaN 0.007022143 0.2092422 0.04673799 NaN 0.242611 0.1095986 0.0167141 0.02234828
266 0.3305848 0.05967204 0.008428584 0.3069391 0.03493623 0.1631559 0.2546965 0.1092617 0.01622174 0.02210389
267 0.1752509 0.04034175 0.007853737 0.1657614 0.03032098 0.1312349 0.2578832 0.1153139 0.01668153 0.02294713
276 0.73927 0.1616942 0.01222295 0.3234034 0.05704274 0.2388328 0.2265916 0.1136648 0.0161081 0.02118884
281 0.2599565 0.04747176 0.007856269 0.2531433 0.03661531 0.1323714 0.2305246 0.1091781 0.01648731 0.02172768
284 0.448475 0.0733845 0.008224504 0.4259066 0.03858085 0.1702846 0.2330213 0.1148945 0.0170109 0.02239426
290 0.1702 0.03717872 0.00808872 0.1622424 NaN 0.1577964 0.2456402 0.1053156 0.01548992 0.02103351
293 0.2438885 0.04242368 0.00803286 0.2479783 NaN 0.2021193 0.2673788 0.1105586 0.01647205 0.02269244
294 0.4484372 0.08876567 0.01024784 0.3131179 0.06834428 0.1839223 0.2124665 0.1094498 0.01608939 0.02082265
295 0.3729082 0.05063556 0.008392971 0.5535182 0.05183921 0.1642826 0.2340613 0.1093999 0.01611092 0.02154797
296 0.3814668 0.05471761 0.008530748 0.3607154 0.02852521 0.2192111 0.2669671 0.1138446 0.01723795 0.02360789
502 0.4644091 0.09781078 0.01002584 0.247306 0.04839871 0.1514486 0.2218704 0.1092916 0.01576478 0.02070245
503 0.2347147 0.05289262 0.008090469 0.1798621 0.02366591 0.3199314 0.2529496 0.1131257 0.0169096 0.02292849
504 0.3411336 0.04857257 0.008211211 0.4103468 0.03740672 0.1569427 0.2526653 0.112409 0.01701131 0.02301181
506 NaN NaN 0.007356685 0.3146968 0.05820237 0.2129609 0.2440607 0.1125413 0.01685732 0.02249098
507 0.2298394 0.04038363 0.007890856 0.3070192 0.04784146 0.168489 0.2270947 0.1079107 0.01589889 0.02108007
509 0.2199856 0.04255646 0.00784703 0.1841024 NaN 0.2783766 0.2696786 0.1181138 0.01702327 0.02353107
510 NaN 0.05109439 0.008667176 NaN 0.06271668 0.2928707 0.3006847 0.1207059 0.01926832 0.02728445
511 NaN NaN 0.006911431 0.4032576 0.0260452 0.1623042 0.2541977 0.1129836 0.01671299 0.02269091
522 0.3131573 0.05265632 0.008052865 0.2465391 0.02387973 0.4265671 0.2641759 0.1153399 0.01699046 0.02327718
523 0.3680309 0.06945862 0.009530016 0.2687474 0.03886698 0.1476594 0.2527817 0.1120961 0.01690587 0.02304207
525 0.4855161 0.06842726 0.009886486 0.638539 0.05178314 0.2236902 0.2602247 0.1090446 0.01638209 0.02232929
565 0.1911024 0.0422414 0.0082428 0.1495626 0.01777168 0.2311605 0.2626188 0.1160252 0.01629407 0.02255217
569 0.292675 0.05216274 0.008371848 0.2635324 0.03184033 0.1553605 0.2554452 0.1097638 0.01635258 0.02229485
573 NaN NaN 0.009375552 0.4704406 0.05521938 0.2385585 0.2376507 0.1113465 0.01642509 0.02180789
574 0.1965424 0.03897827 0.008119174 0.1347656 NaN 0.243406 0.2767833 0.1138958 0.01672432 0.02359134
