3 33.61746 34.37207
18 34.64127 30.8704
19 51.45589 49.03078
23 51.37637 48.51122
27 43.8806 40.61254
31 51.9345 55.49368
33 53.64156 50.97642
35 46.99825 46.9088
37 52.36715 53.58279
39 45.02917 43.64869
40 46.56433 45.39742
46 47.47285 46.79919
48 48.71879 45.65479
54 56.329 55.23735
56 41.94347 41.60161
57 47.44971 50.96106
61 42.55356 43.25148
66 49.41208 48.68801
67 55.48727 54.11109
71 45.58397 43.37231
74 51.10216 49.96155
75 49.03339 49.16765
77 43.27122 41.61197
78 54.57524 54.43222
84 45.31683 45.19772
85 51.80499 52.13837
89 52.62767 52.20398
95 43.04372 43.74917
105 50.05695 50.96953
112 56.90801 53.76394
113 46.59453 45.40496
118 49.0163 46.30143
119 47.45923 45.76743
120 42.83915 41.79406
122 57.25631 55.30969
127 43.46646 43.06608
135 59.52843 58.44552
136 43.06348 44.76149
137 42.18363 41.16057
138 53.33663 51.94742
141 49.45248 51.59892
144 51.13572 49.0896
149 49.63535 48.50166
151 48.11529 46.51408
158 49.60869 50.53642
159 57.23464 54.04675
161 50.79993 52.51116
163 49.61482 50.91619
167 46.48955 47.25257
168 43.92064 44.36395
177 46.3393 45.32981
181 46.32107 44.70522
185 51.35372 49.45091
186 44.9144 46.24439
193 54.85255 52.23237
194 53.82577 51.84234
199 55.25364 51.5413
203 52.1908 51.29952
207 47.23905 44.79246
208 49.27519 48.62598
209 48.01286 46.21457
210 50.15381 48.86779
211 46.93087 46.8189
213 52.3519 51.01368
220 48.38678 48.60363
222 53.78283 52.77081
225 49.161 47.62982
230 47.58509 47.84613
232 49.25389 46.49652
233 44.68795 45.30811
234 51.30258 51.95987
240 46.02339 44.98102
241 50.10063 50.14224
251 59.66518 57.00911
255 45.74924 43.59854
266 49.38114 49.10937
267 45.07776 44.17939
276 53.24094 52.15318
281 45.96947 46.36047
284 44.97832 45.72533
290 50.78497 51.20496
293 53.50629 50.39656
294 43.84218 43.63373
295 47.88614 47.83995
296 50.59631 52.18998
502 50.19202 52.35996
503 47.13135 47.00955
504 43.91626 42.41932
506 47.44399 48.32592
507 50.09691 49.79408
509 50.39938 48.80885
510 43.59188 45.19897
511 51.9197 53.03912
522 52.44724 48.93158
523 45.12327 44.75956
525 54.2691 51.16754
565 46.70906 48.88045
569 49.62075 49.90023
573 50.72819 50.46287
574 46.46381 46.01547
