3 300200003
18 300200018
19 300200019
23 300200023
27 300200027
31 300200031
33 300200033
35 300200035
37 300200037
39 300200039
40 300200040
46 300200046
48 300200048
54 300200054
56 300200056
57 300200057
61 300200061
66 300200066
67 300200067
71 300200071
74 300200074
75 300200075
77 300200077
78 300200078
84 300200084
85 300200085
89 300200089
95 300200095
105 300200105
112 300200112
113 300200113
118 300200118
119 300200119
120 300200120
122 300200122
127 300200127
135 300200135
136 300200136
137 300200137
138 300200138
141 300200141
144 300200144
149 300200149
151 300200151
158 300200158
159 300200159
161 300200161
163 300200163
167 300200167
168 300200168
177 300200177
181 300200181
185 300200185
186 300200186
193 300200193
194 300200194
199 300200199
203 300200203
207 300200207
208 300200208
209 300200209
210 300200210
211 300200211
213 300200213
220 300200220
222 300200222
225 300200225
230 300200230
232 300200232
233 300200233
234 300200234
240 300200240
241 300200241
251 300200251
255 300200255
266 300200266
267 300200267
276 300200276
281 300200281
284 300200284
290 300200290
293 300200293
294 300200294
295 300200295
296 300200296
502 300200502
503 300200503
504 300200504
506 300200506
507 300200507
509 300200509
510 300200510
511 300200511
522 300200522
523 300200523
525 300200525
565 300200565
569 300200569
573 300200573
574 300200574
