1 3510.519 3555.549 3582.448 3676.192 3711.987 3751.91
2 3477.717 3518.336 3522.596 3544.735 3567.201 3571.851
3 3529.036 3578.965 3579.748 3566.146 3606.822 3605.45
4 3515.022 3554.349 3546.281 3581.196 3600.898 3602.75
5 3682.741 3754.726 3724.146 3724.237 3774.637 3756.431
6 3341.61 3360.993 3378.393 3403.777 3431.345 3442.971
7 3135.957 3208.056 3199.975 3173.227 3229.17 3221.225
8 2924.766 2979.693 3003.024 2995.489 3026.767 3026.994
9 3147.282 3231.171 3228.426 3207.085 3269.134 3263.719
10 3434.369 3482.027 3474.926 3534.791 3556.869 3554.599
11 2893.964 2944.309 2958.391 2931.311 2973.593 2995.792
12 3523.908 3583.485 3593.789 3625.053 3664.933 3660.309
13 3755.138 3779.684 3785.732 3819.957 3861.269 3862.524
14 3277.588 3321.694 3339.957 3396.5 3431.159 3454.076
15 3654.327 3697.665 3687.898 3734.317 3780.573 3770.228
16 3653.619 3686.227 3682.143 3733.873 3755.29 3756.951
17 3310.695 3382.414 3356.933 3394.655 3450.593 3441.564
18 3387.384 3411.779 3425.802 3437.78 3456.735 3458.088
19 3371.117 3439.127 3430.983 3403.131 3454.503 3444.493
20 3479.822 3525.239 3532.863 3511.742 3538.031 3550.599
21 3779.617 3828.994 3819.25 3837.182 3882.993 3861.05
22 3549.308 3576.134 3577.483 3592.612 3612.826 3610.847
23 3230.684 3283.892 3292.301 3302.014 3363.985 3371.468
24 3418.677 3448.944 3451.164 3563.975 3571.569 3570.558
25 3711.058 3767.774 3757.482 3818.459 3831.021 3822.198
26 3279.731 3341.233 3346.627 3377.43 3380.921 3394.226
27 3551.894 3616.961 3610.037 3627.733 3679.161 3668.662
28 3221.324 3273.73 3282.891 3308.331 3334.003 3349.438
29 3533.642 3606.123 3596.971 3657.872 3681.179 3676.62
30 3345.277 3418.805 3388.959 3414.382 3440.681 3409.458
31 2945.976 3030.827 3027.719 3106.898 3100.675 3100.859
32 3698.946 3755.007 3760.489 3796.773 3828.629 3832.02
33 3241.577 3304.739 3306.708 3260.393 3318.048 3319.573
34 3406.007 3491.965 3479.687 3557.659 3562.883 3544.272
35 3285.573 3347.223 3336.421 3351.146 3401.8 3401.556
36 3505.524 3538.528 3532.389 3591.729 3603.657 3598.9
37 3488.632 3540.044 3544.657 3509.903 3565.67 3561.097
38 3480.44 3542.073 3530.22 3528.771 3568.262 3558.8
39 3037.879 3081.116 3087.138 3144.429 3184.535 3180.686
40 3435.854 3522.903 3505.238 3517.838 3536.711 3512.679
41 3390.299 3434.903 3424.076 3438.14 3471.183 3456.351
42 3661.929 3694.927 3708.951 3708.419 3734.966 3743.488
43 3489.323 3514.283 3524.506 3508.897 3537.79 3544.965
44 3328.688 3397.607 3390.722 3503.544 3534.633 3520.762
45 3745.753 3769.924 3766.016 3787.461 3843.172 3814.659
46 3437.826 3493.03 3483.006 3524.833 3576.167 3563.436
47 3072.831 3092.913 3106.703 3142.187 3156.687 3176.952
48 3661.16 3710.585 3685.026 3690.314 3736.448 3718.441
49 3317.188 3376.924 3368.694 3357.596 3411.509 3408.236
50 3657.792 3681.764 3683.894 3728.987 3732.341 3730.624
51 3338.48 3380.418 3374.787 3390.905 3415.439 3414.948
52 3171.953 3222.365 3229.873 3214.334 3263.683 3269.594
53 3456.668 3519.355 3500.026 3581.885 3615.73 3601.703
54 3373.976 3414.597 3415.115 3434.021 3465.897 3476.958
55 3693.536 3728.313 3713.305 3754.05 3775.943 3778.171
56 3696.457 3751.197 3728.427 3756.129 3809.468 3790.957
57 3435.842 3501.725 3506.005 3544.94 3535.127 3536.662
58 3593.989 3615.484 3618.128 3686.559 3686.125 3693.204
59 3584.079 3628.932 3623.114 3687.929 3728.766 3723.735
60 3220.764 3288.64 3276.242 3277.654 3333.344 3326.447
61 3324.885 3355.787 3357.418 3400.523 3445.899 3441.264
62 3288.945 3343.556 3335.265 3327.132 3376.365 3368.966
63 3359.048 3440.801 3428.292 3445.216 3523.745 3510.55
64 3649.978 3680.649 3680.344 3731.602 3769.083 3771.828
65 3278.834 3365.011 3352.634 3375.095 3401.164 3388.637
66 3197.253 3275.03 3255.389 3323.585 3370.523 3361.945
67 3409.728 3451.224 3450.052 3494.802 3523.594 3521.034
68 3584.666 3642.403 3615.436 3623.907 3675.893 3655.854
69 3665.49 3714.591 3709.95 3707.165 3754.002 3742.216
70 3627.166 3674.819 3646.669 3689.763 3711.329 3704.244
71 3517.276 3550.606 3557.84 3599.774 3632.972 3643.938
72 3255.462 3334.361 3319.516 3356.563 3358.229 3336.142
73 3228.378 3284.373 3297.672 3286.62 3291.088 3297.036
74 3234.84 3260.168 3262.794 3295.556 3317.172 3323.627
75 3591.898 3637.493 3637.473 3676.34 3688.893 3691.686
76 3227.069 3285.463 3267.721 3269.485 3313.776 3296.306
77 3578.89 3624.106 3623.022 3650.222 3670.027 3663.87
78 3384.849 3425.417 3416.576 3432.826 3462.361 3447.52
79 3677.499 3732.942 3725.231 3727.906 3786.158 3773.613
80 3393.548 3447.936 3446.172 3508.574 3551.647 3551.43
81 3464.004 3524.446 3518.637 3551.477 3553.302 3544.703
82 3539.52 3566.766 3564.866 3582.14 3626.251 3615.592
83 3265.192 3316.989 3306.22 3323.726 3344.99 3339.919
84 3514.934 3567.309 3564.326 3575.871 3626.817 3618.752
85 3138.229 3197.396 3207.754 3215.275 3269.371 3279.806
86 3710.826 3769.146 3757.767 3852.87 3915.582 3896.99
87 3718.806 3751.346 3732.206 3770.671 3798.235 3794.304
88 3424.866 3509.024 3494.657 3579.184 3603.424 3580.839
89 3372.814 3448.859 3437.704 3487.142 3539.352 3533.999
90 3753.881 3796.28 3799.08 3788.616 3823.542 3830.212
91 3376.899 3430.664 3443.218 3446.826 3497.4 3509.369
92 3400.699 3462.586 3454.989 3428.6 3489.837 3490.69
93 3459.399 3510.638 3490.721 3531.652 3562.559 3545.584
94 3252.934 3297.842 3319.594 3322.961 3376.888 3378.588
95 3258.411 3312 3309.469 3330.458 3374.628 3375.619
96 3428.078 3468.585 3473.554 3509.216 3531.424 3538.936
97 3363.677 3397.166 3408.897 3445.297 3477.128 3483.138
98 3295.662 3367.378 3355.847 3363.163 3408.294 3389.513
99 3153.158 3196.89 3215.212 3212.403 3240.895 3252.563
100 3383.255 3452.686 3439.596 3445.601 3482.887 3466.981
