1 3536.571 3578.995 3600.684 3702.244 3735.434 3770.146
2 3503.768 3541.783 3540.832 3570.787 3590.647 3590.088
3 3555.087 3602.411 3597.984 3592.197 3630.268 3623.686
4 3541.074 3577.795 3564.517 3607.248 3624.344 3620.986
5 3708.793 3778.173 3742.382 3750.289 3798.084 3774.667
6 3367.662 3384.439 3396.629 3429.829 3454.791 3461.207
7 3162.009 3231.502 3218.211 3199.279 3252.617 3239.461
8 2950.818 3003.139 3021.26 3021.541 3050.213 3045.23
9 3173.334 3254.617 3246.663 3233.136 3292.581 3281.955
10 3460.42 3505.473 3493.162 3560.843 3580.316 3572.836
11 2920.016 2967.756 2976.627 2957.363 2997.04 3014.028
12 3549.959 3606.931 3612.026 3651.105 3688.38 3678.545
13 3781.19 3803.131 3803.968 3846.009 3884.716 3880.76
14 3303.64 3345.141 3358.194 3422.551 3454.606 3472.312
15 3680.379 3721.112 3706.134 3760.369 3804.02 3788.464
16 3679.67 3709.674 3700.379 3759.925 3778.737 3775.188
17 3336.747 3405.861 3375.169 3420.707 3474.04 3459.8
18 3413.436 3435.226 3444.038 3463.831 3480.182 3476.324
19 3397.168 3462.573 3449.219 3429.183 3477.95 3462.729
20 3505.874 3548.686 3551.1 3537.794 3561.478 3568.836
21 3805.669 3852.441 3837.486 3863.233 3906.439 3879.286
22 3575.36 3599.58 3595.719 3618.663 3636.272 3629.083
23 3256.736 3307.338 3310.537 3328.066 3387.431 3389.704
24 3444.728 3472.391 3469.4 3590.027 3595.016 3588.794
25 3737.11 3791.221 3775.718 3844.51 3854.467 3840.434
26 3305.782 3364.68 3364.863 3403.482 3404.367 3412.462
27 3577.946 3640.407 3628.274 3653.784 3702.608 3686.898
28 3247.375 3297.177 3301.127 3334.383 3357.45 3367.674
29 3559.694 3629.569 3615.208 3683.923 3704.625 3694.856
30 3371.328 3442.251 3407.196 3440.433 3464.127 3427.694
31 2972.027 3054.273 3045.956 3132.95 3124.121 3119.096
32 3724.997 3778.454 3778.726 3822.825 3852.075 3850.256
33 3267.629 3328.185 3324.945 3286.444 3341.495 3337.809
34 3432.058 3515.411 3497.923 3583.711 3586.329 3562.508
35 3311.625 3370.669 3354.657 3377.197 3425.247 3419.792
36 3531.576 3561.975 3550.625 3617.78 3627.104 3617.136
37 3514.683 3563.491 3562.893 3535.955 3589.117 3579.333
38 3506.492 3565.519 3548.456 3554.822 3591.708 3577.036
39 3063.931 3104.563 3105.374 3170.481 3207.982 3198.923
40 3461.906 3546.349 3523.474 3543.89 3560.158 3530.915
41 3416.35 3458.35 3442.313 3464.191 3494.629 3474.587
42 3687.98 3718.374 3727.188 3734.471 3758.413 3761.724
43 3515.375 3537.73 3542.742 3534.949 3561.237 3563.201
44 3354.74 3421.053 3408.958 3529.596 3558.079 3538.998
45 3771.804 3793.371 3784.252 3813.513 3866.618 3832.895
46 3463.878 3516.477 3501.242 3550.885 3599.614 3581.672
47 3098.882 3116.36 3124.939 3168.239 3180.134 3195.188
48 3687.212 3734.032 3703.262 3716.365 3759.895 3736.677
49 3343.239 3400.37 3386.93 3383.648 3434.955 3426.472
50 3683.843 3705.21 3702.13 3755.039 3755.787 3748.86
51 3364.532 3403.865 3393.023 3416.957 3438.886 3433.184
52 3198.005 3245.812 3248.109 3240.385 3287.13 3287.831
53 3482.72 3542.802 3518.262 3607.937 3639.177 3619.939
54 3400.027 3438.044 3433.351 3460.072 3489.343 3495.194
55 3719.587 3751.76 3731.541 3780.101 3799.39 3796.407
56 3722.508 3774.643 3746.664 3782.18 3832.915 3809.193
57 3461.893 3525.172 3524.241 3570.991 3558.574 3554.899
58 3620.041 3638.93 3636.364 3712.611 3709.571 3711.44
59 3610.131 3652.378 3641.35 3713.981 3752.212 3741.972
60 3246.815 3312.087 3294.479 3303.706 3356.791 3344.683
61 3350.937 3379.233 3375.655 3426.575 3469.346 3459.5
62 3314.996 3367.002 3353.501 3353.184 3399.811 3387.203
63 3385.1 3464.248 3446.528 3471.268 3547.192 3528.786
64 3676.029 3704.095 3698.58 3757.654 3792.53 3790.064
65 3304.886 3388.458 3370.871 3401.147 3424.61 3406.873
66 3223.305 3298.476 3273.625 3349.637 3393.97 3380.181
67 3435.78 3474.671 3468.288 3520.854 3547.041 3539.27
68 3610.718 3665.85 3633.672 3649.958 3699.34 3674.09
69 3691.541 3738.037 3728.187 3733.217 3777.449 3760.452
70 3653.218 3698.266 3664.906 3715.815 3734.775 3722.48
71 3543.328 3574.053 3576.076 3625.826 3656.418 3662.174
72 3281.513 3357.808 3337.752 3382.615 3381.675 3354.379
73 3254.43 3307.82 3315.908 3312.672 3314.535 3315.272
74 3260.892 3283.615 3281.03 3321.608 3340.618 3341.863
75 3617.95 3660.939 3655.71 3702.392 3712.34 3709.922
76 3253.121 3308.91 3285.957 3295.537 3337.222 3314.542
77 3604.942 3647.552 3641.258 3676.273 3693.474 3682.106
78 3410.901 3448.863 3434.812 3458.878 3485.807 3465.756
79 3703.551 3756.389 3743.467 3753.958 3809.605 3791.849
80 3419.599 3471.383 3464.409 3534.626 3575.093 3569.666
81 3490.056 3547.893 3536.873 3577.528 3576.748 3562.94
82 3565.572 3590.212 3583.102 3608.192 3649.698 3633.828
83 3291.244 3340.435 3324.456 3349.778 3368.436 3358.156
84 3540.986 3590.756 3582.562 3601.922 3650.264 3636.988
85 3164.281 3220.842 3225.991 3241.327 3292.817 3298.043
86 3736.878 3792.593 3776.003 3878.921 3939.029 3915.227
87 3744.857 3774.792 3750.442 3796.723 3821.682 3812.54
88 3450.918 3532.47 3512.893 3605.235 3626.87 3599.075
89 3398.866 3472.306 3455.94 3513.193 3562.799 3552.235
90 3779.933 3819.727 3817.316 3814.667 3846.989 3848.448
91 3402.951 3454.111 3461.454 3472.878 3520.846 3527.606
92 3426.751 3486.033 3473.225 3454.651 3513.283 3508.926
93 3485.451 3534.085 3508.957 3557.704 3586.006 3563.82
94 3278.985 3321.289 3337.83 3349.013 3400.335 3396.824
95 3284.463 3335.446 3327.706 3356.51 3398.074 3393.855
96 3454.13 3492.032 3491.79 3535.268 3554.871 3557.172
97 3389.729 3420.613 3427.133 3471.349 3500.575 3501.374
98 3321.714 3390.825 3374.083 3389.215 3431.741 3407.749
99 3179.21 3220.337 3233.448 3238.455 3264.342 3270.799
100 3409.307 3476.133 3457.833 3471.652 3506.334 3485.218
