1 0.42
2 0.48
3 0.44
4 0.47
5 0.43
6 0.53
7 0.56
8 0.59
9 0.54
10 0.46
11 0.6
12 0.51
13 0.41
14 0.54
15 0.45
16 0.51
17 0.53
18 0.53
19 0.46
20 0.51
21 0.39
22 0.5
23 0.56
24 0.51
25 0.42
26 0.54
27 0.45
28 0.57
29 0.48
30 0.51
31 0.63
32 0.41
33 0.55
34 0.52
35 0.57
36 0.53
37 0.49
38 0.47
39 0.61
40 0.51
41 0.51
42 0.37
43 0.5
44 0.54
45 0.41
46 0.52
47 0.53
48 0.48
49 0.55
50 0.47
51 0.53
52 0.55
53 0.47
54 0.5
55 0.44
56 0.43
57 0.51
58 0.47
59 0.45
60 0.58
61 0.55
62 0.56
63 0.45
64 0.48
65 0.58
66 0.55
67 0.53
68 0.47
69 0.48
70 0.48
71 0.53
72 0.6
73 0.56
74 0.54
75 0.48
76 0.55
77 0.45
78 0.51
79 0.41
80 0.54
81 0.5
82 0.46
83 0.53
84 0.45
85 0.57
86 0.47
87 0.43
88 0.5
89 0.51
90 0.4
91 0.46
92 0.52
93 0.53
94 0.52
95 0.52
96 0.49
97 0.53
98 0.53
99 0.54
100 0.48
