1 1000 1000 1000 1000 1000 576
2 1000 1000 583 1000 1000 421
3 1000 1000 326 1000 1000 943
4 1000 1000 1000 1000 1000 1000
5 1000 1000 709 1000 1000 517
6 1000 1000 388 1000 1000 635
7 1000 1000 779 1000 1000 1000
8 1000 1000 1000 1000 1000 891
9 1000 1000 1000 1000 1000 979
10 1000 1000 762 1000 1000 1000
11 1000 1000 794 1000 1000 47
12 1000 1000 358 1000 1000 107
13 1000 1000 718 1000 1000 957
14 1000 1000 192 1000 1000 323
15 1000 1000 398 1000 1000 771
16 1000 1000 836 1000 1000 432
17 1000 1000 593 1000 1000 422
18 1000 1000 419 1000 1000 1000
19 1000 1000 1000 1000 1000 1000
20 1000 1000 749 1000 1000 1000
21 1000 1000 912 1000 1000 270
22 1000 1000 711 1000 1000 1000
23 1000 1000 721 1000 1000 1000
24 1000 1000 425 1000 1000 1000
25 1000 1000 251 1000 1000 601
26 1000 1000 662 1000 1000 981
27 1000 1000 456 1000 1000 517
28 1000 1000 450 1000 1000 44
29 1000 1000 608 1000 1000 740
30 1000 1000 895 1000 1000 1000
31 1000 1000 544 1000 1000 524
32 1000 1000 833 1000 1000 490
33 1000 1000 280 1000 1000 92
34 1000 1000 600 1000 1000 1000
35 1000 1000 1000 1000 1000 826
36 1000 1000 960 1000 1000 251
37 1000 1000 871 1000 1000 273
38 1000 1000 1000 1000 1000 1000
39 1000 1000 674 1000 1000 1000
40 1000 1000 1000 1000 1000 1000
41 1000 1000 682 1000 1000 935
42 1000 1000 812 1000 1000 502
43 1000 1000 1000 1000 1000 332
44 1000 1000 715 1000 1000 502
45 1000 1000 435 1000 225 711
46 1000 1000 777 1000 1000 644
47 1000 1000 385 1000 1000 230
48 1000 1000 779 1000 1000 998
49 1000 1000 941 1000 1000 703
50 1000 1000 1000 1000 1000 1000
51 1000 1000 720 1000 1000 830
52 1000 1000 1000 1000 1000 769
53 1000 1000 252 1000 1000 329
54 1000 1000 978 1000 1000 762
55 1000 1000 551 1000 1000 740
56 1000 1000 862 1000 1000 564
57 1000 1000 436 1000 1000 200
58 1000 1000 667 1000 1000 832
59 1000 1000 925 1000 1000 402
60 1000 1000 1000 1000 1000 780
61 1000 1000 321 1000 1000 737
62 1000 1000 688 1000 1000 211
63 1000 1000 656 1000 1000 397
64 1000 1000 501 1000 1000 288
65 1000 1000 1000 1000 1000 1000
66 1000 1000 295 1000 1000 513
67 1000 1000 265 1000 1000 1000
68 1000 1000 619 1000 1000 745
69 1000 1000 343 1000 1000 888
70 1000 1000 517 1000 1000 1000
71 1000 1000 866 1000 1000 719
72 1000 1000 397 1000 1000 233
73 1000 1000 1000 1000 1000 1000
74 1000 1000 608 1000 1000 1000
75 1000 1000 885 1000 1000 607
76 1000 1000 1000 1000 1000 654
77 1000 1000 477 1000 1000 846
78 1000 1000 832 1000 1000 504
79 1000 1000 551 1000 1000 377
80 1000 1000 70 1000 1000 325
81 1000 1000 1000 1000 1000 1000
82 1000 1000 892 1000 1000 453
83 1000 1000 961 1000 1000 1000
84 1000 1000 943 1000 1000 356
85 1000 1000 662 1000 1000 619
86 1000 1000 476 1000 1000 1000
87 1000 1000 910 1000 1000 392
88 1000 1000 52 1000 1000 1000
89 1000 1000 291 1000 1000 444
90 1000 1000 518 1000 1000 835
91 1000 1000 923 1000 1000 901
92 1000 1000 597 1000 1000 1000
93 1000 1000 936 1000 1000 994
94 1000 1000 1000 1000 1000 557
95 1000 1000 220 1000 1000 1000
96 1000 1000 405 1000 1000 1000
97 1000 1000 393 1000 1000 838
98 1000 1000 459 1000 1000 790
99 1000 1000 1000 1000 1000 932
100 1000 1000 657 1000 1000 675
