1 -1745.26 -1768.774 -1784.224 -1828.096 -1846.994 -1868.955
2 -1728.858 -1750.168 -1754.298 -1762.368 -1774.6 -1778.926
3 -1754.518 -1780.482 -1782.874 -1773.073 -1794.411 -1795.725
4 -1747.511 -1768.174 -1766.14 -1780.598 -1791.449 -1794.375
5 -1831.371 -1868.363 -1855.073 -1852.119 -1878.319 -1871.215
6 -1660.805 -1671.496 -1682.196 -1691.889 -1706.672 -1714.485
7 -1557.979 -1595.028 -1592.988 -1576.614 -1605.585 -1603.613
8 -1452.383 -1480.846 -1494.512 -1487.745 -1504.383 -1506.497
9 -1563.641 -1606.585 -1607.213 -1593.542 -1625.567 -1624.859
10 -1707.184 -1732.013 -1730.463 -1757.396 -1769.435 -1770.3
11 -1436.982 -1463.155 -1472.196 -1455.656 -1477.797 -1490.896
12 -1751.954 -1782.742 -1789.895 -1802.527 -1823.467 -1823.154
13 -1867.569 -1880.842 -1885.866 -1899.979 -1921.635 -1924.262
14 -1628.794 -1651.847 -1662.979 -1688.25 -1706.58 -1720.038
15 -1817.164 -1839.833 -1836.949 -1857.159 -1881.287 -1878.114
16 -1816.809 -1834.114 -1834.072 -1856.937 -1868.645 -1871.476
17 -1645.347 -1682.207 -1671.467 -1687.328 -1716.297 -1713.782
18 -1683.692 -1696.89 -1705.901 -1708.89 -1719.368 -1722.044
19 -1675.558 -1710.563 -1708.491 -1691.565 -1718.252 -1715.246
20 -1729.911 -1753.62 -1759.432 -1745.871 -1760.015 -1768.3
21 -1879.809 -1905.497 -1902.625 -1908.591 -1932.496 -1923.525
22 -1764.654 -1779.067 -1781.742 -1786.306 -1797.413 -1798.423
23 -1605.342 -1632.946 -1639.15 -1641.007 -1672.992 -1678.734
24 -1699.338 -1715.472 -1718.582 -1771.988 -1776.785 -1778.279
25 -1845.529 -1874.887 -1871.741 -1899.229 -1906.51 -1904.099
26 -1629.865 -1661.617 -1666.314 -1678.715 -1681.46 -1690.113
27 -1765.947 -1799.48 -1798.019 -1803.866 -1830.581 -1827.331
28 -1600.662 -1627.865 -1634.445 -1644.166 -1658.001 -1667.719
29 -1756.821 -1794.061 -1791.486 -1818.936 -1831.589 -1831.31
30 -1662.638 -1700.402 -1687.48 -1697.191 -1711.34 -1697.729
31 -1462.988 -1506.413 -1506.86 -1543.449 -1541.337 -1543.43
32 -1839.473 -1868.503 -1873.245 -1888.387 -1905.314 -1909.01
33 -1610.789 -1643.369 -1646.354 -1620.196 -1650.024 -1652.787
34 -1693.003 -1736.982 -1732.843 -1768.83 -1772.441 -1765.136
35 -1632.787 -1664.611 -1661.21 -1665.573 -1691.9 -1693.778
36 -1742.762 -1760.264 -1759.195 -1785.864 -1792.829 -1792.45
37 -1734.316 -1761.022 -1765.329 -1744.952 -1773.835 -1773.548
38 -1730.22 -1762.036 -1758.11 -1754.385 -1775.131 -1772.4
39 -1508.939 -1531.558 -1536.569 -1562.215 -1583.268 -1583.343
40 -1707.927 -1752.451 -1745.619 -1748.919 -1759.356 -1749.339
41 -1685.149 -1708.452 -1705.038 -1709.07 -1726.591 -1721.176
42 -1820.964 -1838.464 -1847.476 -1844.21 -1858.483 -1864.744
43 -1734.662 -1748.142 -1755.253 -1744.449 -1759.895 -1765.483
44 -1654.344 -1689.803 -1688.361 -1741.772 -1758.316 -1753.381
45 -1862.876 -1875.962 -1876.008 -1883.731 -1912.586 -1900.33
46 -1708.913 -1737.515 -1734.503 -1752.417 -1779.084 -1774.718
47 -1526.415 -1537.456 -1546.351 -1561.094 -1569.344 -1581.476
48 -1820.58 -1846.292 -1835.513 -1835.157 -1859.224 -1852.221
49 -1648.594 -1679.462 -1677.347 -1668.798 -1696.754 -1697.118
50 -1818.896 -1831.882 -1834.947 -1854.494 -1857.17 -1858.312
51 -1659.24 -1681.209 -1680.394 -1685.453 -1698.72 -1700.474
52 -1575.976 -1602.183 -1607.936 -1597.167 -1622.842 -1627.797
53 -1718.334 -1750.678 -1743.013 -1780.943 -1798.865 -1793.852
54 -1676.988 -1698.299 -1700.558 -1707.01 -1723.948 -1731.479
55 -1836.768 -1855.157 -1849.652 -1867.025 -1878.972 -1882.085
56 -1838.228 -1866.598 -1857.214 -1868.064 -1895.734 -1888.478
57 -1707.921 -1741.863 -1746.002 -1762.47 -1758.564 -1761.331
58 -1786.995 -1798.742 -1802.064 -1833.28 -1834.062 -1839.602
59 -1782.039 -1805.466 -1804.557 -1833.964 -1855.383 -1854.868
60 -1600.382 -1635.32 -1631.121 -1628.827 -1657.672 -1656.223
61 -1652.443 -1668.893 -1671.709 -1690.262 -1713.95 -1713.632
62 -1634.472 -1662.778 -1660.633 -1653.566 -1679.182 -1677.483
63 -1669.524 -1711.401 -1707.146 -1712.608 -1752.873 -1748.275
64 -1814.989 -1831.324 -1833.172 -1855.801 -1875.542 -1878.914
65 -1629.417 -1673.506 -1669.317 -1677.548 -1691.582 -1687.318
66 -1588.626 -1628.515 -1620.695 -1651.792 -1676.262 -1673.972
67 -1694.864 -1716.612 -1718.026 -1737.401 -1752.797 -1753.517
68 -1782.333 -1812.202 -1800.718 -1801.953 -1828.947 -1820.927
69 -1822.745 -1848.295 -1847.975 -1843.583 -1868.001 -1864.108
70 -1803.583 -1828.41 -1816.335 -1834.882 -1846.664 -1845.122
71 -1748.638 -1766.303 -1771.92 -1789.887 -1807.486 -1814.969
72 -1617.731 -1658.181 -1652.758 -1668.282 -1670.114 -1661.071
73 -1604.189 -1633.187 -1641.836 -1633.31 -1636.544 -1641.518
74 -1607.42 -1621.084 -1624.397 -1637.778 -1649.586 -1654.814
75 -1785.949 -1809.746 -1811.737 -1828.17 -1835.447 -1838.843
76 -1603.535 -1633.732 -1626.86 -1624.743 -1647.888 -1641.153
77 -1779.445 -1803.053 -1804.511 -1815.111 -1826.014 -1824.935
78 -1682.425 -1703.708 -1701.288 -1706.413 -1722.18 -1716.76
79 -1828.75 -1857.471 -1855.615 -1853.953 -1884.079 -1879.806
80 -1686.774 -1714.968 -1716.086 -1744.287 -1766.823 -1768.715
81 -1722.002 -1753.223 -1752.318 -1765.738 -1767.651 -1765.352
82 -1759.76 -1774.383 -1775.433 -1781.07 -1804.126 -1800.796
83 -1622.596 -1649.494 -1646.11 -1651.863 -1663.495 -1662.96
84 -1747.467 -1774.655 -1775.163 -1777.935 -1804.409 -1802.376
85 -1559.115 -1589.698 -1596.877 -1597.637 -1625.685 -1632.903
86 -1845.413 -1875.573 -1871.883 -1916.435 -1948.791 -1941.495
87 -1849.403 -1866.673 -1859.103 -1875.335 -1890.118 -1890.152
88 -1702.433 -1745.512 -1740.328 -1779.592 -1792.712 -1783.419
89 -1676.407 -1715.43 -1711.852 -1733.571 -1760.676 -1760
90 -1866.94 -1889.14 -1892.54 -1884.308 -1902.771 -1908.106
91 -1678.45 -1706.332 -1714.609 -1713.413 -1739.7 -1747.685
92 -1690.35 -1722.293 -1720.495 -1704.3 -1735.918 -1738.345
93 -1719.699 -1746.319 -1738.36 -1755.826 -1772.28 -1765.792
94 -1616.467 -1639.921 -1652.797 -1651.481 -1679.444 -1682.294
95 -1619.206 -1647 -1647.735 -1655.229 -1678.314 -1680.809
96 -1704.039 -1725.292 -1729.777 -1744.608 -1756.712 -1762.468
97 -1671.839 -1689.583 -1697.448 -1712.649 -1729.564 -1734.569
98 -1637.831 -1674.689 -1670.923 -1671.582 -1695.147 -1687.756
99 -1566.579 -1589.445 -1600.606 -1596.202 -1611.448 -1619.281
100 -1681.628 -1717.343 -1712.798 -1712.8 -1732.444 -1726.491
