1 64.29681 60.93783 56.82062 64.01424 61.40521 56.87987
2 50.15802 47.53359 49.78316 51.28321 48.83883 49.46567
3 59.57953 55.75137 56.1233 60.21122 55.89124 55.02371
4 54.86369 52.23952 52.89478 54.51877 51.86068 53.03675
5 58.48451 57.35122 57.4128 59.211 58.64104 56.85153
6 43.40219 42.73877 44.31651 43.16492 42.77299 44.05795
7 39.9179 41.24422 40.1939 40.81908 41.36218 40.59091
8 35.74342 36.43645 36.98726 35.99954 36.18656 36.53062
9 42.67262 41.349 41.95319 43.0311 41.09978 41.44649
10 56.34036 52.74677 52.00053 54.87416 53.28964 52.79187
11 34.72258 35.1359 33.79077 35.31054 35.25291 33.7405
12 49.05547 48.03764 47.88479 49.08109 48.20362 47.89969
13 61.81131 61.99318 59.64583 63.25918 61.57229 59.64133
14 44.48885 39.31093 41.18721 45.03525 39.97579 41.26144
15 55.79805 54.66768 54.06842 57.33149 55.18178 54.59946
16 47.76241 47.58051 48.10369 47.74184 48.13 47.09051
17 43.94893 43.60157 43.72791 44.31252 43.29856 43.55713
18 43.29559 45.25143 43.3909 43.48013 45.32714 43.81902
19 50.76428 51.68063 53.22858 51.7543 51.27545 52.83502
20 46.84286 44.89323 47.9383 47.06227 44.34273 48.23334
21 66.14649 68.55586 64.14575 66.63366 68.55756 63.78695
22 47.71017 47.67499 48.14352 48.24328 47.61854 47.75463
23 41.80524 40.14715 41.30916 42.59799 40.11291 41.31682
24 46.73125 47.7346 45.55927 48.28112 48.10968 45.51921
25 61.47164 61.2554 60.57494 60.91776 61.20343 60.92189
26 43.62848 41.83924 41.37975 43.1057 41.42526 41.7256
27 56.25935 56.48375 55.22543 57.17279 55.63552 54.49576
28 40.55297 38.81051 39.56406 40.85792 38.83487 39.40985
29 51.89188 50.41584 49.64748 52.65619 50.07372 49.76525
30 45.79704 46.85608 45.64875 48.01326 46.65224 45.34474
31 33.28852 33.88487 34.54435 33.9564 33.87959 34.64572
32 62.90712 60.30765 59.36 64.24902 60.90797 59.17761
33 42.85827 41.27457 40.47503 43.04347 40.54271 40.10552
34 45.7484 45.00841 43.86501 45.14605 44.99383 44.50408
35 41.56806 40.36921 40.33007 42.61709 40.10896 40.1044
36 43.41885 45.29534 45.24579 44.09517 45.1934 45.20507
37 49.84617 48.75464 48.01585 51.14139 48.66667 47.90075
38 52.383 52.0112 50.0542 52.84692 52.86875 50.35266
39 35.06766 34.4478 35.90781 35.4199 34.64189 36.43814
40 50.36793 45.88353 44.39646 50.07487 46.45022 45.22138
41 46.97948 47.50654 46.57771 46.40911 47.01163 47.40891
42 74.02588 74.5246 69.05304 75.63692 73.44776 68.98389
43 48.62815 48.55211 48.85621 48.79994 48.51239 48.49811
44 43.10383 44.63293 42.36403 43.13078 44.38008 42.66651
45 59.56039 62.56594 63.00543 59.36819 63.07887 62.90151
46 48.12617 45.57067 47.19572 49.66637 45.57671 47.5068
47 45.80789 43.29206 43.98069 44.96787 43.90594 43.59302
48 53.96515 52.64387 51.36149 52.64511 52.21008 52.09639
49 41.10614 42.40074 40.97955 41.32693 43.04031 40.52062
50 52.44067 53.40475 53.79656 52.92511 53.28774 53.46303
51 43.87693 42.70558 44.94504 44.40854 43.05415 44.70709
52 40.43143 40.0365 41.50286 41.23819 40.25386 41.46141
53 54.78371 53.42623 52.58664 54.52271 52.87093 52.68561
54 46.93645 46.60971 46.09431 47.67509 45.73928 45.88977
55 57.54591 58.73042 56.73229 57.27688 58.53835 55.62812
56 61.10753 60.04079 58.19212 61.80592 59.99201 58.89602
57 47.51108 44.82078 45.44543 48.51888 44.23166 45.71998
58 53.77745 52.2338 53.01753 54.78035 52.4576 52.51684
59 57.48772 57.42889 54.10524 56.56118 57.33986 53.71311
60 41.05354 39.13459 40.71664 41.88732 39.12369 40.77722
61 41.55925 41.53869 42.54668 41.63487 41.46146 42.93209
62 40.64228 40.95014 41.9812 41.40856 40.73686 42.51167
63 53.95419 50.51837 51.40431 54.84428 51.02585 50.96808
64 53.75755 52.7907 53.07585 53.41405 52.53595 52.83745
65 38.96893 37.96451 38.91599 40.48235 38.33576 39.08139
66 40.27772 40.13199 41.71436 41.66737 40.37501 41.58188
67 44.04474 43.49581 43.06493 43.87132 43.89335 42.54231
68 54.50297 55.28503 54.18528 54.03572 54.15865 54.12571
69 51.68575 49.05873 53.15799 51.92013 50.4666 52.68048
70 56.03806 53.13778 53.45213 57.39934 54.14513 52.96398
71 42.91083 45.01665 43.72513 44.15769 44.78476 43.31163
72 37.35355 38.52859 37.21354 37.58573 37.83706 37.01327
73 42.05056 41.11609 39.82432 42.32113 40.55731 39.72554
74 43.65042 43.46474 43.94532 44.0529 43.39466 44.28654
75 48.3682 49.98657 50.68636 49.55891 50.56505 50.98657
76 41.42503 40.49508 41.6022 40.5973 40.54601 41.54824
77 56.50386 56.31451 52.95327 57.47986 55.1455 54.42567
78 46.14863 45.95473 47.03071 46.52712 45.62676 46.88178
79 63.62952 59.10012 59.58451 65.39886 58.85101 60.02561
80 42.22562 41.96877 41.96596 42.9898 42.41557 42.33632
81 48.8982 47.88437 49.29414 48.76485 47.2793 49.10901
82 55.2784 55.3737 51.67317 55.8331 54.91927 51.6966
83 41.76956 43.24184 41.575 42.89271 43.33339 41.50978
84 54.21119 55.58279 55.53823 54.56176 56.72358 55.88187
85 39.6716 39.16948 37.17897 39.45268 39.11306 37.25765
86 54.82383 52.07103 52.26927 55.92852 51.24479 52.47429
87 62.36469 61.9723 60.23986 61.67186 61.93957 60.41553
88 49.87938 45.62783 45.84931 49.75538 45.77005 46.36616
89 47.83415 46.84951 45.31297 48.2895 47.81317 45.58998
90 68.11993 65.6293 64.8024 68.73157 65.66119 65.15835
91 54.10418 53.32536 51.83353 54.87979 54.00961 51.65077
92 46.41842 43.99256 44.73289 47.13708 44.21177 45.77046
93 46.43673 45.18759 44.96041 46.54889 44.8421 45.08361
94 44.17855 45.12763 42.44177 45.38712 45.60565 42.65331
95 45.01239 43.47447 45.27804 45.67387 43.07354 45.4827
96 51.26416 51.06707 50.64938 51.6727 50.70518 50.84563
97 43.89269 44.33021 45.05691 44.94496 44.15353 45.27004
98 42.99666 42.62502 43.30802 43.08272 42.29511 43.73532
99 42.7091 39.88559 40.05793 42.61667 40.28198 40.00508
100 48.41241 49.82067 50.31062 49.16542 49.74477 50.13677
