1 4.758907 4.527886 4.370046 4.709194 4.559911 4.383132
2 3.51376 3.458858 3.575728 3.588489 3.52892 3.562165
3 4.042988 3.915509 3.956088 4.067345 3.934696 3.87232
4 3.810208 3.746938 3.732802 3.810778 3.723223 3.756061
5 3.908523 3.892232 3.92348 3.948429 3.980704 3.892477
6 3.076398 3.070054 3.147341 3.05819 3.074207 3.126467
7 3.36932 3.498016 3.489553 3.487143 3.544295 3.509997
8 2.565193 2.596575 2.614594 2.570448 2.581435 2.585776
9 3.370166 3.402144 3.379939 3.396767 3.418687 3.382282
10 3.84296 3.667914 3.648265 3.737972 3.705904 3.7032
11 2.484745 2.541396 2.499511 2.521157 2.552597 2.501919
12 3.64186 3.626214 3.622282 3.638591 3.64861 3.63635
13 4.29673 4.361321 4.283568 4.367149 4.346891 4.286804
14 3.263315 2.982496 3.071141 3.30723 3.037227 3.0844
15 4.353205 4.243856 4.195252 4.440309 4.271686 4.22922
16 3.913483 3.828084 3.829454 3.91127 3.830896 3.746948
17 3.216134 3.273173 3.275035 3.236889 3.242539 3.282712
18 3.215898 3.329387 3.240016 3.200873 3.346175 3.296938
19 3.582268 3.683255 3.758004 3.622161 3.685329 3.724134
20 3.300956 3.284803 3.382354 3.306793 3.251729 3.402621
21 4.373587 4.478366 4.345814 4.409168 4.491719 4.320115
22 3.516321 3.636429 3.664059 3.555304 3.631882 3.62982
23 3.321737 3.303582 3.339572 3.370226 3.307596 3.332069
24 3.408659 3.530791 3.482078 3.492799 3.559171 3.481428
25 4.34333 4.371823 4.352867 4.291989 4.380639 4.387724
26 3.300223 3.244153 3.192343 3.249163 3.211607 3.217673
27 4.189426 4.296827 4.254347 4.225222 4.211101 4.211421
28 3.090398 3.057037 3.105578 3.089699 3.089887 3.07941
29 5.017824 5.019253 4.981488 4.957729 4.932262 5.010276
30 3.2302 3.365535 3.313737 3.371542 3.353274 3.29683
31 2.524979 2.598074 2.629409 2.568612 2.596706 2.623914
32 4.684062 4.665502 4.635802 4.782848 4.694901 4.640133
33 2.990304 2.944169 2.9143 2.986357 2.888111 2.889214
34 3.413722 3.473125 3.401268 3.405869 3.466053 3.443424
35 6.292789 6.436714 5.890061 6.44202 6.318725 6.357777
36 3.419845 3.625351 3.586715 3.491016 3.596388 3.593768
37 3.876793 3.87913 3.894604 3.975141 3.892148 3.847249
38 3.610105 3.640104 3.565446 3.655754 3.683329 3.591864
39 2.642734 2.642037 2.694824 2.636156 2.665422 2.746124
40 3.404785 3.17722 3.127108 3.392076 3.198295 3.171085
41 3.470055 3.472611 3.448578 3.446725 3.449039 3.448261
42 5.210674 5.317733 5.105505 5.349151 5.227789 5.128977
43 3.587286 3.639206 3.660972 3.589498 3.62865 3.637457
44 3.321964 3.413164 3.318543 3.327128 3.403233 3.34474
45 4.298637 4.49054 4.491604 4.276815 4.52861 4.484617
46 3.740646 3.760077 3.747828 3.83964 3.741466 3.819331
47 3.16991 3.06571 3.083947 3.107107 3.107091 3.073415
48 4.582983 4.473595 4.478689 4.461037 4.404121 4.532101
49 3.013643 3.146412 3.108499 3.023655 3.189298 3.080802
50 4.043483 4.107385 4.124686 4.054309 4.122247 4.108307
51 3.310886 3.366903 3.455389 3.346865 3.407331 3.447822
52 2.858722 2.889783 2.934241 2.893837 2.900596 2.933468
53 3.948106 3.858027 3.84773 3.927912 3.826933 3.846196
54 3.846776 3.850083 3.678251 3.933181 3.812286 3.846384
55 3.974186 4.06385 4.002237 3.974214 4.060885 3.93194
56 4.227484 4.189799 4.158886 4.274837 4.192746 4.1991
57 3.699268 3.605418 3.61735 3.749778 3.551052 3.586321
58 3.591063 3.563831 3.609439 3.649408 3.582187 3.584064
59 4.428549 4.407494 4.260858 4.251574 4.394239 4.214279
60 2.994008 2.936696 3.0005 3.003801 2.930381 2.997273
61 3.100436 3.186234 3.206459 3.119804 3.188599 3.238344
62 3.468574 3.592243 3.595933 3.511054 3.56825 3.634313
63 3.833375 3.703167 3.767299 3.886871 3.740025 3.74005
64 3.867878 3.839804 3.852212 3.825651 3.815708 3.833373
65 2.949641 2.938582 2.985916 3.05226 2.964162 2.987247
66 3.205396 3.271275 3.305525 3.262933 3.295899 3.339536
67 3.271837 3.296933 3.27535 3.225155 3.300016 3.229632
68 3.934808 3.990857 3.912447 3.897035 3.900105 3.919194
69 3.626259 3.544937 3.730812 3.631949 3.636245 3.692626
70 3.773044 3.639053 3.670125 3.840466 3.700454 3.640919
71 3.09586 3.247896 3.185507 3.14968 3.228488 3.166289
72 2.889792 3.046997 2.991866 2.900276 2.996052 2.965236
73 3.242611 3.189776 3.176053 3.252915 3.197897 3.145237
74 3.157211 3.235055 3.249587 3.195233 3.225842 3.269907
75 3.452241 3.599353 3.6516 3.530049 3.673296 3.670887
76 5.281066 5.899315 5.567282 5.664493 5.869189 5.842549
77 4.032794 4.123515 3.90817 4.090662 4.023157 4.005505
78 3.369179 3.410479 3.448954 3.397136 3.397505 3.446386
79 4.285117 4.134553 4.121091 4.382445 4.098005 4.146919
80 3.015557 3.063418 3.064318 3.056074 3.101102 3.093521
81 3.40505 3.383664 3.422198 3.356994 3.352596 3.403798
82 3.964186 4.013297 3.855137 4.004433 3.981563 3.883582
83 3.339138 3.482479 3.438822 3.425036 3.493911 3.44901
84 3.762586 3.843646 3.838126 3.78372 3.911691 3.85806
85 2.795827 2.767936 2.682922 2.764845 2.768497 2.690682
86 3.859395 3.786031 3.804086 3.929555 3.769937 3.824849
87 4.441084 4.439864 4.396308 4.398476 4.449996 4.441979
88 3.549257 3.376585 3.388754 3.514547 3.390375 3.426713
89 4.74473 4.722273 4.687213 4.766924 4.817479 4.748178
90 4.74595 4.704546 4.697653 4.789287 4.705949 4.726088
91 3.703301 3.758442 3.711758 3.761549 3.801783 3.698912
92 3.618238 3.555172 3.580718 3.620328 3.583431 3.637341
93 3.303289 3.256282 3.234118 3.291434 3.235125 3.253099
94 3.36095 3.45072 3.384447 3.439342 3.485686 3.400312
95 3.259787 3.22605 3.266411 3.292673 3.225379 3.283168
96 4.135636 4.13955 4.179659 4.125075 4.089273 4.13673
97 3.090777 3.177821 3.185212 3.159964 3.166272 3.194153
98 3.140542 3.203934 3.198321 3.137811 3.17421 3.215666
99 3.018961 2.906143 2.909422 3.009026 2.9266 2.893227
100 3.689677 3.821189 3.861765 3.737045 3.809367 3.836675
