1 0.3474268 0.05599113 0.01773355 0.8560761 0.4354916 1.016592 0.2634682 0.5425161 0.01572903
2 0.3214608 0.05493204 0.02016183 0.7096266 0.4693391 1.295979 0.2668711 0.1230933 0.001374838
3 0.2908698 0.05433338 0.01862494 0.4497737 0.4016693 2.565289 0.2751069 NaN NaN
4 0.3954702 0.05740245 0.01881273 1.383937 0.4471446 1.349252 0.2804038 0.6692452 0.01631109
5 0.3279232 0.05798756 0.02013924 0.685622 0.4634251 2.384313 0.2247366 NaN NaN
6 0.3365802 0.0600636 0.01973732 0.6996435 0.4935594 1.257091 0.2539527 0.3231333 0.009226381
7 0.3421797 0.06422923 0.01892634 0.6742198 0.4816575 2.301074 0.2573153 0.2981804 0.007555718
8 0.3422838 0.05864019 0.01986975 0.6271282 0.5401403 1.223219 0.2359354 0.3078384 0.007802125
9 0.3107004 0.06640134 0.02075202 0.5746779 0.4677688 1.583992 0.257554 NaN NaN
10 0.3233468 0.0540506 0.01828026 0.7014702 0.4312864 1.229489 NaN NaN NaN
11 0.3224964 0.06462674 0.02027014 0.4612172 0.564025 2.037433 0.2772873 0.5215885 0.01486199
12 0.3214355 0.06387045 0.01940897 0.6481776 0.5012954 0.9299826 0.292512 0.1332555 0.004490037
13 0.3047483 0.06224692 0.01823008 0.703494 0.4846112 0.8817978 0.2900265 0.09551289 0.001141135
14 0.3715007 0.06488466 0.02188918 0.7119857 0.6744855 0.8838971 0.6263917 0.5632314 0.01759365
15 0.3073258 0.05879437 0.02010267 0.5739122 0.5104863 1.074796 0.2746498 NaN NaN
16 0.373767 0.06257922 0.0218271 0.6988727 0.635077 0.9573004 0.2836049 0.3209455 0.009472859
17 0.3052839 0.0584904 0.01861734 0.581234 0.406924 1.099452 0.4212151 0.2955952 0.006527539
18 0.3268808 0.05779791 0.01932835 0.6130324 0.5369512 1.002748 0.5575045 0.3296105 0.009880101
19 0.309788 0.05790537 0.01895021 0.6355494 0.4054026 3.146574 0.3346197 NaN NaN
20 0.3380763 0.07057585 0.02308356 0.6469651 0.5612583 3.501662 0.2868515 0.1364505 0.004175952
21 0.2989698 0.05159833 0.01757335 0.4861615 0.4244128 1.624274 0.2978107 NaN NaN
22 0.3051277 0.06463493 0.02098969 0.5702155 0.496279 1.626633 0.2648889 NaN NaN
23 0.3062999 0.06075851 0.02002332 0.5033431 0.5098894 0.9251893 0.2297853 NaN NaN
24 0.3271298 0.05723796 0.01696367 0.593004 0.4529236 0.6941095 0.2467213 NaN NaN
25 0.3186242 0.06385278 0.01900071 0.5936708 0.4835506 1.293609 0.2933177 0.1518081 0.001420142
26 0.3568289 0.06300099 0.02121783 0.753997 0.5809066 1.179534 0.3467872 0.1870986 0.002357837
27 0.3325026 0.05826048 0.01831248 0.6701935 0.4650198 1.091037 0.282912 0.3408171 0.008697558
28 0.3504205 0.06860974 0.02130387 0.6796284 0.5892522 1.055073 0.2315681 NaN NaN
29 0.3224716 0.06407005 0.0198656 0.6837716 0.4929933 1.007562 0.3637093 0.2062529 0.006190298
30 0.3370035 0.06192252 0.01952117 0.7546131 0.4686345 2.668757 0.2620516 0.3555629 0.00935772
31 0.3465735 0.05830136 0.01940044 0.6568815 0.5119801 0.7357767 0.2221228 0.6663615 0.02010647
32 0.2912903 0.06159051 0.019215 0.5098687 0.4968958 1.408555 NaN NaN NaN
33 0.3362253 0.05872398 0.02010249 0.6624198 0.4844419 2.332693 0.2348698 NaN NaN
34 0.3520436 0.07216024 0.02084477 0.6602801 0.5546288 1.175532 0.247595 0.1347168 NaN
35 0.3447088 0.06285611 0.02101104 0.5872315 0.5769306 0.9044915 0.2347152 0.5535947 0.01632089
36 0.3278342 0.0600712 0.02038567 0.5707503 0.5576411 0.8696387 0.3032968 0.2044152 NaN
37 0.3295693 0.06100839 0.01960495 0.5968301 0.4975263 2.184521 0.2813952 0.1387036 0.00242103
38 0.3364113 0.06318031 0.01937506 0.6633857 0.4821772 2.265469 0.6685053 1.207987 0.01844064
39 0.3046578 0.05538823 0.01926219 0.4960977 0.5002672 0.7436059 NaN NaN NaN
40 0.3621304 0.05980498 0.0209241 0.6524399 0.5444491 2.733399 0.2615951 0.3401578 0.008973168
41 0.3369207 0.05594419 0.01848779 0.6475599 0.427398 1.57097 0.2883655 0.3171762 0.009433431
42 0.2917079 0.05140146 0.01560067 0.563687 0.3455259 1.664273 0.3244958 0.4049912 0.01112198
43 0.3486286 0.06872219 0.02024775 0.673462 0.4857985 3.033249 0.2565849 0.09260171 0.0002306865
44 0.3165853 0.05678638 0.01800868 0.5738092 0.5163533 0.5482757 0.235587 NaN NaN
45 0.2987248 0.06481368 0.02063854 0.4869777 0.5497033 1.266767 NaN NaN NaN
46 0.3280222 0.06847391 0.01965179 0.6223689 0.5171274 0.9821194 0.2442925 0.09528992 NaN
47 0.3200737 0.05846864 0.01803259 0.5587307 0.4283288 1.426442 0.378742 0.3896725 0.01147365
48 0.3498734 0.06515411 0.02089095 0.5380283 0.5675491 2.121559 0.280974 0.5243121 0.01355991
49 0.3485417 0.07301081 0.02112158 0.7729562 0.5336621 1.567209 0.2301051 0.0845273 NaN
50 0.3536066 0.0637485 0.02049643 0.7260738 0.5695929 1.385767 0.259652 NaN NaN
51 0.3133381 0.06741041 0.01986979 0.6583327 0.4868779 1.317491 0.2451468 NaN NaN
52 0.3162474 0.06106021 0.01989061 0.6353026 0.5042268 1.219709 0.245381 0.3470215 0.009168465
53 0.3166873 0.05585694 0.01766702 0.4971763 0.4373058 1.078052 0.256479 0.0144197 NaN
54 0.3224657 0.05840398 0.0211111 0.6572212 0.5045046 1.218875 0.2855126 0.3311362 0.008788121
55 0.3209966 0.06277384 0.01912339 0.5251765 0.4873743 1.758458 0.3503336 2.026136 0.05066617
56 0.3019122 0.05456229 0.0178001 0.6149358 0.4291712 1.304994 0.2816443 0.09331443 0.00141204
57 0.3236976 0.06159298 0.02241931 0.5389426 0.5626806 1.483316 0.260918 NaN NaN
58 0.3040081 0.05562713 0.01872228 0.5379801 0.4671397 1.073481 0.266917 NaN 0.001031035
59 0.3351975 0.06148174 0.01797341 0.7122666 0.4471083 1.004081 0.4360296 0.1992005 0.01000656
60 0.3338378 0.05658047 0.01932724 0.8147955 0.4276595 1.273029 0.2355046 0.02223916 NaN
61 0.3313058 0.06909348 0.0206582 0.5957482 0.5645845 1.103954 0.2326515 NaN NaN
62 0.3464374 0.07318781 0.02191148 0.5627467 0.5814008 1.593825 0.2355291 0.07264387 NaN
63 0.2828697 0.05550894 0.01967913 0.5054109 0.4295347 1.050101 0.2856432 0.3441255 0.009742407
64 0.3413432 0.05951795 0.01885279 0.756039 0.4763986 0.894426 0.2751425 0.1349753 0.001371581
65 0.3739863 0.06144461 0.02190051 0.7971959 0.6018934 1.394004 0.2480455 0.1733381 NaN
66 0.3356314 0.05673309 0.01981897 0.6693561 0.456362 1.19677 0.2378051 NaN NaN
67 0.3585196 0.06037105 0.02017529 0.834567 0.5287842 0.8156432 0.2444392 NaN NaN
68 0.2954944 0.0593278 0.01870353 0.3855322 0.4610993 1.92343 0.2799766 NaN 0.004629929
69 0.3154956 0.06419615 0.02155017 0.5582521 0.5548054 1.794945 NaN NaN NaN
70 0.3316323 0.05797108 0.01760058 0.583945 0.4591125 1.358038 0.2768097 NaN 0.007633355
71 0.3492764 0.05990251 0.02073208 0.8838515 0.4905507 0.998305 0.536977 0.3428228 0.01008437
72 0.3571583 0.07040998 0.02086578 0.7743466 0.4950494 2.431641 0.2490061 NaN 0.005741895
73 0.3895363 0.06526505 0.02048496 0.7955864 0.4913654 4.722798 0.23055 0.1048294 NaN
74 0.3354536 0.06073475 0.01727547 0.7785494 0.4247187 1.190534 0.2530199 0.3206708 0.008644108
75 0.3377517 0.05854322 0.02049923 0.7244928 0.476574 1.72697 0.2713802 0.1426006 NaN
76 0.2911937 0.05701144 0.0200891 0.4890346 0.4378443 1.733064 0.2617296 0.1089291 0.003163394
77 0.3172989 0.05842398 0.01780168 0.6478201 0.4632733 1.265363 0.2998983 0.1053619 0.004390466
78 0.3053306 0.05986353 0.01951895 0.552789 0.4852302 1.857673 0.2531496 NaN NaN
79 0.3110636 0.05468367 0.018945 0.6662746 0.4408753 1.264905 0.3059106 0.8750642 0.02235406
80 0.2925656 0.0631419 0.0201613 0.5017691 0.5109158 0.7927573 0.2511466 0.4294691 0.012376
81 0.3218108 0.05876986 0.02024122 0.6599713 0.4567273 2.085389 0.3042605 0.1802559 0.002309957
82 0.3363099 0.05830723 0.01753677 0.6763238 0.4373634 1.489056 0.2846044 NaN NaN
83 0.3503485 0.06537933 0.02023547 0.8417326 0.4722447 2.383618 0.2509296 0.4505903 0.01189557
84 0.3121179 0.05744229 0.01861594 0.5842537 0.4553613 1.255553 0.418456 NaN 0.01219494
85 0.3257577 0.05321751 0.01903509 0.610589 0.4205173 1.197414 0.2478809 0.1455088 NaN
86 0.333732 0.06063332 0.0198471 0.6676675 0.4850594 1.001932 0.4112978 0.2286209 0.008501345
87 0.3024114 0.06025472 0.01805532 0.4378873 0.4582926 1.485948 0.2891384 0.6018763 0.01524612
88 0.3433966 0.05842766 0.02011123 0.7609696 0.4819864 1.03679 0.2716044 0.313943 0.008992796
89 0.3065687 0.05958113 0.01868447 0.4711789 0.4885232 1.007604 0.2464398 0.04793697 NaN
90 0.3298288 0.07443037 0.01924686 0.5251109 0.5042424 2.917718 0.3118179 0.3627236 0.009978257
91 0.2778928 0.05935288 0.01806526 0.4575637 0.4184827 1.254647 1.498006 0.6554365 0.03526273
92 0.333537 0.06568327 0.02122314 0.6755431 0.5387321 1.514719 0.2534591 0.1138136 NaN
93 0.3719994 0.06176344 0.01896746 0.914962 0.4702531 1.541391 0.2649813 NaN 0.002161353
94 0.3552627 0.06077974 0.01810027 0.7713915 0.5177574 0.8287528 NaN 1.183299 0.03555841
95 0.346866 0.05938596 0.01998087 0.8729219 0.4779685 1.292451 0.3910206 NaN NaN
96 0.3267369 0.05980279 0.01790997 0.5208204 0.4665747 1.153515 0.2628343 0.3330823 0.008694407
97 0.2741085 0.06111633 0.01923477 0.4029631 0.4635962 1.027705 0.2688527 0.312751 0.009003858
98 0.3198869 0.06341539 0.02143198 0.6086865 0.5096822 1.379677 0.2616797 0.3814004 0.01076833
99 0.3254713 0.05940793 0.02100477 0.6103044 0.5176654 1.435727 0.3526096 NaN NaN
100 0.3328034 0.06619533 0.01984804 0.5978847 0.4935777 1.619768 0.4616298 0.8271784 0.01802794
