1 26.8755 1.89977 -0.4847617 7.552644 3.746583 -1.241008 -1.506534 -0.0837992
2 25.91856 1.883933 -0.5412418 6.582003 2.946711 -1.633537 -0.8375872 -0.0720882
3 26.39577 1.948734 -0.5314576 5.660784 1.63735 -1.930154 -0.6750365 -0.05164405
4 26.20769 1.877434 -0.5051415 6.046865 8.489227 -1.83155 -0.4703186 -0.06362601
5 26.18664 1.907049 -0.5326822 6.578784 3.129863 -1.594157 -1.37125 -0.0926488
6 25.87616 1.967587 -0.5340755 6.904049 3.496757 -1.887235 -0.3249604 -0.02704224
7 26.85882 2.137061 -0.5324639 5.844222 2.957152 -1.808872 -0.05656842 -0.006690056
8 26.57964 1.876925 -0.5142181 6.425913 2.880723 -1.512837 -0.2321163 -0.05450072
9 25.41976 2.052603 -0.5503329 6.055094 2.57655 -1.758343 -0.6951448 -0.002073038
10 26.61334 1.877617 -0.5049719 6.301221 3.781591 -1.082765 -1.425295 -0.1024755
11 26.52946 2.054454 -0.5417662 6.220748 1.368779 -1.236939 -0.5415763 -0.04925233
12 26.3661 2.123962 -0.5397004 7.26327 3.6375 -1.416533 -1.29894 -0.07058988
13 26.22637 2.127259 -0.536498 7.288461 2.84881 -1.86415 -1.734468 -0.04692439
14 26.04753 1.799697 -0.5016698 9.665451 3.821041 -1.662641 -0.6893596 -0.03559306
15 26.20292 1.853689 -0.5309689 7.487524 2.895893 -1.577589 -1.416702 -0.08072385
16 26.25511 1.805114 -0.4927472 9.164854 3.292044 -2.025771 -0.2654294 -0.03901031
17 25.60795 2.010288 -0.5521309 5.886335 2.868463 -2.473234 -1.588803 0.008852572
18 26.38414 1.950613 -0.5235569 6.906036 3.075152 -1.714609 -1.948098 -0.01942002
19 25.9413 1.942098 -0.542751 5.33718 2.960004 -1.251687 -1.250189 -0.1065821
20 25.5963 1.965242 -0.5583022 7.364513 2.147859 -1.528864 -1.266125 -0.05087434
21 26.60443 1.839487 -0.5033101 6.30015 2.161809 -1.966852 -1.784046 -0.05634345
22 25.29109 2.024909 -0.5592617 6.706518 2.334801 -1.993327 -0.5293128 -0.03537637
23 25.9273 1.975076 -0.5303986 7.088887 2.052795 -1.587048 -0.9296414 -0.03344931
24 26.40623 2.135168 -0.5177241 7.222449 3.130842 -2.137493 -0.1557315 -0.002732185
25 26.31647 2.0489 -0.5176205 7.147121 2.82026 -1.663874 -1.735606 -0.06566442
26 26.00819 1.906208 -0.5303896 7.078182 4.072754 -1.696526 -1.374511 -0.01288323
27 26.31228 2.071832 -0.5132158 6.628086 3.097832 -1.968512 -0.0578679 -0.09538108
28 26.26446 2.005043 -0.5454362 7.662012 3.186186 -1.559631 -0.8039937 -0.01909942
29 25.88273 2.080097 -0.5510268 7.271603 2.898577 -1.445223 -1.48692 -0.0774035
30 26.01603 2.010488 -0.5392199 5.804901 3.303975 -2.132706 -0.05749567 0.006654167
31 25.46725 1.928911 -0.506755 6.758518 3.095316 -1.173661 -0.8139893 -0.08309952
32 26.37275 2.010695 -0.5380677 7.266694 2.451528 -2.374097 -0.8377839 0.00959546
33 26.07488 1.864382 -0.5224216 6.024213 2.697337 -1.764091 -0.972836 -0.004839822
34 25.80205 2.118575 -0.5255274 7.90445 3.061003 -2.020094 -0.4800323 0.01286044
35 26.23068 2.001358 -0.5248985 7.581492 2.174705 -1.444669 -0.8692158 -0.06236493
36 25.85849 1.951518 -0.5296183 7.764733 2.810851 -2.160209 -0.9811802 0.01298344
37 26.08302 2.042083 -0.5258378 6.425587 2.413526 -1.544432 -1.183075 -0.06880096
38 26.52877 2.127354 -0.5269339 6.49429 2.433823 -1.208787 -1.116404 -0.1116887
39 25.79951 1.921698 -0.5491228 7.217476 2.178364 -1.347839 -0.6935435 -0.07020156
40 26.80738 1.867351 -0.4918341 6.992754 2.753227 -2.130956 -0.05538263 0.00472101
41 26.59098 1.848403 -0.49328 5.945001 2.521554 -1.975066 -0.298267 -0.04824058
42 26.4721 1.976763 -0.4960295 5.044971 2.494373 -2.249986 -0.352833 -0.02736418
43 26.09626 2.116233 -0.5218318 6.58125 2.705804 -1.63378 -0.5805309 -0.06165742
44 26.493 2.036138 -0.5205733 8.14669 3.949147 -1.85825 -0.4288043 0.003868104
45 25.98562 1.99225 -0.5326425 7.611988 2.498701 -1.7045 -3.375414 -0.05459171
46 26.35946 2.235034 -0.5366074 7.622908 2.387239 -2.050305 -0.3025545 0.005805973
47 26.76779 2.046111 -0.5125029 5.949981 1.815568 -1.559583 -0.6531707 -0.06726235
48 26.38797 1.957136 -0.5081415 7.715261 1.866002 -2.298153 0.1971227 0.006512806
49 25.70481 2.252615 -0.5513871 6.903066 3.565706 -1.828169 -0.6871427 0.01026828
50 26.17497 1.890712 -0.504309 7.616247 3.843578 -2.129338 0.03022086 -0.02203041
51 25.3503 2.144754 -0.5672231 6.228118 2.800443 -1.880017 -0.9601837 -0.02203321
52 26.08106 1.953619 -0.5459181 6.329261 2.763263 -1.737135 -0.2782603 -0.0180097
53 26.52072 1.920234 -0.4919902 6.757745 2.032135 -1.592581 -0.9016076 -0.08095644
54 26.0485 1.831148 -0.5265794 6.953347 2.549793 -1.862216 0.2418708 -0.08310745
55 26.72691 1.977422 -0.5054055 7.14236 2.010432 -1.830995 -0.8885633 -0.06358922
56 26.14514 1.916083 -0.5102822 6.175968 3.035102 -1.690518 -1.935611 -0.06118617
57 25.8061 1.802028 -0.5353475 7.367232 2.023844 -1.943026 -0.8747736 -0.03216885
58 26.21371 1.901317 -0.5251736 6.805066 3.120133 -1.814017 -0.6000245 -0.05824138
59 26.63546 2.142292 -0.5225597 7.033635 3.725937 -1.612356 -1.287561 -0.07699473
60 25.95968 1.918778 -0.5518976 5.581873 4.139385 -1.38761 -1.504439 -0.05132152
61 25.98867 2.182 -0.5507093 7.854091 3.20233 -1.62449 -1.24157 -0.03054278
62 25.90156 2.176052 -0.5511671 7.457655 1.97698 -1.722519 -0.6454355 0.003347724
63 25.6675 1.838548 -0.5432 6.369296 1.924968 -1.649373 -0.4423071 -0.1153522
64 26.06823 1.868082 -0.5214053 7.60817 2.732748 -2.04301 0.08245763 -0.03716822
65 25.94235 1.869545 -0.5271696 7.395919 4.9909 -1.285047 -1.437971 -0.06147088
66 25.91116 1.934005 -0.530866 6.876038 2.567944 -1.490626 -1.20023 -0.05532161
67 25.53354 1.927608 -0.5366739 7.318527 4.226552 -1.986426 -0.926322 -0.005221888
68 26.33491 1.950377 -0.5036729 6.363374 1.177901 -2.219031 0.540938 -0.01464524
69 25.88735 2.047951 -0.5727842 7.487458 1.921136 -1.764303 -2.055296 -0.03942968
70 26.72587 1.992335 -0.4862302 6.205231 3.134983 -2.207157 -0.1873076 -0.04205693
71 25.51735 1.93008 -0.5510507 7.234617 4.250056 -1.770721 -1.434791 0.004129845
72 25.8383 2.100575 -0.5511314 6.230397 3.496042 -2.257732 0.3890418 0.01154788
73 26.5425 1.988479 -0.4976595 6.279845 2.700971 -1.697212 -0.8883216 -0.006306594
74 26.30084 2.20357 -0.5282457 5.668637 4.67862 -1.83187 -0.3121868 -0.02785285
75 25.78486 1.970762 -0.5490805 6.65547 4.075684 -1.9309 -0.3868661 -0.05370883
76 25.66758 1.95802 -0.5468116 5.594482 2.186212 -1.793609 -1.740677 -0.02914286
77 26.57829 2.045056 -0.5185622 6.269579 3.611194 -1.457379 -1.506509 -0.08621339
78 26.10016 1.930163 -0.5426265 6.155282 2.501901 -2.116001 -0.1473176 0.0002569771
79 25.55683 1.796624 -0.5250011 6.419718 3.349665 -1.628995 -1.352732 -0.09154552
80 25.70801 2.017908 -0.5676302 7.917177 2.445469 -1.733788 -0.6864082 -0.04667089
81 25.91622 1.823381 -0.5333634 6.269159 2.706941 -2.375285 0.02157435 0.005209786
82 26.88194 2.013254 -0.4966877 6.345448 3.125967 -1.430725 -1.41824 -0.08840316
83 25.76051 2.07886 -0.5392791 6.048503 4.300835 -1.806708 -0.3392439 -0.006504556
84 26.54549 2.033028 -0.5236695 6.432363 2.874776 -1.368578 -1.324488 -0.09723298
85 25.92881 1.828921 -0.5205396 5.896242 3.134712 -1.747813 -0.546973 -0.01546962
86 25.81967 1.869562 -0.5411266 8.308599 3.82012 -2.033617 0.4385424 -0.02501762
87 26.8168 2.070366 -0.5084917 6.620648 1.723381 -1.879536 -0.8493919 -0.0703707
88 25.30273 1.878874 -0.5253633 7.15049 4.784303 -2.246875 0.01228984 0.008911135
89 26.36847 2.036684 -0.5168507 7.211097 1.739778 -2.157483 -0.05500346 0.004251697
90 26.75063 2.357186 -0.5243539 7.288898 1.863382 -1.984118 -0.414174 -0.06243783
91 25.97858 2.07804 -0.5408941 6.013272 2.027086 -1.234309 -1.103873 -0.08083731
92 25.64838 2.103207 -0.5544609 6.908396 2.671169 -2.136917 -0.8330521 0.006323728
93 26.69666 1.945248 -0.5151642 6.419621 5.758666 -1.81324 -1.100534 -0.0470332
94 26.47269 2.116902 -0.5045094 6.931332 4.850689 -1.511312 -1.176125 -0.08269256
95 26.1466 1.911812 -0.5405501 6.622129 3.847414 -1.606544 -0.8933594 -0.05870702
96 26.6502 2.056627 -0.4973664 6.678387 2.417132 -2.057615 -0.120511 -0.02834018
97 25.99529 2.006425 -0.5619333 6.804841 1.295583 -1.934617 -0.3070003 -0.04291765
98 25.67612 1.941009 -0.5456801 6.732733 2.620936 -1.722502 -0.765604 -0.06598596
99 25.74153 1.870399 -0.5326274 6.559811 2.704778 -1.6806 -0.6482896 -0.01060099
100 26.01726 2.085201 -0.5168442 6.493797 2.375791 -1.245163 -1.043042 -0.1064388
