1 0.4021608 0.06522729 0.02163525 0.921073 0.4552148 0.2653699 0.5443898 0.01572428
2 0.3470115 0.06462931 0.02256469 0.7465382 0.4110979 0.2669412 0.1234929 0.001467273
3 0.2964745 0.05941994 0.01959925 0.4673678 0.3378586 0.2722638 NaN NaN
4 0.4424874 0.06178243 0.02067564 1.84592 0.3827948 0.2823758 0.693145 0.01670215
5 0.3395304 0.06344688 0.02151222 0.7407686 0.391519 NaN NaN NaN
6 0.3864291 0.07065768 0.02319408 0.9254219 0.4584793 0.2538691 0.3226004 0.009173631
7 0.3683916 0.06948555 0.02039849 0.8383821 0.4034153 0.257497 0.2980702 0.007560491
8 0.3990635 0.06490004 0.02298844 0.8000118 0.4721846 0.235549 0.3059681 0.007819159
9 0.3502798 0.07103775 0.02245293 0.7990071 0.4107192 0.2610091 NaN NaN
10 0.3752142 0.06094462 0.02067232 0.9370866 0.3935475 NaN NaN NaN
11 0.3453795 0.06966936 0.02256461 0.5092366 0.4601432 0.2774551 0.5258709 0.01494144
12 0.3840636 0.07600814 0.02227712 1.022007 0.4666103 0.2926239 0.1337347 0.004493454
13 0.3465432 0.07463186 0.02176958 0.8412531 0.4357374 0.2896341 0.0960455 0.00107857
14 0.5154711 0.07921203 0.02795472 1.460679 0.6682137 0.635521 0.5673045 0.01770495
15 0.3567033 0.06575401 0.02335542 0.7840143 0.4562319 0.2745363 NaN NaN
16 0.4391455 0.07070996 0.02565494 1.03762 0.5875114 0.2825487 0.3187466 0.00943192
17 0.3445669 0.06715664 0.02177884 0.7233348 0.380229 0.4248032 0.2971712 0.006700302
18 0.3801077 0.06777637 0.02252751 0.9210732 0.4594674 0.5425303 0.3179118 0.009557313
19 0.3225292 0.060414 0.02006748 0.7143742 0.3303929 0.3369387 NaN NaN
20 0.3393512 0.07269445 0.02449825 0.6351218 0.4715918 0.2872715 0.1343554 0.004204599
21 0.3211297 0.05700313 0.01990267 0.5853109 0.3628837 0.2992511 NaN NaN
22 0.3318788 0.07217501 0.02310842 0.6697449 0.4211878 0.265916 NaN NaN
23 0.3772504 0.07175702 0.02353773 0.7956082 0.4909813 0.2293564 NaN NaN
24 0.3901527 0.07567563 0.02201128 0.8416573 0.4639017 0.2466763 NaN NaN
25 0.3577545 0.07026578 0.02143159 0.7948928 0.4265741 0.2942971 0.1533102 0.001578267
26 0.4039443 0.06974702 0.0237006 1.054773 0.4776074 0.3338519 0.1779796 0.001749706
27 0.3659296 0.06931387 0.02070342 0.8704221 0.4100498 0.2845106 0.3436353 0.008751398
28 0.3995167 0.07572307 0.0248102 0.9326172 0.5343721 0.2315553 NaN NaN
29 0.3543118 0.07512146 0.02325515 0.7843287 0.4509523 0.3621208 0.2047466 0.006167925
30 0.349811 0.06568731 0.0209023 0.8383835 0.3750529 0.2622476 0.355945 0.009318358
31 0.4493529 0.07383172 0.02399058 1.109649 0.5251941 0.2218386 0.6475991 0.01955453
32 0.3335883 0.06974396 0.02207171 0.6810993 0.4287738 NaN NaN NaN
33 0.3679361 0.06256928 0.0216647 0.8509875 0.4121001 0.2353972 0.0257775 NaN
34 0.4081737 0.08145163 0.02397388 0.9059133 0.5175889 0.2479413 0.1344187 NaN
35 0.3872251 0.07375945 0.02386455 0.7778227 0.5231287 0.2357118 0.6268897 0.01866536
36 0.3859207 0.07268689 0.02426234 0.8227329 0.5044981 0.3071225 0.2080204 NaN
37 0.3469721 0.06842008 0.02121834 0.6927001 0.4041349 0.285852 0.1457505 0.002607223
38 0.3438577 0.070553 0.02073206 0.6477497 0.4046093 0.7546471 1.475971 0.02083291
39 0.3870536 0.07273499 0.02538851 0.8970795 0.5370045 0.1651344 NaN NaN
40 0.40295 0.06445231 0.02185136 0.7818552 0.4505551 0.2620853 0.3398102 0.008942987
41 0.3623428 0.05778344 0.02014739 0.6638955 0.3782549 0.2878742 0.3165217 0.009462072
42 0.3115597 0.05541023 0.017289 0.5750723 0.2864448 0.3244541 0.4044099 0.01114012
43 0.3619262 0.07222887 0.02122376 0.7397966 0.4169063 0.2572628 0.09132258 0.0002821798
44 0.4264116 0.07690991 0.02416142 1.228721 0.552121 0.235829 NaN NaN
45 0.345316 0.07205919 0.02291934 0.6936589 0.4502255 0.3078568 NaN 0.0104791
46 0.3748274 0.0819218 0.0228459 0.7685833 0.4941308 0.2448993 0.09596424 NaN
47 0.3509701 0.06552067 0.02053812 0.573592 0.404015 0.4125049 0.3995234 0.01222198
48 0.3649109 0.06938982 0.02272107 0.5648156 0.4736928 0.2802892 0.5067491 0.01319497
49 0.3899116 0.08304313 0.02313382 0.9667605 0.4643644 0.2303599 0.08818206 NaN
50 0.400327 0.06781524 0.02297852 0.962787 0.4705941 0.2582117 NaN NaN
51 0.3466342 0.0756682 0.0225537 0.7687085 0.4096148 0.2449417 NaN NaN
52 0.3613997 0.06743313 0.02269098 0.77367 0.4325941 0.2456079 0.3443196 0.009110738
53 0.363935 0.06321875 0.02101264 0.7051339 0.424509 0.2556051 0.05314124 NaN
54 0.3564564 0.06405348 0.02333141 0.7090532 0.4475607 0.2872238 0.3328448 0.008913678
55 0.3483071 0.06584355 0.02120613 0.5937705 0.4274545 0.3361766 1.840022 0.04636782
56 0.3452329 0.06129679 0.02014547 0.7990885 0.3677388 0.2815979 0.09226565 0.001651857
57 0.3525833 0.06519913 0.02450259 0.6531037 0.4740644 0.261019 NaN NaN
58 0.3555686 0.06455926 0.02196314 0.7708689 0.4178585 0.2660718 NaN NaN
59 0.3787912 0.07329054 0.02107526 0.9127804 0.4289868 0.4266368 0.1947151 0.009681974
60 0.3679784 0.06294667 0.02151788 1.038633 0.3847545 0.2356711 0.02552922 NaN
61 0.4005574 0.08470447 0.02449977 0.937808 0.5334747 0.2323435 NaN NaN
62 0.3619011 0.08140567 0.02415598 0.6383764 0.5040799 0.2355823 0.07079626 NaN
63 0.3149163 0.06209346 0.02262689 0.6647534 0.3983393 0.2902832 0.3440408 0.009888405
64 0.3666293 0.06708905 0.02336716 0.7164007 0.4676486 0.2737258 0.1315224 0.001068372
65 0.4444831 0.07117661 0.02470545 1.372514 0.524158 0.2488501 0.1731255 NaN
66 0.3750356 0.06901226 0.02337298 0.7441522 0.4646762 0.2383499 NaN NaN
67 0.4023676 0.07217066 0.02436505 1.113596 0.4839832 0.2451162 NaN NaN
68 0.3225443 0.06205947 0.02037382 0.4407007 0.3846738 0.2819929 NaN 0.004747657
69 0.3216154 0.07492334 0.02388122 0.5938705 0.4580548 NaN NaN NaN
70 0.3797911 0.06275676 0.01948343 0.7452634 0.376375 0.2779266 NaN 0.007668973
71 0.3847096 0.07143159 0.02416602 1.097057 0.472629 0.5318617 0.3393375 0.009942932
72 0.3839211 0.07350038 0.02224789 0.9986906 0.4393643 0.2500932 NaN 0.005938242
73 0.3953067 0.0661833 0.02113279 0.819804 0.4321132 0.2308566 0.1062003 NaN
74 0.3939186 0.07204855 0.02020273 1.11301 0.378214 0.253351 0.320699 0.008635769
75 0.3625736 0.0687996 0.02251144 1.034951 0.4162185 0.2698059 0.1398773 NaN
76 0.3305379 0.06379192 0.02141917 0.7273832 0.3800464 0.2620704 0.1095894 0.00324463
77 0.3594773 0.06595996 0.02017831 0.927122 0.3851554 0.3043617 0.1007204 0.00454133
78 0.3368954 0.0638664 0.02179391 0.6839418 0.3961201 0.2524936 NaN NaN
79 0.3425011 0.06018899 0.0218377 0.8082381 0.3781058 0.3029488 0.8177013 0.02119632
80 0.3614358 0.07814319 0.02543977 0.7375087 0.5200433 0.2501535 0.4080887 0.01169692
81 0.3460209 0.06096058 0.02196241 0.7205841 0.3967169 0.3028022 0.1784293 0.002252834
82 0.3680456 0.06408603 0.01979348 0.7667198 0.388546 0.2874614 NaN NaN
83 0.3852533 0.07189105 0.02168738 1.01695 0.402454 0.2500002 0.4631623 0.01223968
84 0.34912 0.06688037 0.0205516 0.7652675 0.3959248 0.4063134 NaN 0.009906717
85 0.3763358 0.06124615 0.02199258 0.8744361 0.4075292 0.246048 0.1427827 NaN
86 0.3831826 0.0712495 0.02495603 0.930943 0.5043274 0.3852351 0.2088494 0.007901663
87 0.3314371 0.06632194 0.01987213 0.5246675 0.3907872 0.2867886 0.5471804 0.0140803
88 0.4166388 0.07052936 0.02377941 1.377116 0.4704253 0.2712125 0.313502 0.00897206
89 0.3657663 0.07134769 0.02224144 0.6843552 0.4670043 0.2471822 0.06241924 NaN
90 0.3404118 0.08137363 0.02039853 0.5475589 0.4240226 0.3183749 0.3609512 0.01018543
91 0.3174619 0.06810716 0.02071188 0.6009313 0.3732936 1.189056 0.5125739 0.02767742
92 0.3594712 0.07630486 0.02326095 0.8705795 0.4528627 0.2531139 0.1104019 NaN
93 0.4189727 0.06470762 0.021232 1.444825 0.4244828 0.2633456 NaN NaN
94 0.4325746 0.07509498 0.021865 1.193963 0.4614241 NaN 0.9275209 0.02682027
95 0.3809492 0.06712815 0.02286238 0.970287 0.4395222 0.2872025 NaN NaN
96 0.3739877 0.06812966 0.02068835 0.7071709 0.423866 0.2635065 0.3328016 0.008737624
97 0.3129273 0.07022993 0.02311054 0.4895859 0.4393563 0.2687707 0.3145263 0.009005294
98 0.3589676 0.06923892 0.02352886 0.7501527 0.4471549 0.2621434 0.3804563 0.01078569
99 0.3684918 0.0662345 0.02369302 0.7919661 0.4499184 0.346359 NaN NaN
100 0.3547838 0.07055111 0.02129096 0.660972 0.4099303 0.4369703 0.8936163 0.01981298
