1 26.66146 1.928108 -0.4976069 4.231756 3.617357 4.905313 -1.231315 -1.499653 -0.08540864
2 25.98857 1.81137 -0.5397923 4.411958 2.655016 5.696513 -1.642279 -0.8316043 -0.07110621
3 26.43487 1.879402 -0.5225488 4.412367 1.604879 9.078281 -1.965271 -0.6355479 -0.04651219
4 26.47835 1.905303 -0.5083251 4.515043 6.111186 5.844321 -1.825645 -0.4795445 -0.06508042
5 26.31851 1.868975 -0.5247483 5.224796 2.671059 8.899982 -1.592059 -1.407473 -0.09150305
6 26.16115 1.959415 -0.5309232 4.476253 2.497612 5.620859 -1.885892 -0.3339772 -0.02835393
7 27.02412 2.139964 -0.5301503 4.547351 2.380951 8.088841 -1.807823 -0.05581806 -0.0075736
8 26.79951 1.968594 -0.5220741 4.095726 2.003049 5.006975 -1.515781 -0.2258891 -0.05455444
9 25.6888 2.061438 -0.5528095 4.471627 1.663725 6.305734 -1.769476 -0.6901574 -0.0003915324
10 26.6256 1.901585 -0.5145275 4.184088 2.744145 5.637619 -1.076591 -1.434096 -0.1026646
11 26.54054 2.083339 -0.5475326 4.306117 1.304889 7.150834 -1.237823 -0.5375562 -0.04907242
12 26.66697 2.081369 -0.5366899 4.819806 2.266828 4.493997 -1.415924 -1.285164 -0.07113055
13 26.42399 2.048411 -0.5307977 4.63241 2.523589 4.312661 -1.867489 -1.734762 -0.04642058
14 26.22088 1.910999 -0.5246698 5.102958 2.292097 4.133575 -1.661504 -0.6850832 -0.03536123
15 26.24712 1.886872 -0.5376813 4.93438 2.085177 4.967731 -1.577184 -1.418137 -0.08065368
16 26.48737 1.857106 -0.4966174 5.941398 2.340715 4.580231 -1.99834 -0.296218 -0.04353273
17 25.9349 2.035714 -0.5511888 3.770453 2.211955 5.082364 -2.470126 -1.590867 0.00887627
18 26.7545 1.923054 -0.5202334 4.753773 2.073381 4.45195 -1.729964 -1.949288 -0.01730103
19 26.13482 1.961315 -0.5451376 4.39847 2.583201 10.01675 -1.260835 -1.261539 -0.1054775
20 25.70922 1.983728 -0.5586748 6.001206 2.299396 11.07906 -1.533017 -1.281334 -0.04875216
21 26.75445 1.832544 -0.4952117 4.529131 1.812533 6.70153 -1.94368 -1.690142 -0.0593126
22 25.46686 1.991369 -0.5593692 4.978386 1.940708 6.454564 -2.003163 -0.4946913 -0.0348283
23 26.04867 1.92807 -0.5306748 4.411362 1.379582 4.485647 -1.573041 -0.9930261 -0.03489766
24 26.71665 2.098126 -0.5127003 3.68172 2.16747 3.609474 -2.14081 -0.1542503 -0.002028468
25 26.4119 2.054339 -0.5195458 5.007333 2.141216 5.708301 -1.670484 -1.749853 -0.06470554
26 25.94545 1.916452 -0.532474 4.686231 2.564426 4.929389 -1.684683 -1.37228 -0.0154824
27 26.60064 1.99954 -0.5033853 4.391222 2.495514 4.935151 -1.969537 -0.06642387 -0.09563105
28 26.44213 2.084112 -0.5463929 4.917846 2.287794 4.781793 -1.562299 -0.7830714 -0.01908876
29 26.01257 2.05169 -0.5483248 4.646244 2.58128 4.821442 -1.444763 -1.490282 -0.0774093
30 26.17359 2.018307 -0.5363974 4.4543 2.915604 8.845308 -2.136482 -0.05882573 0.006768434
31 25.91425 1.904638 -0.5088741 3.829223 2.015171 3.677761 -1.180538 -0.8074476 -0.08244418
32 26.4939 2.00793 -0.5380989 4.894899 1.651413 5.918154 -2.372376 -0.8490916 0.009095654
33 26.45867 1.875989 -0.5213691 4.906468 2.005312 8.06568 -1.770186 -0.949039 -0.004152916
34 26.02423 2.116506 -0.5241632 5.212815 2.169207 5.350205 -2.020856 -0.4867802 0.01310989
35 26.32211 1.926586 -0.5219116 4.822716 1.823057 4.217279 -1.458382 -0.8384024 -0.0609329
36 26.20095 1.94564 -0.5309926 4.611347 1.813297 4.123905 -2.159474 -0.972449 0.01317067
37 26.20474 1.946954 -0.5155971 4.888949 2.096976 7.526984 -1.509871 -1.179195 -0.07263669
38 26.43893 2.058301 -0.5200716 4.905286 2.541421 8.539015 -1.199306 -1.111092 -0.1124884
39 26.15012 1.882004 -0.535292 3.645679 1.120899 3.659753 -1.353725 -0.692304 -0.06950536
40 26.79086 1.859669 -0.4961961 5.656374 2.257896 9.006618 -2.134786 -0.05077958 0.005593073
41 26.50752 1.899394 -0.4979769 4.385701 2.541198 6.524617 -1.971221 -0.3023372 -0.04866168
42 26.59717 1.99885 -0.5004626 3.769611 2.43589 6.672914 -2.257077 -0.3458268 -0.02625593
43 26.16685 2.117438 -0.5235874 5.378844 2.419242 10.2106 -1.63979 -0.5791214 -0.0610554
44 26.99298 2.025148 -0.5127939 3.908712 1.763905 2.988974 -1.861207 -0.4710011 0.003700027
45 26.00078 2.026706 -0.5330264 5.336758 1.394658 5.506198 -2.362956 -0.8279518 0.00178163
46 26.2796 2.16747 -0.5345434 4.841529 2.021627 4.693994 -2.051096 -0.3095056 0.005856023
47 26.76526 2.054805 -0.520299 3.860533 1.897318 6.212065 -1.578199 -0.6274193 -0.06230296
48 26.42504 1.974412 -0.5085753 5.856018 1.871865 7.994305 -2.298248 0.2004408 0.006354697
49 25.67474 2.174057 -0.5422362 5.097315 2.629343 6.28817 -1.827379 -0.6788523 0.0100553
50 26.1898 1.947958 -0.5086908 5.253304 2.492494 5.625623 -2.139952 0.05861067 -0.0205804
51 25.49735 2.134756 -0.5728583 4.277515 2.239156 5.412527 -1.882057 -0.955162 -0.02188926
52 26.30825 2.013027 -0.5496223 4.160556 2.113592 5.088831 -1.718724 -0.312707 -0.02140589
53 26.86457 1.953823 -0.4950112 4.313472 1.727566 5.139787 -1.557318 -0.9601543 -0.08354984
54 26.13462 1.849811 -0.5301378 4.772093 2.366902 5.403731 -1.876983 0.2328124 -0.07927004
55 26.87847 2.029925 -0.5072715 5.198276 1.804172 7.358068 -1.831971 -0.8919297 -0.0634966
56 26.5081 1.944393 -0.514305 4.366594 2.34675 5.661853 -1.68572 -1.925652 -0.06170888
57 25.84498 1.842088 -0.5438538 5.315563 1.664298 6.005169 -1.940915 -0.9004589 -0.03222985
58 26.60645 1.928114 -0.5260024 4.279299 1.928496 4.974484 -1.826445 -0.5478035 -0.05688192
59 26.73923 2.116609 -0.5217083 4.249165 2.84391 4.872119 -1.614593 -1.284628 -0.07675962
60 26.19401 1.907225 -0.5536261 3.914292 3.251231 5.426841 -1.387695 -1.501686 -0.05144076
61 26.18672 2.100181 -0.5460198 4.847579 1.825 5.023862 -1.622594 -1.263812 -0.03058013
62 26.18902 2.130886 -0.5399757 5.340063 1.711781 6.286292 -1.715683 -0.6552499 0.003163855
63 25.64585 1.824375 -0.545131 4.23705 1.654366 4.982612 -1.665924 -0.4396261 -0.1132042
64 26.22756 1.956289 -0.5243253 4.41119 3.109217 4.464572 -2.049183 0.09503946 -0.03645449
65 26.25661 1.816661 -0.5235871 5.227051 2.692018 5.772942 -1.280487 -1.441293 -0.06148087
66 25.99216 1.868481 -0.5283705 4.194361 2.398183 5.544585 -1.492895 -1.17476 -0.05513474
67 25.72034 1.939431 -0.5376635 4.090223 3.129598 3.878318 -1.975072 -0.9146754 -0.00576584
68 26.43437 1.996381 -0.5101489 4.709469 1.120214 7.391783 -2.222894 0.5332461 -0.0142648
69 25.98249 1.968167 -0.561779 5.281243 1.894449 6.830904 -1.736233 -2.066517 -0.04028123
70 26.73087 2.032007 -0.4936309 4.349502 2.224889 5.619942 -2.204794 -0.1718354 -0.04076046
71 25.82416 1.880773 -0.5404053 4.645651 3.517944 4.753125 -1.770135 -1.432898 0.004171751
72 26.1506 2.145025 -0.5551005 5.043823 2.726862 8.544296 -2.240595 0.3286626 0.01213228
73 26.69138 1.984884 -0.4985204 5.4762 2.719113 12.82903 -1.706543 -0.890259 -0.004553905
74 26.64471 2.156559 -0.5251267 3.755943 2.774941 5.306171 -1.82851 -0.319037 -0.02910362
75 26.0769 1.894436 -0.5331167 4.841067 2.832465 7.076155 -1.935419 -0.3874689 -0.05321778
76 25.9189 1.890382 -0.5424373 4.262993 1.391885 6.782991 -1.789647 -1.740437 -0.02944968
77 26.89226 2.052582 -0.5235979 4.330302 2.474212 5.483205 -1.464532 -1.531213 -0.08498886
78 26.24845 1.953693 -0.5468471 4.420655 1.771426 6.852326 -2.126223 -0.1593932 0.0006500984
79 25.80082 1.835632 -0.529578 4.419001 2.726621 5.55005 -1.636985 -1.360898 -0.09103443
80 25.76425 1.987709 -0.5642937 4.336461 1.593007 3.974727 -1.720635 -0.739166 -0.04935846
81 26.08374 1.875991 -0.5416337 4.758198 2.482522 7.942943 -2.378432 0.02702525 0.005114502
82 26.89913 2.081077 -0.5016353 4.257102 2.637145 6.369224 -1.444026 -1.42899 -0.08690217
83 25.97719 2.027156 -0.53813 4.823744 3.122927 8.443399 -1.793997 -0.3561442 -0.008695975
84 26.47407 1.929873 -0.5156668 4.409341 2.074135 5.593015 -1.35691 -1.289012 -0.09834884
85 26.19752 1.852417 -0.5190599 3.917799 2.272981 5.441389 -1.747005 -0.5407705 -0.01627303
86 26.06103 1.944656 -0.5450016 4.618915 2.672511 4.916442 -2.021626 0.4192353 -0.02473316
87 26.89881 2.075394 -0.5114562 4.829087 1.418717 6.408063 -1.894363 -0.8468817 -0.06800289
88 25.59513 1.860657 -0.5245366 4.51518 2.788682 4.952151 -2.246092 0.009230354 0.008441613
89 26.41306 2.007618 -0.5163612 4.496295 1.182842 4.800985 -2.151065 -0.06760308 0.004446828
90 26.70468 2.284166 -0.5191699 5.749295 1.860875 10.17385 -1.963517 -0.4503397 -0.06760504
91 26.07635 2.05993 -0.544424 4.072453 1.49023 5.649342 -1.222256 -1.13186 -0.08136436
92 25.74548 1.995595 -0.5502183 5.031086 2.194292 6.036402 -2.143456 -0.8395332 0.006810583
93 26.79984 2.018949 -0.51875 4.64741 3.767992 6.465286 -1.807781 -1.14149 -0.04791078
94 26.44582 2.067014 -0.5012284 3.906997 2.734048 3.839078 -1.526603 -1.163748 -0.08055535
95 26.26731 1.927061 -0.5403164 4.392398 3.327161 5.587905 -1.615364 -0.8647722 -0.05701342
96 26.78918 2.04621 -0.49901 4.407577 1.688327 5.286042 -2.058706 -0.117225 -0.02829689
97 26.06111 2.038355 -0.5593342 4.075966 1.250351 4.799081 -1.935917 -0.3084753 -0.04221124
98 25.68054 1.978577 -0.554671 4.648816 1.966243 5.798821 -1.723835 -0.7677125 -0.06594097
99 26.01963 1.898425 -0.5360802 4.582261 1.932197 5.911993 -1.67302 -0.6533971 -0.0116081
100 25.96216 2.132742 -0.5233842 4.832405 2.162865 6.46892 -1.215695 -1.067401 -0.1085382
