1 26.08628 1.819613 -0.5231357 7.668282 3.655112 -2.796943
2 26.07638 1.901916 -0.5322368 6.657992 3.011303 -2.61367
3 26.313 1.919803 -0.5317803 5.617312 1.829346 -2.770265
4 26.51767 1.904106 -0.4893092 6.054439 8.463959 -2.644744
5 25.95877 1.856439 -0.542502 6.533598 3.247463 -2.790503
6 26.25715 2.013409 -0.512424 6.960076 3.777668 -2.458517
7 26.69798 2.106846 -0.5427737 5.873211 2.868598 -2.356038
8 26.74646 1.888921 -0.502896 6.301407 2.747006 -2.215306
9 25.68118 2.04435 -0.5286438 5.96246 2.618786 -2.411617
10 26.41028 1.87135 -0.5172429 6.302116 3.806903 -2.660735
11 26.06798 2.002609 -0.5713489 6.258196 1.462125 -2.211175
12 26.37089 2.114693 -0.5399999 7.241319 3.475363 -2.563291
13 25.90465 2.088972 -0.5564764 7.349638 2.843799 -2.861598
14 26.38268 1.84118 -0.4812052 9.783479 4.134273 -2.386986
15 26.14204 1.836584 -0.5312815 7.507639 2.89235 -2.71598
16 26.1361 1.762416 -0.498435 9.223472 3.154513 -2.54706
17 25.62022 2.030151 -0.5561203 6.01209 2.922054 -2.487624
18 25.96284 1.913789 -0.552781 6.84279 2.84862 -2.468965
19 26.2994 1.971873 -0.5218436 5.340198 2.940499 -2.662319
20 26.44292 2.090951 -0.5158675 7.416937 2.155706 -2.529202
21 25.84695 1.765577 -0.5474148 6.264375 2.147822 -2.921128
22 25.33375 2.025822 -0.5560555 6.713949 2.314465 -2.583649
23 26.31558 2.008782 -0.5095847 7.05682 2.214938 -2.376546
24 25.74256 2.05454 -0.5557738 7.238097 3.188252 -2.533735
25 26.21564 2.041755 -0.5255625 7.184104 2.830452 -2.835682
26 26.09988 1.916651 -0.5240746 7.056936 4.082516 -2.41672
27 25.92638 2.065092 -0.5407177 6.623598 3.146417 -2.72128
28 26.51364 2.020272 -0.5321553 7.726901 3.202374 -2.341714
29 25.7574 2.090587 -0.5627007 7.328395 2.739334 -2.63002
30 25.76722 1.970576 -0.5504313 5.678051 3.281099 -2.527683
31 25.78747 1.972296 -0.4915537 6.808271 3.161725 -2.157535
32 26.17551 1.962519 -0.5468449 7.343731 2.251989 -2.830944
33 25.91153 1.860367 -0.5351786 6.03992 2.507888 -2.404373
34 25.72404 2.092145 -0.5278171 7.823094 2.978705 -2.493022
35 26.25048 2.002 -0.5220253 7.540066 2.365253 -2.361271
36 25.87248 1.952919 -0.5273953 7.741452 2.732746 -2.490379
37 25.89904 2.017385 -0.5373585 6.398868 2.383173 -2.606356
38 26.04205 2.062072 -0.5521334 6.506982 2.245046 -2.640126
39 26.34068 2.003007 -0.5225575 7.243788 2.200546 -2.220616
40 26.46278 1.829338 -0.5071299 6.900597 2.722955 -2.527683
41 26.48066 1.870606 -0.5064702 5.831475 2.580782 -2.541122
42 25.7243 1.902663 -0.5377186 5.068792 2.458779 -2.976854
43 26.05543 2.119971 -0.5274146 6.61345 2.582445 -2.566682
44 25.91395 2.012589 -0.5657721 8.109154 3.732398 -2.434087
45 26.0813 1.965966 -0.5214259 7.571118 2.490752 -2.836247
46 26.89801 2.323109 -0.5091272 7.570867 2.586351 -2.507166
47 26.86622 2.01969 -0.5002012 6.020714 1.93229 -2.402361
48 26.13189 1.972634 -0.5293848 7.802873 1.839897 -2.634107
49 25.16462 2.146867 -0.5819218 6.929011 3.570059 -2.404725
50 26.30057 1.886062 -0.4955282 7.601223 3.910846 -2.65555
51 25.81788 2.192974 -0.5376008 6.214395 2.92157 -2.473987
52 26.51005 1.989483 -0.5157701 6.357505 2.919496 -2.381734
53 26.3666 1.918818 -0.5023183 6.684003 1.948535 -2.655601
54 26.0043 1.846968 -0.5323158 7.014125 2.577727 -2.536102
55 26.22719 1.905998 -0.5308993 7.239369 1.967736 -2.750254
56 25.74797 1.904957 -0.5378519 6.144049 3.02856 -2.823512
57 26.17026 1.84563 -0.5163039 7.402975 2.273107 -2.524748
58 26.21996 1.90294 -0.5242861 6.863191 3.140754 -2.673715
59 26.03806 2.048041 -0.5545094 6.957446 3.727002 -2.710258
60 26.54809 1.972234 -0.5135573 5.609223 4.386942 -2.360445
61 26.32907 2.257405 -0.5327203 7.73389 3.523652 -2.397385
62 26.29576 2.257212 -0.5337513 7.426511 1.96706 -2.366797
63 25.68868 1.834763 -0.5389503 6.346101 1.971148 -2.674448
64 26.17142 1.87408 -0.5141986 7.685242 2.706541 -2.657847
65 26.29469 1.886616 -0.5067649 7.427109 5.237623 -2.321057
66 26.35244 1.982074 -0.5049037 6.859658 2.620275 -2.401402
67 25.25759 1.871723 -0.5498998 7.257347 4.215084 -2.472212
68 26.23423 1.950383 -0.5121818 6.406746 1.211917 -2.678259
69 26.48705 2.083141 -0.5310823 7.467851 1.882051 -2.657294
70 26.55776 1.936263 -0.4891446 6.218696 3.185845 -2.665756
71 25.24409 1.878192 -0.5664299 7.299911 4.128972 -2.508178
72 25.55416 2.082774 -0.5754104 6.254417 3.484927 -2.30297
73 26.11383 1.958116 -0.5203548 6.220471 2.849566 -2.371428
74 26.47724 2.236616 -0.5186178 5.711536 4.519663 -2.431411
75 25.94803 1.960997 -0.5345466 6.681855 4.145004 -2.646092
76 26.02707 1.979422 -0.5250842 5.660452 2.19789 -2.414622
77 26.40915 2.026839 -0.530709 6.263239 3.789844 -2.725106
78 26.45392 1.968855 -0.5240718 6.09023 2.546979 -2.53188
79 25.6586 1.82259 -0.5152223 6.462125 3.536261 -2.858175
80 25.68538 2.017569 -0.569245 7.917942 2.474155 -2.455625
81 26.36736 1.874759 -0.5092047 6.255756 2.965574 -2.573467
82 26.12294 1.947393 -0.5393593 6.347874 2.941041 -2.6808
83 25.30823 2.031291 -0.5684595 6.033859 4.236239 -2.447418
84 26.45886 2.002149 -0.5240812 6.375217 3.059713 -2.707125
85 25.48431 1.758134 -0.5425923 5.886925 3.154667 -2.355625
86 25.98084 1.908429 -0.5368002 8.367302 3.970141 -2.686677
87 26.41917 2.040964 -0.5329146 6.704972 1.676719 -2.803722
88 25.4009 1.912806 -0.5285624 7.155134 4.499039 -2.554306
89 25.83343 1.963622 -0.5430974 7.29461 1.781706 -2.530147
90 26.51972 2.360899 -0.5426845 7.306326 1.835475 -2.859819
91 25.64262 2.001838 -0.5544076 6.015347 2.008164 -2.673654
92 26.0591 2.153546 -0.5325937 6.948147 2.70829 -2.49934
93 26.67546 1.961842 -0.5206353 6.406115 5.700409 -2.497567
94 25.7092 2.033478 -0.5484737 6.856626 4.594275 -2.458774
95 26.83524 1.970251 -0.5021585 6.489474 4.024805 -2.468652
96 26.62618 2.064205 -0.4994569 6.692907 2.47458 -2.584063
97 26.37277 2.028547 -0.5341289 6.838067 1.411383 -2.486564
98 26.02752 1.996197 -0.5277168 6.703214 2.606062 -2.45234
99 25.82997 1.839405 -0.5202218 6.576441 2.849635 -2.389426
100 26.05353 2.104443 -0.5179684 6.371325 2.379872 -2.593448
