1 0.372091 0.06580925 0.02362151 0.8926233 0.4620125 0.1595137
2 0.3556548 0.06498925 0.0222932 0.7672206 0.4165906 0.1495677
3 0.2996355 0.0585414 0.01968338 0.4974123 0.3356274 0.1558029
4 0.4514202 0.0616107 0.02006938 1.83673 0.3827103 0.1510377
5 0.3354208 0.06242912 0.02205387 0.7617667 0.3896638 0.1576385
6 0.4083802 0.07124655 0.02233921 0.9924581 0.4614162 0.1431362
7 0.3581777 0.06908775 0.02085169 0.7934145 0.4064794 0.1398456
8 0.4032135 0.06431188 0.02236636 0.7707772 0.4624442 0.1371948
9 0.3615925 0.06906033 0.02161348 0.7991226 0.4046541 0.1420762
10 0.3685123 0.06158008 0.02110944 0.9409087 0.3939122 0.1526197
11 0.3314397 0.07052792 0.0240243 0.5540712 0.452639 0.1367375
12 0.3795743 0.07527915 0.02230294 0.9611096 0.4701709 0.1453816
13 0.3361973 0.07514891 0.02268996 0.8609941 0.4389985 0.1612985
14 NaN NaN NaN NaN 0.7065874 0.1422724
15 0.3559555 0.06530795 0.02351103 0.7872236 0.4567266 0.154125
16 0.4289001 0.06946353 0.02622491 0.9722604 0.5923238 0.1454094
17 0.3475587 0.06870757 0.0220795 0.7543635 0.3887316 0.1429576
18 0.3558086 0.067792 0.02361341 0.8557515 0.4554249 0.143066
19 0.3327405 0.05996526 0.01930145 0.7060585 0.3305931 0.1526152
20 0.3723009 0.0741247 0.02239548 0.6319302 0.4758205 0.1455002
21 0.2940623 0.05745323 0.02165105 0.5900759 0.3606213 0.1667077
22 0.3333124 0.0720368 0.02301659 0.6667632 0.4214702 0.1466725
23 0.3964047 0.07144605 0.02257985 0.835843 0.4875289 0.1397189
24 0.3656232 0.07572416 0.02373464 0.8559919 0.4648973 0.1454756
25 0.3537522 0.07079527 0.02174306 0.7958459 0.4286651 0.159552
26 0.408322 0.06970695 0.02340094 1.068799 0.4777276 0.1420451
27 0.3500004 0.0710619 0.02161133 0.8843661 0.4104597 0.1541638
28 0.4202312 0.0772372 0.02430538 0.9328151 0.5380556 0.1390048
29 0.3456747 0.07647888 0.02371951 0.7463048 0.4542074 0.1494943
30 0.3402923 0.06455153 0.02125905 0.8220432 0.36624 0.1455085
31 0.4736074 0.07600388 0.02338984 1.112417 0.5354127 0.1332879
32 0.324318 0.06905079 0.02272811 0.6391029 0.4319414 0.1616171
33 0.3571591 0.06327858 0.02215857 0.8214582 0.4131481 0.1408282
34 0.4034483 0.08034266 0.02410063 0.8912013 0.5122902 0.144296
35 0.3944926 0.07395463 0.02374898 0.8155229 0.5241403 0.1386381
36 0.3860187 0.07265559 0.02416251 0.7943752 0.5027084 0.1429349
37 0.3383088 0.06836821 0.02162744 0.6862564 0.4016756 0.1481305
38 0.3239582 0.07023206 0.02188722 0.6189598 0.4030443 0.1510528
39 0.4080771 0.07390308 0.02401496 0.8848719 0.5425481 0.1349402
40 0.3802943 0.06274738 0.02234904 0.781107 0.4421919 0.1455085
41 0.3521859 0.05850077 0.02020681 0.6537159 0.3710878 0.1454399
42 0.2894074 0.0564252 0.01882917 0.5669309 0.2887072 0.1712467
43 0.3571916 0.07288152 0.02143603 0.7157629 0.4200757 0.1467808
44 0.3925757 0.07902163 0.02592316 1.152132 0.5479014 0.1419295
45 0.3504212 0.06997437 0.02259201 0.702546 0.4492202 0.1615529
46 0.4030371 0.08259372 0.02155292 0.8051983 0.4896394 0.144216
47 0.3649967 0.0647735 0.02049093 0.6005929 0.408804 0.1434639
48 0.3506495 0.07170228 0.02348623 0.5706731 0.4797297 0.1494935
49 0.3737344 0.08184502 0.02481769 0.9858171 0.4667112 0.1408074
50 0.4078789 0.06715447 0.02268054 0.9735466 0.4706944 0.1510045
51 0.3662636 0.07521189 0.02132297 0.7962503 0.4082485 0.1430299
52 0.3853799 0.06715964 0.02161559 0.8110305 0.4365577 0.1409629
53 0.3547975 0.06377159 0.02127219 0.7067864 0.4187798 0.151122
54 0.355341 0.06525576 0.02354365 0.7226639 0.4522845 0.1469193
55 0.3287305 0.06576114 0.02253967 0.5855911 0.4327222 0.1558575
56 0.3293524 0.06252745 0.02097899 0.7952717 0.3661591 0.1576475
57 0.3746788 0.0660395 0.02358548 0.715994 0.4773561 0.1455223
58 0.3578491 0.06484884 0.02204386 0.7856602 0.4198111 0.1509434
59 0.3579718 0.07219258 0.02245934 0.9125905 0.4242904 0.154273
60 0.3956716 0.06287251 0.0201877 1.100751 0.3884228 0.1374222
61 0.4201264 0.08588742 0.02338253 1.02187 0.5266245 0.1408505
62 0.3758878 0.08280537 0.02307538 0.6430412 0.5025237 0.1398262
63 0.3192428 0.06195416 0.02248331 0.6893905 0.3976835 0.1543128
64 0.3767997 0.06773366 0.02327976 0.7191676 0.4721781 0.1495276
65 0.462776 0.07077506 0.02389902 1.420446 0.5259429 0.1376392
66 0.3960678 0.06897963 0.02227369 0.750387 0.4627505 0.1408506
67 0.3924853 0.07088282 0.02505381 1.090871 0.4802944 0.1430472
68 0.3175745 0.06276947 0.02068911 0.4450995 0.3870232 0.1509107
69 0.3464388 0.07296839 0.022195 0.5928174 0.4556577 0.1494467
70 0.3768647 0.06138779 0.01980118 0.759897 0.3780083 0.1493972
71 0.3748862 0.07080016 0.02518764 1.066304 0.4737984 0.1428428
72 0.3724144 0.07453001 0.02324124 1.010909 0.4408129 0.1354929
73 0.3804938 0.06658837 0.021925 0.8557577 0.4273254 0.1397502
74 0.3972203 0.07252729 0.01985215 1.084861 0.3797201 0.1419526
75 0.3717299 0.06768875 0.02213215 1.062757 0.4179363 0.1495023
76 0.3450123 0.06349763 0.02074177 0.7303201 0.3842025 0.1407678
77 0.3553434 0.06615068 0.02061018 0.9773724 0.384893 0.1541008
78 0.3485652 0.06356576 0.02086785 0.6830828 0.3914633 0.1454971
79 0.368704 0.06274885 0.02160642 0.8888353 0.3842748 0.1619687
80 0.3625028 0.07838492 0.02551856 0.7411203 0.5219105 0.1418226
81 0.3666327 0.06118232 0.02086604 0.7616408 0.3960876 0.1467197
82 0.3360401 0.0647927 0.02145426 0.7197546 0.387971 0.1525598
83 0.3710901 0.07205353 0.0228636 1.015067 0.4012217 0.1431912
84 0.3508206 0.06578871 0.02062964 0.7896614 0.3921537 0.1543502
85 0.3612999 0.0600974 0.02310785 0.8645527 0.4039198 0.1386608
86 0.3904593 0.07256306 0.02464045 0.9572945 0.5094372 0.1509241
87 0.3147245 0.06754977 0.02086613 0.5228946 0.3945903 0.1579678
88 0.4084696 0.07140868 0.02365179 1.276244 0.4694902 0.1468143
89 0.3489589 0.07131261 0.02370417 0.7348202 0.4727608 0.1454996
90 0.3266807 0.0830271 0.02095039 0.541005 0.424811 0.1634786
91 0.3083053 0.06664054 0.02149781 0.5990251 0.3735055 0.1526058
92 0.3756115 0.07663131 0.02236435 0.8878789 0.4581477 0.14426
93 0.4143939 0.06534128 0.02127076 1.421585 0.4232947 0.1429027
94 0.3991826 0.07507668 0.02364599 1.130168 0.4547582 0.1444976
95 0.406805 0.06598334 0.0210729 1.017754 0.4302345 0.1444368
96 0.373834 0.06866063 0.02073755 0.728215 0.4248275 0.1481592
97 0.3338094 0.0694113 0.02212612 0.5026649 0.4419158 0.1429594
98 0.3713722 0.06983054 0.0225393 0.7503033 0.4424119 0.1431508
99 0.3772259 0.06461717 0.023459 0.8182732 0.4484006 0.1422299
100 0.3519807 0.07050616 0.02100877 0.6569587 0.4029202 0.1496505
