1 0.320156 0.0550105 0.01905888 0.7747301 0.4401911 0.9534823 0.1594533
2 0.3260254 0.05868303 0.0199072 0.7409769 0.4717514 1.359937 0.1496023
3 0.2891337 0.05523735 0.01880712 0.4488365 0.4043477 2.700784 0.1561126
4 0.3969398 0.05618635 0.01808693 1.335342 0.4421972 1.306503 0.1510377
5 0.3202236 0.0582172 0.02020565 0.693352 0.4520607 2.465413 0.1577001
6 0.3530931 0.06291575 0.01934053 0.717413 0.5075621 1.308005 0.143142
7 0.3331438 0.06268972 0.01939292 0.6488384 0.4777831 2.154952 0.1398397
8 0.3546667 0.05994851 0.01980204 0.6715504 0.5638175 1.271023 0.1371724
9 0.3199051 0.06441356 0.01978733 0.5738299 0.4650531 1.401576 0.1420736
10 0.3178987 0.05358074 0.01862462 0.709644 0.4331236 1.249172 0.152588
11 0.3041554 0.06530461 0.02133533 0.467652 0.5498656 1.970742 0.1362256
12 0.321802 0.06322229 0.01958304 0.6565173 0.5099806 0.886398 0.145357
13 0.2966536 0.06341592 0.01918181 0.6912296 0.4914688 0.9133321 0.1615952
14 0.3878824 0.06604032 0.02122002 0.7377134 0.6547189 0.890731 0.1423358
15 0.3066468 0.05832564 0.02015247 0.5767962 0.511097 1.03296 0.1542798
16 0.3655421 0.06449107 0.02215956 0.7081191 0.632801 0.9962312 0.1454195
17 0.304042 0.05780305 0.01844649 0.5804989 0.4027701 1.043895 0.1429534
18 0.3176983 0.05897678 0.0209559 0.6434544 0.5333464 1.174316 0.1430699
19 0.321761 0.05734365 0.01810583 0.6659473 0.4055666 2.743722 0.1526152
20 0.3672053 0.07015393 0.02127801 0.640576 0.5637547 3.719962 0.1455007
21 0.2723247 0.05272391 0.01937012 0.4564611 0.4339272 1.74832 0.1656975
22 0.3091361 0.06488988 0.02076907 0.5836448 0.4968873 1.567554 0.1466649
23 0.3250885 0.06157329 0.01946935 0.530507 0.5046388 1.0022 0.139714
24 0.3092392 0.05933626 0.01854656 0.6028074 0.4615065 0.7209815 0.1454735
25 0.3145793 0.06306045 0.01923556 0.586144 0.4856116 1.256654 0.1598193
26 0.3635379 0.06147962 0.02049909 0.7557777 0.5778268 1.186862 0.1420508
27 0.3158816 0.06076312 0.01917666 0.6656834 0.4744134 1.160658 0.1541906
28 0.3623714 0.06829066 0.02056953 0.7333085 0.5738196 1.037147 0.1388045
29 0.3208027 0.06465587 0.02008006 0.7062314 0.4924401 1.009875 0.1495467
30 0.3320331 0.06013922 0.01947797 0.7700367 0.4603448 2.236096 0.145512
31 0.3566122 0.05895547 0.01905234 0.6475546 0.5198124 0.7890433 0.1332742
32 0.2890969 0.06260542 0.01978633 0.5334949 0.4968739 1.472345 0.1614045
33 0.3297822 0.05849125 0.02067525 0.6431435 0.4890795 2.591588 0.140787
34 0.3518851 0.06967296 0.02100334 0.6790595 0.5526643 1.144478 0.1442943
35 0.3436432 0.0618117 0.02068264 0.5852179 0.5594978 0.9272439 0.1386311
36 0.3337571 0.06010149 0.02033902 0.5984782 0.5551975 0.9358784 0.1429373
37 0.3190333 0.06323539 0.02038079 0.5573477 0.5133953 2.419487 0.1481056
38 0.3192843 0.06303485 0.02029841 0.6425563 0.4743629 2.268294 0.1510528
39 0.3283373 0.05726066 0.01881908 0.5135876 0.5144793 0.7811357 0.1349569
40 0.3491929 0.05910496 0.02175652 0.6419855 0.5452411 2.78447 0.1455085
41 0.3284527 0.05522073 0.01868028 0.6280727 0.4244787 1.500119 0.1454341
42 0.2719691 0.05171886 0.01721335 0.5445334 0.3541305 1.732512 0.1707761
43 0.3471458 0.07019608 0.02047387 0.6811201 0.4833588 3.355454 0.146755
44 0.2973528 0.05805519 0.01946785 0.57957 0.5196734 0.5807787 0.1419394
45 0.3048787 0.06309501 0.02017261 0.4886716 0.5415863 1.320669 0.1617223
46 0.3461237 0.06871686 0.01866105 0.6060761 0.5178173 0.9888304 0.1442156
47 0.3245092 0.05859034 0.01769141 0.5576717 0.4280042 1.354025 0.143475
48 0.3379737 0.06436991 0.02159222 0.5246647 0.5677464 2.218091 0.1494688
49 0.3376355 0.07425371 0.02236006 0.8360861 0.5370628 1.599693 0.1408141
50 0.3611629 0.06398217 0.02033338 0.7546597 0.5684616 1.36277 0.1510046
51 0.3232012 0.06758833 0.01871367 0.6471022 0.4790926 1.271267 0.1430364
52 0.3299085 0.06010823 0.01890506 0.6300529 0.5034045 1.156337 0.1409741
53 0.3081189 0.05461707 0.01772027 0.4844446 0.4320198 1.071543 0.1510391
54 0.3179206 0.05744358 0.02067244 0.6568884 0.4961219 1.082275 0.146919
55 0.3064127 0.06283939 0.01956324 0.5602464 0.47521 1.600282 0.1558552
56 0.2839104 0.05387095 0.01852855 0.5683609 0.4242218 1.272374 0.1575434
57 0.3419899 0.06152633 0.02170846 0.5553688 0.5749587 1.503913 0.1455243
58 0.3064304 0.05629869 0.01861382 0.5527648 0.4677034 1.064424 0.1509941
59 0.3204938 0.05974532 0.01875738 0.7253371 0.4397178 0.9219203 0.1541448
60 0.3502775 0.05584304 0.01778582 0.7979967 0.4254906 1.188249 0.1374272
61 0.344278 0.06893001 0.01970357 0.6250478 0.570003 1.051392 0.1408757
62 0.356325 0.07222436 0.02103327 0.534019 0.5820622 1.592103 0.1397761
63 0.2855118 0.05637962 0.01956735 0.5079931 0.427898 1.056519 0.1542825
64 0.3426551 0.06033857 0.01879655 0.7543253 0.4876942 0.8998631 0.1494469
65 0.3862928 0.06247373 0.02125783 0.8225917 0.6052053 1.350665 0.1376392
66 0.3484479 0.0558535 0.01846114 0.6568885 0.4465073 1.178119 0.1408566
67 0.3497607 0.06156624 0.02077794 0.8176208 0.5457385 0.8555201 0.1430378
68 0.2954225 0.05785519 0.01865702 0.4232404 0.4547908 1.819834 0.1509878
69 0.3307235 0.06728151 0.02013986 0.5172455 0.5601947 1.788356 0.1495375
70 0.3178333 0.05799818 0.01713373 0.5760399 0.4443963 1.180644 0.1494018
71 0.3388063 0.05932914 0.02170413 0.8425278 0.4930796 1.038633 0.1428424
72 0.3466249 0.07012246 0.02210747 0.7615308 0.5038776 2.576602 0.1354918
73 0.3703329 0.06500333 0.02148298 0.7807362 0.4977083 4.382038 0.1397501
74 0.3428349 0.06158178 0.01698508 0.7639925 0.4267644 1.303296 0.1419593
75 0.3471439 0.05793417 0.02001349 0.762703 0.4715409 1.646456 0.1494668
76 0.306299 0.05809188 0.01933363 0.5213748 0.4391095 1.755555 0.1407583
77 0.3188787 0.05615691 0.01876751 0.6604698 0.4602322 1.445979 0.154161
78 0.3183017 0.05976454 0.01879255 0.5747787 0.4852315 1.873124 0.1454965
79 0.3202617 0.05490828 0.01872432 0.680626 0.4449588 1.282494 0.1614735
80 0.2962112 0.06373068 0.02031288 0.5437856 0.5228215 0.8151144 0.1418773
81 0.3380187 0.0579134 0.01921799 0.6799127 0.4599265 1.925815 0.1467197
82 0.3164796 0.05898464 0.01915938 0.7005456 0.4457715 1.626693 0.1525476
83 0.3371476 0.0653766 0.02103161 0.8549531 0.4639112 2.323538 0.143192
84 0.3114308 0.05809928 0.0186253 0.5944029 0.4560452 1.254142 0.1541838
85 0.3183774 0.05273531 0.01981979 0.6478199 0.4218941 1.210735 0.1386465
86 0.3412225 0.06194602 0.02002179 0.6858572 0.4988413 1.046614 0.1509117
87 0.2840848 0.06003763 0.01876157 0.4164202 0.4554617 1.455354 0.1575155
88 0.3459046 0.05985717 0.01999737 0.7990107 0.4983787 1.046001 0.1468429
89 0.2925925 0.05958916 0.0197872 0.4954311 0.4892923 1.027088 0.1455092
90 0.3163989 0.07499423 0.01972814 0.5060959 0.5048216 2.77734 0.1636635
91 0.2705468 0.06029592 0.0188968 0.4639695 0.4211664 1.323317 0.152612
92 0.345739 0.06502082 0.02039173 0.6546195 0.5372626 1.590377 0.1442587
93 0.3678765 0.06036737 0.01896069 0.8870716 0.4728604 1.441285 0.1429017
94 0.3301971 0.06359753 0.02020365 0.7385071 0.5479338 0.8614927 0.1445054
95 0.3645158 0.05561601 0.01816256 0.8825051 0.4684659 1.129445 0.1444445
96 0.3298262 0.05875309 0.01791036 0.550141 0.4624009 1.145001 0.1481588
97 0.2920264 0.05988278 0.01839109 0.4176647 0.472298 1.017724 0.1429679
98 0.3331873 0.06245355 0.02080254 0.6140023 0.5119632 1.400623 0.143157
99 0.3335833 0.05923559 0.02100062 0.626598 0.5307949 1.415847 0.1422206
100 0.3291973 0.06671879 0.01960159 0.5752804 0.4888456 1.609285 0.1496561
