1 26.03094 1.853622 -0.5381513 4.129914 3.216531 4.609295 -2.794746
2 26.23285 1.9186 -0.5422163 4.525143 2.776692 5.921338 -2.616974
3 26.40293 1.895344 -0.5274652 4.433599 1.590935 9.463059 -2.771924
4 26.73039 1.921459 -0.4910516 4.448565 5.833893 5.708649 -2.644744
5 26.1476 1.872605 -0.5406615 5.098354 2.747398 9.147724 -2.785708
6 26.53654 2.036725 -0.5115654 4.652161 2.539048 5.801373 -2.45801
7 26.81225 2.079956 -0.5376516 4.558935 2.282416 7.800003 -2.362194
8 26.99415 1.997041 -0.512612 4.218354 2.12024 5.064796 -2.224616
9 25.93015 2.065293 -0.5323961 4.338215 1.731268 5.751401 -2.410879
10 26.40562 1.862943 -0.5217741 4.162866 2.715307 5.655415 -2.661708
11 26.05112 2.047187 -0.5785707 4.314702 1.2698 7.05424 -2.201708
12 26.62007 2.053793 -0.5360456 4.82477 2.346267 4.311615 -2.558306
13 26.07733 2.005434 -0.5500113 4.758541 2.482738 4.443773 -2.854353
14 26.7025 1.973861 -0.5057614 5.317014 2.383383 4.271566 -2.381147
15 26.20606 1.875553 -0.5384475 4.892227 2.11033 4.820419 -2.713599
16 26.38955 1.894218 -0.5108685 5.968108 2.369063 4.71701 -2.547486
17 25.95198 2.03371 -0.5523243 3.709994 2.203704 4.892197 -2.488801
18 26.25257 1.853312 -0.5450842 4.968255 2.179473 5.04311 -2.468169
19 26.44121 1.987254 -0.5235532 4.348273 2.67137 9.137062 -2.662319
20 26.45064 2.064092 -0.5114883 6.028833 2.237798 11.47099 -2.530226
21 26.0051 1.758848 -0.539008 4.63426 1.643291 7.002537 -2.91937
22 25.50938 2.001638 -0.5576427 4.941 2.062034 6.288498 -2.585267
23 26.38799 1.965531 -0.5097944 4.525854 1.527498 4.812812 -2.37716
24 26.13251 2.047688 -0.553139 3.834415 2.118968 3.739494 -2.534505
25 26.32611 2.018036 -0.5247801 4.98764 2.103061 5.598134 -2.812289
26 25.97265 1.903612 -0.5230327 4.50355 2.680496 4.896896 -2.416273
27 26.25914 2.011925 -0.5333781 4.409782 2.45242 5.093742 -2.709124
28 26.64437 2.096438 -0.533189 4.929642 2.527589 4.759676 -2.330006
29 25.89473 2.044778 -0.5571441 4.633182 2.606556 4.806338 -2.630386
30 26.00719 1.984669 -0.5483203 4.221685 3.056813 7.83675 -2.527746
31 26.25085 1.945341 -0.4928019 3.972587 1.972679 3.863922 -2.154118
32 26.30565 1.997381 -0.5512478 4.959333 1.782731 6.144289 -2.832193
33 26.23908 1.845133 -0.5310193 4.926213 1.999513 8.556417 -2.410101
34 25.91321 2.050691 -0.5222093 5.153531 2.215565 5.212405 -2.493481
35 26.33316 1.928531 -0.5193014 4.746986 1.825575 4.309511 -2.353364
36 26.15259 1.944592 -0.5277326 4.625154 1.953413 4.328653 -2.491636
37 25.96746 1.955409 -0.5302991 5.033678 1.854269 7.944946 -2.60428
38 26.03238 2.004972 -0.5458293 4.912284 2.426771 8.663188 -2.640126
39 26.6918 1.949406 -0.5084472 3.851193 1.152075 3.81799 -2.218115
40 26.44805 1.811224 -0.5105031 5.6567 2.231902 9.080195 -2.527683
41 26.35556 1.872714 -0.5054085 4.360834 2.456544 6.309013 -2.541604
42 25.90628 1.910134 -0.5414338 3.830005 2.332289 6.804343 -3.005797
43 26.10239 2.133144 -0.5303799 5.465332 2.484423 10.8942 -2.566143
44 26.35927 1.968647 -0.5533498 4.007101 1.799072 3.146826 -2.43194
45 26.10984 2.001906 -0.5220829 5.302792 1.413565 5.663955 -2.821551
46 26.85949 2.255784 -0.5080299 4.865203 2.018238 4.714668 -2.507002
47 26.97421 2.089608 -0.5148194 3.788548 1.942305 5.983796 -2.405479
48 26.12467 1.923334 -0.5218888 5.864505 1.814801 8.167264 -2.639034
49 25.1878 2.144582 -0.579972 5.03337 2.750395 6.320157 -2.408014
50 26.29157 1.961624 -0.502527 5.300612 2.594863 5.614957 -2.65555
51 25.95236 2.218581 -0.5465456 4.224013 2.274844 5.333828 -2.472773
52 26.79566 2.047848 -0.5201697 4.185431 2.086332 4.873912 -2.37794
53 26.64888 1.909911 -0.501523 4.220928 1.663394 5.105078 -2.658867
54 26.09375 1.850939 -0.5345128 4.60061 2.40373 4.946975 -2.534514
55 26.38003 2.006349 -0.5377831 4.979536 2.077852 6.907136 -2.770851
56 26.11895 1.880436 -0.5353999 4.364464 2.114515 5.602388 -2.8084
57 26.13799 1.850818 -0.5202202 5.362345 1.748175 6.030343 -2.525253
58 26.64442 1.955371 -0.5280332 4.230912 2.046363 4.946236 -2.663398
59 26.21129 2.047867 -0.5566159 4.060019 2.937739 4.552245 -2.728242
60 26.7334 1.957021 -0.5141637 3.864591 3.19296 5.181653 -2.35409
61 26.56454 2.154153 -0.5254653 4.812597 1.873976 4.816367 -2.403508
62 26.52895 2.173262 -0.5205341 5.285778 1.599942 6.284912 -2.36769
63 25.70008 1.860252 -0.5464006 4.214163 1.684603 5.021037 -2.678117
64 26.32746 1.985214 -0.5197319 4.451968 2.985203 4.454055 -2.655809
65 26.62504 1.867548 -0.5069784 5.280689 2.729996 5.649982 -2.321057
66 26.45365 1.909394 -0.5005362 4.075791 2.338896 5.487279 -2.402317
67 25.52616 1.954833 -0.5589906 4.071924 2.96881 3.921116 -2.471148
68 26.27849 1.955362 -0.5148518 4.585921 1.360559 7.072009 -2.684276
69 26.64846 2.113166 -0.5320217 5.378264 1.697494 6.86742 -2.651078
70 26.64869 2.076981 -0.5072042 4.098234 2.189114 5.092288 -2.674672
71 25.59555 1.831846 -0.5559544 4.698448 3.33737 4.874445 -2.508237
72 25.87012 2.068167 -0.5730218 5.202333 2.55606 8.910192 -2.30157
73 26.27266 1.926099 -0.5183815 5.510007 2.536846 12.24952 -2.371428
74 26.80777 2.183058 -0.514688 3.804075 2.744077 5.63984 -2.434287
75 26.22967 1.904978 -0.5212602 4.809401 3.012127 6.864766 -2.651116
76 26.26265 1.943988 -0.5243955 4.332974 1.513013 6.860019 -2.413987
77 26.57576 1.921496 -0.5232642 4.504425 2.603316 6.094848 -2.718586
78 26.55988 1.979229 -0.5266732 4.419605 1.861596 6.877548 -2.531587
79 26.03192 1.852004 -0.5183705 4.476665 2.807626 5.645593 -2.850472
80 25.77483 2.002975 -0.5679768 4.349063 1.690651 4.007324 -2.453291
81 26.49871 1.904007 -0.5148365 4.718006 2.601894 7.50748 -2.573467
82 26.20817 1.992412 -0.5425149 4.370715 2.680417 6.728921 -2.691459
83 25.55858 1.993376 -0.5686017 4.746902 3.109895 8.340455 -2.448603
84 26.43335 1.948121 -0.5208047 4.388771 2.119372 5.570645 -2.714541
85 25.72465 1.785833 -0.5415813 3.875497 2.428996 5.460966 -2.353037
86 26.12377 1.943398 -0.5353701 4.823659 2.68023 5.065272 -2.688087
87 26.46131 2.036758 -0.5357451 4.751943 1.351673 6.294744 -2.812374
88 25.68247 1.874608 -0.5250992 4.537361 2.854045 4.902794 -2.552458
89 25.94902 1.954937 -0.5446967 4.515105 1.271008 4.869176 -2.529952
90 26.45758 2.269511 -0.535767 5.72438 1.748275 9.801413 -2.862885
91 25.7505 2.037625 -0.5640375 4.138519 1.488482 5.855584 -2.672349
92 26.057 2.017709 -0.5253835 5.060148 2.113566 6.256045 -2.4996
93 26.76042 2.000312 -0.5205092 4.551695 3.678766 6.094572 -2.497795
94 25.69688 2.026436 -0.5504485 4.028276 2.530761 3.845197 -2.456913
95 26.88193 1.945885 -0.4973259 4.157026 3.348063 5.052334 -2.467444
96 26.76988 2.011459 -0.4968172 4.398195 1.822155 5.288843 -2.584363
97 26.3948 2.039958 -0.5303413 4.049894 1.355687 4.702363 -2.486673
98 26.02666 1.985935 -0.5317284 4.716624 1.991058 5.888554 -2.451008
99 26.14822 1.892341 -0.5263486 4.64992 1.983732 5.837521 -2.386436
100 26.00951 2.165755 -0.5256783 4.764143 2.073714 6.449079 -2.59317
