1 27.56588 1.933039 -0.4654001 7.908103 3.801897 -4.996617 -1.507337 -0.4676653 0.4521918
2 27.01546 1.927359 -0.4919436 7.094111 2.935974 -5.009989 -1.071705 -0.3621808 0.3974591
3 27.41401 2.006823 -0.4943419 5.988565 1.745475 -6.81016 -0.8195966 -0.5190161 0.569804
4 27.22688 1.914336 -0.4622002 6.632121 9.378418 -6.599887 -0.6000276 -0.4941753 0.5432385
5 26.85768 1.902701 -0.5018873 6.991929 3.146324 -6.39339 -0.8060655 -0.4748891 0.5143784
6 26.6793 1.940504 -0.5061086 7.801538 3.347799 -7.75298 -0.6696269 -0.5540598 0.6367412
7 27.0286 2.013298 -0.5536976 6.335935 2.808819 -7.339664 0.1412008 -0.5407355 0.5948146
8 27.10504 1.840751 -0.5130365 7.183269 3.042613 -7.776604 -0.5830189 -0.6680413 0.7189821
9 26.74167 2.004703 -0.4936975 6.792627 2.450254 -9.349649 -1.467811 -0.7708933 0.8658125
10 27.49494 1.882509 -0.4668966 6.882349 4.029774 -5.586279 -1.305352 -0.4743831 0.4944492
11 26.95484 1.947228 -0.5422667 6.846882 1.478334 -6.560549 -1.212955 -0.5774748 0.6219882
12 27.04042 2.033116 -0.5247266 7.93864 3.507066 -7.854914 -1.176696 -0.494991 0.6029906
13 26.66468 2.091678 -0.5329954 7.540132 2.821846 -5.106227 -0.819278 -0.3023726 0.3441218
14 28.11661 1.92421 -0.4518947 11.06012 2.917981 -6.479016 -1.385507 -0.5554316 0.5763225
15 27.05808 1.860643 -0.4946944 8.315757 2.720013 -8.316796 -1.499115 -0.5495704 0.6564851
16 26.7375 1.791795 -0.4785633 10.12121 3.339601 -8.023698 -0.4165381 -0.4742168 0.5782508
17 26.45632 2.013235 -0.525642 6.484329 3.131466 -9.237033 -1.019335 -0.563164 0.7237997
18 26.63338 1.820627 -0.5188525 7.642568 3.075497 -8.817751 -1.249264 -0.6025271 0.7236731
19 26.58247 1.89888 -0.5146892 5.881023 3.06716 -9.361065 -1.041518 -0.7406141 0.8244672
20 26.63658 1.950187 -0.5152654 7.96311 2.187261 -6.16376 -1.42673 -0.4799502 0.5281677
21 26.66496 1.800029 -0.5007933 6.665649 2.161272 -7.594001 -0.8526162 -0.5077761 0.5904757
22 26.20721 1.962967 -0.5103105 7.320254 2.200432 -6.569484 -0.5126532 -0.4263712 0.5024878
23 27.12375 1.987808 -0.4923613 7.929407 1.822751 -8.405517 -0.6990798 -0.6420388 0.7255979
24 26.71675 2.0255 -0.5237291 7.927851 3.502051 -7.371571 -0.6973043 -0.5013764 0.5880838
25 26.75371 1.979126 -0.5108712 7.922376 3.054209 -12.843 -1.377676 -0.8436928 1.012677
26 26.96623 1.895926 -0.4981582 8.11117 4.035459 -14.71619 -2.504734 -1.15627 1.322816
27 26.89911 2.037554 -0.5059616 7.180592 3.104735 -10.97141 0.01724202 -0.7665796 0.8782065
28 27.31278 2.025735 -0.5182278 8.236967 3.609208 -6.116434 -1.182696 -0.4620573 0.5157254
29 26.68522 2.053991 -0.5317957 8.001938 3.189182 -11.76879 -1.494536 -0.722119 0.9122908
30 26.77224 1.977216 -0.5154092 6.650996 3.360614 -14.35136 -0.1702262 -1.085034 1.242957
31 26.47104 1.823767 -0.4641428 8.153822 3.252758 -15.53344 -1.94159 -1.419866 1.541665
32 27.21378 1.983394 -0.5120175 8.095596 2.165507 -12.45423 -3.281438 -1.003694 1.108672
33 27.24648 1.916175 -0.4875116 6.74165 2.328866 -7.86935 -0.9746023 -0.6059094 0.6886054
34 26.45587 2.012055 -0.5116176 9.244663 2.828451 -15.87091 -1.484446 -1.042744 1.271873
35 27.3142 2.005924 -0.4940415 8.451132 2.280569 -7.449209 -0.9177673 -0.5549975 0.6312013
36 26.31764 1.89048 -0.5015949 8.131291 2.815581 -4.471002 -0.7585963 -0.2625037 0.3061251
37 26.83213 2.053036 -0.5103368 6.979672 2.079261 -6.827522 -1.382958 -0.4819531 0.5621362
38 26.8734 2.02813 -0.5237377 6.922451 2.108603 -5.750665 -1.285655 -0.4861425 0.5109523
39 26.8929 1.867469 -0.5063476 8.275365 2.052696 -7.886607 -0.7421726 -0.6363904 0.7114001
40 27.93632 1.917789 -0.4631163 8.120097 2.411453 -13.73661 -0.866535 -1.160097 1.224839
41 26.85748 1.828205 -0.4887093 6.410981 2.577662 -7.733871 -0.2192956 -0.4906295 0.59173
42 26.92346 1.974924 -0.4813117 5.427831 2.427228 -7.383237 -0.8628056 -0.5346658 0.6026985
43 26.68363 2.022172 -0.5050066 7.174145 2.571052 -6.826569 -0.7125973 -0.515533 0.5733065
44 26.71767 1.914059 -0.5382029 9.190414 3.876471 -10.15056 -1.726172 -0.6390691 0.8030269
45 26.07121 1.854642 -0.5144995 7.848077 2.46393 -4.230859 -1.107111 -0.2869786 0.3005124
46 27.56357 2.240382 -0.5105307 8.017376 2.5087 -5.476049 -1.014567 -0.3735569 0.4219397
47 27.5226 2.004405 -0.4872684 6.359677 1.912418 -3.870741 -0.6213592 -0.3656197 0.3442182
48 26.85527 1.920345 -0.4942096 8.284725 1.772556 -6.408154 -0.6475006 -0.4088875 0.4767862
49 26.10145 2.041852 -0.539545 7.429396 3.411116 -6.404996 -1.499454 -0.4782646 0.548809
50 26.71607 1.855934 -0.4795345 8.109755 4.035799 -6.223514 -0.6721514 -0.4034551 0.4658136
51 26.45781 2.072894 -0.5183322 6.865807 2.70461 -6.600849 -0.5161172 -0.4753707 0.5375988
52 26.98775 1.905056 -0.5131552 7.055365 2.814763 -8.024896 -0.4998041 -0.6531943 0.7124977
53 27.111 1.920156 -0.4782106 7.538901 1.854938 -8.961509 -1.030494 -0.6796076 0.7743831
54 26.88104 1.868135 -0.4914601 7.382217 2.584781 -5.849176 -0.0122014 -0.4496303 0.4703477
55 26.98503 1.91599 -0.4980918 7.581422 1.909173 -5.411447 -0.5957667 -0.3551919 0.3922576
56 26.78329 1.915811 -0.4861321 6.731576 2.594693 -7.712738 -0.8268177 -0.4863098 0.5857586
57 27.14564 1.907701 -0.4895653 8.4788 2.20255 -16.05078 -1.494016 -1.160838 1.346221
58 27.14402 1.93185 -0.4855738 7.239538 3.107912 -4.119594 -0.6003594 -0.27347 0.2869602
59 26.89415 2.019469 -0.5235838 7.476877 3.525366 -6.029638 -1.354216 -0.4310498 0.4813294
60 27.33155 1.964541 -0.5001127 6.324215 3.53149 -9.907248 -1.231489 -0.7191033 0.8599269
61 26.45733 2.05947 -0.547633 8.251481 3.497533 -5.70131 -0.782023 -0.381402 0.4407253
62 26.60751 2.038316 -0.5364428 8.189237 1.961922 -8.197726 -1.435354 -0.5748616 0.6894536
63 26.80813 1.906103 -0.4940067 6.980375 1.989548 -7.978808 -0.5427501 -0.628391 0.6824478
64 26.8628 1.860246 -0.4775479 7.993319 2.937487 -5.589342 -0.8563659 -0.3743432 0.4241764
65 27.40189 1.910529 -0.4858142 8.834737 5.130007 -12.37027 -1.622775 -0.9696614 1.090757
66 26.84629 1.935121 -0.5012214 7.702217 2.422749 -8.730811 -1.124079 -0.6826792 0.7721238
67 26.37796 1.846007 -0.4984561 8.36451 4.163522 -9.200898 -0.92885 -0.6369171 0.7533196
68 26.60983 1.925075 -0.4949616 6.733298 1.096167 -5.766666 -0.4693932 -0.346171 0.4102921
69 26.58737 1.991654 -0.5401616 7.993904 1.82657 -6.589585 -1.595879 -0.4049539 0.4956846
70 27.58522 2.003523 -0.4650796 6.858164 3.397085 -8.361203 -0.4175812 -0.5397546 0.6443726
71 26.15954 1.820713 -0.5144582 8.215263 4.249095 -8.802916 -0.9223258 -0.5979267 0.711587
72 26.39152 1.980713 -0.5430789 7.265005 2.932707 -18.71053 -0.9131361 -1.070284 1.425828
73 27.37965 1.967743 -0.4826031 7.289731 2.832955 -11.70748 -1.913204 -0.9512686 1.088735
74 26.85492 2.117137 -0.5203607 6.095112 5.426499 -5.905915 -0.5075564 -0.4607078 0.5028492
75 26.4337 1.856269 -0.5127151 7.426609 3.940626 -11.23575 -1.129039 -0.7617117 0.9129488
76 26.48844 1.902533 -0.5028636 6.067505 2.29821 -5.597264 -0.5315786 -0.3766818 0.4397209
77 27.31043 2.027485 -0.5004214 6.787374 4.005204 -6.382134 -0.9647815 -0.4722019 0.5228358
78 26.85946 1.908627 -0.5083026 6.467736 2.493635 -5.531774 -0.5288261 -0.3824027 0.4309244
79 26.9414 1.932572 -0.4733366 7.035121 3.654491 -7.020785 -0.4224776 -0.5263589 0.5664129
80 26.61858 1.950446 -0.5263615 8.68844 2.233898 -6.137768 -0.5929049 -0.4095088 0.4664063
81 26.96094 1.839278 -0.4890179 7.105096 2.679135 -15.94807 -0.9921173 -1.067282 1.295193
82 27.2216 1.996167 -0.4945898 6.560431 3.136412 -4.510368 -0.8041687 -0.3352821 0.3505352
83 26.29721 1.966491 -0.5275475 6.936714 4.134163 -14.43422 -0.01708285 -1.066217 1.219794
84 26.55422 1.940517 -0.5299398 6.794036 2.858064 -5.823131 -1.219381 -0.4321297 0.4736765
85 26.7509 1.810503 -0.4863122 6.70237 2.856913 -8.233435 -1.433193 -0.611375 0.7296484
86 27.10749 1.95429 -0.4953237 9.004262 4.170218 -7.401228 -0.7624786 -0.4534459 0.5443896
87 26.99044 1.982119 -0.5087786 6.99588 1.722534 -6.263633 -0.6082963 -0.3761281 0.4428989
88 26.90702 1.977539 -0.4732175 8.112265 4.515661 -15.52414 -1.619732 -1.203167 1.363675
89 26.9973 1.976536 -0.4964045 7.855578 1.700639 -7.047421 -1.016084 -0.499327 0.5743624
90 27.06628 2.269721 -0.5435225 7.706552 1.814497 -6.000754 -0.2818682 -0.4276908 0.4442026
91 26.75628 2.024635 -0.5058598 6.315675 1.970656 -5.759832 -1.742394 -0.4467639 0.4954429
92 26.72868 2.097328 -0.52198 7.447014 2.657418 -7.025958 -1.006607 -0.4854885 0.5626747
93 27.38643 1.981674 -0.507451 6.964042 5.88695 -7.28818 -0.5889626 -0.4857052 0.5718343
94 26.9196 2.06682 -0.5027272 7.284276 4.802614 -4.714754 -1.314971 -0.4129095 0.422674
95 27.26516 1.948948 -0.5003608 7.008875 3.803992 -5.707702 -1.01667 -0.4745967 0.5023924
96 27.15453 2.015662 -0.4901536 7.258433 2.327717 -6.492729 -0.2742035 -0.4886316 0.5297739
97 26.63864 1.949226 -0.5321629 7.236933 1.281522 -5.193942 -0.24808 -0.3335673 0.3747078
98 26.60461 1.903811 -0.5103111 7.789921 2.726185 -14.43032 -0.9641877 -0.9927867 1.193112
99 27.082 1.870902 -0.4745917 7.29352 2.990371 -6.202166 -1.274903 -0.5385777 0.5778518
100 26.39423 1.968035 -0.5130096 7.202996 2.211495 -8.869755 -1.344916 -0.6738661 0.7646519
