1 27.24799 2.015096 -0.4789355 4.38367 3.740554 4.660578 -3.96076 -1.608078 -0.3751828 0.3504843
2 26.92139 1.87894 -0.4916099 4.98106 2.61431 6.395018 -4.337901 -0.95711 -0.3050263 0.3295896
3 27.40694 1.951656 -0.4868044 4.905887 1.630874 11.14269 -5.911078 -0.688226 -0.4387728 0.4778658
4 27.37781 1.93969 -0.4626833 5.080361 6.357346 6.782355 -4.632091 -0.5142508 -0.3359544 0.3546143
5 26.87853 1.878543 -0.4953835 5.610085 2.684003 9.890085 -5.264071 -0.681843 -0.3827869 0.4057892
6 26.84509 1.961145 -0.5015325 5.405666 2.162233 6.443954 -4.878909 -0.4219006 -0.3417345 0.3736763
7 27.00009 1.974833 -0.546756 5.204136 2.433968 9.518037 -5.768801 0.1481886 -0.4209406 0.4553437
8 27.1232 1.911112 -0.5143291 5.195195 2.295838 6.112424 -6.549971 -0.5486965 -0.5854217 0.6163699
9 26.81396 2.017697 -0.4925274 5.242122 1.690251 6.474489 -7.155144 -1.234785 -0.6031303 0.6646547
10 27.48436 1.969532 -0.4792778 4.597798 2.891396 5.813156 -4.081923 -1.020282 -0.3321844 0.3325619
11 26.85009 1.984425 -0.5453937 4.981162 1.327912 8.807445 -4.520318 -0.9463975 -0.4085372 0.4235542
12 27.17069 2.043776 -0.5259338 5.728383 2.244583 4.917987 -6.690101 -1.145137 -0.4161457 0.502424
13 26.67569 1.979546 -0.5221087 5.392544 2.279922 4.874254 -4.725768 -0.8027769 -0.2748916 0.309299
14 27.7833 2.087039 -0.4700024 6.159113 2.441233 4.670299 -4.050258 -1.051975 -0.3680175 0.3559574
15 26.85065 1.893132 -0.4988663 5.992361 2.23655 5.820048 -6.00727 -1.243125 -0.4033157 0.4636568
16 26.77714 1.8895 -0.4827512 7.189612 2.560354 5.557019 -5.464668 -0.3089676 -0.3176757 0.3722304
17 26.59303 2.022119 -0.5199666 4.4455 2.527983 5.618071 -6.973782 -0.9647114 -0.4322301 0.5419166
18 26.86333 1.844081 -0.5176011 5.907932 2.785457 5.234726 -6.288726 -1.142918 -0.4249681 0.5009048
19 26.56816 1.887772 -0.5128767 5.095595 2.905231 11.56637 -7.205616 -0.8946738 -0.5688817 0.6258204
20 26.65879 1.95059 -0.5121719 6.605933 2.335055 12.19216 -5.174844 -1.239395 -0.4039227 0.4354092
21 26.74797 1.783334 -0.4912974 5.228814 1.926452 8.238944 -6.744235 -0.8445764 -0.4541454 0.5202407
22 26.24586 1.917108 -0.5082324 5.577287 1.9735 6.95099 -5.039945 -0.3988447 -0.3061 0.3537684
23 26.99367 1.917556 -0.4869649 5.312243 1.371131 5.085733 -5.114885 -0.64753 -0.3910271 0.4252718
24 26.72058 1.972321 -0.5126433 4.249694 2.477626 4.139567 -4.607012 -0.5643851 -0.3012242 0.3349713
25 26.77451 1.980212 -0.5091436 5.800003 2.597101 6.295171 -7.219308 -0.9646837 -0.4598293 0.5434727
26 26.80541 1.977714 -0.5027446 5.532962 2.923522 6.16935 -5.56112 -1.365567 -0.4640438 0.5038978
27 27.02651 1.94706 -0.4917462 4.941763 2.238838 5.18216 -6.238656 -0.01893699 -0.4324575 0.4739304
28 27.30384 2.089764 -0.5141276 5.201841 2.56667 5.059867 -4.047081 -0.9721504 -0.3075072 0.3244785
29 26.64366 2.037744 -0.5259567 5.466942 2.869183 5.593067 -6.996596 -1.283534 -0.4582799 0.550954
30 26.67685 1.909544 -0.503478 4.946694 3.021744 9.848413 -6.370124 -0.1711453 -0.487558 0.5348414
31 26.65083 1.812829 -0.4623773 4.89056 2.210672 4.091309 -6.158778 -1.060895 -0.6041601 0.6323592
32 27.18426 1.983227 -0.5106412 5.764659 1.892424 6.768821 -6.408242 -1.703437 -0.5070993 0.5470075
33 27.38311 1.903761 -0.484056 5.859144 2.03556 9.717069 -7.204323 -0.8963011 -0.5542679 0.624778
34 26.61794 2.141425 -0.5168243 6.258349 2.45727 6.382295 -7.185582 -1.069536 -0.506893 0.5907234
35 27.20048 1.924973 -0.4864796 5.698365 2.070614 5.069238 -4.845057 -0.7115336 -0.3500158 0.3861438
36 26.47998 1.841377 -0.4958278 4.924946 1.918343 4.373471 -3.68821 -0.7305045 -0.2006969 0.2292342
37 26.77909 1.961861 -0.4995013 5.758145 1.999536 10.69479 -5.64652 -1.322261 -0.3991771 0.4572258
38 26.78398 1.996508 -0.5186586 5.318135 2.46555 10.1486 -4.345169 -1.025131 -0.3569816 0.3615474
39 27.01677 1.915897 -0.498142 4.701103 1.22438 4.427913 -4.808859 -0.5668373 -0.3888051 0.4162153
40 27.83822 1.965434 -0.4708154 6.918817 2.511175 12.00766 -8.393809 -0.613078 -0.7089949 0.7442947
41 26.76908 1.892539 -0.4919251 4.935832 2.602073 7.688362 -5.339877 -0.1889979 -0.3261405 0.3787017
42 26.89925 1.915463 -0.477083 4.282475 2.284886 7.766388 -6.562659 -0.8853198 -0.4761257 0.5291726
43 26.62592 2.036266 -0.508087 6.187366 2.407464 10.99158 -6.08691 -0.6837846 -0.4569968 0.5028373
44 26.83528 1.923547 -0.5245536 4.571026 1.67877 3.243806 -4.636308 -0.9965464 -0.3139999 0.352516
45 25.99182 1.913356 -0.5159784 5.620205 1.411034 5.683279 -3.609748 -1.069106 -0.2385079 0.2381628
46 27.32708 2.139113 -0.5039855 5.49099 2.047717 5.120151 -4.526007 -0.9275721 -0.3029458 0.335779
47 27.52145 2.084992 -0.498661 4.12688 1.888872 5.947748 -3.527835 -0.6461258 -0.3255771 0.3023087
48 26.88945 1.98092 -0.496403 6.401267 1.959213 8.448215 -4.659103 -0.5151227 -0.2844971 0.317568
49 25.90992 2.013811 -0.5350251 5.841556 3.108249 7.309138 -4.816893 -1.258878 -0.3507841 0.3951157
50 26.5716 1.906147 -0.4808774 5.804074 2.900678 5.710389 -4.485971 -0.5268917 -0.2846011 0.3099435
51 26.39249 2.052096 -0.5191544 5.001451 2.365069 6.610201 -4.958289 -0.4775129 -0.349352 0.384812
52 26.99258 1.975063 -0.5156129 4.982899 2.373166 6.116512 -5.220009 -0.4955852 -0.4289798 0.4519391
53 27.29556 1.958866 -0.4783299 4.848011 1.669397 5.338544 -5.904995 -0.8668655 -0.437282 0.4863157
54 26.82306 1.822671 -0.4855171 5.330404 2.489842 5.747769 -4.67018 0.05692459 -0.3471767 0.3514894
55 27.07446 1.995379 -0.5008794 5.311119 2.192935 7.068352 -4.310407 -0.4906838 -0.2739481 0.2899997
56 26.99441 1.928774 -0.4890333 5.270373 2.245954 6.224232 -7.387539 -0.8491206 -0.4734196 0.5622754
57 26.97275 1.913392 -0.4878127 6.208968 1.787304 6.888267 -6.934177 -0.7374403 -0.4985977 0.5671772
58 27.31126 1.93112 -0.4836131 4.555525 2.147167 5.362594 -3.83037 -0.6147203 -0.2546202 0.2594247
59 26.85084 2.055837 -0.5265086 4.467118 2.736434 4.684625 -4.217947 -1.082177 -0.2809416 0.3015722
60 27.28969 1.983149 -0.5040827 4.518136 3.170389 5.534282 -5.834741 -0.8387483 -0.4270624 0.4913581
61 26.49013 2.030052 -0.5455043 5.45554 2.185506 5.409495 -4.489245 -0.6877683 -0.2939557 0.3282036
62 26.65571 2.014625 -0.5246236 6.026716 1.910646 7.012525 -4.920112 -1.145348 -0.3621854 0.4084885
63 26.64961 1.876489 -0.4889956 4.8446 1.908724 5.297758 -6.827468 -0.5236896 -0.5563824 0.5888587
64 26.95804 1.99567 -0.4840802 4.849843 3.432155 4.702239 -4.405798 -0.7910241 -0.2812123 0.309799
65 27.32023 1.845229 -0.4778458 6.344035 2.903362 6.697539 -6.678142 -1.183296 -0.5235465 0.5869658
66 26.73788 1.849415 -0.4903545 4.699026 2.48482 5.887975 -5.505081 -0.8010637 -0.4268206 0.4710643
67 26.28118 1.94618 -0.5036342 4.883826 3.404582 4.642209 -4.852025 -0.649372 -0.3302689 0.3707108
68 26.66233 1.955624 -0.4984079 5.090087 1.225621 7.708938 -5.06127 -0.4116052 -0.2946478 0.3429733
69 26.69103 2.032887 -0.5413075 5.876791 1.860562 7.602265 -4.88475 -1.246237 -0.2870693 0.3429684
70 27.34406 2.084576 -0.4755674 4.925223 2.826096 5.929779 -6.197168 -0.3312924 -0.3868945 0.4533244
71 26.22475 1.746097 -0.5005559 6.047991 3.151173 5.365521 -7.16921 -0.935731 -0.4970006 0.5832618
72 26.49238 1.96047 -0.5405324 6.338309 2.584445 10.288 -10.6819 -0.5808825 -0.6452498 0.8297685
73 27.36653 1.942058 -0.4803875 6.780883 2.55534 16.93038 -8.877637 -1.624893 -0.7159005 0.8185692
74 27.05445 2.093216 -0.5170255 4.331907 3.103107 6.113154 -4.640365 -0.438293 -0.3482254 0.3706386
75 26.48279 1.809309 -0.5011577 5.849675 3.064728 8.879007 -7.44282 -0.9930591 -0.519417 0.60719
76 26.68196 1.910896 -0.5051161 4.674735 1.537705 7.090012 -4.961971 -0.5231972 -0.3278716 0.3769978
77 27.3885 1.960789 -0.4964602 5.016469 2.789464 6.514467 -5.136115 -0.8949015 -0.372639 0.4038533
78 26.85922 1.924813 -0.5098279 4.782159 1.920251 7.101061 -4.576586 -0.5397703 -0.3096308 0.3391859
79 26.93403 1.899498 -0.4684966 5.190556 2.766383 6.325311 -6.467023 -0.4328052 -0.4942552 0.5210917
80 26.43079 1.919965 -0.5197562 4.843445 1.408663 4.325533 -4.542409 -0.518415 -0.2985211 0.3265326
81 26.94392 1.893804 -0.494341 5.64703 2.377255 8.572745 -7.664686 -0.8825372 -0.5344806 0.6282844
82 27.12109 2.058563 -0.4974769 4.641651 2.875045 7.257616 -3.739453 -0.8385807 -0.2709629 0.2715823
83 26.27834 1.906831 -0.5233529 6.062567 3.351854 9.373195 -9.340908 -0.3065015 -0.7143473 0.8018861
84 26.44185 1.906135 -0.5268208 4.737222 2.159471 6.065125 -4.303746 -0.9592595 -0.3068328 0.32363
85 26.78597 1.85436 -0.4848191 4.687501 2.542065 5.839939 -6.225356 -1.328747 -0.4729754 0.5527827
86 27.01681 1.994798 -0.4926365 5.146489 2.623719 5.287075 -4.771902 -0.67075 -0.2775537 0.3192401
87 27.02927 2.038996 -0.5154149 5.290473 1.358213 6.895339 -4.669717 -0.5063537 -0.263396 0.296172
88 26.91345 2.00639 -0.4745564 5.517491 3.146828 5.430185 -7.178699 -0.5258651 -0.5721389 0.6216892
89 26.95623 1.980853 -0.4955784 4.957305 1.130996 4.986389 -4.890541 -0.8113214 -0.3358968 0.3736423
90 26.99332 2.193427 -0.5360765 6.068034 1.674985 10.18232 -5.339501 -0.2721062 -0.3742885 0.3829871
91 26.76921 1.996169 -0.5063165 4.345063 1.451381 5.581213 -4.406039 -1.436341 -0.338529 0.3608988
92 26.62754 2.013779 -0.5163408 5.817608 2.04812 7.229757 -5.505242 -0.8966395 -0.3723702 0.4262288
93 27.30253 2.04034 -0.5090235 5.306485 4.026007 7.548235 -5.29102 -0.4775247 -0.3495588 0.3978011
94 26.71516 2.001606 -0.4942464 4.452473 3.018627 4.295296 -3.58841 -1.136541 -0.3140272 0.3045965
95 27.16114 1.922094 -0.4930513 4.717261 3.2947 5.232925 -4.185802 -0.8112952 -0.3400491 0.3469866
96 27.17132 1.982014 -0.4857098 4.762312 1.787355 5.482044 -4.504101 -0.2593971 -0.3224277 0.3346685
97 26.52803 1.931808 -0.5226434 4.493074 1.292796 5.142695 -4.405598 -0.2551113 -0.281512 0.3049039
98 26.45653 1.947366 -0.5129987 5.35052 2.109904 6.538188 -6.450973 -0.5273555 -0.4615311 0.5265731
99 27.20723 1.934533 -0.4792618 5.2899 2.322958 6.561053 -4.515026 -1.031739 -0.4045911 0.4135631
100 26.20023 2.018067 -0.5157629 5.314914 2.308093 7.047545 -5.712859 -1.074854 -0.4397382 0.478743
