1 0.3604488 0.05561474 0.01675183 0.8991218 0.4471728 0.965973 0.6220137 0.4362959 0.06702583 0.06767008
2 0.3532652 0.05549919 0.01909472 0.7542001 0.4996095 1.558945 0.6267535 0.3496635 0.05419423 0.06109767
3 0.3213916 0.05510507 0.01764261 0.4802196 0.4194387 3.598897 0.879264 0.3769552 0.07770687 0.08705351
4 0.4318872 0.05742646 0.01779546 1.512516 0.4708761 1.719442 0.7164921 0.3438819 0.0618561 0.06965175
5 0.3495203 0.05706007 0.01939484 0.6907502 0.4783902 2.882128 0.7925592 0.3731507 0.06729292 0.07469617
6 0.3591783 0.06236157 0.02014536 0.6602479 0.5459955 1.539574 0.7425021 0.3325201 0.05886315 0.06844784
7 0.3353283 0.06140226 0.02045703 0.6986961 0.4868273 2.905147 0.9130128 0.3353718 0.07194485 0.08184742
8 0.3664346 0.06090082 0.02084299 0.742597 0.5698345 1.576573 1.195302 0.3698126 0.1146253 0.1241542
9 0.3523483 0.06245932 0.01953935 0.6294531 0.5052569 1.655671 1.398355 0.4241954 0.118428 0.136846
10 0.3571059 0.05478905 0.01750343 0.7493384 0.45752 1.299551 0.5816072 0.3688655 0.05735684 0.06000611
11 0.3291255 0.06296886 0.0211757 0.4710622 0.534141 2.560482 0.7252351 0.3391875 0.06973517 0.07620326
12 0.3319184 0.06373109 0.01984604 0.6901579 0.5646362 1.075865 1.104065 0.3829231 0.06789248 0.08897523
13 0.3095818 0.06306801 0.0191065 0.6792919 0.5334531 1.056328 0.7240875 0.3703052 0.05058498 0.06036015
14 0.4337785 0.06945463 0.02038279 0.7919966 0.7065266 0.9911837 0.6371773 0.381207 0.06569027 0.06670634
15 0.3435308 0.06077595 0.02024444 0.6466213 0.5660792 1.355441 0.9254043 0.4041499 0.06626736 0.08167448
16 0.4080729 0.06726754 0.02285903 0.8008696 0.705013 1.262885 0.8079405 0.3382091 0.05380726 0.06642489
17 0.3315365 0.05864098 0.01842377 0.6762654 0.4486695 1.273938 1.105792 0.3630618 0.07343969 0.09593547
18 0.3552358 0.06014926 0.02099809 0.807012 0.6064963 1.281063 1.078756 0.3679228 0.07479722 0.09307223
19 0.3368953 0.0567845 0.01907632 0.7200968 0.4286222 3.977931 1.940479 0.4506534 0.1612223 0.1860394
20 0.3720144 0.06729663 0.02193249 0.6747098 0.5782934 4.192755 0.8021075 0.3825482 0.0686435 0.0777424
21 0.3118441 0.05257511 0.01858386 0.5300558 0.460683 2.280611 1.066808 0.3990827 0.08326943 0.09827941
22 0.3361793 0.06105321 0.02028407 0.5799659 0.5304448 1.866423 0.7294161 0.3263353 0.05502998 0.06617379
23 0.3425057 0.05974028 0.01966048 0.5318878 0.5475641 1.088036 0.7848237 0.3387453 0.06515243 0.07378002
24 0.3390877 0.05718316 0.01800233 0.6603452 0.483847 0.8238015 0.6337419 0.3207146 0.05139607 0.06024074
25 0.3413992 0.0629751 0.01966655 0.7014553 0.5396044 1.53394 1.345007 0.4226681 0.09522861 0.1164906
26 0.3907677 0.06489883 0.02054427 0.8235387 0.5765076 1.474294 0.8711192 0.3740696 0.07706135 0.08686069
27 0.3370791 0.05653284 0.01861416 0.6476467 0.5043667 1.186153 0.9463373 0.3524431 0.07134226 0.0835821
28 0.3782649 0.06573958 0.01996573 0.744468 0.5901691 1.145814 0.5481485 0.3212017 0.04608556 0.0518122
29 0.3434026 0.06395137 0.01972016 0.7514914 0.5381902 1.245717 1.344844 0.3993818 0.08955287 0.1146918
30 0.3583879 0.0577178 0.0192752 0.7832578 0.467542 2.91563 0.971532 0.3394709 0.08251119 0.09403923
31 0.391436 0.05586018 0.01954696 0.7910377 0.5671515 0.8383189 1.012873 0.380309 0.1098947 0.1159288
32 0.3201263 0.06197862 0.01914865 0.5889481 0.5399021 1.691892 1.832863 0.7137507 0.1731705 0.1891638
33 0.3710518 0.059465 0.01985335 0.7074177 0.5176383 3.231301 1.311069 0.3778029 0.1035776 0.121824
34 0.3706592 0.07368594 0.02127795 0.7433929 0.5966019 1.505825 1.274824 0.385169 0.09160827 0.1114549
35 0.3846536 0.06207566 0.02049655 0.676474 0.6016708 1.144328 0.7363534 0.3357229 0.05869391 0.06851394
36 0.3528452 0.05606993 0.02009106 0.6222866 0.5729154 0.9533043 0.5218235 0.3090873 0.03992778 0.04710377
37 0.3483708 0.06280566 0.02003194 0.5951812 0.5093485 3.626325 0.8547284 0.3808847 0.06507987 0.07844866
38 0.3368903 0.06134113 0.01957392 0.6603308 0.4807053 2.889569 0.6676823 0.3690556 0.06663367 0.07183091
39 0.3480425 0.05903124 0.01972566 0.5559875 0.5569022 0.9513265 0.6563859 0.3163137 0.05937673 0.06571978
40 0.4111977 0.06360439 0.02054808 0.7362468 0.5706229 4.222383 NaN 0.3676325 NaN NaN
41 0.3485708 0.05665379 0.01896441 0.6685529 0.4517071 2.051064 0.7937705 0.3235576 0.05664805 0.06971618
42 0.306698 0.04995361 0.01598785 0.5439932 0.3748586 2.169471 1.08615 0.4310832 0.08606012 0.1043359
43 0.364874 0.06729769 0.02077097 0.7072103 0.5379288 3.730919 0.95462 0.3514891 0.076859 0.08850475
44 0.3086066 0.05632156 0.01924973 0.6249959 0.5729264 0.6136954 0.7108911 0.3535856 0.05223384 0.06399637
45 0.3094006 0.06148692 0.02092434 0.5024977 0.5638365 1.333946 0.5503951 0.364116 0.0475612 0.05283292
46 0.3558338 0.065748 0.01917196 0.6475595 0.5571495 1.137975 0.6402022 0.3461239 0.04960822 0.05809923
47 0.3373872 0.05853839 0.01748324 0.5767163 0.4461914 1.35516 0.4920415 0.3204645 0.05585363 0.05618212
48 0.369035 0.06563815 0.02088404 0.5684939 0.5886295 2.315727 0.6696972 0.3324124 0.04901843 0.05895957
49 0.3640517 0.06939763 0.02208041 0.8786781 0.5627138 2.035401 0.7192904 0.3661162 0.05811375 0.067708
50 0.3871096 0.06236599 0.02044715 0.8619921 0.6060446 1.419238 0.716277 0.3366281 0.0540914 0.06433427
51 0.3439108 0.06425003 0.01925592 0.6692359 0.5081836 1.731758 0.6725524 0.3278533 0.05430066 0.06226249
52 0.3482564 0.06108645 0.01979068 0.7138142 0.5265834 1.558366 0.8532757 0.339503 0.07760572 0.08526232
53 0.3325245 0.05600126 0.01753965 0.5059105 0.4761714 1.157513 0.8990556 0.3698983 0.0762021 0.08755737
54 0.3571537 0.05628939 0.02035866 0.7153576 0.5332716 1.370282 0.6799256 0.3337403 0.05940427 0.06564805
55 0.3332054 0.06116018 0.01885342 0.5997815 0.4983732 1.694291 0.6131668 0.3332312 0.05125172 0.05774939
56 0.3232626 0.05570696 0.01818088 0.6337736 0.4844804 1.52437 1.338941 0.3927127 0.08753294 0.1110618
57 0.3788577 0.06250794 0.02085473 0.5904042 0.6025791 1.766574 1.173419 0.3775387 0.09357079 0.1096084
58 0.3406619 0.05395763 0.01779931 0.5876445 0.4811012 1.190157 0.5213876 0.3246783 0.0478111 0.05227312
59 0.3307329 0.05907569 0.01829066 0.6896513 0.4681181 0.9570525 0.6227689 0.3677124 0.05030382 0.05780597
60 0.3613501 0.05679487 0.01808384 0.8182688 0.4749085 1.306477 0.9379148 0.3413935 0.06942322 0.08540802
61 0.3412805 0.06786937 0.02143952 0.6920119 0.582438 1.201438 0.6048139 0.3167637 0.04647469 0.05466058
62 0.3666435 0.06940285 0.02233924 0.599481 0.6125848 1.902258 0.8057265 0.3457738 0.06022072 0.07381193
63 0.325909 0.05516446 0.01839843 0.5677937 0.4702175 1.181906 1.280098 0.3974946 0.1134405 0.1254894
64 0.3762666 0.05985458 0.01794058 0.8632301 0.5106026 0.9827473 0.5942052 0.3314479 0.04917064 0.05594749
65 0.4217935 0.06186446 0.02124906 0.9338543 0.6360238 1.692839 1.018754 0.3687011 0.08970718 0.09947016
66 0.3618077 0.05451959 0.01907739 0.7014164 0.4724851 1.29141 0.7951812 0.352101 0.06807437 0.07785805
67 0.3863572 0.06152067 0.02002877 0.8973568 0.5564397 1.008789 0.6683701 0.328526 0.05256454 0.06153472
68 0.3094045 0.05817966 0.0188424 0.4125145 0.4792899 2.088188 0.7636785 0.3308266 0.05369686 0.06591162
69 0.3323308 0.06628552 0.02106151 0.5645062 0.5726956 2.058647 0.7410241 0.3706961 0.05296217 0.06424214
70 0.3642546 0.05955556 0.01739907 0.7212616 0.4909058 1.463596 0.9004433 0.3407931 0.06767695 0.07976466
71 0.367776 0.05772193 0.0218805 0.882511 0.5967755 1.22574 1.166943 0.3666295 0.08467686 0.1015168
72 0.3659264 0.0666055 0.02212161 0.7919206 0.5725258 3.460039 2.368972 0.3886565 0.1385578 0.1880163
73 0.41708 0.06560461 0.0212294 0.7980941 0.5307099 7.483034 NaN NaN NaN NaN
74 0.351828 0.06078016 0.01790469 0.9041616 0.4476086 1.447703 0.6345587 0.3184218 0.0571855 0.06385269
75 0.3654223 0.05739699 0.02087839 0.7879673 0.5183566 2.39212 1.318906 0.3930834 0.09981653 0.119792
76 0.3208327 0.05649043 0.01912429 0.5568531 0.4529794 1.888686 0.6936058 0.3104853 0.05489369 0.06553822
77 0.3424189 0.05651783 0.01810205 0.732467 0.4841953 1.616351 0.8210191 0.3574151 0.06789227 0.07798528
78 0.3326216 0.05816764 0.01886747 0.6092431 0.4906972 1.951694 0.6758096 0.3177708 0.054378 0.06356715
79 0.359121 0.05565131 0.01791116 0.7053361 0.4885042 1.556866 0.9860914 0.3846443 0.08596027 0.09276502
80 0.3113014 0.05952734 0.01976747 0.4854718 0.5356324 0.8854424 0.5677884 0.3212517 0.04317638 0.04976151
81 0.3551866 0.05861554 0.01945824 0.6469025 0.5130039 2.408384 1.379258 0.3729004 0.09824531 0.120611
82 0.3493244 0.05937001 0.01793612 0.7219905 0.4548685 1.800498 0.5504042 0.3317984 0.05056507 0.05599809
83 0.3721691 0.06435874 0.02336846 0.9415628 0.766451 3.257258 11.78498 0.42113 0.8988458 1.053846
84 0.3098106 0.05785396 0.01925307 0.6055028 0.467089 1.401864 0.6503082 0.3580231 0.05292804 0.06112857
85 0.3612184 0.05426068 0.01892757 0.7109369 0.4635268 1.330168 1.025681 0.3890941 0.08011467 0.09712555
86 0.3684432 0.06056078 0.01868635 0.6857092 0.5137819 1.09621 0.6366905 0.338695 0.04804834 0.05608566
87 0.3022449 0.06081295 0.01870175 0.4362778 0.4821238 1.672249 0.7305851 0.3455993 0.05074389 0.06290631
88 0.3926106 0.06232263 0.01875452 0.8989793 0.5430556 1.171825 1.578146 0.4144053 0.1402728 0.1574866
89 0.323032 0.05819877 0.01848888 0.4728754 0.5093059 1.056176 0.6880413 0.3452927 0.05468681 0.06299001
90 0.3151816 0.07112685 0.01977486 0.490059 0.5171 2.926839 0.7505899 0.3599147 0.06335375 0.06742302
91 0.2952978 0.05542186 0.01724577 0.4576934 0.4328288 1.253283 0.6977796 0.3991229 0.06016462 0.06941322
92 0.358201 0.06616323 0.02077651 0.6585714 0.5662125 1.980921 0.8010275 0.3567982 0.05972088 0.07078389
93 0.3925254 0.06388129 0.01915426 1.002031 0.5023015 1.934332 0.7587345 0.3281182 0.0580161 0.06864086
94 0.3699236 0.0600774 0.01865767 0.8202439 0.5277696 0.9330256 0.508895 0.3565584 0.05092119 0.05396485
95 0.3695377 0.05617371 0.01849629 0.900098 0.4967095 1.200217 0.671166 0.3453616 0.06091944 0.06747818
96 0.3403824 0.05763551 0.01793168 0.5501376 0.4814346 1.21397 0.6623842 0.3251698 0.05873484 0.06503912
97 0.293036 0.0573228 0.01907525 0.4133663 0.4891303 1.153079 0.5863681 0.31265 0.04537765 0.05254657
98 0.352837 0.06138804 0.02074525 0.6533779 0.5422082 1.649317 0.9909781 0.3444139 0.07625691 0.09133023
99 0.3851441 0.0600905 0.01975864 0.7287102 0.5406697 1.656191 0.7452564 0.3668389 0.07374534 0.07972526
100 0.339258 0.06276505 0.02012872 0.6326001 0.5095749 1.83345 0.9611597 0.3847916 0.07830205 0.09184309
