1 0.4303729 0.06534089 0.02109147 0.9471617 0.4843115 1.010859 0.4821756 0.1056767 0.1079177
2 0.3925049 0.0643084 0.02127373 0.7715953 0.4507224 0.7533711 0.3710689 0.0620599 0.07131179
3 0.333228 0.05948454 0.01855253 0.503402 0.3649231 1.171951 0.4132503 0.1026869 0.1155385
4 0.4980487 0.06215485 0.01981417 2.07067 0.4272935 1.197928 0.3721007 0.09792177 0.11329
5 0.3671499 0.06227814 0.02092718 0.7482628 0.4233651 1.051367 0.3981894 0.08631794 0.09734324
6 0.418365 0.07016732 0.02323453 0.9566821 0.5330119 2.095508 0.4025666 0.1489286 0.182496
7 0.3562608 0.06701343 0.02179362 0.7826034 0.4450595 1.313386 0.3526391 0.09981338 0.1161709
8 0.4239825 0.06628116 0.02374996 0.8585311 0.4859005 NaN 0.3614722 NaN NaN
9 0.397451 0.06722184 0.02132896 0.7948991 0.4739898 NaN 0.328231 NaN NaN
10 0.4242376 0.06080982 0.02018753 1.025544 0.4377265 0.8553969 0.4044437 0.07988397 0.08656625
11 0.3575863 0.06741651 0.02355379 0.5213295 0.5204752 1.783221 0.43813 0.1614816 0.1824464
12 0.3953414 0.07204993 0.02249123 1.027735 0.5193773 2.139833 0.4410994 0.1290572 0.1719993
13 0.352184 0.07293043 0.02181311 0.8341578 0.4573283 0.7738348 0.3744704 0.05304712 0.06385139
14 0.5562724 0.07885564 0.02585241 0.9847859 0.7221777 NaN NaN NaN NaN
15 0.3967526 0.0656391 0.02282231 0.7730608 0.5659114 3.733118 0.7962407 0.2487747 0.3166031
16 0.4732497 0.07133108 0.02609935 1.03481 0.6748316 1.677274 0.3868062 0.1015264 0.1309064
17 0.3797657 0.06766249 0.02146692 0.8197498 0.4370784 3.617377 0.5037889 0.217199 0.298784
18 0.3926834 0.06489551 0.02373077 0.938447 0.5455229 3.181189 0.4535621 0.2115652 0.2677146
19 0.3473124 0.05893539 0.01985968 0.7316258 0.3654527 NaN 0.2730001 NaN NaN
20 0.3797926 0.07042857 0.02340612 0.6506003 0.5180035 1.127997 0.4284495 0.09476249 0.1086084
21 0.3310283 0.05710154 0.02043545 0.6030683 0.3971012 2.491524 0.5118063 0.1849566 0.2249342
22 0.3691305 0.06828252 0.02231181 0.6654984 0.4788851 1.01896 0.3468015 0.07340227 0.08993337
23 0.4108604 0.06990599 0.02266466 0.8139719 0.5574535 NaN 0.3911082 NaN NaN
24 0.4050307 0.07397907 0.02310832 0.9440939 0.5342528 1.444668 0.3796346 0.1018567 0.1257267
25 0.3799894 0.06930517 0.02197971 0.8438874 0.4831539 NaN 0.3994716 NaN NaN
26 0.4409057 0.06887539 0.02338029 1.075404 0.6092265 NaN 0.402897 NaN NaN
27 0.374654 0.06776806 0.02067272 0.8899356 0.3390695 NaN 0.419034 NaN NaN
28 0.4393555 0.07536093 0.02390883 1.059125 0.5865197 1.015628 0.3773975 0.07819688 0.09188558
29 0.383961 0.07413769 0.02298351 0.837311 0.5143862 NaN NaN NaN NaN
30 0.3774874 0.06511594 0.02094258 0.8762215 0.4632439 NaN 0.4478597 NaN NaN
31 0.5021214 0.06943306 0.02441227 1.299138 0.7218902 NaN 0.4541086 NaN NaN
32 0.3575737 0.06857701 0.02177845 0.6748465 0.4976383 NaN 0.3325199 NaN NaN
33 0.3942382 0.06238862 0.0208908 0.8007334 0.4715915 2.387367 0.4316346 0.1860403 0.2208856
34 0.4290976 0.07817238 0.02507215 0.8917039 0.6602373 NaN 0.4675874 NaN NaN
35 0.4330754 0.07354475 0.02327736 0.8328363 0.6123272 3.044764 0.5143258 0.2334235 0.28009
36 0.4156363 0.06987084 0.0240228 0.8377106 0.5378019 0.6602399 0.3159466 0.04866362 0.0591031
37 0.3600245 0.06809351 0.02104532 0.636701 0.4455101 1.672498 0.4654135 0.1225216 0.151358
38 0.344255 0.06761417 0.02124749 0.6059829 0.4390952 0.9841811 0.4162348 0.09380275 0.1025109
39 0.4253156 0.06940656 0.02499134 0.873665 0.5686594 NaN 0.2640024 NaN NaN
40 0.4373361 0.06491273 0.02143894 0.7356106 0.5506188 NaN 0.4579555 NaN NaN
41 0.3777195 0.05839682 0.02066567 0.6857961 0.4218712 1.264914 0.3482702 0.08296259 0.1060339
42 0.3293269 0.05571176 0.01732061 0.5641904 0.3238191 2.407477 0.5740969 0.1809149 0.2246031
43 0.3792025 0.06899081 0.02144533 0.7437894 0.4758574 1.335928 0.3686725 0.1054673 0.1220595
44 0.4291393 0.07602661 0.02593931 1.321033 0.6586338 NaN NaN NaN NaN
45 0.3567043 0.06664191 0.02327838 0.7030099 0.4737745 0.6791182 0.3765359 0.05479669 0.06241348
46 0.4104476 0.07979596 0.02181972 0.8245547 0.5269834 0.8558652 0.371518 0.06350416 0.07567934
47 0.3829849 0.0638707 0.02031115 0.6029314 0.4390928 0.6277475 0.3372432 0.07053486 0.07114795
48 0.3871278 0.06853557 0.02286753 0.5716496 0.523638 1.036417 0.3608673 0.06995719 0.08734726
49 0.3999944 0.07543336 0.0238768 0.9640317 0.5076415 1.167967 0.4170732 0.0907399 0.1084172
50 0.4362862 0.06679689 0.02282395 1.033284 0.5221445 0.9516632 0.3546168 0.06711182 0.08201434
51 0.3820136 0.07081673 0.02169594 0.775553 0.4582168 1.133073 0.3531414 0.08709802 0.1031163
52 0.393864 0.06550159 0.02246108 0.8179035 0.5030389 6.342201 0.4050116 0.5245625 0.5954683
53 0.3964815 0.07065579 0.02222329 0.6904896 0.8762729 22.83746 2.507304 1.850813 2.166002
54 0.3934464 0.0640979 0.02231631 0.7312607 0.4859503 0.8813763 0.3516503 0.07467584 0.0839222
55 0.3597513 0.06459886 0.02167882 0.5828629 0.4631818 0.8726275 0.3545995 0.06883748 0.07975246
56 0.3624813 0.06060162 0.019926 0.736897 0.4130289 1.596693 0.4011114 0.09915316 0.1290854
57 0.4220422 0.06874098 0.0233588 0.7321112 0.615047 NaN 0.4231271 NaN NaN
58 0.3959701 0.06426471 0.02096663 0.8109737 0.4541724 0.6350656 0.33225 0.05609481 0.06241705
59 0.3793291 0.06964911 0.02185794 0.8677293 0.4618751 0.9753299 0.4191667 0.07743609 0.08982035
60 0.3203347 0.06178392 0.02016004 0.6172595 0.4549324 NaN NaN NaN NaN
61 0.411726 0.07923729 0.02490977 1.014568 0.5694787 0.863335 0.3458644 0.06154898 0.07490371
62 0.3814119 0.07628701 0.02446236 0.6327034 0.5810167 2.539715 0.4890937 0.1705489 0.2195375
63 0.3643785 0.06286439 0.02126257 0.6987886 0.443927 NaN 0.4143703 NaN NaN
64 0.4170963 0.0653017 0.02228734 0.7828747 0.5051226 0.8030876 0.3537751 0.06254633 0.07258997
65 0.5055741 0.07262113 0.02415613 1.470972 0.6634596 NaN 0.4004601 NaN NaN
66 0.4100747 0.06864152 0.02298778 0.7453654 0.5300247 NaN NaN NaN NaN
67 0.4431685 0.06930435 0.0243351 1.118969 0.5791631 NaN 0.3269064 NaN NaN
68 0.3352867 0.06188123 0.02060926 0.4307345 0.4177517 0.8724888 0.3403244 0.058409 0.07313291
69 0.3459234 0.07161039 0.02333831 0.5926904 0.5005113 1.02341 0.4115466 0.06968164 0.08659121
70 0.4230654 0.06386114 0.01936549 0.8200685 0.4309961 1.953145 0.3865286 0.1425403 0.1709404
71 0.4203306 0.06777577 0.02438943 1.162481 0.5539672 5.448267 0.4604418 0.3673566 0.4580354
72 0.3878893 0.07014308 0.02331207 0.9408243 0.6088151 NaN 0.2801111 NaN NaN
73 0.429653 0.06653322 0.02147488 0.863232 0.5220095 NaN 0.3199928 NaN NaN
74 0.4194253 0.0700512 0.02046882 1.314627 0.4195791 0.8839888 0.3428026 0.0749188 0.08585483
75 0.3876558 0.06415999 0.02238797 0.9849943 0.4787798 NaN 0.3854494 NaN NaN
76 0.3709455 0.06116272 0.02087452 0.745611 0.4237007 0.8865254 0.322885 0.06745025 0.0821335
77 0.3889247 0.06542568 0.02005157 1.035226 0.4284229 1.161537 0.3749459 0.09247406 0.1080073
78 0.3658793 0.06190306 0.0209883 0.697131 0.4310557 0.8827261 0.3287564 0.06743786 0.08045283
79 0.4002014 0.06290078 0.02030035 0.8848283 0.4223892 2.463325 0.4215758 0.2067944 0.2292581
80 0.3922898 0.0739393 0.02487251 0.7151808 0.5778364 1.01252 0.366719 0.07194049 0.08653955
81 0.3880128 0.06050774 0.02118564 0.7094697 0.4824188 NaN 0.4376447 NaN NaN
82 0.3747633 0.06346895 0.01987702 0.777353 0.4118822 0.705993 0.3457926 0.06252318 0.06924829
83 0.399531 0.06883655 0.02240847 1.052194 0.4949652 NaN 0.4349659 NaN NaN
84 0.3483809 0.06488653 0.02150739 0.7686474 0.4274716 0.9548858 0.3991375 0.07483838 0.08779829
85 0.4091005 0.06043307 0.02192506 0.8438419 0.4774931 3.876422 0.5567133 0.2677919 0.3440051
86 0.4395385 0.07233029 0.02328104 1.013362 0.5584337 1.400948 0.3951871 0.09359518 0.1156278
87 0.3357159 0.0643729 0.02050732 0.5278065 0.422211 0.9774889 0.3587743 0.06440042 0.0816854
88 0.4645522 0.0705867 0.0221629 1.327061 0.5503621 NaN 0.4834802 NaN NaN
89 0.3907755 0.06915975 0.02237049 0.6897062 0.5235108 1.342635 0.3951417 0.09935724 0.1187888
90 0.3314367 0.07968609 0.02128746 0.541586 0.458865 1.027015 0.3762868 0.08517384 0.09145437
91 0.342515 0.06449754 0.0199785 0.605923 0.3998552 0.9818084 0.4320706 0.07920966 0.09426178
92 0.3919211 0.07409875 0.02245133 0.8707249 0.4977677 1.328622 0.3991977 0.09771543 0.1173295
93 0.4409844 0.06685084 0.02114768 1.453779 0.4708969 1.173569 0.3564414 0.08240225 0.1013723
94 0.4405194 0.07331859 0.02209743 1.205916 0.4933402 0.7794268 0.4076348 0.07604498 0.08201963
95 0.4125632 0.06576641 0.02149724 1.003602 0.4743615 0.9408509 0.3737275 0.08335299 0.09315947
96 0.389411 0.06752617 0.02107439 0.706504 0.4747444 1.120118 0.3516294 0.09349116 0.1058174
97 0.334962 0.06719341 0.02270598 0.474716 0.4736701 0.8060872 0.3311864 0.05768969 0.06923587
98 0.4038291 0.06857519 0.02346984 0.7932018 0.5749982 NaN 0.4292673 NaN NaN
99 0.4380837 0.06541415 0.02241277 0.8778073 0.5084576 1.119769 0.400298 0.1006418 0.113321
100 0.3632732 0.06366106 0.02046686 0.6557754 NaN NaN NaN NaN NaN
