1 289.2912 267.4787 238.7435 286.9555 270.3322 237.9211
2 216.8205 198.0241 215.9667 226.5568 208.8229 212.7194
3 263.2412 234.7663 237.7465 268.1253 235.376 228.8715
4 245.6531 227.0958 232.0182 242.3721 223.0411 233.0145
5 248.7166 237.968 239.1588 255.4017 247.3578 234.2625
6 190.3765 183.2489 196.9892 187.7379 183.2069 194.5384
7 173.4185 189.1872 179.1926 181.2719 189.7888 182.5461
8 162.9574 167.5937 173.3017 163.7288 165.11 168.8591
9 187.3582 179.434 182.8481 191.1422 177.741 178.914
10 253.4184 226.8871 221.2349 242.4128 230.9463 227.4951
11 152.1647 156.7608 147.4084 157.7091 157.6098 147.0677
12 214.8429 207.0265 206.4416 215.1504 208.1643 205.8103
13 259.9634 265.6511 248.0511 270.4263 262.2202 247.956
14 202.7566 169.6623 183.9533 206.4433 175.0944 184.6393
15 244.9384 231.3939 226.8316 254.8375 235.4618 231.1091
16 207.309 206.7907 210.0513 206.4788 211.2083 201.5695
17 187.9007 184.3755 185.3603 190.6349 181.5031 184.0908
18 187.1197 203.0492 188.322 188.5516 204.0715 191.284
19 213.6212 218.8477 230.8041 221.485 215.5213 227.515
20 204.4051 192.3013 216.6613 207.1707 187.9793 218.6819
21 279.0388 296.4693 262.9018 282.5613 295.1929 259.7941
22 199.8535 200.4257 203.9813 205.1102 199.9402 200.666
23 185.4901 171.2624 181.0262 192.2223 171.0195 180.5455
24 203.9784 213.4073 195.9053 216.6759 216.7882 195.4447
25 269.318 266.846 260.2325 266.2643 265.9598 263.0698
26 196.4057 181.0737 177.0659 195.3707 177.0012 179.4475
27 245.86 248.6231 238.5218 255.5388 240.294 231.7249
28 185.2745 171.7359 177.398 186.903 171.1254 175.9626
29 225.7358 216.6506 211.8177 233.5996 212.9649 212.1687
30 196.2159 205.1977 195.62 217.7162 202.6704 193.4776
31 143.9315 150.2973 157.056 150.5117 149.7664 157.6659
32 270.3382 251.3596 245.3924 279.7438 255.514 243.6795
33 192.0704 178.0719 172.6935 193.4407 172.0311 169.5433
34 206.7269 199.6141 189.8548 204.129 199.3284 194.7957
35 186.1305 179.6555 178.9912 198.7026 177.2375 177.3901
36 184.7824 196.7965 196.5023 190.4166 195.6763 196.0282
37 215.3852 207.9314 202.8023 227.443 207.4749 201.6005
38 224.1946 225.0515 209.0219 227.7739 230.341 211.3295
39 155.2168 151.3611 162.3909 156.3597 152.6401 167.3666
40 227.4163 197.7306 185.6414 224.4378 201.9909 192.042
41 202.3657 208.0128 198.9084 197.9042 202.939 205.26
42 318.5142 328.9059 287.2384 330.6347 319.373 286.5752
43 212.3469 212.7234 214.8093 212.7274 211.9823 211.4327
44 189.7393 202.9469 183.3645 190.459 200.6405 185.9375
45 251.6047 273.8378 277.4986 248.7 278.12 276.6221
46 217.3573 198.4274 212.7229 231.3301 198.0327 215.4022
47 214.7605 195.6638 201.4799 206.68 200.7705 198.3292
48 243.1805 230.8372 220.3905 232.6335 227.198 225.9307
49 173.1595 186.6965 176.0724 174.9515 191.8401 172.1897
50 227.3564 239.6737 243.6964 230.874 239.0073 240.7031
51 187.9772 180.578 196.407 192.5441 182.4791 193.5995
52 176.6512 171.9689 183.731 184.7315 173.3612 183.7148
53 243.0548 234.602 227.744 242.1794 230.3444 227.9554
54 202.3882 199.6253 195.6503 209.4097 191.9568 193.6902
55 247.2121 254.9247 238.6103 244.6508 252.9638 229.1753
56 261.8078 255.9808 241.9229 266.7363 255.6722 247.6755
57 208.6919 189.5287 193.1819 218.4676 184.4943 194.9313
58 233.3301 221.2074 227.4949 240.7044 222.7437 223.1176
59 254.1741 254.3393 229.2786 247.3734 253.478 225.2592
60 187.0946 170.6859 183.6629 193.4411 170.4608 183.8481
61 179.9229 182.37 192.5577 181.6639 181.6329 196.0551
62 175.4338 181.5515 190.352 182.4686 179.7823 195.1342
63 235.2274 213.7064 220.3934 242.6347 217.6789 216.9994
64 240.7205 238.0711 241.1232 236.7778 235.3449 237.8285
65 172.0434 162.0249 170.0805 187.8615 165.5667 171.3489
66 172.214 169.855 184.0187 185.203 171.5012 182.6282
67 195.3038 190.7107 187.746 193.3509 193.5013 183.5445
68 237.4389 244.7817 235.2008 232.7478 234.7687 233.6172
69 220.1521 201.7973 233.5198 221.4375 212.2907 228.991
70 252.3091 231.2452 232.6888 263.7081 239.7488 228.4343
71 179.2989 193.8402 184.6314 187.8095 191.7973 181.363
72 160.4383 167.8611 157.5098 163.1447 162.0487 155.9594
73 189.6385 182.5188 170.9329 191.4088 177.9269 170.2413
74 193.4131 192.3637 196.958 195.2681 191.5863 199.5434
75 197.8369 207.7028 213.3717 206.75 212.6018 215.2636
76 177.8726 170.096 178.7607 170.7362 170.625 177.9283
77 246.0705 246.2203 219.4323 254.0012 236.1439 230.623
78 197.1132 194.6594 203.3519 200.6454 192.2591 202.0211
79 270.2509 244.2797 248.2663 284.0374 241.8205 249.7628
80 178.0706 177.7242 177.9555 184.3119 181.3259 180.834
81 213.3079 204.2724 214.6656 214.1454 198.9892 212.8288
82 243.3968 244.3424 215.4898 247.6762 239.6794 215.2528
83 177.9249 188.1831 177.1298 185.7321 188.4016 176.3622
84 229.2179 241.813 240.5553 232.7001 250.4833 243.3471
85 171.0634 166.3586 152.2251 169.3075 166.1063 152.9252
86 240.3822 224.6203 224.5893 253.1557 217.4326 225.7628
87 274.4871 274.4287 258.3955 269.7875 274.4085 260.0153
88 221.944 194.0406 195.1865 220.8168 195.4059 200.0401
89 215.7643 209.1354 197.1259 220.2901 216.0182 198.7959
90 305.3334 291.105 282.5202 310.6527 290.9053 285.691
91 242.2887 239.7747 229.831 249.6525 244.9255 227.9916
92 212.2937 193.3501 199.2359 218.5972 195.3546 207.5306
93 208.9044 197.268 194.9959 208.8263 194.6013 196.4335
94 194.666 204.0002 183.4073 205.3873 208.3633 184.7776
95 199.4658 190.8155 203.3115 205.2469 187.5172 205.0234
96 228.505 232.2498 228.2306 229.8982 228.5237 229.5768
97 185.0414 189.7368 195.6336 194.0909 187.739 196.455
98 187.0648 183.1285 187.9366 189.3256 180.1207 191.8833
99 188.141 172.0393 172.9695 185.755 175.3432 172.2233
100 203.0609 216.1356 220.0535 208.3451 214.6222 218.0278
