1 16495.04 16655.05 16653.42 16800.44 16937.05 16941.08
2 16927.74 17050.52 17068.07 17243.98 17345.92 17366
3 16760.27 16875.52 16921.15 17050.8 17124.92 17157.09
4 16939.77 17082.69 17091.13 17393.3 17511.46 17504.66
5 16705.65 16874.34 16861.14 17008.79 17161.36 17119.38
6 16199.64 16375.18 16374.79 16559.97 16735.32 16707.01
7 16776.22 16975.67 16919.97 17047.07 17254.86 17186.53
8 16473.81 16612.8 16645.13 16861.67 17018.59 17029.1
9 16905.71 17013.99 16995.5 17250.53 17382.87 17355.41
10 17008.18 17202.26 17124.8 17420.06 17582.23 17511.74
11 16952.59 17160.94 17132.84 17418.82 17580.76 17548.41
12 16898.51 17044.85 16983.42 17100.99 17223.94 17147.56
13 16667.34 16840.12 16815.88 16936.23 17136.56 17131.83
14 16478.5 16684.78 16635.74 16790.58 16963.7 16907.32
15 16825.43 16989.31 16918.94 17185.68 17332.07 17294.73
16 16383.6 16564.83 16562.35 16741.75 16925.6 16910.05
17 16882.24 17119.13 17005.63 17342.86 17544.53 17462.7
18 17028.39 17197.84 17138.73 17441.31 17614.39 17564.69
19 16372.54 16587.02 16524.5 16781.51 16918.81 16867.38
20 17187.42 17299.6 17270.55 17528.75 17618.93 17604.6
21 17449.78 17577.77 17522.38 17949.89 18092.62 18034.23
22 17035.8 17107.77 17160.7 17348 17388.99 17430.24
23 16935.44 17107.28 17053.48 17323.28 17465.55 17446.68
24 16608.03 16793.87 16731.91 16911.22 17044.9 17001.92
25 17101.24 17278.19 17230.02 17491.65 17634.05 17599.54
26 17040.93 17149.12 17131.19 17357.43 17454.2 17473.71
27 16905.83 17017.39 17005.7 17188.25 17288.28 17299.71
28 16168.14 16293.37 16269.67 16532.42 16617.22 16646.84
29 17245.97 17403.12 17318.82 17608.93 17722.06 17637.5
30 16794.1 16930.17 16944.68 17097.54 17200.26 17195.36
31 16918.86 17103.8 17014.86 17244.42 17434.85 17339.56
32 17074.41 17208.63 17190.46 17412.31 17545.25 17541.71
33 16919.89 17029.57 17040.59 17334.13 17465.3 17466.1
34 16676.11 16863.49 16802.94 17069.23 17240.36 17157.78
35 16886.21 17068.86 17022.77 17228.99 17367.34 17332.94
36 16801.04 16977.66 16892.19 17268.3 17416.15 17352.62
37 16669.98 16874.12 16789.73 17055.39 17217 17145.18
38 16712.89 16820.67 16825.78 17085.51 17200.99 17212.35
39 16912.77 17066.74 17036.96 17249.23 17423.39 17389.09
40 16535.14 16697.19 16676.2 16961.99 17111.94 17068.53
41 16943.73 17056.37 17118.6 17419.29 17540.27 17559.35
42 17404.73 17535.76 17491.15 17789.11 17919.33 17852.23
43 17238.83 17421.14 17395.03 17554.13 17712.77 17671.16
44 16843.36 17090.36 16974.72 17135.61 17331.85 17227.71
45 17254.73 17366.57 17354.37 17697.08 17786.74 17791.77
46 17017.23 17206.51 17114.75 17341.22 17527.74 17438.9
47 17089.26 17190.91 17185.33 17537.19 17625.93 17596.4
48 16717.6 16942.89 16887.73 17022.05 17237.01 17161.22
49 17002.13 17069.43 17076.28 17292.55 17372.57 17401.35
50 16860.29 17006.42 16962.48 17166.26 17300.5 17247.38
51 17389.91 17471.3 17436.18 17671.05 17769.51 17732.18
52 17186.17 17327.91 17321.3 17527.1 17662.87 17659.28
53 16936.28 17125.38 17039.39 17250.05 17430.12 17322.66
54 16873.08 17037.89 16999.19 17151.54 17307.53 17287.67
55 16768.59 16938.97 16890.55 17127.55 17262.64 17230.98
56 16819.57 16960.98 16915.01 17071.83 17220.65 17147.67
57 17182.57 17259.32 17263.1 17418.46 17484.29 17491.78
58 16609.82 16813.39 16758.36 16850.44 17040.49 16982.28
59 16999.67 17123.58 17122.77 17239.81 17350.76 17329.97
60 17265.78 17413.19 17400.59 17669.28 17772.7 17773.56
61 15910.26 16063.33 16052.04 16179.81 16305.46 16298.19
62 16915.29 17104.15 17046.81 17250.7 17431.16 17360.01
63 16974.6 17145.29 17097 17343.5 17479.11 17426.28
64 16546.82 16780.83 16704.55 16953.54 17161.96 17082.11
65 16540.99 16736.11 16686.01 17037.12 17227.24 17159.54
66 16925.73 17102.79 17016.56 17214.41 17377.33 17316.61
67 17499.33 17574.54 17593.44 17823.95 17915.44 17931.78
68 17480.04 17588.64 17556.36 17761.22 17847.1 17859.57
69 16511.01 16673.46 16614.92 16764.52 16916.24 16854.88
70 16615.54 16776.58 16742.59 16965.59 17116.96 17084.53
71 16945.24 17162.21 17051.8 17293.11 17471.31 17373.45
72 17270.52 17292.21 17312.61 17542.32 17599.09 17621.33
73 16562.18 16675.83 16663.31 16970.65 17091.27 17068.14
74 16772.26 16976.94 16905.82 17101.5 17307.51 17235.56
75 17219 17324.18 17319.97 17534.97 17624.92 17630.29
76 16631.54 16713.35 16746.63 17026.92 17103.58 17159.15
77 17357.41 17497.43 17489.64 17733.24 17860.52 17852.51
78 16872.96 16983.47 16945.48 17253.58 17367.02 17331.07
79 16757.08 16913.04 16861.4 17140.4 17288.88 17244.95
80 16017.42 16254.42 16248.11 16317.83 16514.97 16496.17
81 16806.66 16906.41 16944.81 17240.86 17329.51 17354.08
82 16983.29 17123.1 17112.71 17235.79 17370.77 17363.1
83 16892.14 17082.06 16968.76 17285.29 17478.72 17372.29
84 16896.31 16997.05 16978.46 17335.25 17453.35 17429.35
85 16898.33 17058.12 17034.31 17308.88 17466.76 17452.36
86 17299.11 17417.84 17396.54 17668.22 17791.36 17788.11
87 16752.88 16867.06 16865.82 17177.01 17299.23 17305.68
88 16524.5 16744.38 16657.3 16925.09 17146.39 17071.55
89 17010.47 17183.97 17166.93 17437.88 17609.73 17574.79
90 17301.83 17483.62 17423.84 17686.52 17808.7 17719.47
91 16752.64 16953.36 16929.64 17212.53 17384.61 17353.13
92 16987.42 17129.18 17096.77 17361.69 17479 17461.71
93 17069.06 17177.53 17204.71 17320.98 17410.66 17414
94 17014.77 17211.86 17102.75 17321.8 17512.3 17407.28
95 16774.54 16961.92 16888.65 16990.72 17192.92 17102.58
96 16826.32 17026.39 16930.77 17082.11 17274.97 17187.1
97 16636.12 16788.37 16745.73 16960.59 17067.98 17034.21
98 17273.93 17423.56 17418.47 17650.41 17768.57 17764.91
99 16790.75 16977.25 16906.13 17093.31 17282.89 17199.38
100 17263.26 17368.65 17313.98 17754.2 17848.42 17800.48
