1 16534.96 16690.98 16681.36 16840.35 16972.97 16969.02
2 16967.65 17086.44 17096.01 17283.9 17381.84 17393.94
3 16800.18 16911.44 16949.09 17090.71 17160.84 17185.04
4 16979.68 17118.61 17119.07 17433.22 17547.38 17532.61
5 16745.57 16910.26 16889.08 17048.7 17197.29 17147.32
6 16239.55 16411.1 16402.73 16599.89 16771.24 16734.95
7 16816.13 17011.6 16947.91 17086.99 17290.78 17214.47
8 16513.72 16648.72 16673.07 16901.59 17054.51 17057.04
9 16945.63 17049.92 17023.44 17290.44 17418.8 17383.35
10 17048.09 17238.18 17152.74 17459.97 17618.15 17539.68
11 16992.5 17196.86 17160.78 17458.74 17616.68 17576.35
12 16938.42 17080.78 17011.36 17140.9 17259.86 17175.5
13 16707.26 16876.05 16843.82 16976.14 17172.48 17159.77
14 16518.42 16720.71 16663.68 16830.49 16999.63 16935.26
15 16865.34 17025.24 16946.88 17225.59 17368 17322.67
16 16423.51 16600.75 16590.29 16781.67 16961.52 16937.99
17 16922.16 17155.05 17033.57 17382.77 17580.45 17490.64
18 17068.3 17233.76 17166.67 17481.23 17650.32 17592.63
19 16412.46 16622.94 16552.44 16821.42 16954.73 16895.32
20 17227.34 17335.53 17298.49 17568.66 17654.85 17632.55
21 17489.7 17613.7 17550.32 17989.81 18128.54 18062.17
22 17075.71 17143.69 17188.64 17387.91 17424.91 17458.18
23 16975.35 17143.2 17081.42 17363.2 17501.47 17474.63
24 16647.94 16829.79 16759.85 16951.13 17080.82 17029.86
25 17141.16 17314.12 17257.96 17531.56 17669.97 17627.48
26 17080.84 17185.04 17159.13 17397.34 17490.12 17501.65
27 16945.75 17053.31 17033.64 17228.16 17324.2 17327.65
28 16208.05 16329.3 16297.61 16572.33 16653.14 16674.78
29 17285.89 17439.04 17346.77 17648.85 17757.98 17665.45
30 16834.01 16966.09 16972.62 17137.46 17236.18 17223.3
31 16958.77 17139.73 17042.8 17284.33 17470.78 17367.5
32 17114.32 17244.55 17218.4 17452.22 17581.17 17569.65
33 16959.8 17065.49 17068.53 17374.05 17501.22 17494.04
34 16716.02 16899.41 16830.88 17109.15 17276.29 17185.72
35 16926.13 17104.78 17050.71 17268.91 17403.26 17360.88
36 16840.95 17013.58 16920.13 17308.21 17452.07 17380.56
37 16709.89 16910.04 16817.67 17095.31 17252.92 17173.12
38 16752.81 16856.59 16853.72 17125.43 17236.91 17240.29
39 16952.68 17102.66 17064.9 17289.15 17459.31 17417.03
40 16575.06 16733.11 16704.14 17001.9 17147.87 17096.47
41 16983.65 17092.3 17146.54 17459.21 17576.19 17587.29
42 17444.64 17571.69 17519.09 17829.02 17955.26 17880.17
43 17278.75 17457.06 17422.97 17594.04 17748.69 17699.1
44 16883.27 17126.28 17002.66 17175.52 17367.78 17255.65
45 17294.65 17402.5 17382.31 17736.99 17822.66 17819.71
46 17057.15 17242.43 17142.69 17381.14 17563.66 17466.84
47 17129.18 17226.84 17213.27 17577.11 17661.86 17624.34
48 16757.52 16978.81 16915.67 17061.96 17272.93 17189.16
49 17042.04 17105.35 17104.22 17332.46 17408.49 17429.29
50 16900.21 17042.34 16990.42 17206.18 17336.42 17275.32
51 17429.82 17507.23 17464.12 17710.96 17805.43 17760.12
52 17226.08 17363.83 17349.24 17567.01 17698.8 17687.22
53 16976.19 17161.3 17067.33 17289.96 17466.04 17350.6
54 16913 17073.81 17027.13 17191.46 17343.45 17315.61
55 16808.51 16974.9 16918.49 17167.47 17298.56 17258.92
56 16859.49 16996.91 16942.95 17111.74 17256.57 17175.61
57 17222.49 17295.24 17291.04 17458.38 17520.21 17519.72
58 16649.73 16849.31 16786.3 16890.35 17076.42 17010.22
59 17039.59 17159.5 17150.71 17279.73 17386.69 17357.91
60 17305.69 17449.11 17428.53 17709.2 17808.62 17801.5
61 15950.17 16099.25 16079.99 16219.73 16341.39 16326.13
62 16955.21 17140.07 17074.75 17290.62 17467.08 17387.95
63 17014.51 17181.21 17124.94 17383.41 17515.04 17454.22
64 16586.73 16816.76 16732.49 16993.45 17197.89 17110.05
65 16580.91 16772.03 16713.95 17077.03 17263.16 17187.48
66 16965.64 17138.72 17044.5 17254.32 17413.25 17344.55
67 17539.25 17610.47 17621.38 17863.87 17951.36 17959.72
68 17519.95 17624.56 17584.3 17801.13 17883.02 17887.51
69 16550.92 16709.38 16642.86 16804.43 16952.16 16882.82
70 16655.46 16812.5 16770.53 17005.5 17152.88 17112.47
71 16985.15 17198.14 17079.74 17333.02 17507.23 17401.39
72 17310.43 17328.13 17340.55 17582.23 17635.02 17649.27
73 16602.1 16711.75 16691.25 17010.56 17127.19 17096.08
74 16812.17 17012.86 16933.76 17141.41 17343.43 17263.5
75 17258.91 17360.1 17347.91 17574.89 17660.85 17658.23
76 16671.45 16749.27 16774.57 17066.83 17139.51 17187.09
77 17397.32 17533.35 17517.58 17773.16 17896.44 17880.45
78 16912.87 17019.4 16973.42 17293.5 17402.94 17359.01
79 16796.99 16948.97 16889.34 17180.32 17324.8 17272.89
80 16057.34 16290.34 16276.05 16357.74 16550.89 16524.11
81 16846.57 16942.34 16972.75 17280.77 17365.44 17382.02
82 17023.21 17159.02 17140.65 17275.71 17406.69 17391.04
83 16932.05 17117.98 16996.7 17325.2 17514.64 17400.23
84 16936.23 17032.97 17006.41 17375.16 17489.27 17457.29
85 16938.24 17094.04 17062.25 17348.79 17502.68 17480.3
86 17339.02 17453.76 17424.48 17708.14 17827.28 17816.05
87 16792.79 16902.98 16893.76 17216.92 17335.15 17333.62
88 16564.41 16780.31 16685.24 16965.01 17182.31 17099.49
89 17050.39 17219.89 17194.87 17477.8 17645.65 17602.73
90 17341.74 17519.55 17451.78 17726.43 17844.62 17747.41
91 16792.56 16989.29 16957.58 17252.44 17420.53 17381.07
92 17027.34 17165.11 17124.71 17401.6 17514.93 17489.65
93 17108.98 17213.45 17232.65 17360.89 17446.59 17441.94
94 17054.69 17247.78 17130.69 17361.72 17548.22 17435.22
95 16814.46 16997.84 16916.59 17030.64 17228.84 17130.52
96 16866.23 17062.31 16958.71 17122.02 17310.89 17215.04
97 16676.04 16824.3 16773.68 17000.51 17103.9 17062.15
98 17313.84 17459.48 17446.41 17690.32 17804.49 17792.85
99 16830.66 17013.17 16934.07 17133.23 17318.81 17227.32
100 17303.17 17404.58 17341.92 17794.12 17884.34 17828.42
