1 0.2725
2 0.245
3 0.2375
4 0.2375
5 0.2425
6 0.2975
7 0.28
8 0.27
9 0.26
10 0.2575
11 0.2725
12 0.255
13 0.2625
14 0.27
15 0.2625
16 0.2775
17 0.2525
18 0.2575
19 0.2825
20 0.23
21 0.24
22 0.23
23 0.275
24 0.285
25 0.2525
26 0.2325
27 0.245
28 0.2825
29 0.275
30 0.2325
31 0.2475
32 0.235
33 0.2525
34 0.275
35 0.2375
36 0.2625
37 0.2775
38 0.2375
39 0.25
40 0.285
41 0.2425
42 0.235
43 0.21
44 0.2475
45 0.215
46 0.255
47 0.2375
48 0.265
49 0.225
50 0.245
51 0.2275
52 0.235
53 0.2475
54 0.2475
55 0.245
56 0.2525
57 0.2125
58 0.28
59 0.2625
60 0.2175
61 0.33
62 0.2675
63 0.2525
64 0.265
65 0.2725
66 0.2525
67 0.2125
68 0.195
69 0.285
70 0.245
71 0.255
72 0.2125
73 0.2925
74 0.25
75 0.2075
76 0.25
77 0.25
78 0.24
79 0.28
80 0.305
81 0.2475
82 0.255
83 0.25
84 0.255
85 0.2625
86 0.22
87 0.25
88 0.27
89 0.24
90 0.23
91 0.295
92 0.2325
93 0.2375
94 0.2525
95 0.2525
96 0.27
97 0.295
98 0.195
99 0.2625
100 0.24
