1 1000 1000 746 1000 1000 1000
2 1000 1000 1000 1000 1000 1000
3 1000 1000 1000 1000 1000 1000
4 1000 1000 1000 1000 1000 626
5 1000 1000 1000 1000 1000 1000
6 1000 1000 918 1000 1000 1000
7 1000 1000 731 1000 1000 1000
8 1000 1000 1000 1000 1000 1000
9 1000 1000 1000 1000 1000 1000
10 1000 1000 1000 1000 1000 382
11 1000 1000 1000 1000 1000 1000
12 1000 1000 1000 1000 1000 1000
13 1000 1000 1000 1000 1000 1000
14 1000 1000 1000 1000 1000 1000
15 1000 1000 792 1000 1000 671
16 1000 1000 1000 1000 1000 997
17 1000 1000 1000 1000 1000 1000
18 1000 1000 568 1000 1000 1000
19 1000 1000 1000 1000 1000 1000
20 1000 1000 1000 1000 1000 1000
21 1000 1000 892 1000 1000 1000
22 1000 1000 1000 1000 1000 917
23 1000 1000 767 1000 1000 1000
24 1000 1000 1000 1000 1000 1000
25 1000 1000 1000 1000 1000 1000
26 1000 1000 1000 1000 1000 1000
27 1000 1000 1000 1000 1000 1000
28 1000 1000 1000 1000 1000 1000
29 1000 1000 1000 1000 1000 1000
30 1000 1000 1000 1000 1000 1000
31 1000 1000 1000 1000 1000 1000
32 1000 1000 1000 1000 1000 1000
33 1000 1000 829 1000 1000 1000
34 1000 1000 207 1000 1000 1000
35 1000 1000 1000 1000 1000 1000
36 1000 1000 1000 1000 1000 1000
37 1000 1000 1000 1000 1000 1000
38 1000 1000 631 1000 1000 1000
39 1000 1000 837 1000 1000 1000
40 1000 1000 726 1000 1000 1000
41 1000 1000 1000 1000 1000 1000
42 1000 1000 1000 1000 1000 1000
43 1000 1000 1000 1000 1000 1000
44 1000 1000 1000 1000 1000 1000
45 1000 1000 1000 1000 1000 845
46 1000 1000 1000 1000 1000 961
47 1000 1000 1000 1000 1000 1000
48 1000 1000 1000 1000 1000 1000
49 1000 1000 1000 1000 1000 942
50 1000 1000 1000 1000 1000 859
51 1000 1000 1000 1000 1000 943
52 1000 1000 1000 1000 1000 901
53 1000 1000 1000 1000 1000 1000
54 1000 1000 1000 1000 1000 1000
55 1000 1000 1000 1000 1000 1000
56 1000 1000 1000 1000 1000 1000
57 1000 1000 1000 1000 1000 1000
58 1000 1000 741 1000 1000 1000
59 1000 1000 1000 1000 1000 1000
60 1000 1000 832 1000 1000 985
61 1000 1000 1000 1000 1000 57
62 1000 1000 1000 1000 1000 1000
63 1000 1000 1000 1000 1000 1000
64 1000 1000 1000 1000 1000 1000
65 1000 1000 1000 1000 1000 1000
66 1000 1000 1000 1000 1000 1000
67 1000 1000 1000 1000 1000 1000
68 1000 1000 1000 1000 1000 1000
69 1000 1000 1000 1000 1000 837
70 1000 1000 858 1000 1000 858
71 1000 1000 1000 1000 1000 1000
72 1000 1000 1000 1000 1000 1000
73 1000 1000 1000 1000 1000 958
74 1000 1000 1000 1000 1000 1000
75 1000 1000 1000 1000 1000 593
76 1000 1000 1000 1000 1000 1000
77 1000 1000 849 1000 1000 1000
78 1000 1000 1000 1000 1000 886
79 1000 1000 262 1000 1000 1000
80 1000 1000 885 1000 1000 1000
81 1000 1000 1000 1000 1000 1000
82 1000 1000 706 1000 1000 1000
83 1000 1000 854 1000 1000 1000
84 1000 1000 1000 1000 1000 706
85 1000 1000 1000 1000 1000 798
86 1000 1000 972 1000 1000 1000
87 1000 1000 1000 1000 1000 1000
88 1000 1000 769 1000 1000 451
89 1000 1000 1000 1000 1000 1000
90 1000 1000 1000 1000 1000 1000
91 1000 1000 1000 1000 1000 597
92 1000 1000 1000 1000 1000 1000
93 1000 1000 1000 1000 1000 1000
94 1000 1000 1000 1000 1000 1000
95 1000 1000 829 1000 1000 1000
96 1000 1000 1000 1000 1000 1000
97 1000 1000 705 1000 1000 1000
98 1000 1000 771 1000 1000 1000
99 1000 1000 1000 1000 1000 1000
100 1000 1000 1000 1000 1000 1000
