1 -8237.522 -8318.527 -8319.708 -8390.218 -8459.525 -8463.538
2 -8453.869 -8516.259 -8527.035 -8611.991 -8663.959 -8676.002
3 -8370.135 -8428.76 -8453.575 -8515.4 -8553.46 -8571.547
4 -8459.885 -8532.345 -8538.567 -8686.652 -8746.73 -8745.332
5 -8342.827 -8428.168 -8423.571 -8494.394 -8571.682 -8552.692
6 -8089.819 -8178.591 -8180.396 -8269.985 -8358.658 -8346.503
7 -8378.109 -8478.837 -8452.985 -8513.537 -8618.43 -8586.266
8 -8226.903 -8297.398 -8315.565 -8420.836 -8500.294 -8507.549
9 -8442.856 -8497.996 -8490.752 -8615.263 -8682.437 -8670.703
10 -8494.088 -8592.129 -8555.402 -8700.029 -8782.114 -8748.87
11 -8466.293 -8571.47 -8559.418 -8699.411 -8781.379 -8767.205
12 -8439.253 -8513.427 -8484.708 -8540.493 -8602.968 -8566.778
13 -8323.671 -8411.062 -8400.94 -8458.114 -8559.28 -8558.916
14 -8229.251 -8333.392 -8310.869 -8385.288 -8472.851 -8446.659
15 -8402.714 -8485.657 -8452.472 -8582.839 -8657.036 -8640.366
16 -8181.799 -8273.415 -8274.177 -8360.877 -8453.799 -8448.027
17 -8431.121 -8550.565 -8495.814 -8661.428 -8763.264 -8724.349
18 -8504.194 -8589.92 -8562.367 -8710.657 -8798.196 -8775.344
19 -8176.272 -8284.509 -8255.248 -8380.753 -8450.403 -8426.692
20 -8583.711 -8640.802 -8628.275 -8754.375 -8800.463 -8795.302
21 -8714.89 -8779.886 -8754.19 -8964.947 -9037.309 -9010.116
22 -8507.898 -8544.883 -8573.352 -8663.998 -8685.495 -8708.119
23 -8457.72 -8544.639 -8519.742 -8651.642 -8723.774 -8716.342
24 -8294.013 -8387.933 -8358.955 -8445.609 -8513.45 -8493.961
25 -8540.622 -8630.097 -8608.009 -8735.824 -8808.025 -8792.769
26 -8510.465 -8565.559 -8558.597 -8668.713 -8718.098 -8729.855
27 -8442.917 -8499.693 -8495.851 -8584.124 -8635.138 -8642.853
28 -8074.069 -8137.687 -8127.837 -8256.208 -8299.61 -8316.422
29 -8612.986 -8692.559 -8652.412 -8794.467 -8852.028 -8811.752
30 -8387.049 -8456.084 -8465.34 -8538.771 -8591.128 -8590.682
31 -8449.428 -8542.902 -8500.428 -8612.209 -8708.427 -8662.778
32 -8527.204 -8595.315 -8588.229 -8696.153 -8763.624 -8763.856
33 -8449.944 -8505.783 -8513.297 -8657.066 -8723.65 -8726.052
34 -8328.055 -8422.744 -8394.468 -8524.617 -8611.181 -8571.888
35 -8433.106 -8525.431 -8504.384 -8604.496 -8674.669 -8659.472
36 -8390.518 -8479.83 -8439.094 -8624.15 -8699.073 -8669.308
37 -8324.988 -8428.06 -8387.867 -8517.696 -8599.499 -8565.589
38 -8346.446 -8401.334 -8405.892 -8532.756 -8591.496 -8599.175
39 -8446.385 -8524.37 -8511.479 -8614.617 -8702.694 -8687.544
40 -8257.571 -8339.596 -8331.098 -8470.993 -8546.972 -8527.264
41 -8461.865 -8519.187 -8552.302 -8699.647 -8761.133 -8772.677
42 -8692.364 -8758.881 -8738.574 -8884.554 -8950.666 -8919.114
43 -8609.416 -8701.569 -8690.516 -8767.065 -8847.383 -8828.579
44 -8411.678 -8536.178 -8480.361 -8557.804 -8656.926 -8606.855
45 -8617.367 -8674.286 -8670.187 -8838.538 -8884.37 -8888.885
46 -8498.617 -8594.255 -8550.376 -8660.611 -8754.87 -8712.451
47 -8534.631 -8586.456 -8585.666 -8758.595 -8803.967 -8791.199
48 -8348.802 -8462.444 -8436.866 -8501.025 -8609.506 -8573.612
49 -8491.063 -8525.713 -8531.142 -8636.274 -8677.283 -8693.674
50 -8420.145 -8494.209 -8474.239 -8573.131 -8641.25 -8616.691
51 -8684.955 -8726.652 -8711.092 -8825.524 -8875.753 -8859.091
52 -8583.085 -8654.953 -8653.649 -8753.549 -8822.437 -8822.641
53 -8458.14 -8553.689 -8512.694 -8615.023 -8706.058 -8654.329
54 -8426.541 -8509.943 -8492.595 -8565.771 -8644.764 -8636.834
55 -8374.295 -8460.486 -8438.273 -8553.777 -8622.32 -8608.491
56 -8399.785 -8471.491 -8450.503 -8525.914 -8601.324 -8566.833
57 -8581.286 -8620.658 -8624.552 -8699.232 -8733.145 -8738.888
58 -8294.908 -8397.693 -8372.18 -8415.219 -8511.247 -8484.14
59 -8489.836 -8552.791 -8554.386 -8609.906 -8666.382 -8657.985
60 -8622.89 -8697.593 -8693.296 -8824.641 -8877.348 -8879.782
61 -7945.128 -8022.666 -8019.022 -8079.907 -8143.732 -8142.096
62 -8447.647 -8543.074 -8516.406 -8615.352 -8706.578 -8673.006
63 -8477.3 -8563.644 -8541.501 -8661.75 -8730.556 -8706.141
64 -8263.409 -8381.416 -8345.277 -8466.77 -8571.982 -8534.055
65 -8260.497 -8359.055 -8336.003 -8508.559 -8604.619 -8572.768
66 -8452.863 -8542.397 -8501.278 -8597.204 -8679.666 -8651.303
67 -8739.665 -8778.271 -8789.718 -8901.976 -8948.719 -8958.892
68 -8730.02 -8785.32 -8771.179 -8870.609 -8914.55 -8922.785
69 -8245.504 -8327.728 -8300.462 -8372.258 -8449.121 -8420.442
70 -8297.771 -8379.288 -8364.294 -8472.794 -8549.48 -8535.266
71 -8462.618 -8572.107 -8518.902 -8636.553 -8726.653 -8679.723
72 -8625.26 -8637.104 -8649.307 -8761.158 -8790.546 -8803.663
73 -8271.092 -8328.913 -8324.655 -8475.323 -8536.636 -8527.069
74 -8376.128 -8479.468 -8445.911 -8540.75 -8644.755 -8610.778
75 -8599.498 -8653.09 -8652.983 -8757.485 -8803.462 -8808.144
76 -8305.769 -8347.674 -8366.314 -8503.459 -8542.791 -8572.577
77 -8668.704 -8739.714 -8737.818 -8856.621 -8921.26 -8919.256
78 -8426.479 -8482.736 -8465.738 -8616.791 -8674.508 -8658.536
79 -8368.539 -8447.521 -8423.699 -8560.2 -8635.439 -8615.475
80 -7998.711 -8118.209 -8117.055 -8148.913 -8248.483 -8241.083
81 -8393.328 -8444.206 -8465.404 -8610.428 -8655.757 -8670.039
82 -8481.646 -8552.55 -8549.357 -8607.897 -8676.383 -8674.549
83 -8436.069 -8532.029 -8477.381 -8632.644 -8730.359 -8679.143
84 -8438.156 -8489.524 -8482.232 -8657.624 -8717.676 -8707.676
85 -8439.164 -8520.058 -8510.155 -8644.44 -8724.381 -8719.18
86 -8639.553 -8699.918 -8691.27 -8824.112 -8886.68 -8887.056
87 -8366.438 -8424.528 -8425.909 -8578.505 -8640.614 -8645.838
88 -8252.248 -8363.191 -8321.652 -8452.547 -8564.195 -8528.776
89 -8495.236 -8582.985 -8576.464 -8708.941 -8795.865 -8780.396
90 -8640.913 -8732.812 -8704.92 -8833.258 -8895.351 -8852.735
91 -8366.322 -8467.682 -8457.821 -8596.264 -8683.306 -8669.564
92 -8483.711 -8555.592 -8541.384 -8670.843 -8730.501 -8723.855
93 -8524.531 -8579.763 -8595.353 -8650.488 -8696.332 -8700.001
94 -8497.385 -8596.928 -8544.375 -8650.901 -8747.148 -8696.639
95 -8377.271 -8471.958 -8437.324 -8485.361 -8587.46 -8544.289
96 -8403.158 -8504.193 -8458.383 -8531.054 -8628.485 -8586.55
97 -8308.061 -8385.186 -8365.867 -8470.297 -8524.991 -8510.105
98 -8626.965 -8702.781 -8702.237 -8815.203 -8875.286 -8875.454
99 -8385.373 -8479.624 -8446.063 -8536.656 -8632.445 -8592.69
100 -8621.63 -8675.327 -8649.991 -8867.1 -8915.208 -8893.24
