1 104.1438 103.9921 102.5652 105.18 104.2364 102.9593
2 120.8112 117.9224 113.0785 121.8084 118.2701 113.0959
3 122.0011 124.4797 116.2725 122.1274 124.4965 115.8491
4 122.7814 117.6462 114.734 122.3542 118.303 114.6749
5 119.605 122.1858 122.1634 120.513 122.4789 122.6723
6 95.70787 94.48296 90.95695 95.83889 94.43876 91.52151
7 102.3608 97.95895 98.51378 102.3738 98.03737 98.8473
8 105.8576 102.3224 103.8721 106.3496 102.7195 103.6817
9 114.305 106.6116 111.6652 114.4622 106.4946 111.3963
10 116.0623 107.5991 107.865 117.6342 107.3746 107.5555
11 107.3116 101.7299 100.9917 107.7528 101.9474 100.8959
12 116.5654 117.5835 107.0037 116.4266 117.9406 107.5339
13 111.7707 106.6764 104.767 112.73 107.0717 104.6079
14 104.9077 104.5755 102.8875 104.9677 103.8958 103.6545
15 110.2606 103.8752 107.8836 109.7129 103.8459 107.058
16 101.7624 103.5104 104.4003 102.421 103.9406 104.0399
17 117.1252 108.9029 108.0428 116.4041 108.1019 107.8098
18 114.8462 108.0784 112.0521 114.4966 108.8081 111.8048
19 100.0065 95.62451 101.4937 101.1456 95.43175 101.591
20 127.2255 128.5425 130.8012 127.6679 128.7262 130.1062
21 127.1582 124.2439 124.6921 127.4856 124.5505 125.0153
22 127.96 123.3698 129.7029 127.9765 124.0811 128.5902
23 107.1922 104.5413 103.9123 107.561 104.5284 104.7561
24 102.6159 97.71339 100.3118 103.2615 97.57794 100.3839
25 115.4694 114.0692 113.7573 116.7184 113.7344 113.9734
26 130.0364 125.4602 119.0126 130.8443 126.0153 119.2837
27 120.0404 112.1131 115.035 121.9584 113.0218 114.4994
28 98.11749 102.2511 97.58891 99.22273 102.4416 97.81361
29 106.1331 101.3381 107.3818 104.8611 101.3601 107.2442
30 130.474 125.7296 121.4559 131.0101 125.7965 120.9965
31 124.7998 120.3574 112.3551 123.7072 119.7377 113.1572
32 124.8002 126.7182 122.2116 125.3869 127.0664 121.0035
33 117.6191 116.0192 116.1686 117.8994 115.9025 115.8618
34 105.6364 105.452 101.9823 105.6362 105.5987 101.6872
35 125.3081 121.7668 122.6002 125.0575 122.4404 122.4088
36 110.3761 105.8359 108.173 110.224 105.8352 107.3058
37 104.8448 104.0883 106.0479 104.4576 103.3861 104.9361
38 122.3186 122.6049 124.3311 123.4296 123.6591 124.0448
39 119.7691 117.5851 109.6468 119.6642 117.1794 109.2889
40 104.5246 98.73594 100.5139 104.0952 98.5807 101.0514
41 120.7601 121.4054 112.3525 121.406 121.9153 112.5426
42 128.6303 125.8618 123.8932 130.0848 126.1364 123.3228
43 144.1981 138.4966 137.0982 142.507 138.1986 136.3721
44 118.6744 112.9714 119.7211 118.8293 112.9653 119.499
45 136.1014 139.9767 140.1514 137.6243 140.0485 139.8554
46 114.3503 113.3425 115.9925 114.4407 113.3163 115.6822
47 127.2082 127.7243 124.9524 128.126 126.9841 125.3987
48 110.2533 109.8481 110.3765 110.0285 109.1834 110.1666
49 134.413 133.1208 133.1865 134.4916 132.0753 131.5669
50 121.9527 121.0644 119.653 122.3765 120.9527 120.3598
51 131.4544 128.9191 132.7559 133.7628 129.9118 132.8833
52 126.1109 127.3283 117.5036 126.3685 127.046 117.0155
53 120.2007 113.6641 121.3202 120.5041 113.5337 121.3419
54 122.5219 114.7364 114.7948 122.3379 114.8085 115.3661
55 118.3502 112.29 120.2036 118.7256 112.382 120.0415
56 117.1411 116.671 115.3607 115.8869 116.87 115.8392
57 142.2951 137.6835 135.0162 143.1479 136.9564 135.0483
58 102.3451 96.27842 95.82716 102.8855 96.03151 95.61573
59 110.6395 105.7931 107.8916 112.111 105.1884 107.5973
60 134.9385 132.0233 137.1275 135.2123 132.0396 136.2941
61 82.46998 79.90352 81.01284 83.09927 79.58899 80.39331
62 107.3186 105.1552 106.4587 106.8992 104.6096 106.5445
63 116.6565 117.1509 115.356 115.5868 117.174 115.9208
64 108.9546 104.9336 103.769 109.7541 105.4274 103.3356
65 106.103 98.75378 107.5133 105.6235 99.40864 107.259
66 115.4178 107.9254 114.1908 114.9169 108.7716 114.5326
67 142.659 137.7429 132.5653 145.0789 137.7091 131.3714
68 157.0754 158.8901 149.9975 156.095 156.8907 149.6088
69 103.6568 94.65357 100.9247 103.7081 94.44319 100.3658
70 120.363 113.0049 113.5706 120.9329 113.0462 113.6669
71 116.018 111.3642 111.758 116.4473 110.9306 112.1462
72 141.9802 135.5993 131.3449 142.5039 136.0205 130.7607
73 100.0097 93.83773 95.13781 100.292 93.42926 95.34065
74 121.0458 112.0189 108.6446 120.877 111.8209 109.2422
75 148.8001 134.5816 136.9047 149.115 134.237 138.3647
76 115.1233 116.3598 117.5993 114.8193 116.6545 117.6359
77 119.5868 114.258 110.4955 120.0541 114.2787 110.8835
78 124.9477 124.1036 124.1935 125.1108 124.1267 124.3491
79 101.1118 95.85033 101.6696 101.2081 95.27323 100.7646
80 93.14028 88.85588 90.54953 94.19069 89.1896 89.71568
81 117.2239 116.9973 112.3252 117.0735 116.1505 111.9759
82 114.2506 110.0543 110.9508 115.9456 109.9613 110.7759
83 119.8198 111.8081 114.3819 119.5345 111.4585 114.2566
84 111.8197 115.2846 108.4648 112.3944 115.6316 107.8019
85 110.9765 107.3509 106.8309 110.5941 107.7704 106.9179
86 140.1628 135.0865 128.5087 141.0464 133.6421 128.913
87 117.7516 115.2319 113.2607 118.9254 115.1519 112.5012
88 106.8337 99.69768 105.9478 105.9926 99.84747 105.4063
89 123.0841 114.5047 117.2451 123.64 114.7313 117.8543
90 130.0292 123.4335 127.6004 130.4813 123.1728 127.641
91 97.70771 91.95978 91.31269 97.39207 91.84895 91.43178
92 126.2655 120.1639 123.5385 126.1661 120.0741 124.0487
93 128.1217 122.7763 115.5077 128.2445 122.7559 115.1731
94 119.9938 118.0427 117.8565 121.2253 116.9853 117.9031
95 116.2889 112.6656 115.679 118.2233 112.3453 116.5921
96 110.0269 100.8749 106.9226 110.3202 100.531 107.3745
97 98.90548 95.82701 96.31254 98.92815 95.81947 95.45807
98 157.8971 143.216 151.4931 156.6545 142.1639 151.2779
99 108.9144 109.5966 110.2574 108.4125 108.6938 110.1019
100 125.6476 125.3148 121.3689 126.6282 125.4872 120.0687
