1 9.629282 9.668484 9.642336 9.404681 9.877875 9.679528
2 8.385089 8.345613 8.179475 8.478429 8.387534 8.190102
3 9.040546 9.307112 9.100992 9.128814 9.334121 9.019339
4 8.579787 8.411642 8.322218 8.505838 8.503932 8.309104
5 8.137647 8.314233 8.303436 8.169351 8.330031 8.314799
6 6.645122 6.633067 6.49642 6.635598 6.606963 6.541303
7 7.249717 7.168593 7.194995 7.226955 7.166971 7.169786
8 7.29797 7.235768 7.299177 7.331064 7.279228 7.279665
9 8.500609 8.353049 8.507998 8.54414 8.280038 8.458663
10 7.661763 7.423716 7.456636 7.764742 7.407541 7.435304
11 7.542343 7.559589 7.555027 7.560002 7.570847 7.575366
12 7.700286 7.764153 7.385615 7.695867 7.777825 7.406945
13 8.069817 8.119523 8.15245 8.284484 8.133295 8.114325
14 7.770914 7.933632 7.926559 7.752542 7.857989 7.844769
15 8.867439 8.940513 8.93729 8.81151 8.917515 9.023565
16 8.339496 8.420945 8.396782 8.336817 8.49013 8.430938
17 7.88097 7.67423 7.625873 7.831319 7.621758 7.617454
18 7.81053 7.579312 7.760331 7.771462 7.639811 7.73829
19 6.880045 6.847793 7.020418 6.976633 6.83189 7.01611
20 8.437164 8.561564 8.631619 8.458847 8.557042 8.586892
21 8.860797 8.80608 8.768187 8.923684 8.839072 8.843194
22 9.078556 9.020418 9.286412 9.116381 9.138831 9.220708
23 8.19232 8.165015 8.155299 8.18869 8.219097 8.161198
24 6.92057 6.815646 6.891876 6.958182 6.813902 6.883458
25 8.624451 8.614356 8.687552 8.595908 8.69922 8.717069
26 9.176721 9.045478 8.815525 9.217129 9.094269 8.850318
27 9.263875 9.047947 9.128225 9.284704 9.06619 9.01424
28 7.032828 7.323571 7.155295 7.112733 7.331243 7.188325
29 7.271169 7.111445 7.324064 7.135016 7.105186 7.320778
30 9.32328 9.15445 9.006998 9.324201 9.149463 9.049623
31 8.220242 8.058065 7.730788 8.157777 8.028011 7.788633
32 8.327048 8.481663 8.384421 8.357611 8.51602 8.319054
33 8.341346 8.386889 8.355908 8.386194 8.364378 8.368088
34 7.31007 7.346816 7.249765 7.265078 7.358321 7.208275
35 8.513899 8.39867 8.485996 8.460419 8.450446 8.45851
36 8.264901 8.316296 8.314717 8.412349 8.33569 8.34434
37 7.210772 7.21609 7.308947 7.140276 7.167464 7.228116
38 8.842471 8.997474 9.070312 8.963595 9.064045 9.066642
39 7.984643 7.870943 7.629788 7.98047 7.856004 7.602995
40 7.045893 6.865826 6.879455 7.012708 6.858521 6.919357
41 10.04895 10.08711 9.917647 10.25112 10.07298 10.02433
42 9.074522 9.038724 9.035303 9.160036 9.117198 9.021086
43 9.490831 9.328201 9.293661 9.377695 9.315321 9.260947
44 8.920742 8.786513 8.994669 8.926158 8.836199 9.002399
45 11.23776 11.51423 11.52715 11.50045 11.58262 11.51417
46 8.147853 8.241293 8.339223 8.187787 8.252737 8.335596
47 8.44379 8.459256 8.362164 8.517256 8.430552 8.380135
48 7.344361 7.345957 7.350816 7.329886 7.321293 7.324593
49 9.024312 9.024285 9.028296 8.973476 8.940149 8.92419
50 8.826061 8.78119 8.772602 8.826002 8.798051 8.802039
51 8.655485 8.614388 8.757931 8.803967 8.678713 8.75859
52 8.526276 8.634089 8.274568 8.526079 8.59384 8.251398
53 8.801242 8.622162 8.841379 8.956779 8.709738 8.934808
54 8.614218 8.379031 8.363919 8.595524 8.365553 8.369518
55 8.048139 7.985312 8.179776 8.06164 7.987011 8.191507
56 8.788308 8.703337 8.735925 8.635261 8.739315 8.63429
57 9.662855 9.530597 9.453779 9.738355 9.471049 9.410043
58 7.292267 7.181671 7.21417 7.322509 7.226456 7.190842
59 8.881209 8.484202 8.772339 8.893088 8.568106 8.85179
60 10.11595 10.19974 10.38092 10.11579 10.12706 10.24472
61 6.036407 6.097681 6.11287 6.09775 6.049185 6.079116
62 7.184163 7.189024 7.229744 7.158605 7.152375 7.227769
63 10.37905 10.34467 10.4241 10.39362 10.41435 10.40199
64 7.634012 7.571023 7.532177 7.736646 7.592924 7.544932
65 14.51035 13.52055 14.41235 14.74854 13.37158 15.3134
66 7.77631 7.556164 7.789378 7.716723 7.602701 7.8128
67 9.420209 9.351968 9.188235 9.568188 9.34631 9.098641
68 14.25577 14.61328 13.82631 13.94642 14.09734 13.83552
69 7.663691 7.547178 7.605129 7.717222 7.549133 7.549533
70 8.08654 7.913084 7.933256 8.141901 7.911243 7.924619
71 7.584186 7.482942 7.458276 7.606674 7.45206 7.481847
72 9.118888 8.939221 8.810555 9.146229 8.962398 8.77169
73 7.267369 7.047564 7.129354 7.276572 6.980043 7.148872
74 7.988164 7.683223 7.522001 7.954164 7.657582 7.556877
75 11.97587 11.36929 11.62277 11.80718 11.35458 11.53281
76 8.515978 8.636961 8.61176 8.408911 8.598732 8.593062
77 10.05427 9.505389 9.278517 9.849459 9.73103 9.461618
78 8.180622 8.206798 8.174881 8.190474 8.197442 8.171403
79 6.672414 6.541193 6.743331 6.682318 6.50209 6.700198
80 7.858722 7.786078 7.867813 8.057331 7.831418 7.821788
81 9.093081 9.261505 9.031557 9.034815 9.107907 9.099833
82 7.64651 7.568254 7.597366 7.738311 7.569209 7.611539
83 8.256659 8.068522 8.096817 8.212694 8.011826 8.082869
84 8.401383 8.589153 8.401825 8.472661 8.615446 8.415918
85 7.875957 7.80833 7.796782 7.865989 7.854037 7.806917
86 9.15021 9.001331 8.74853 9.212188 8.901483 8.770867
87 8.632067 8.651406 8.589537 8.685708 8.578985 8.50892
88 7.662979 7.454523 7.706763 7.627782 7.531798 7.671744
89 8.614558 8.356116 8.499642 8.654773 8.389017 8.556049
90 8.68532 8.530455 8.613331 8.720398 8.512637 8.624466
91 9.854675 9.656432 9.934673 9.776369 10.0408 9.701337
92 8.844409 8.744483 8.848272 8.832591 8.727556 8.861412
93 8.405992 8.175202 7.961628 8.412577 8.208876 7.942529
94 8.298328 8.158209 8.158244 8.370174 8.154845 8.153013
95 7.650108 7.582488 7.679345 7.764258 7.565867 7.739526
96 8.62512 8.441264 8.669903 8.737576 8.366448 8.658115
97 8.454513 8.557735 8.455714 8.437688 8.312412 8.428364
98 10.57361 10.13472 10.39993 10.49462 10.078 10.38378
99 7.465318 7.598474 7.585352 7.452543 7.554597 7.576127
100 8.308546 8.34234 8.225308 8.353829 8.357618 8.136498
