1 0.146996 0.02868026 0.009095993 0.2700235 0.2498114 0.5916889 NaN NaN NaN
2 0.1425571 0.02942144 0.00896387 0.278449 0.2380756 0.5832876 NaN NaN NaN
3 0.1401305 0.02877254 0.008759935 0.243884 0.2229819 0.7295578 NaN NaN NaN
4 0.139645 0.02752312 0.00913465 0.2927514 0.2306373 0.5072093 NaN NaN NaN
5 0.1426292 0.02896768 0.008642498 0.23948 0.2237302 0.6884649 NaN NaN NaN
6 0.1485911 0.02848022 0.008742711 0.2835269 0.2420911 0.5451044 NaN NaN NaN
7 0.1489027 0.03098278 0.009711296 0.3363606 0.2603234 0.6206413 NaN NaN NaN
8 0.1381862 0.02846632 0.009297921 0.2406855 0.2480106 0.524052 NaN NaN NaN
9 0.1410032 0.03011496 0.009271754 0.3004624 0.2280986 0.5779592 NaN NaN NaN
10 0.1415824 0.02862983 0.009359305 0.2957831 0.2266381 0.6451683 NaN NaN NaN
11 0.1402969 0.02973887 0.009620734 0.2661575 0.2529809 0.5047028 NaN NaN NaN
12 0.1474483 0.02939269 0.008724615 0.2732996 0.2263503 1.057502 NaN NaN NaN
13 0.1363466 0.02990782 0.009202656 0.2454347 0.2258651 0.6456036 NaN NaN NaN
14 0.1374048 0.03000653 0.009258993 0.2618445 0.2328549 0.6635149 NaN NaN NaN
15 0.1391271 0.02976268 0.009769415 0.2589487 0.252677 0.6058588 NaN NaN NaN
16 0.1457442 0.02874995 0.008937681 0.2543931 0.2438897 0.5284131 NaN NaN NaN
17 0.1296014 0.03050817 0.00943811 0.2272639 0.2327787 0.5425037 NaN NaN NaN
18 0.1414806 0.03013895 0.009398292 0.2852195 0.2486924 0.5296547 NaN NaN NaN
19 0.1476105 0.02900199 0.009573373 0.3316957 0.2337322 0.6608599 NaN NaN NaN
20 0.1432211 0.03018486 0.008982578 0.2859256 0.2279581 0.6678308 NaN NaN NaN
21 0.1543509 0.02933381 0.008616121 0.3479658 0.2395413 0.4829608 NaN NaN NaN
22 0.135084 0.03000277 0.009284373 0.2531043 0.2384322 0.6533448 NaN NaN NaN
23 0.1397046 0.03017785 0.00912984 0.2275728 0.2472031 0.5569173 NaN NaN NaN
24 0.145155 0.02825106 0.009306106 0.3026427 0.2291252 0.6658413 NaN NaN NaN
25 0.1449333 0.02911346 0.009335689 0.3050172 0.2394089 0.6129792 NaN NaN NaN
26 0.144913 0.02946092 0.008813984 0.2938757 0.2301518 0.6434573 NaN NaN NaN
27 0.1351827 0.02989413 0.009491511 0.2590723 0.2346124 0.7289782 NaN NaN NaN
28 0.1498573 0.03019681 0.00864943 0.3184735 0.2357064 0.5433527 NaN NaN NaN
29 0.1424531 0.02977334 0.00979223 0.2734832 0.2523047 0.6093982 NaN NaN NaN
30 0.1475001 0.02852726 0.008655422 0.3246723 0.21512 0.6837759 NaN NaN NaN
31 0.1390898 0.02776479 0.00842106 0.2385492 0.2225337 0.5716262 NaN NaN NaN
32 0.1466659 0.02877847 0.008600438 0.2875085 0.2193436 0.6780018 NaN NaN NaN
33 0.1417255 0.02891792 0.008813777 0.2583469 0.2460106 0.4730076 0.3227501 2.239917 0.03825972
34 0.1426622 0.02940345 0.00871876 0.2794746 0.2281773 0.5412072 0.3093915 0.9347334 0.004024604
35 0.1392973 0.02860604 0.008907606 0.2636412 0.2202085 0.665312 NaN NaN NaN
36 0.1377416 0.02847018 0.009324243 0.2806402 0.2341458 0.4949331 NaN NaN NaN
37 0.1406764 0.02955045 0.008867922 0.2649315 0.2355482 0.5117481 NaN NaN NaN
38 0.1387902 0.02733563 0.008509503 0.2837745 0.2032968 0.5721816 NaN NaN NaN
39 0.1493486 0.02793971 0.008858633 0.2757771 0.2456254 0.5774154 NaN NaN NaN
40 0.1427915 0.02833596 0.008897159 0.2654031 0.2430489 0.5150019 NaN NaN NaN
41 0.1474664 0.02998292 0.008797092 0.2736975 0.2352934 0.5969303 NaN NaN NaN
42 0.1378946 0.02946495 0.008729935 0.2701822 0.222757 0.5394752 NaN NaN NaN
43 0.1417703 0.03037474 0.00905646 0.2921802 0.227968 0.6788326 NaN NaN NaN
44 0.1311556 0.02932429 0.009306537 0.231954 0.227384 0.670672 NaN NaN NaN
45 0.1453616 0.02922804 0.008515249 0.3001675 0.2270684 0.4904633 NaN NaN NaN
46 0.1477133 0.02975595 0.008918776 0.3072196 0.2357342 0.5947383 NaN NaN NaN
47 0.1495323 0.02736939 0.008459906 0.303812 0.2284921 0.6316015 NaN NaN NaN
48 0.1473949 0.02888758 0.008974922 0.2665738 0.2416937 0.6407586 NaN NaN NaN
49 0.1432055 0.02919153 0.008360791 0.2990327 0.223245 0.5614306 NaN NaN NaN
50 0.1491034 0.02954105 0.008554193 0.2772743 0.226509 0.6713989 NaN NaN NaN
51 0.1414536 0.02806579 0.008998117 0.2662436 0.2324079 0.6170488 NaN NaN NaN
52 0.1463921 0.02975717 0.008930901 0.2514819 0.2471211 0.6035848 NaN NaN NaN
53 0.1270072 0.02679331 0.009240243 0.2091468 0.228709 0.6376409 NaN NaN NaN
54 0.1478521 0.0300888 0.008998729 0.3081425 0.2335164 0.6423824 NaN NaN NaN
55 0.1337353 0.02904967 0.009419238 0.2449934 0.2277026 0.7018579 NaN NaN NaN
56 0.1473004 0.02914118 0.008682367 0.2906936 0.2313634 0.6517612 NaN NaN NaN
57 0.1409759 0.0280325 0.008903773 0.286626 0.2206508 0.7385728 NaN NaN NaN
58 0.1429336 0.03217685 0.009808266 0.2937281 0.2459236 0.7055563 NaN NaN NaN
59 0.1411524 0.03067737 0.009843919 0.262606 0.2515138 0.8714276 NaN NaN NaN
60 0.1306736 0.02847357 0.009315981 0.2226562 0.2334221 0.543233 NaN NaN NaN
61 0.15024 0.03129552 0.009888514 0.3424817 0.2501632 0.7154398 NaN NaN NaN
62 0.1418624 0.0315925 0.009614296 0.2749507 0.2516309 0.6246452 NaN NaN NaN
63 0.145978 0.02909448 0.008687936 0.2803333 0.2286604 0.6280755 NaN NaN NaN
64 0.1386433 0.02916596 0.0090877 0.272398 0.2301723 0.5614515 NaN NaN NaN
65 0.1393811 0.02922335 0.009473634 0.2903946 0.235804 0.4838366 NaN NaN NaN
66 0.1315302 0.02857257 0.009396398 0.2507423 0.2318173 0.6016847 NaN NaN NaN
67 0.1417074 0.02926229 0.008958848 0.2815314 0.2332439 0.596371 NaN NaN NaN
68 0.1434769 0.02809957 0.008310149 0.3051329 0.2140271 0.6066378 NaN NaN NaN
69 0.1364476 0.0293408 0.009671335 0.2315495 0.2462891 0.7993995 NaN NaN NaN
70 0.1318142 0.02782913 0.009017658 0.2561422 0.2156538 0.5981854 NaN NaN NaN
71 0.1393445 0.02898466 0.009194919 0.2738959 0.2317853 0.6488946 NaN NaN NaN
72 0.1405675 0.02786156 0.008866246 0.2896362 0.2277228 0.6132382 0.1231997 1.242187 0.02223756
73 0.1371992 0.02856956 0.009376703 0.2463516 0.2360803 0.566783 NaN 0.2514728 NaN
74 0.1363349 0.02818393 0.009132586 0.2559385 0.2218306 0.616242 NaN NaN NaN
75 0.1317625 0.02891692 0.009166094 0.2470626 0.2128557 0.7124975 NaN NaN NaN
76 0.1387456 0.02851988 0.008795381 0.2341594 0.2344267 0.5430624 NaN NaN NaN
77 0.1428528 0.03172132 0.009622265 0.2591202 0.2590889 0.5630354 NaN NaN NaN
78 0.1389756 0.02786687 0.008409064 0.2522272 0.2126941 0.5936514 NaN NaN NaN
79 0.1449961 0.02926577 0.009820045 0.3140185 0.2512588 0.5924437 0.1444653 0.6043562 0.002325065
80 0.1376657 0.02911807 0.009322195 0.259065 0.2281351 0.6678622 NaN NaN NaN
81 0.1389265 0.02980415 0.008928047 0.2460836 0.2453825 0.5406439 NaN NaN NaN
82 0.1431676 0.02978846 0.009565676 0.2673183 0.2385294 0.7968102 NaN NaN NaN
83 0.1276449 0.02725133 0.009077074 0.2205257 0.2132008 0.6164569 NaN NaN NaN
84 0.147835 0.02780656 0.008747125 0.2952372 0.2372783 0.462834 NaN NaN NaN
85 0.1400852 0.02983083 0.009442487 0.2559749 0.2477885 0.521358 NaN NaN NaN
86 0.1438902 0.02765931 0.008735399 0.2702649 0.2282166 0.5608872 NaN NaN NaN
87 0.1325747 0.02771347 0.008646001 0.2173788 0.2426663 0.4228676 NaN NaN NaN
88 0.139255 0.02897473 0.009426858 0.2797214 0.2315584 0.5461415 NaN NaN NaN
89 0.1361945 0.02870601 0.009546542 0.2573585 0.2364824 0.5487479 NaN NaN NaN
90 0.1437886 0.03003129 0.00962658 0.2907952 0.245113 0.5939513 NaN 0.3950839 NaN
91 0.1424899 0.03025915 0.009778408 0.2786194 0.2574172 0.4952153 NaN NaN NaN
92 0.1349001 0.02944493 0.009299082 0.2650689 0.2306013 0.5614593 NaN NaN NaN
93 0.1499632 0.02955691 0.009170999 0.2840711 0.2396218 0.8687617 NaN NaN NaN
94 0.1465193 0.02844299 0.008526249 0.2812713 0.2279438 0.6602084 NaN NaN NaN
95 0.1347475 0.02856324 0.009058702 0.2416614 0.2216106 0.8381383 NaN NaN NaN
96 0.139406 0.02892732 0.009471831 0.2808929 0.2331598 0.6927564 NaN NaN NaN
97 0.1479966 0.02953204 0.009204467 0.3065695 0.2463672 0.5855633 NaN NaN NaN
98 0.1309756 0.02868501 0.009457526 0.2492459 0.2276188 0.6209851 NaN NaN NaN
99 0.1426259 0.02856972 0.008930257 0.2999293 0.2322089 0.5893984 NaN NaN NaN
100 0.1462145 0.02724292 0.008439627 0.2783067 0.2289681 0.4733791 NaN NaN NaN
