1 0.1647924 0.03322075 0.01036313 0.3403113 0.2127244 NaN NaN NaN
2 0.1588252 0.03375055 0.01022973 0.3341944 0.2030867 NaN NaN NaN
3 0.1516541 0.03236475 0.009735056 0.2799132 0.1888216 NaN NaN NaN
4 0.1617521 0.03321059 0.01064885 0.4217144 0.2014387 NaN NaN NaN
5 0.1585358 0.03294214 0.009668007 0.3043747 0.1903357 NaN NaN NaN
6 0.1622829 0.03445577 0.0102453 0.3201297 0.2162448 NaN NaN NaN
7 0.1664548 0.03544133 0.01101971 0.4160573 0.2223589 NaN NaN NaN
8 0.1548962 0.03442631 0.01089019 0.3105505 0.2189847 NaN NaN NaN
9 0.1566463 0.03463311 0.01064439 0.3634677 0.2013789 NaN NaN NaN
10 0.1605085 0.03265546 0.01070812 0.3985519 0.2015113 NaN NaN NaN
11 0.1632975 0.03464972 0.01137688 0.3493136 0.2284386 NaN NaN NaN
12 0.1590067 0.03195031 0.009481797 0.3219596 0.1868606 NaN NaN NaN
13 0.1518054 0.03355093 0.0103492 0.2969073 0.1965897 NaN NaN NaN
14 0.1543414 0.03335175 0.01048812 0.3341047 0.200957 NaN NaN NaN
15 0.1548484 0.03411854 0.01131783 0.3048479 0.2226883 NaN NaN NaN
16 0.1648477 0.03337074 0.01027265 0.3263563 0.2153886 NaN NaN NaN
17 0.14428 0.03471164 0.0110678 0.2624752 0.2112332 NaN NaN NaN
18 0.1635013 0.0354697 0.01101599 0.3734681 0.220827 NaN NaN NaN
19 0.1672753 0.03235806 0.01083365 0.4504234 0.2035304 NaN NaN NaN
20 0.1568001 0.0336402 0.01017895 0.3296515 0.1977702 NaN NaN NaN
21 0.1805701 0.034524 0.01028039 0.464568 0.2168754 NaN NaN NaN
22 0.1497388 0.03413467 0.01049826 0.2937995 0.2000071 NaN NaN NaN
23 0.1561959 0.03514708 0.0106165 0.2707692 0.2210153 NaN NaN NaN
24 0.1642057 0.03149432 0.01035724 0.4152557 0.1965901 NaN NaN NaN
25 0.162974 0.03380564 0.01068443 0.3906724 0.2125908 NaN NaN NaN
26 0.159025 0.03373212 0.01000916 0.333259 0.1951847 NaN NaN NaN
27 0.1483938 0.03365152 0.01063801 0.3086854 0.196432 NaN NaN NaN
28 0.1728788 0.03546693 0.009884856 0.4504762 0.2034985 NaN NaN NaN
29 0.1562474 0.03426076 0.01128832 0.3216414 0.2230724 NaN NaN NaN
30 0.1629441 0.03189101 0.009644427 0.3956765 0.182964 NaN NaN NaN
31 0.1593692 0.0315538 0.009697635 0.2978674 0.1929234 NaN NaN NaN
32 0.1616941 0.03294088 0.009809708 0.3456269 0.1909461 NaN NaN NaN
33 0.1599413 0.03586492 0.01052706 0.3001158 0.223028 NaN NaN NaN
34 0.1622548 0.03519596 0.01007863 0.382423 0.2042946 0.4397774 1.291312 0.007579819
35 0.153636 0.03307161 0.009947729 0.3128829 0.1891723 NaN NaN NaN
36 0.1606702 0.03285049 0.01098979 0.3747368 0.2121327 NaN NaN NaN
37 0.1632983 0.03300744 0.01030796 0.3349987 0.2095207 NaN NaN NaN
38 0.1532144 0.03242413 0.009707567 0.3523189 0.1799739 NaN NaN NaN
39 0.1745745 0.03175454 0.01031889 0.3521683 0.2141295 NaN NaN NaN
40 0.1749623 0.03368867 0.01029096 0.4275092 0.2127421 NaN NaN NaN
41 0.1645793 0.03523093 0.01031851 0.3261545 0.2163882 NaN NaN NaN
42 0.1562569 0.03420478 0.01018299 0.3258186 0.1969656 NaN NaN NaN
43 0.153739 0.03379614 0.01025935 0.3347811 0.19314 NaN NaN NaN
44 0.147126 0.03328086 0.01032735 0.2990566 0.1898485 NaN NaN NaN
45 0.1655205 0.03379466 0.01001397 0.3862759 0.1987154 NaN NaN NaN
46 0.1576281 0.03443497 0.0103379 0.3332812 0.2047147 NaN NaN NaN
47 0.1709153 0.03119247 0.009823873 0.4165037 0.2031354 NaN NaN NaN
48 0.1674697 0.03191951 0.01011842 0.3583192 0.206695 NaN NaN NaN
49 0.1594715 0.03294074 0.009622089 0.3545248 0.1874858 NaN NaN NaN
50 0.1627914 0.03398683 0.009611727 0.3229054 0.195643 NaN NaN NaN
51 0.1566144 0.03247829 0.01018531 0.305909 0.1971576 NaN NaN NaN
52 0.1633277 0.03331036 0.01016103 0.3078842 0.2126091 NaN NaN NaN
53 0.1445432 0.03074993 0.01051618 0.2598551 0.1945982 NaN NaN NaN
54 0.1638526 0.03318586 0.01008786 0.3803494 0.198288 NaN NaN NaN
55 0.1468295 0.033181 0.01067098 0.2905309 0.1963249 NaN NaN NaN
56 0.1665313 0.03265405 0.009756503 0.3716668 0.1954521 NaN NaN NaN
57 0.1569067 0.03050108 0.009888108 0.3558614 0.1818988 NaN NaN NaN
58 0.1577687 0.03555382 0.01089116 0.3764162 0.208233 NaN NaN NaN
59 0.1530058 0.03408051 0.01085677 0.3045487 0.2127996 NaN NaN NaN
60 0.1465078 0.03329955 0.01083568 0.2741612 0.2011065 NaN NaN NaN
61 0.1658528 0.03446746 0.01091644 0.4319802 0.2165487 NaN NaN NaN
62 0.1552275 0.03472176 0.01102875 0.3240107 0.2219688 NaN NaN NaN
63 0.164435 0.03252739 0.009872499 0.3618615 0.1956954 NaN NaN NaN
64 0.1536926 0.0340249 0.01047008 0.3365617 0.2042495 NaN NaN NaN
65 0.1555129 0.0353334 0.01134709 0.3394127 0.2208633 NaN NaN NaN
66 0.1471984 0.032564 0.01074585 0.3172573 0.1942135 NaN NaN NaN
67 0.157261 0.03343926 0.01020856 0.3459292 0.1967482 NaN NaN NaN
68 0.1577899 0.03125224 0.009432502 0.3497485 0.1774837 NaN NaN NaN
69 0.1543505 0.03273735 0.01063305 0.3065515 0.2055454 NaN NaN NaN
70 0.1473301 0.03230701 0.01035511 0.3196625 0.1882823 NaN NaN NaN
71 0.1640733 0.03182616 0.01040545 0.3870341 0.1960922 NaN NaN NaN
72 0.158349 0.0320064 0.01010971 0.3500511 0.1898212 0.2236002 1.9409 0.03505761
73 0.1602638 0.03233824 0.01086547 0.332344 0.2155874 NaN 0.2512617 NaN
74 0.1553935 0.03210662 0.01034552 0.3399572 0.1938675 NaN NaN NaN
75 0.1429548 0.03263024 0.01024555 0.2849447 0.1813923 NaN NaN NaN
76 0.1563104 0.03295436 0.01024213 0.2903238 0.2064428 NaN NaN NaN
77 0.1599087 0.03638686 0.01112111 0.3347584 0.228558 NaN NaN NaN
78 0.1548095 0.03165327 0.009716286 0.2978328 0.1875348 NaN NaN NaN
79 0.1601187 0.03254179 0.01146481 0.3618076 0.2216584 0.144908 0.6067144 0.002553865
80 0.1519587 0.03316406 0.01035469 0.3204176 0.2006735 NaN NaN NaN
81 0.1678801 0.03472616 0.01042917 0.3905992 0.2116863 NaN NaN NaN
82 0.1553191 0.03326801 0.01061344 0.3028721 0.2044554 NaN NaN NaN
83 0.1452807 0.03204341 0.01040408 0.2831257 0.1908507 NaN NaN NaN
84 0.1692909 0.03292451 0.01040841 0.3880876 0.2142333 NaN NaN NaN
85 0.1585241 0.03520332 0.01098198 0.3188477 0.2232426 NaN NaN NaN
86 0.1663979 0.03214183 0.01004754 0.3423787 0.1983287 NaN NaN NaN
87 0.1587952 0.03413852 0.01042954 0.294414 0.2109329 NaN NaN NaN
88 0.1550597 0.03370347 0.0109846 0.3508969 0.2108503 NaN NaN NaN
89 0.1533481 0.0339501 0.01102193 0.3266848 0.2110757 NaN NaN NaN
90 0.1582355 0.03360327 0.01089452 0.3361808 0.2099076 NaN 0.3989233 NaN
91 0.1626736 0.03486926 0.01162734 0.3556949 0.2376673 NaN NaN NaN
92 0.1547936 0.03352892 0.01063835 0.3638224 0.1977145 NaN NaN NaN
93 0.1633404 0.03239991 0.01006721 0.337299 0.2016058 NaN NaN NaN
94 0.1669655 0.03151286 0.009633655 0.3598731 0.195143 NaN NaN NaN
95 0.1456711 0.03191482 0.009991011 0.2712165 0.1862974 NaN NaN NaN
96 0.1552136 0.0330486 0.01055582 0.3464356 0.1979289 NaN NaN NaN
97 0.1676905 0.03331042 0.01037556 0.3834296 0.2111555 NaN NaN NaN
98 0.1516338 0.03249753 0.01066368 0.3427722 0.1946645 NaN NaN NaN
99 0.1593624 0.03281726 0.0103355 0.3505212 0.2017747 NaN NaN NaN
100 0.1700671 0.03312597 0.009970151 0.3812622 0.2064024 NaN NaN NaN
