1 26.64051 1.935705 -0.5102649 5.115839 2.075772 5.477381 -1.682109 -2.008294 -0.1041383
2 26.60427 1.989947 -0.5212104 5.010461 2.192184 5.507817 -2.48876 -1.670699 -0.03497801
3 26.58133 1.993508 -0.5136181 4.934774 1.929715 6.471348 -2.452387 -0.7704745 -0.06282098
4 26.21845 1.897097 -0.5375811 4.754827 2.380702 4.997885 -2.3524 -1.318684 -0.09610082
5 26.67878 2.026262 -0.5067899 4.875018 1.868405 6.262112 -2.319984 -1.927672 -0.07712037
6 26.72753 2.00217 -0.513928 4.716788 2.274728 5.239636 -2.324402 -1.967539 -0.07683487
7 26.28696 1.980322 -0.5451807 5.361608 2.75239 5.710273 -1.826425 -1.26655 -0.1236491
8 26.37786 1.910575 -0.5328155 4.897385 1.856481 5.085154 -1.755292 -1.773558 -0.1043258
9 26.01026 2.01281 -0.5515818 4.820762 2.514068 5.535783 -2.373118 -2.608221 -0.02503579
10 26.18522 1.910429 -0.5419587 4.950931 2.498327 6.058257 -2.139846 -2.822268 -0.06699093
11 26.07152 1.918966 -0.5371094 5.211818 2.032534 4.974566 -1.842212 -3.013998 -0.05556975
12 26.88336 2.03075 -0.5083743 5.163555 2.237271 8.363029 -2.312366 -1.890268 -0.09245648
13 26.08603 2.000477 -0.5403436 4.905223 1.936752 6.005964 -1.963944 -2.757456 -0.03564456
14 26.23884 1.990786 -0.5392584 4.982243 1.983285 6.040534 -1.577554 -2.299511 -0.1071569
15 26.07391 1.910782 -0.5426222 5.328191 2.033419 5.704881 -1.566583 -1.339849 -0.1328799
16 26.80775 1.975601 -0.5091188 4.943655 1.885546 5.107647 -1.776831 -2.42682 -0.0876406
17 25.92799 2.009497 -0.5602076 4.864244 1.715058 5.3549 -2.310421 -3.034229 -0.05134188
18 26.14172 1.964716 -0.5386726 5.092697 2.232781 5.161793 -2.041303 -3.090658 -0.04798794
19 25.99687 1.904318 -0.5444573 4.922356 2.754793 6.114413 -1.885558 -2.044689 -0.097605
20 26.45847 2.032767 -0.5301578 5.022391 2.440693 6.221107 -3.89561 -0.5594895 0.02405622
21 26.73211 2.038971 -0.5103855 4.911532 3.035281 4.862401 -2.915472 -2.697578 -0.01991648
22 26.26016 1.991651 -0.5424172 5.055509 2.044838 5.935923 -2.712023 -0.47854 -0.04541465
23 26.41213 2.004967 -0.5214513 5.153024 1.665018 5.365103 -1.593825 -2.524879 -0.07620568
24 26.3495 1.891938 -0.530047 4.948177 2.508935 6.030163 -2.355114 -2.279653 -0.03940613
25 26.39556 1.923718 -0.526479 5.25569 2.489467 5.808317 -1.895307 -1.428601 -0.1172654
26 26.63909 2.033557 -0.5256143 4.893987 2.522422 5.927886 -2.762286 -0.8640669 -0.07294593
27 25.99417 1.958707 -0.5527987 5.048386 2.060075 6.442013 -2.021626 -1.776266 -0.07680592
28 26.62182 2.077819 -0.5125825 4.781815 2.572721 5.200636 -1.967953 -1.414294 -0.1095318
29 26.1284 1.907849 -0.5412957 5.367006 2.179203 5.753401 -3.043079 -2.322011 -0.01277846
30 26.61654 1.989871 -0.5172224 4.806826 2.742236 6.236743 -2.755898 -0.7047468 -0.07423872
31 26.82986 1.992036 -0.5082427 4.686745 1.900518 5.465688 -2.485087 -2.867196 -0.04963369
32 26.49936 2.021363 -0.5103615 4.833964 2.405688 6.277753 -3.931307 -1.181793 0.03377778
33 26.66074 1.982934 -0.5163165 4.966501 2.024784 4.756759 -1.916629 -0.9475932 -0.1140379
34 26.60737 2.04098 -0.5231406 4.780042 2.22703 5.239293 -2.160312 -0.781187 -0.1195556
35 26.4411 1.983246 -0.5277187 4.832272 2.149076 6.101544 -2.560666 -1.068079 -0.0957924
36 26.12384 1.896936 -0.5405065 4.874751 2.245686 4.954836 -1.561281 -1.469218 -0.1338753
37 26.54931 2.023961 -0.5246596 4.783016 2.0401 5.025109 -2.139389 -2.950308 -0.04827788
38 26.26047 1.950676 -0.5217135 4.438365 2.370791 5.467845 -2.438835 -1.411529 -0.0732637
39 26.75402 1.919134 -0.4979095 5.136862 2.192863 5.542149 -1.91569 -1.450272 -0.1116057
40 26.70463 1.966453 -0.5182284 4.796149 1.980849 5.025367 -1.701369 -2.829073 -0.06773516
41 26.66609 2.060496 -0.5156367 5.02299 2.250102 5.782548 -2.33608 -0.9559101 -0.08012808
42 26.40299 2.027933 -0.5321532 4.781015 2.285972 5.285373 -3.325489 -2.654824 0.008514573
43 26.26489 2.030629 -0.5360397 5.047927 2.491583 6.16282 -3.272648 0.7919812 -0.02905388
44 26.07044 1.963476 -0.5418128 4.989022 1.728808 6.05134 -2.32565 -1.318239 -0.1137518
45 26.54639 2.05175 -0.5186896 4.670381 2.580221 4.910172 -3.481361 0.2142722 -0.02601224
46 26.39349 2.025686 -0.5278625 4.914245 2.615214 5.582173 -2.421829 -2.455341 -0.06426496
47 27.13903 1.962038 -0.5010879 4.969666 2.539113 5.85943 -2.543715 -1.485449 -0.0742128
48 26.81432 1.975514 -0.5087824 5.11273 2.041685 5.832796 -1.676101 -2.039409 -0.1135145
49 26.77582 2.073144 -0.5219168 4.659552 2.530811 5.230248 -3.121747 -0.4059406 -0.04999227
50 26.90846 2.068613 -0.5036855 4.921992 2.267798 6.217239 -2.328437 -1.179093 -0.1079557
51 26.42271 1.936789 -0.5214669 4.955975 2.211055 5.778075 -3.056549 -2.18962 -0.02270819
52 26.81097 2.008497 -0.5083124 5.286815 1.945022 5.687722 -2.618007 -1.053548 -0.08726348
53 26.27552 1.826093 -0.5364226 4.892987 1.554776 5.772436 -2.349308 -1.985209 -0.09061611
54 26.53344 2.016376 -0.5248337 5.055985 2.52386 5.939259 -2.027961 -1.489612 -0.1064545
55 26.03159 1.929762 -0.5483863 4.935282 1.946133 6.322316 -2.32897 -2.42396 -0.04693287
56 26.80007 2.010108 -0.507777 4.993586 2.345712 5.87703 -2.051714 -1.431923 -0.1183892
57 26.58083 1.934739 -0.5252333 4.96552 2.447137 6.583527 -3.450813 0.328609 -0.01708108
58 25.86262 2.018773 -0.5562238 5.279969 2.301148 6.294925 -1.856349 -2.024254 -0.09812683
59 26.16598 1.942629 -0.539848 5.590387 1.988214 7.325278 -2.148981 -2.649376 -0.03032655
60 25.98264 1.910691 -0.5382782 4.942257 1.732212 5.271821 -3.438749 0.315481 -0.02265992
61 26.04627 1.990109 -0.5571356 5.092236 2.710835 6.284985 -2.452744 -0.5527149 -0.07882553
62 26.22719 2.024325 -0.5464952 5.309884 2.148151 5.917312 -1.750566 -3.191074 -0.05705762
63 26.60273 2.031647 -0.5148598 4.836459 2.316815 5.847165 -2.675485 -3.016107 -0.01976659
64 26.44277 1.976684 -0.5412675 4.748942 2.203875 5.39032 -1.652316 -2.095904 -0.1126713
65 25.97512 1.942462 -0.5554719 4.808034 2.341964 4.912943 -1.685936 -2.004847 -0.1125072
66 25.97766 1.914234 -0.5530094 4.816504 1.967799 5.556436 -2.651919 -3.066641 -0.01992403
67 26.45098 2.002127 -0.5314627 4.963236 2.354718 5.593566 -3.762687 -0.1106618 0.008166083
68 26.68667 2.01733 -0.5148349 4.642197 2.746611 5.672733 -3.205984 0.4626081 -0.03071468
69 26.20749 1.918461 -0.5404096 5.182424 1.684151 6.847268 -1.611325 -2.592003 -0.0801645
70 26.11535 1.934172 -0.5456344 4.594501 2.077501 5.672212 -2.187596 -1.008651 -0.1165686
71 26.30084 1.955014 -0.5376376 4.98291 2.210296 5.91002 -2.300204 -2.282179 -0.07837062
72 26.42443 1.929142 -0.52389 4.792625 2.46353 5.702618 -3.337766 -0.09817183 -0.0373547
73 26.2165 1.898626 -0.5356023 4.889713 1.879218 5.488941 -2.962026 -0.1602625 0.002712247
74 26.22526 1.910126 -0.5326045 4.812548 2.02431 5.83926 -2.285015 -1.594097 -0.1058817
75 26.0312 1.948738 -0.5503111 4.82053 2.061258 6.526956 -3.071478 -0.4582181 -0.06105337
76 26.5635 1.996356 -0.5191032 4.763234 1.802525 5.314683 -1.923805 -0.9646265 -0.09128867
77 26.23464 2.01577 -0.5392868 5.49875 1.975819 5.450024 -3.223787 -1.98877 0.006988581
78 26.67794 2.00724 -0.5168047 4.585763 2.074403 5.62552 -2.422448 -1.410725 -0.09267013
79 25.9372 1.888013 -0.5497598 5.08517 2.606482 5.555433 -2.167739 -0.7657647 -0.1023866
80 26.18172 1.954339 -0.5390615 4.889761 1.987016 6.050787 -2.490371 -1.148633 -0.06790915
81 26.515 2.019396 -0.5215695 4.963693 1.829228 5.244665 -2.000755 -1.14713 -0.08676867
82 26.22275 1.94049 -0.5330282 5.315007 2.103645 6.956147 -2.734373 -2.502876 -0.012683
83 26.19187 1.885737 -0.5416266 4.696501 1.755607 5.849578 -2.550325 -2.452274 -0.05767155
84 26.62454 1.938295 -0.5050512 4.813529 2.380913 4.707207 -1.724104 -2.528891 -0.07854316
85 26.08003 1.954337 -0.5338857 5.111634 1.965652 5.107822 -1.670836 -2.893283 -0.06201854
86 26.69857 1.954552 -0.5084698 4.894734 2.207578 5.435703 -3.785779 0.4473661 -0.001509792
87 26.47838 1.956048 -0.5178902 4.580925 1.572244 4.299134 -1.975771 -0.9795507 -0.107587
88 25.99987 1.921511 -0.5468182 4.869093 2.232752 5.317832 -1.811715 -2.056435 -0.1013095
89 26.13335 1.896354 -0.5416071 5.028085 2.032215 5.372888 -2.349287 -0.9088634 -0.1108809
90 26.12929 1.950071 -0.5406694 5.172535 2.427123 5.602349 -2.694011 -0.6752655 -0.1113255
91 26.01066 1.942562 -0.5477893 5.169528 2.185201 4.908993 -2.225839 -2.173328 -0.0575872
92 26.1283 1.967786 -0.5494689 4.914975 2.082235 5.388959 -2.586392 -1.161676 -0.08914987
93 26.68657 1.981598 -0.5130239 5.404287 2.333187 7.381286 -2.538108 -1.446246 -0.07060674
94 26.97386 2.018188 -0.5063382 4.921654 2.294316 6.072616 -2.363707 -1.53081 -0.1031383
95 26.44416 1.943288 -0.5315422 4.957521 1.921937 7.005193 -2.094046 -1.738133 -0.1099095
96 26.04748 1.906984 -0.5438054 4.995255 2.30626 6.202837 -2.220696 -3.085484 -0.04567265
97 26.3912 1.979502 -0.5250018 4.945512 2.457148 5.438188 -2.272036 -2.280394 -0.0490684
98 26.02084 1.895289 -0.5464641 5.108817 1.972208 5.897117 -3.19502 0.1636821 -0.02070112
99 26.41583 1.96405 -0.5285557 4.84092 2.445133 5.55298 -1.976059 -1.955381 -0.1028048
100 26.83656 1.974196 -0.5021257 4.63387 2.276748 4.810009 -3.522186 -2.239603 0.01749243
