1 26.46643 1.972547 -0.5143283 7.435287 2.741377 -1.67949 -1.98559 -0.1042982
2 26.5149 2.018765 -0.5256688 7.366236 2.803166 -2.491926 -1.665031 -0.03486482
3 26.54863 2.024573 -0.5154553 6.879968 2.24094 -2.449518 -0.7909208 -0.06466766
4 26.02917 1.934102 -0.5408452 7.316823 3.698278 -2.349902 -1.302043 -0.09617915
5 26.56333 2.061355 -0.509089 6.919418 2.54124 -2.32226 -1.934678 -0.07685904
6 26.61165 2.057103 -0.5210785 7.352362 2.518869 -2.318045 -1.967069 -0.07719263
7 26.17587 1.999377 -0.5454712 7.766618 3.60823 -1.814362 -1.26925 -0.1243386
8 26.26579 1.973564 -0.5394787 7.674933 2.384754 -1.761922 -1.754162 -0.1040008
9 25.94835 2.005698 -0.5502736 7.228928 3.229079 -2.360648 -2.610964 -0.02540794
10 26.04114 1.907502 -0.5437237 7.253578 3.640265 -2.149731 -2.826988 -0.06614705
11 25.8701 1.905037 -0.5354125 8.078292 2.793013 -1.837926 -3.019871 -0.05543643
12 26.77471 2.038464 -0.5099727 6.735947 2.805841 -2.307866 -1.877576 -0.09317471
13 26.04401 1.995376 -0.536493 7.027489 2.471597 -1.972855 -2.751342 -0.03538295
14 26.04525 1.981013 -0.538001 7.068021 2.702466 -1.58612 -2.31896 -0.1060936
15 25.95867 1.894295 -0.5420101 7.908241 2.312372 -1.567522 -1.344395 -0.1330097
16 26.72957 2.001542 -0.5128587 7.511829 2.624499 -1.779362 -2.404171 -0.08812666
17 25.87017 1.964132 -0.5539814 7.64278 1.893358 -2.308421 -3.031687 -0.05154121
18 26.13709 1.990451 -0.5418947 7.923934 3.252572 -2.063398 -3.108266 -0.04643922
19 25.85391 1.883317 -0.5438968 7.053763 4.204626 -1.876271 -2.042328 -0.09818454
20 26.45247 2.021043 -0.5305368 7.308136 2.952812 -3.886919 -0.5227348 0.02272272
21 26.71261 2.027483 -0.5100459 7.9681 4.446156 -2.915139 -2.719591 -0.01933122
22 26.23651 2.005298 -0.5427709 7.353761 2.50129 -2.702041 -0.4556625 -0.04395609
23 26.33411 2.028378 -0.5232719 7.831189 1.848286 -1.594128 -2.517433 -0.07621975
24 26.12689 1.900038 -0.5318145 6.853925 3.707663 -2.361167 -2.276309 -0.03891037
25 26.21987 1.952914 -0.530379 7.63726 3.23674 -1.893102 -1.440202 -0.1174549
26 26.52241 2.042052 -0.5247429 7.194852 3.01019 -2.769245 -0.8471968 -0.07177489
27 25.98956 1.969354 -0.5535833 7.136766 2.666175 -2.03436 -1.775378 -0.07601257
28 26.44241 2.143986 -0.5177151 6.982677 3.829735 -1.969547 -1.410779 -0.1092787
29 25.9698 1.914852 -0.5460767 7.939521 2.647161 -3.059261 -2.300769 -0.01239506
30 26.48018 2.002976 -0.5160624 6.671656 3.528061 -2.754054 -0.7022184 -0.0743575
31 26.78793 1.981297 -0.5046049 7.011697 2.416164 -2.508264 -2.908524 -0.0470086
32 26.38481 2.032266 -0.5123694 7.029608 3.073411 -3.928436 -1.175394 0.03360165
33 26.59369 2.065568 -0.5228479 8.011882 2.230711 -1.906659 -0.9544526 -0.1145179
34 26.44885 2.112223 -0.5312022 7.166383 3.201689 -2.145419 -0.7836425 -0.1207747
35 26.40746 2.025284 -0.5307544 6.929202 2.750897 -2.567504 -1.087647 -0.09545278
36 26.02323 1.878344 -0.5398806 7.545101 3.229022 -1.560274 -1.468536 -0.1338793
37 26.45262 1.963233 -0.5170125 7.342247 2.695716 -2.142098 -2.946936 -0.04811291
38 26.18441 2.028397 -0.5277863 6.538953 2.943928 -2.444008 -1.394244 -0.07294495
39 26.65912 1.894587 -0.4920408 7.715898 2.952425 -1.906232 -1.455323 -0.1123162
40 26.68907 2.00232 -0.519719 7.41337 3.961858 -1.700485 -2.825003 -0.06794143
41 26.65306 2.066263 -0.5158893 7.867489 2.674959 -2.340355 -0.9538508 -0.079884
42 26.30033 2.035604 -0.5323198 7.300497 2.917318 -3.332071 -2.65586 0.008927607
43 26.17945 2.013021 -0.5352917 7.226998 2.932317 -3.284137 0.8044582 -0.0295493
44 25.99467 1.994174 -0.5464743 6.900992 2.493586 -2.324179 -1.309321 -0.1140762
45 26.50785 2.038262 -0.5172663 7.411542 3.531111 -3.473346 0.1940835 -0.02739151
46 26.37198 2.041496 -0.5330664 7.397326 2.833167 -2.427303 -2.467413 -0.06330201
47 27.02527 1.940854 -0.4983148 7.368194 3.430702 -2.537197 -1.513388 -0.07425658
48 26.65017 1.941441 -0.5060498 7.323648 2.994544 -1.674248 -2.040921 -0.1135694
49 26.75396 2.065526 -0.5191922 6.919232 3.176466 -3.115732 -0.4153845 -0.05065756
50 26.83524 2.115488 -0.5087611 7.106018 2.757886 -2.3242 -1.201197 -0.108767
51 26.42292 1.953666 -0.520582 7.320175 2.638537 -3.062262 -2.203115 -0.02169989
52 26.84492 1.996047 -0.5058862 7.791818 2.405698 -2.611155 -1.086577 -0.08794882
53 26.20714 1.845971 -0.5366534 7.073008 1.96994 -2.362186 -2.012376 -0.08875553
54 26.4968 2.00435 -0.5235232 7.15765 3.356825 -2.030028 -1.477759 -0.1063429
55 25.93725 1.942239 -0.5506164 7.130853 2.427055 -2.316269 -2.398829 -0.04811228
56 26.72117 2.030533 -0.5093354 7.019744 3.295153 -2.057305 -1.431289 -0.1184055
57 26.46116 1.903435 -0.5216863 6.790192 3.274933 -3.459473 0.3220853 -0.01809438
58 25.74906 2.026728 -0.5553026 7.255378 3.17375 -1.846097 -2.014746 -0.09924877
59 26.10216 1.955342 -0.5416647 7.588057 2.39513 -2.147746 -2.644335 -0.03071924
60 25.87249 1.913944 -0.5422035 7.511085 2.178023 -3.416371 0.3329696 -0.02366088
61 25.98026 1.990557 -0.5569686 7.055424 3.800178 -2.448572 -0.5656749 -0.07860907
62 26.17236 1.968362 -0.5424955 7.859425 2.47854 -1.752386 -3.192903 -0.0569912
63 26.60768 2.008531 -0.513729 7.097595 3.305154 -2.676262 -3.021843 -0.01962329
64 26.29793 2.009552 -0.544581 7.22263 2.726528 -1.651108 -2.091144 -0.1128574
65 25.85431 1.958622 -0.5570502 7.764353 2.807723 -1.68712 -2.004024 -0.1124071
66 25.89589 1.917864 -0.5569234 7.023528 2.746738 -2.655877 -3.070285 -0.01960055
67 26.4626 1.995583 -0.5324902 7.39138 3.110816 -3.759859 -0.1058787 0.007594853
68 26.63889 1.997982 -0.5115693 6.755607 3.243791 -3.186542 0.4396876 -0.03273701
69 26.14628 1.92332 -0.5375444 7.14547 2.508968 -1.611769 -2.593446 -0.08012265
70 25.97731 1.9428 -0.5453877 6.786365 2.555953 -2.183552 -1.002267 -0.1163912
71 26.25682 1.903066 -0.531684 7.093556 3.739239 -2.304973 -2.282232 -0.07806669
72 26.42357 1.940972 -0.5263076 7.103374 3.242331 -3.3193 -0.1158748 -0.03952213
73 26.12624 1.87285 -0.5295592 7.45195 2.602056 -2.944293 -0.164621 0.0007285159
74 26.108 1.923232 -0.5316362 6.982877 2.845846 -2.288117 -1.594523 -0.1057716
75 26.03246 1.966038 -0.5497966 6.852105 2.530176 -3.062643 -0.4699889 -0.06203269
76 26.52958 1.979274 -0.5171458 7.397218 2.251229 -1.932285 -0.9567334 -0.08999603
77 26.11047 2.008941 -0.5374533 8.279012 2.516862 -3.224761 -1.983886 0.006842527
78 26.64832 1.983984 -0.5147188 6.867504 2.528307 -2.430754 -1.386883 -0.09198988
79 25.84285 1.82327 -0.54515 7.759439 3.112648 -2.15805 -0.7676084 -0.103266
80 26.08314 1.997401 -0.5432559 6.769917 2.522857 -2.482926 -1.147401 -0.07075188
81 26.35724 2.029295 -0.5206211 7.609325 3.351053 -1.99747 -1.130519 -0.08606812
82 26.08359 1.938604 -0.5319613 7.369442 2.453057 -2.713917 -2.52151 -0.01256138
83 26.04554 1.917538 -0.5438754 6.942421 2.278964 -2.56389 -2.467453 -0.05596223
84 26.53414 1.950896 -0.5108901 7.665104 3.269027 -1.721435 -2.510989 -0.07898971
85 26.04703 1.978866 -0.5328799 7.942855 2.388384 -1.679488 -2.905206 -0.06128227
86 26.58214 1.939557 -0.5055252 7.395754 3.072799 -3.786729 0.4389162 -0.00134353
87 26.43242 2.003409 -0.5201648 7.599039 2.298367 -1.978902 -0.9855239 -0.107682
88 25.90053 1.930874 -0.5486764 7.40556 2.819523 -1.812331 -2.067317 -0.1008311
89 25.95664 1.926361 -0.5455177 7.690943 2.681939 -2.348494 -0.9030027 -0.1105281
90 26.06369 1.910758 -0.5361987 7.733276 2.857354 -2.69732 -0.6651419 -0.1112293
91 25.9118 1.900154 -0.5448131 8.196055 2.853664 -2.226049 -2.171029 -0.0576184
92 26.00614 1.960908 -0.5474887 7.241242 3.213368 -2.59886 -1.12661 -0.08822745
93 26.65528 1.965088 -0.5093047 7.345548 2.786346 -2.528463 -1.478516 -0.07099802
94 26.8813 1.985771 -0.5005591 7.057473 3.178779 -2.360363 -1.530916 -0.1033042
95 26.35336 1.976922 -0.5351968 6.746774 2.225867 -2.097272 -1.74758 -0.1095254
96 25.97377 1.948778 -0.5449627 7.036236 3.083401 -2.212845 -3.084719 -0.04610379
97 26.34813 1.979681 -0.5228385 7.282651 3.379949 -2.278075 -2.279065 -0.04845168
98 26.01526 1.892084 -0.5427478 7.332845 2.943808 -3.171128 0.1379374 -0.02242711
99 26.26072 1.961069 -0.5285345 7.188919 2.980951 -1.988457 -1.968264 -0.1014952
100 26.79887 2.01074 -0.5046045 7.554754 3.315674 -3.505155 -2.243993 0.01683954
