1 26.47396 1.926515 -0.5204409 5.158431 2.068214 5.592351 -3.317571
2 26.22547 1.95416 -0.5436781 5.012079 2.150485 5.65014 -3.521255
3 25.95785 1.937 -0.5525166 4.979431 1.891395 6.707932 -3.528489
4 26.01293 1.873516 -0.5496518 4.841818 2.376567 5.168053 -3.528548
5 26.73087 2.021079 -0.5039765 4.891805 1.823444 6.208668 -3.523335
6 26.35046 1.955571 -0.5347415 4.795625 2.15684 5.300697 -3.33217
7 26.34542 1.993693 -0.5421039 5.367432 2.747498 5.625315 -3.295628
8 26.55592 1.927738 -0.5226685 4.948033 1.967316 5.135719 -3.455193
9 26.39096 2.071076 -0.5295406 4.798391 2.487783 5.391185 -3.501078
10 26.16622 1.916881 -0.5449277 4.981344 2.501207 6.103574 -3.507566
11 25.99289 1.909682 -0.5420803 5.261914 1.987624 4.997322 -3.463572
12 26.06495 1.913549 -0.5521854 5.225162 2.159376 8.551658 -3.510095
13 25.89817 1.991544 -0.5530046 4.877579 1.902343 5.896516 -3.492829
14 26.16575 1.957542 -0.5396994 5.019597 1.882159 6.023308 -3.460426
15 26.35801 1.954045 -0.5284692 5.255485 2.046428 5.654123 -3.363417
16 26.88001 1.984542 -0.505294 4.984101 1.950459 5.138767 -3.421882
17 25.88595 1.997477 -0.5616601 4.825969 1.683318 5.361256 -3.513791
18 26.42994 2.015905 -0.5259573 5.069245 2.265597 5.10823 -3.549514
19 26.57305 1.964258 -0.509637 4.867081 2.807693 5.97133 -3.401968
20 26.63936 2.046304 -0.519092 4.998442 2.483699 6.204771 -3.539176
21 26.8605 2.056892 -0.5040619 4.925386 3.064467 4.88102 -3.476644
22 26.6514 2.065892 -0.5237287 5.08867 2.150586 6.010045 -3.53643
23 26.40733 1.980818 -0.5178548 5.125093 1.601663 5.277655 -3.331725
24 26.65577 1.918676 -0.5103017 4.929818 2.533572 6.032494 -3.408929
25 26.39056 1.923769 -0.5274443 5.197781 2.484433 5.617037 -3.51407
26 26.22352 1.963655 -0.5458276 4.848664 2.422864 5.850183 -3.53441
27 26.12321 2.003332 -0.5500007 5.02004 2.127786 6.531938 -3.52159
28 26.17573 2.013208 -0.539731 4.752443 2.482254 5.258875 -3.387753
29 26.67059 1.971353 -0.5109139 5.316616 2.286575 5.691698 -3.464565
30 26.29952 1.960587 -0.5361181 4.816668 2.649945 6.208903 -3.533616
31 26.26442 1.895571 -0.5346372 4.666384 1.814404 5.485727 -3.521196
32 26.08279 1.996243 -0.5382966 4.823632 2.351444 6.19577 -3.53369
33 26.68107 1.985428 -0.5155383 5.037698 2.051693 4.850769 -3.40694
34 26.27502 2.007272 -0.5454046 4.837109 2.124077 5.268127 -3.488071
35 26.4626 2.000701 -0.5288797 4.787823 2.136443 5.92355 -3.529628
36 26.27649 1.921941 -0.5320047 4.803492 2.219384 4.913138 -3.491256
37 26.72613 2.046561 -0.5146993 4.82011 2.102011 5.202163 -3.441056
38 26.34852 1.982337 -0.5200473 4.438457 2.427878 5.507209 -3.663701
39 26.07389 1.836155 -0.5349422 5.136181 2.096218 5.541094 -3.415779
40 26.98329 1.976469 -0.500854 4.875011 2.011741 5.2275 -3.278883
41 25.97836 1.97868 -0.5568363 5.11823 2.220015 5.948566 -3.523523
42 26.21078 2.006468 -0.544588 4.765618 2.285857 5.141928 -3.537096
43 26.15099 2.02692 -0.5448418 5.09644 2.481168 6.307186 -3.602306
44 26.65428 2.022828 -0.5075401 4.946309 1.822331 6.132421 -3.520165
45 26.52034 2.063833 -0.5234951 4.627661 2.605277 4.923285 -3.579819
46 26.64177 2.056739 -0.5134551 4.903743 2.631551 5.564834 -3.51031
47 26.9292 1.93783 -0.5123903 4.998644 2.53607 5.976689 -3.530116
48 26.94362 1.976153 -0.4987354 5.203377 2.01696 6.014844 -3.482008
49 26.74372 2.069786 -0.5234885 4.669999 2.523698 5.316398 -3.54598
50 26.80634 2.038774 -0.507155 4.948718 2.262657 6.220873 -3.521187
51 26.71681 1.972955 -0.5054331 4.970523 2.188987 5.785767 -3.546406
52 26.06416 1.919498 -0.5525241 5.313203 1.908735 5.750602 -3.531663
53 26.95567 1.899262 -0.498495 4.886191 1.596322 5.703665 -3.521062
54 26.54914 2.010448 -0.5234865 5.07294 2.497575 6.012185 -3.517935
55 26.66298 2.013602 -0.5136129 4.830909 1.964052 6.040709 -3.521255
56 26.66211 1.995595 -0.5160156 5.01137 2.419547 5.841313 -3.510589
57 26.47714 1.898473 -0.5273665 4.959201 2.475467 6.556046 -3.589131
58 25.81652 2.017191 -0.5599675 5.240934 2.334011 6.236453 -3.296971
59 26.31699 1.973876 -0.5330451 5.601038 1.999364 7.296362 -3.492484
60 26.28545 1.957335 -0.5215028 4.90047 1.741363 5.192052 -3.676472
61 26.15789 2.012544 -0.5508619 5.067652 2.692652 6.124664 -3.119531
62 26.34643 2.035769 -0.5397866 5.309573 2.148827 5.87333 -3.476244
63 26.4364 2.007276 -0.5250366 4.889398 2.271093 5.956609 -3.515064
64 26.32252 1.978249 -0.5517343 4.748639 2.079307 5.333533 -3.481382
65 26.70267 2.049944 -0.5142568 4.818432 2.368816 4.893233 -3.45068
66 26.39753 1.985896 -0.5316522 4.75905 2.014339 5.52159 -3.514346
67 26.11632 1.947746 -0.5504771 4.988458 2.35012 5.559328 -3.598599
68 26.26199 1.953913 -0.5392336 4.617805 2.683902 5.702247 -3.744886
69 26.83296 1.99025 -0.5063866 5.135546 1.802657 6.782197 -3.397229
70 26.15649 1.944317 -0.5437089 4.573594 2.063703 5.552251 -3.440144
71 26.40595 1.956324 -0.5293417 4.910412 2.195583 5.748464 -3.51031
72 26.12573 1.899023 -0.5404765 4.829688 2.432395 5.864218 -3.588599
73 26.33962 1.913442 -0.529739 4.901078 1.904847 5.421371 -3.366897
74 26.04679 1.874468 -0.5397238 4.824088 2.088679 5.824174 -3.516029
75 26.2058 1.965834 -0.540144 4.773593 2.104207 6.379117 -3.626348
76 26.66813 2.015943 -0.5132169 4.772913 1.84562 5.324427 -3.512119
77 25.98765 1.967944 -0.5510237 5.500917 2.05604 5.53041 -3.429954
78 26.76994 1.994398 -0.5077889 4.602507 2.084382 5.680217 -3.528071
79 26.44852 1.975009 -0.5254287 5.033847 2.617599 5.34965 -3.379342
80 26.30713 1.996862 -0.5340366 4.932571 1.977636 6.179019 -3.304569
81 26.17231 1.975271 -0.5401246 5.023854 1.846893 5.427877 -3.516216
82 26.264 1.95197 -0.5313724 5.317633 2.14858 7.020959 -3.478484
83 26.42981 1.90149 -0.5265147 4.662807 1.776633 5.88194 -3.435506
84 26.02951 1.879525 -0.5407585 4.830974 2.32136 4.711911 -3.506767
85 26.04663 1.944361 -0.5351847 5.156802 2.005546 5.172954 -3.4909
86 26.29561 1.88305 -0.5259149 4.866798 2.115254 5.256211 -3.559104
87 26.30121 1.939573 -0.5281599 4.590345 1.597026 4.36842 -3.51369
88 26.52351 1.993178 -0.5177493 4.825542 2.256876 5.23652 -3.333903
89 26.28253 1.936151 -0.5367443 5.058803 2.038072 5.418914 -3.526609
90 26.47426 1.970292 -0.5176585 5.199458 2.534599 5.64965 -3.538459
91 25.97775 1.913043 -0.5453847 5.170387 2.213389 4.883055 -3.35165
92 26.42984 1.985691 -0.5284621 4.908389 2.070857 5.348306 -3.533759
93 26.14947 1.90539 -0.541751 5.486493 2.233719 7.549278 -3.52837
94 27.02176 2.003118 -0.5003696 4.872644 2.176026 5.879831 -3.515587
95 26.71609 1.972596 -0.5160509 4.96434 1.860833 6.8724 -3.416944
96 26.54557 1.968588 -0.5169719 4.973433 2.325948 6.188203 -3.473857
97 26.40345 1.994935 -0.5267753 4.94193 2.358988 5.445986 -3.248771
98 26.49891 1.95157 -0.5199732 5.06635 2.079932 5.82536 -3.910937
99 26.53566 1.964774 -0.5188318 4.849308 2.477971 5.519 -3.491786
100 26.49 1.936665 -0.5222995 4.607071 2.249119 4.809487 -3.52943
