1 26.31354 1.963909 -0.5245083 7.475781 2.667668 -3.444393
2 26.12761 1.96323 -0.5460688 7.33972 2.758754 -3.521255
3 25.89728 1.943373 -0.5512476 6.865441 2.158031 -3.528489
4 25.81319 1.894151 -0.551046 7.339931 3.745809 -3.654564
5 26.58899 2.062846 -0.5071123 6.874924 2.590308 -3.523335
6 26.23066 2.031648 -0.5445838 7.36286 2.452355 -3.312987
7 26.23696 2.012994 -0.5425474 7.737932 3.6789 -3.41842
8 26.42665 1.971358 -0.5271468 7.693562 2.356038 -3.455193
9 26.35521 2.061128 -0.5281494 7.183412 3.38021 -3.501078
10 26.02037 1.91654 -0.5470318 7.284636 3.648989 -3.384498
11 25.78308 1.892483 -0.5399632 8.114999 2.779683 -3.463572
12 25.93371 1.927573 -0.5548347 6.75537 2.687836 -3.510095
13 25.84668 1.969537 -0.5471324 7.056495 2.432006 -3.492829
14 25.99815 1.983902 -0.5424807 7.084212 2.68914 -3.460426
15 26.23943 1.926364 -0.5266304 7.906382 2.361291 -3.437887
16 26.78641 1.997617 -0.5077566 7.523772 2.564312 -3.421927
17 25.82925 1.966322 -0.5568396 7.655002 1.856725 -3.513791
18 26.40373 2.021933 -0.5269359 7.927014 3.376243 -3.503151
19 26.46978 1.955575 -0.5102229 7.033055 4.338717 -3.401968
20 26.60964 2.027111 -0.518857 7.317446 2.924894 -3.539176
21 26.81657 2.027895 -0.5020594 7.954982 4.489768 -3.529311
22 26.60789 2.041223 -0.5199233 7.370837 2.49227 -3.504
23 26.35211 2.031388 -0.5225176 7.866065 1.889417 -3.459647
24 26.47115 1.928031 -0.5117179 6.858598 3.788912 -3.408929
25 26.20516 1.964563 -0.5326683 7.655356 3.240307 -3.51407
26 26.09166 1.968663 -0.5447878 7.225995 2.966396 -3.53441
27 26.1071 1.979274 -0.5468556 7.134974 2.712275 -3.52159
28 25.97298 2.089003 -0.5459164 7.025555 3.705079 -3.387753
29 26.52698 1.977995 -0.5150672 7.901502 2.746445 -3.464565
30 26.11967 1.95083 -0.532368 6.631948 3.538432 -3.533616
31 26.20548 1.910917 -0.5340193 6.967814 2.362153 -3.521196
32 25.93045 1.966512 -0.5364689 7.067871 2.995463 -3.53369
33 26.59671 2.06753 -0.5220456 8.028966 2.258135 -3.510266
34 26.08257 2.068726 -0.5526762 7.148461 3.100697 -3.453631
35 26.41168 2.02354 -0.5298071 6.93749 2.748054 -3.529628
36 26.18497 1.885876 -0.5295453 7.518705 3.304385 -3.491256
37 26.64392 1.979375 -0.5063328 7.338682 2.766376 -3.441056
38 26.25368 2.024605 -0.5224152 6.540565 2.981581 -3.530177
39 25.93818 1.813907 -0.5283905 7.692113 2.880608 -3.513595
40 26.97614 2.032674 -0.5044756 7.396639 4.014702 -3.396452
41 25.9191 1.970918 -0.5558664 7.855097 2.5846 -3.523523
42 26.08226 2.010711 -0.5444232 7.277011 2.893137 -3.537096
43 26.04277 2.002106 -0.543365 7.212097 2.943463 -3.602306
44 26.58074 2.052807 -0.511814 6.870202 2.53499 -3.520165
45 26.46212 2.041949 -0.5211837 7.405454 3.507268 -3.679757
46 26.62787 2.059706 -0.5172275 7.38808 2.920842 -3.47933
47 26.82759 1.929748 -0.5107506 7.326609 3.428166 -3.530116
48 26.79502 1.951101 -0.4970694 7.321683 3.022803 -3.482008
49 26.72881 2.056546 -0.5200271 6.941888 3.20551 -3.529433
50 26.7457 2.11455 -0.5147874 7.095983 2.785923 -3.441213
51 26.71933 1.975565 -0.5031057 7.319422 2.64202 -3.530358
52 26.05148 1.907214 -0.5491606 7.834329 2.32218 -3.486589
53 26.89617 1.919026 -0.4990409 7.046819 2.010127 -3.521062
54 26.50766 2.014868 -0.5237829 7.172226 3.431418 -3.517935
55 26.58008 2.014261 -0.5141296 7.101931 2.474242 -3.521255
56 26.59077 2.024238 -0.5182692 7.021753 3.177736 -3.510589
57 26.35599 1.884748 -0.5258268 6.809414 3.228517 -3.589131
58 25.70025 2.025132 -0.5592527 7.224841 3.204779 -3.420539
59 26.26065 1.987696 -0.5353108 7.558517 2.432092 -3.492484
60 26.18905 1.940716 -0.5232465 7.518053 2.16844 -3.571222
61 26.13268 1.995443 -0.5489464 7.046441 3.858548 -3.124641
62 26.2897 1.998211 -0.5378331 7.825803 2.548132 -3.476244
63 26.43318 2.003527 -0.5255765 7.10636 3.302593 -3.515064
64 26.14623 1.983248 -0.5520041 7.209288 2.674575 -3.481382
65 26.62105 2.037136 -0.5128056 7.743562 2.812307 -3.45068
66 26.31235 1.979099 -0.5340754 7.032407 2.797907 -3.514346
67 26.08506 1.937089 -0.5507416 7.429266 3.113515 -3.598599
68 26.18656 1.943942 -0.5369318 6.796486 3.196383 -3.744886
69 26.79711 1.989212 -0.5031599 7.122328 2.484703 -3.332705
70 26.01691 1.948408 -0.5430449 6.781218 2.612363 -3.440144
71 26.38895 1.908791 -0.523867 7.080223 3.673892 -3.51031
72 26.1096 1.893428 -0.5408423 7.117009 3.193259 -3.588599
73 26.25507 1.904278 -0.5258467 7.431634 2.623679 -3.373608
74 25.93405 1.891564 -0.5393827 7.010601 2.814862 -3.516029
75 26.22542 2.0095 -0.5425397 6.874223 2.511699 -3.719828
76 26.64197 1.988415 -0.5099765 7.461895 2.269957 -3.512119
77 25.85319 1.973445 -0.5505295 8.270284 2.532961 -3.518135
78 26.74785 1.978048 -0.5062894 6.873024 2.501411 -3.471132
79 26.33671 1.886143 -0.518433 7.775067 3.137979 -3.424015
80 26.2019 1.992265 -0.5332133 6.755951 2.541428 -3.276849
81 26.01905 1.981919 -0.5387158 7.605581 3.275586 -3.516216
82 26.12824 1.953435 -0.5305938 7.392332 2.461268 -3.509328
83 26.29618 1.939464 -0.5292427 6.917852 2.257824 -3.519691
84 25.89284 1.869721 -0.5448668 7.66083 3.209177 -3.467407
85 26.0096 1.96275 -0.5334955 7.998102 2.372614 -3.369958
86 26.18767 1.902769 -0.5267197 7.445641 3.014449 -3.563101
87 26.24367 1.97158 -0.5287888 7.607902 2.299348 -3.51369
88 26.43686 1.990585 -0.5181814 7.392 2.904093 -3.410773
89 26.11462 1.969086 -0.5410337 7.698332 2.602726 -3.526609
90 26.43445 1.94727 -0.5150107 7.686361 2.919513 -3.538459
91 25.89195 1.89092 -0.5453623 8.191196 2.905473 -3.308875
92 26.33524 1.988413 -0.5273285 7.252999 3.311249 -3.533759
93 26.08292 1.885884 -0.5372955 7.365915 2.689155 -3.52837
94 26.95348 1.999086 -0.4974213 7.031522 3.175563 -3.515587
95 26.64808 2.028844 -0.5219876 6.730546 2.260742 -3.513885
96 26.49648 2.044423 -0.5217562 7.030887 3.168251 -3.473857
97 26.33921 1.969836 -0.5220142 7.285958 3.414032 -3.35165
98 26.51513 1.967376 -0.5190589 7.313422 3.010388 -3.71286
99 26.40465 1.976963 -0.5202524 7.170429 3.060301 -3.491786
100 26.39901 1.946632 -0.5222371 7.526446 3.293246 -3.52943
