1 0.1615888 0.03364125 0.01058553 0.3325256 0.2140289 0.1247821
2 0.1523087 0.03364773 0.01067729 0.3276623 0.2023034 0.1569039
3 0.1410149 0.03258659 0.01049422 0.2708904 0.1883586 0.1724952
4 0.1604182 0.03315933 0.01095826 0.4235665 0.2023477 0.2326049
5 0.1595421 0.032821 0.009611073 0.3066485 0.1891546 0.1606299
6 0.1551429 0.03509751 0.01070771 0.3132594 0.2161526 0.1111744
7 0.167547 0.03543231 0.01092013 0.4210566 0.2222168 0.1211978
8 0.1583273 0.03400137 0.01070928 0.308815 0.2195527 0.1264598
9 0.1636518 0.03443942 0.01012034 0.3773042 0.2003692 0.1386426
10 0.1626721 0.03360779 0.01081016 0.4006261 0.2024122 0.2475557
11 0.1615326 0.03461362 0.01150976 0.3469495 0.2292253 0.1276189
12 0.1458737 0.0321463 0.01046705 0.3066082 0.1870843 0.1441977
13 0.1482828 0.03357288 0.01061043 0.2944663 0.1976621 0.1351822
14 0.1534475 0.03362595 0.01057093 0.3317316 0.2016933 0.1272621
15 0.1604675 0.03408607 0.0109671 0.3088808 0.2227576 0.1492013
16 0.1661094 0.03314362 0.01021454 0.3226157 0.2158576 0.121763
17 0.1433493 0.03492428 0.01112209 0.2603342 0.2115391 0.1474002
18 0.1689014 0.03534002 0.0106868 0.3857022 0.2205643 0.1397317
19 0.1769574 0.03204121 0.01007818 0.4647017 0.2024943 0.1193939
20 0.159829 0.03330774 0.009990432 0.328963 0.198089 0.2000738
21 0.183535 0.03422072 0.01015234 0.4687985 0.2167819 0.17562
22 0.1561327 0.03377965 0.01005809 0.2956663 0.2001702 0.1991043
23 0.1570165 0.03518717 0.0106192 0.2753028 0.2222936 0.1267917
24 0.1702765 0.03113935 0.009974346 0.4230076 0.1968266 0.1198166
25 0.1623324 0.03406759 0.01070058 0.3903792 0.2130505 0.1476722
26 0.1529799 0.03350246 0.0105283 0.3282447 0.1961816 0.1879522
27 0.1505841 0.03358094 0.01049974 0.3128433 0.1965524 0.1575211
28 0.1649585 0.03583962 0.01047599 0.4386262 0.2047257 0.1181705
29 0.1663902 0.03390466 0.01056243 0.332384 0.2217839 0.1276287
30 0.1590554 0.03191421 0.01000505 0.3946814 0.1819359 0.1856665
31 0.1503866 0.03185977 0.0103179 0.2911993 0.1916543 0.157107
32 0.1545972 0.03304397 0.01036953 0.3361697 0.1921465 0.1870072
33 0.1605621 0.03592246 0.01052602 0.3035255 0.2234831 0.1442717
34 0.1558594 0.03538227 0.01051101 0.3702895 0.2034482 0.1258567
35 0.153938 0.03306726 0.009948614 0.31308 0.1891316 0.1757768
36 0.1638536 0.03252694 0.01077343 0.3823212 0.2114216 0.1346499
37 0.1660495 0.03255249 0.0100763 0.3410686 0.2090504 0.1239555
38 0.1544996 0.03208517 0.009629433 0.3546947 0.1800392 0.1773953
39 0.161649 0.03194869 0.01114094 0.3430137 0.2134837 0.1471121
40 0.1798178 0.03337887 0.009963355 0.4342285 0.2125707 0.1186661
41 0.1518018 0.03539777 0.01122319 0.3147459 0.2159775 0.1610296
42 0.1520053 0.03415895 0.01041557 0.321926 0.1959881 0.1974124
43 0.1522741 0.03405319 0.01041792 0.3349752 0.1928727 0.3107951
44 0.1567564 0.03265768 0.009632163 0.3048361 0.1892156 0.1552847
45 0.1643665 0.03401756 0.01006589 0.384414 0.1985894 0.3556248
46 0.163255 0.03406119 0.01003491 0.3431044 0.2045784 0.1472617
47 0.1669925 0.03151318 0.01002069 0.4124664 0.2019754 0.1772148
48 0.1705699 0.03167273 0.009952733 0.3631915 0.2065609 0.1318674
49 0.1596212 0.03290816 0.009669294 0.3577186 0.1881603 0.2177003
50 0.1609763 0.03418514 0.009698692 0.3244354 0.1957066 0.1677562
51 0.1614957 0.03196252 0.009850812 0.3078359 0.1967539 0.2214033
52 0.1496343 0.03391559 0.01115401 0.2963248 0.2138063 0.1894554
53 0.1557916 0.0301868 0.009702547 0.265314 0.193854 0.1568436
54 0.1646631 0.03339735 0.01007974 0.3888873 0.1990862 0.151939
55 0.1569926 0.03266107 0.009885091 0.2964575 0.195571 0.1568924
56 0.1626758 0.03285528 0.009903669 0.3598381 0.1950744 0.1445253
57 0.1559047 0.03054729 0.01002622 0.3526863 0.1827441 0.2879112
58 0.1570337 0.03562033 0.01094109 0.377575 0.2075909 0.1214197
59 0.1550144 0.03420724 0.01064063 0.3071091 0.2116518 0.1350553
60 0.1510245 0.03279422 0.01043789 0.2745828 0.201165 0.263754
61 0.1832739 0.0366089 0.01094188 0.4410207 0.2136127 0.1339816
62 0.1576602 0.0350008 0.01085489 0.3278546 0.2209211 0.1303811
63 0.1614649 0.03296937 0.01007821 0.3624026 0.1959164 0.148722
64 0.1511142 0.03388559 0.01065802 0.3325404 0.2035349 0.1317215
65 0.1684001 0.03467217 0.01037241 0.3429435 0.2208078 0.125617
66 0.1536854 0.03264916 0.01021882 0.3220293 0.1944276 0.1479492
67 0.1530861 0.03351743 0.0106994 0.3451528 0.1979423 0.311887
68 0.1505204 0.03154209 0.009969185 0.3424734 0.1784879 NaN
69 0.164039 0.0321031 0.009883531 0.3054718 0.2049713 0.1208608
70 0.1487797 0.03231161 0.01029944 0.3245172 0.1880583 0.1673185
71 0.1651064 0.03151181 0.01024085 0.3806866 0.1955897 0.144367
72 0.1546188 0.03202991 0.01049268 0.3454816 0.1904301 0.2868636
73 0.1614164 0.03255744 0.01069273 0.334143 0.2148949 0.115495
74 0.1530058 0.03203278 0.01057386 0.3368194 0.1940858 0.1497167
75 0.1464869 0.033315 0.01005242 0.2849394 0.1821083 NaN
76 0.1594082 0.03295108 0.01015282 0.2939627 0.2083352 0.145745
77 0.1561502 0.03639071 0.01144834 0.3352608 0.2288405 0.1524409
78 0.156524 0.03119219 0.00960175 0.2958102 0.187867 0.1818981
79 0.1685773 0.03260122 0.010837 0.3657544 0.2220652 0.1217807
80 0.1545918 0.03271649 0.01019617 0.3226186 0.2000566 0.1081163
81 0.1617331 0.03470705 0.01084213 0.3843167 0.2115296 0.149778
82 0.1554918 0.03336404 0.01057225 0.3042668 0.2048451 0.1436
83 0.1489508 0.03175645 0.01009173 0.2833146 0.1904096 0.1547804
84 0.1599399 0.03322117 0.01122541 0.3813065 0.2144883 0.1598184
85 0.1592791 0.03529261 0.01109566 0.3178851 0.224902 0.1442073
86 0.1602133 0.03268978 0.01052134 0.3370342 0.1998784 0.2472916
87 0.1553441 0.03392163 0.01064875 0.2936952 0.2110379 0.1471954
88 0.1649932 0.03351584 0.01032921 0.360618 0.2105503 0.1540117
89 0.1547588 0.0345207 0.01084567 0.3204242 0.2114184 0.1679882
90 0.1645917 0.03315763 0.01041184 0.3419701 0.2085962 0.1981003
91 0.163901 0.03493016 0.01167409 0.359636 0.237043 0.121821
92 0.1608791 0.03314898 0.01024218 0.3768155 0.1983147 0.1860329
93 0.1545308 0.03251288 0.01075437 0.3281923 0.202044 0.1721922
94 0.1680644 0.03154858 0.009546264 0.36064 0.1940316 0.1493185
95 0.1500698 0.03211775 0.009656754 0.2755194 0.1858869 0.1474772
96 0.1632835 0.0335744 0.009951095 0.3560819 0.1976707 0.1297262
97 0.1688425 0.03325033 0.0103986 0.386059 0.2115757 0.1140964
98 0.1627084 0.03275451 0.01024312 0.350353 0.1947455 2.692276
99 0.1619087 0.03266009 0.01014979 0.3566692 0.2010316 0.1348233
100 0.1644613 0.03301578 0.01039596 0.3745567 0.2054123 0.1760228
