1 0.1444621 0.02900462 0.00930714 0.2701568 0.2503011 0.6086321 0.1316263
2 0.1371528 0.02962563 0.009350463 0.2732534 0.2367619 0.6028654 0.1568976
3 0.1313579 0.02941304 0.009464459 0.241152 0.2228934 0.7672162 0.1724761
4 0.1379124 0.02785079 0.009480862 0.2927542 0.233029 0.5314946 0.1726488
5 0.1431158 0.02887362 0.008626229 0.2366512 0.224704 0.6827186 0.1606325
6 0.1426136 0.02877948 0.009225025 0.2725234 0.2461688 0.5554555 0.1114301
7 0.1497113 0.03109772 0.009651164 0.3353933 0.2602982 0.6066984 0.1271315
8 0.1423235 0.02861588 0.009163551 0.2522037 0.2490704 0.5304115 0.1264572
9 0.144238 0.03020306 0.008841784 0.2962027 0.2283422 0.5579948 0.1386343
10 0.1411326 0.02887134 0.009422851 0.2963863 0.2266599 0.6497123 0.1423701
11 0.1389948 0.02993867 0.009774223 0.2627998 0.254681 0.507048 0.127616
12 0.1363039 0.02931063 0.009661315 0.2638009 0.2285387 1.094416 0.1441861
13 0.1336014 0.03015406 0.009355983 0.2428708 0.2252421 0.6282352 0.1351789
14 0.1358924 0.02966387 0.009380877 0.2525058 0.2343682 0.6612069 0.1272608
15 0.1423939 0.02968045 0.009370593 0.2604255 0.2503661 0.5991376 0.1424273
16 0.1478099 0.02889425 0.008902864 0.2629401 0.2437079 0.532562 0.121775
17 0.1286892 0.03020645 0.009434207 0.2235942 0.2304877 0.5430498 0.1473838
18 0.1449812 0.03033081 0.009089551 0.2893813 0.2482916 0.5212284 0.1715137
19 0.1551701 0.02854863 0.00890118 0.3370871 0.2322122 0.6384782 0.1193944
20 0.1460614 0.0299036 0.008761235 0.290242 0.226276 0.6627161 0.2000658
21 0.1564038 0.02930424 0.008500747 0.3526778 0.2383596 0.4831033 0.1853036
22 0.1411206 0.0305264 0.008895144 0.2632428 0.2385876 0.662677 0.192401
23 0.1397497 0.02956647 0.009099218 0.222961 0.2472438 0.5446724 0.1346325
24 0.1502957 0.0279204 0.008950474 0.3060819 0.2274079 0.6631504 0.119817
25 0.1442514 0.02891494 0.009293319 0.3037674 0.2399628 0.5892723 0.1476739
26 0.1392459 0.02897208 0.009183507 0.2836932 0.2295168 0.6326885 0.1879422
27 0.1366618 0.03029481 0.009314098 0.2643619 0.2318941 0.7381838 0.1575108
28 0.142825 0.03001422 0.009101312 0.3093222 0.232031 0.5492408 0.1181675
29 0.151211 0.02962988 0.009149072 0.2843339 0.25153 0.6020748 0.1276316
30 0.142659 0.02875235 0.009012124 0.3151683 0.2156655 0.6765777 0.1856117
31 0.1306966 0.02717375 0.008985884 0.2286996 0.2227568 0.5765177 0.1571042
32 0.1403739 0.0293832 0.009000567 0.2822973 0.2201343 0.6682627 0.1870019
33 0.1428552 0.02918351 0.008860469 0.2611642 0.2467215 0.484668 0.1551898
34 0.1386302 0.02980848 0.009148207 0.274191 0.2301838 0.546325 0.2868244
35 0.1387521 0.02878328 0.008825982 0.2621981 0.2195129 0.6381703 0.1757525
36 0.1389628 0.0282795 0.009062009 0.2787013 0.2324984 0.4885551 0.1346414
37 0.1440765 0.02955633 0.008730928 0.2715297 0.2344655 0.5377281 0.1239539
38 0.1400931 0.02767084 0.008414212 0.2898396 0.2032456 0.5772799 0.2438556
39 0.1379508 0.02789332 0.009587008 0.2654639 0.2462666 0.5790138 0.1581157
40 0.1488502 0.028219 0.008750759 0.2696267 0.2444996 0.5427116 0.1239864
41 0.1391053 0.0305602 0.009656443 0.2719614 0.2380015 0.6208669 0.161028
42 0.1355698 0.02944753 0.008939601 0.2711773 0.2241515 0.5217433 0.1974257
43 0.1405446 0.03079827 0.009246778 0.2917814 0.2282488 0.6983576 0.3106568
44 0.1404531 0.02888041 0.008649646 0.2402468 0.224936 0.6848413 0.1552888
45 0.1444717 0.02933046 0.008525761 0.3014308 0.2254956 0.4916072 0.2738142
46 0.1508823 0.0297447 0.008657034 0.3074283 0.2350133 0.5915147 0.1443529
47 0.1464327 0.02756955 0.008701508 0.301633 0.2282593 0.6433906 0.1771969
48 0.1509234 0.02889324 0.008924324 0.2671219 0.244279 0.6709078 0.131866
49 0.1428506 0.02921329 0.008398035 0.2990999 0.2216314 0.571692 0.2137304
50 0.1478539 0.02936102 0.008647717 0.277033 0.2263793 0.6710971 0.156778
51 0.1456447 0.02804321 0.008721387 0.2661013 0.2321662 0.6166242 0.2173211
52 0.1347849 0.02993202 0.009767069 0.2477788 0.2473804 0.6119933 0.1809006
53 0.1381977 0.02660012 0.008545705 0.2149044 0.229167 0.6266395 0.156841
54 0.1478036 0.02993184 0.00902394 0.3053588 0.2324236 0.6509307 0.1519446
55 0.1413981 0.02871703 0.008625994 0.2466478 0.2273876 0.6649653 0.1568939
56 0.1458809 0.02919534 0.008856417 0.2951481 0.2319108 0.6436133 0.1445259
57 0.140564 0.02757632 0.00900331 0.2880331 0.2207235 0.7370233 0.2878363
58 0.1433036 0.03216551 0.009829057 0.297638 0.2455451 0.6987502 0.1274073
59 0.1432272 0.03094658 0.009687957 0.2627204 0.2530063 0.8674517 0.1350609
60 0.1349774 0.02851134 0.008913233 0.2235474 0.2326541 0.5316673 0.3444656
61 0.1509656 0.03132968 0.009700321 0.3412213 0.2497137 0.6899506 0.0977239
62 0.1433281 0.03155662 0.009491897 0.2748643 0.2527386 0.6201097 0.1303825
63 0.14313 0.02921785 0.008938934 0.2774493 0.2288825 0.6417441 0.1487319
64 0.1352146 0.02943184 0.009227578 0.2622272 0.2311531 0.5550186 0.1317116
65 0.1479295 0.02955231 0.00870416 0.2933539 0.2359353 0.4823408 0.1256172
66 0.135778 0.02873016 0.008859457 0.2531712 0.2300447 0.5931402 0.1479513
67 0.1381051 0.02924747 0.009385193 0.2805079 0.2349141 0.5928252 0.3118211
68 0.1373694 0.02790766 0.008713769 0.2979029 0.2123571 0.6091957 NaN
69 0.1469618 0.02913922 0.008950888 0.2414067 0.2442846 0.7872044 0.1187339
70 0.1316772 0.02792358 0.00893632 0.2536778 0.2156871 0.5806236 0.1673149
71 0.140365 0.02844694 0.009011788 0.2725197 0.2297435 0.6230687 0.1443548
72 0.1370298 0.02809782 0.009204458 0.2859196 0.2287483 0.6362145 0.286743
73 0.1386972 0.02866344 0.009258749 0.2495015 0.2361648 0.5578249 0.1155001
74 0.1353963 0.02790334 0.00934273 0.2610683 0.2227313 0.6153996 0.1496949
75 0.1339452 0.0286924 0.008935734 0.2500631 0.2125646 0.6897784 0.3710203
76 0.1410234 0.02870183 0.008678551 0.2381482 0.2337268 0.5426356 0.1457468
77 0.1410919 0.03141751 0.009891621 0.2654486 0.2571815 0.5711029 0.1638333
78 0.1413078 0.02743296 0.008342517 0.2522162 0.2115298 0.5990686 0.1719822
79 0.1505781 0.02963116 0.009196749 0.3157256 0.2516369 0.5639758 0.1803258
80 0.139213 0.02975737 0.009191979 0.2585783 0.2276626 0.6886869 0.1086076
81 0.1351517 0.03001079 0.009338278 0.2491328 0.2466311 0.5688482 0.1497754
82 0.1446174 0.02998375 0.009509915 0.2704016 0.240026 0.8102981 0.1631732
83 0.1308711 0.02690806 0.008775385 0.2230361 0.211011 0.6155848 0.166305
84 0.1388683 0.02816817 0.009407602 0.2891034 0.238487 0.4657712 0.1418411
85 0.1404993 0.02990615 0.009554777 0.2610899 0.248164 0.5289002 0.1345206
86 0.1376324 0.02714162 0.009100676 0.2614963 0.2297833 0.5403982 0.2484071
87 0.1305892 0.02784841 0.008827471 0.2190726 0.242929 0.4321579 0.1471949
88 0.1454116 0.02899562 0.008786446 0.2827423 0.2302287 0.5346381 0.1352214
89 0.1380011 0.02926177 0.009437166 0.2575267 0.2371776 0.553301 0.1679583
90 0.1502485 0.02965375 0.009275876 0.2998907 0.2455129 0.6013611 0.1980789
91 0.1432806 0.02981147 0.009812953 0.2809835 0.2588512 0.4944456 0.1141022
92 0.1385541 0.02899831 0.008962403 0.2631934 0.2301196 0.5533426 0.1860323
93 0.1419232 0.02965901 0.009841651 0.2735819 0.2428275 0.9006555 0.1721424
94 0.1465838 0.02792973 0.008418495 0.2715004 0.227505 0.6320544 0.1493162
95 0.1381401 0.02849157 0.008813573 0.2378811 0.2229444 0.8181829 0.1587981
96 0.1457593 0.02884217 0.008950899 0.2827834 0.2326059 0.6899817 0.1297224
97 0.1469879 0.02987335 0.009196781 0.2972732 0.2475333 0.5882207 0.1186616
98 0.1382412 0.02846907 0.008920237 0.2589464 0.2276708 0.6139493 NaN
99 0.1452954 0.02834154 0.008818205 0.3045185 0.2330734 0.5841417 0.1348147
100 0.1403853 0.02730141 0.00875964 0.2750145 0.227983 0.4722942 0.1759949
