1 26.83973 1.94906 -0.4980657 7.726489 2.681148 -6.046568 -0.8392607 -0.3961982 0.4204044
2 26.96005 2.019797 -0.5104837 7.617525 2.833902 -6.219446 -0.9590961 -0.3755574 0.4074306
3 26.63906 1.959091 -0.5115275 7.099686 2.172152 -5.990131 -0.715953 -0.3818768 0.3994701
4 26.69576 1.941513 -0.5024135 7.578707 3.667083 -6.111354 -0.7584028 -0.3452758 0.380727
5 26.63507 2.004368 -0.5101372 7.11449 2.634936 -6.714561 -0.8246265 -0.3996845 0.4454825
6 26.88746 2.025164 -0.5172267 7.58439 2.468234 -5.702346 -1.015531 -0.3683725 0.3921672
7 26.85148 2.002291 -0.517034 8.066592 3.644764 -6.354983 -0.5870834 -0.3808738 0.4161843
8 26.88545 1.967941 -0.5075677 7.812626 2.398091 -5.480181 -0.8982498 -0.366322 0.3727355
9 26.80759 2.039699 -0.5110851 7.385298 3.211432 -5.683042 -1.009195 -0.3275346 0.3580965
10 27.04908 2.008789 -0.5009414 7.545299 3.594936 -6.121736 -0.6850393 -0.3515275 0.3874999
11 26.7736 1.943666 -0.4882814 8.421867 2.790707 -6.501583 -1.131201 -0.370123 0.4258675
12 26.84213 1.992705 -0.5097653 6.914989 2.68004 -5.482812 -0.4776469 -0.2957982 0.3195396
13 26.78744 2.017846 -0.5023654 7.209221 2.469673 -5.98505 -1.079325 -0.3733489 0.4039386
14 26.47656 1.949231 -0.5144855 7.313872 2.68548 -5.929712 -0.7719778 -0.3684847 0.3967267
15 26.81515 1.925309 -0.4945266 8.115517 2.412694 -5.586389 -0.6570131 -0.3499796 0.3593201
16 26.8673 1.956219 -0.509945 7.782 2.509192 -5.844281 -0.9759815 -0.3853186 0.4042573
17 26.72172 2.004993 -0.5146388 7.900889 1.836534 -6.369178 -0.6957126 -0.3564701 0.4004999
18 26.89179 2.008358 -0.5092448 8.245584 3.370062 -6.429807 -1.041487 -0.372964 0.4204467
19 26.76046 1.928474 -0.4962001 7.423726 4.229122 -6.348935 -0.7255016 -0.4094851 0.4443282
20 26.60143 1.971731 -0.5225331 7.532189 2.808835 -5.578757 -1.124402 -0.3157513 0.3412512
21 27.02208 2.034036 -0.5059038 8.249846 4.35925 -6.259113 -0.8819803 -0.3178685 0.3668752
22 26.74898 1.986141 -0.5148017 7.530446 2.441634 -5.25545 -0.6221507 -0.3157842 0.3128312
23 26.88163 2.023094 -0.5003394 8.061592 1.899996 -5.915411 -1.285681 -0.3174501 0.3690423
24 27.00974 1.954551 -0.4908209 7.226728 3.770376 -6.942276 -0.5913439 -0.3983949 0.4591101
25 26.81195 1.960634 -0.5015641 7.939096 3.13488 -6.239729 -0.3736537 -0.3582715 0.388909
26 27.01299 2.045995 -0.5075908 7.420735 3.049441 -5.980626 -0.8110645 -0.3502251 0.3779059
27 26.84751 2.015981 -0.5136351 7.322389 2.720073 -5.826679 -0.8958142 -0.3545821 0.3779481
28 26.45063 2.029415 -0.5223965 7.323732 3.576603 -5.756037 -0.6829782 -0.3884378 0.4013693
29 26.69524 1.927254 -0.5032806 8.148833 2.747451 -5.663766 -0.7000074 -0.2685412 0.3151765
30 27.06762 2.014436 -0.493014 6.958807 3.539387 -6.904836 -0.6679587 -0.4367143 0.4700164
31 27.23483 1.994068 -0.4901468 7.258048 2.427469 -6.683278 -0.8527892 -0.3707507 0.4265765
32 26.50412 1.986121 -0.5084535 7.279846 3.036067 -6.992113 -1.133376 -0.3856345 0.4508
33 26.87301 2.039832 -0.5166205 8.179635 2.219882 -5.663975 -0.5231882 -0.3299461 0.3431838
34 26.67389 2.04047 -0.527146 7.43251 3.158031 -6.481078 -0.3202769 -0.3638885 0.4083061
35 26.86801 2.002603 -0.5102916 7.155351 2.735807 -6.086288 -0.4532674 -0.3613582 0.3839862
36 26.82969 1.900233 -0.4932706 7.818585 3.237854 -5.991545 -0.5648157 -0.3604797 0.385858
37 26.89302 1.952989 -0.4964346 7.583996 2.73313 -6.078708 -0.8743119 -0.3475731 0.3915523
38 26.51663 1.971625 -0.5074122 6.756713 2.834956 -6.415579 -0.5722138 -0.3748486 0.4123035
39 27.03838 1.916507 -0.4759711 8.030676 2.951611 -6.912076 -0.7467495 -0.4292874 0.4681597
40 27.41425 2.047258 -0.4989032 7.733433 3.970175 -5.811692 -1.200254 -0.3580978 0.391635
41 26.78986 2.004379 -0.5154988 8.130949 2.567683 -6.232025 -0.6286056 -0.3781392 0.4017133
42 26.78097 2.034478 -0.5131538 7.484067 2.91023 -6.188393 -0.7688931 -0.3117908 0.3603204
43 26.71013 1.990513 -0.5096511 7.471252 2.911283 -7.264228 -1.372046 -0.4860769 0.5150643
44 26.71603 2.012383 -0.511692 7.133752 2.40715 -6.594193 -0.3461407 -0.3635824 0.4069368
45 26.53328 1.994475 -0.5214907 7.686129 3.26984 -6.478534 -0.7128606 -0.3738709 0.40614
46 26.70659 2.008911 -0.5225871 7.667998 2.885063 -6.886986 -0.7964693 -0.3838588 0.442513
47 27.20764 1.955647 -0.496928 7.567792 3.417519 -5.94643 -0.7251441 -0.3285932 0.3603702
48 26.97337 1.940431 -0.4945097 7.662548 2.876202 -6.924121 -0.7924857 -0.422156 0.470167
49 27.01945 2.04629 -0.5174397 7.159921 3.161366 -6.388029 -0.4166008 -0.3709304 0.3981
50 26.95921 2.090415 -0.5172306 7.319937 2.756972 -6.043586 -0.5065064 -0.3465064 0.3742198
51 26.91895 1.980129 -0.4975464 7.531152 2.681857 -6.018848 -0.7947595 -0.3080316 0.3496606
52 26.99322 1.964662 -0.5027392 8.013816 2.371399 -6.124031 -0.6397039 -0.3536474 0.3821734
53 27.02083 1.912166 -0.4931101 7.240262 2.032721 -6.233728 -0.5731428 -0.3458168 0.3852514
54 27.22223 2.063181 -0.5013568 7.431985 3.253979 -6.180267 -0.7654148 -0.3825636 0.4082798
55 26.72894 1.964573 -0.5075129 7.345658 2.357954 -5.982635 -0.9079832 -0.3627708 0.3912174
56 26.90592 1.98412 -0.5046424 7.246194 3.332511 -6.258209 -0.5520222 -0.3601877 0.3960377
57 27.05004 1.951681 -0.4921669 6.940511 3.29179 -5.290304 -0.6746039 -0.3162575 0.3157677
58 26.59322 2.05049 -0.517965 7.477542 3.036611 -5.847605 -0.8150757 -0.3611315 0.3864167
59 26.84755 2.006904 -0.5101282 7.794268 2.394696 -5.721501 -1.031807 -0.323985 0.356258
60 26.48069 1.904789 -0.5016091 7.785628 2.114768 -6.760987 -1.072986 -0.41354 0.4500551
61 26.69076 1.98691 -0.5231322 7.360516 3.825126 -5.906168 -1.022124 -0.3714106 0.4089931
62 26.66464 1.952182 -0.5168946 8.090911 2.501172 -5.770332 -0.9678944 -0.3368611 0.3693683
63 26.75091 1.956784 -0.5082271 7.39483 3.180031 -6.629233 -1.040913 -0.3814871 0.4358438
64 26.84294 2.011955 -0.5230025 7.409891 2.635321 -6.097132 -0.7605831 -0.3569593 0.3932827
65 26.75269 1.975568 -0.5086717 7.975072 2.885294 -5.671471 -0.7087439 -0.3572513 0.3730052
66 26.66294 1.94418 -0.5122769 7.115362 2.850309 -5.503237 -0.9111196 -0.2956078 0.3273889
67 27.04097 2.035628 -0.512131 7.586369 3.111931 -6.146842 -1.038473 -0.3088753 0.3553445
68 26.76985 1.965791 -0.50646 6.960782 3.123523 -6.448502 -0.7079108 -0.3506749 0.3894864
69 27.20804 2.00225 -0.4917349 7.278142 2.503288 -5.153862 -1.093486 -0.3114544 0.3321754
70 26.87204 1.993966 -0.502804 7.020761 2.628095 -6.414388 -0.4487193 -0.3861017 0.4182149
71 27.01049 1.937448 -0.4955423 7.397218 3.895595 -6.937264 -0.5218806 -0.4029145 0.4528824
72 27.04421 1.978297 -0.497936 7.253178 3.169693 -5.354454 -0.5258815 -0.312745 0.3139698
73 27.04353 1.957766 -0.4886648 7.676845 2.628126 -6.228578 -0.1814561 -0.3275987 0.373209
74 27.0519 1.991303 -0.4888704 7.232515 2.817133 -6.498013 -0.5208997 -0.3872165 0.4257696
75 27.01684 2.059417 -0.5092343 6.957428 2.514033 -5.777007 -0.537129 -0.3093824 0.33059
76 26.68454 1.928265 -0.5081708 7.656723 2.145465 -5.666001 -0.6905335 -0.3622595 0.3733316
77 26.85624 2.019798 -0.5047155 8.626329 2.490075 -6.849637 -1.02855 -0.3672499 0.4298145
78 26.95062 1.975872 -0.4999153 6.997063 2.509396 -5.288868 -0.6423557 -0.2937405 0.3076181
79 26.73852 1.884479 -0.4961477 8.105485 3.056032 -6.366864 -0.2901602 -0.3647724 0.4041201
80 26.89182 2.013514 -0.5088763 7.085836 2.42901 -7.376842 -0.9705775 -0.4722718 0.5319461
81 26.7324 1.988809 -0.5052266 7.900747 3.332057 -5.726478 -0.6958664 -0.3646115 0.3749855
82 26.83313 1.979147 -0.4981884 7.730486 2.360679 -6.928075 -1.201085 -0.4169884 0.4726722
83 26.95788 1.984921 -0.5009433 7.185325 2.254573 -6.815208 -0.5863964 -0.3605773 0.4232755
84 26.63869 1.903001 -0.5016194 7.918416 3.459758 -5.77195 -0.9076011 -0.3391448 0.3681287
85 26.70377 1.966232 -0.4982657 8.304769 2.377824 -6.399701 -0.8744161 -0.3935121 0.4277753
86 27.21453 1.985301 -0.4815087 7.662774 2.97761 -5.883901 -1.187665 -0.3524234 0.3760109
87 26.92145 2.011679 -0.5011238 7.820476 2.302545 -5.890653 -0.4542558 -0.3649926 0.3778801
88 26.78939 1.975835 -0.5048 7.622759 2.771791 -6.255485 -0.677292 -0.3730052 0.4088812
89 26.87275 1.986912 -0.5043539 7.931714 2.720703 -6.579565 -0.3865112 -0.38877 0.420988
90 26.8555 1.966274 -0.4963736 7.976495 2.910201 -5.860561 -0.3187055 -0.3241075 0.3425885
91 26.87117 1.928791 -0.4953331 8.583377 2.89066 -7.14687 -0.8911579 -0.4258955 0.4862302
92 26.77988 1.977686 -0.5059017 7.45977 3.315438 -6.132622 -0.7700535 -0.3474924 0.382054
93 27.19264 2.003873 -0.490605 7.616947 2.750516 -5.829476 -0.8055106 -0.3578601 0.3764115
94 27.22634 2.021448 -0.4977079 7.338954 3.136179 -6.814929 -0.4403515 -0.396956 0.441397
95 26.94117 2.017973 -0.5137726 6.935828 2.210102 -6.25046 -0.6644674 -0.3581724 0.3976196
96 27.01103 2.038562 -0.5035113 7.280136 3.106761 -6.118078 -0.9292371 -0.3622233 0.4022775
97 26.94682 1.99444 -0.4977316 7.603301 3.389895 -5.972076 -0.8347478 -0.3549784 0.3919882
98 27.05807 1.98022 -0.4949323 7.537285 2.926452 -6.272162 -0.8370601 -0.4156732 0.4157896
99 26.5479 1.938513 -0.5126712 7.411647 2.889377 -6.05798 -0.6026472 -0.3487266 0.3822339
100 27.05822 1.997378 -0.4958173 7.766495 3.179976 -5.611831 -0.9998966 -0.2917973 0.3263691
