1 26.94119 1.912321 -0.4928282 5.482895 2.071413 5.66063 -5.561611 -0.8805182 -0.3698653 0.3807577
2 27.00253 1.995647 -0.5056672 5.345901 2.249474 5.828859 -5.785464 -1.014554 -0.3489842 0.3720547
3 26.64286 1.943401 -0.5101207 5.206131 1.933031 6.854433 -5.690153 -0.7174538 -0.3649496 0.3736986
4 26.82045 1.925541 -0.5005556 5.044047 2.494131 5.244515 -5.704426 -0.7988644 -0.3188638 0.343991
5 26.70301 1.959157 -0.5054584 5.125894 1.960746 6.433711 -6.034741 -0.828421 -0.3525058 0.3852431
6 26.95414 1.97635 -0.5088959 5.076319 2.193439 5.491188 -5.159786 -0.9849523 -0.3322296 0.344245
7 26.89591 1.999858 -0.5172296 5.788689 2.875143 5.893733 -6.011812 -0.6249143 -0.3635495 0.389165
8 26.95917 1.919425 -0.5012927 5.189031 2.015975 5.410154 -4.935388 -0.9360628 -0.3355558 0.328399
9 26.76452 2.044002 -0.5113396 5.113286 2.56816 5.563524 -5.310225 -1.041679 -0.2961716 0.3196573
10 27.08928 1.972226 -0.4951057 5.206399 2.585294 5.968824 -5.756473 -0.697969 -0.3277288 0.3550483
11 26.88625 1.971155 -0.4898913 5.593872 2.028271 5.097014 -5.958697 -1.169678 -0.3381215 0.3806656
12 26.92847 1.996846 -0.5089833 5.408711 2.215581 8.774616 -5.152808 -0.4590638 -0.2703517 0.2876771
13 26.73985 2.01274 -0.5043609 5.252692 1.990705 6.486846 -5.69164 -1.145438 -0.355203 0.3790994
14 26.59914 1.951731 -0.5138271 5.324349 1.97083 6.284036 -5.806637 -0.8279772 -0.3653575 0.3890401
15 26.88312 1.960946 -0.4962992 5.672173 2.136624 6.18089 -5.117717 -0.6785986 -0.3189838 0.3176675
16 26.88749 1.932738 -0.5049454 5.298814 2.040158 5.305609 -5.555065 -0.9991646 -0.3708753 0.3805419
17 26.70716 2.0645 -0.5203261 5.093622 1.706745 5.512989 -5.688845 -0.7216616 -0.3118789 0.340111
18 26.84097 2.006487 -0.5072058 5.434779 2.305961 5.359409 -5.648752 -1.021676 -0.3222611 0.35223
19 26.76458 1.939808 -0.4946213 5.134817 2.874027 6.145452 -5.553125 -0.7024759 -0.3652862 0.3780101
20 26.57626 1.984809 -0.52147 5.219946 2.363438 6.24887 -5.132786 -1.147803 -0.2865126 0.301426
21 26.99617 2.062312 -0.507184 5.269398 3.184666 5.174561 -5.596769 -0.9087488 -0.2791456 0.3139028
22 26.73566 2.002261 -0.5170042 5.25573 2.109969 6.183046 -4.898646 -0.6510063 -0.2957842 0.284005
23 26.90861 2.004678 -0.4978504 5.424063 1.694083 5.452202 -5.499192 -1.293816 -0.2875084 0.3305601
24 27.13337 1.946464 -0.4891224 5.420804 2.62532 6.282809 -6.687989 -0.5888472 -0.3797872 0.4350923
25 26.90202 1.923248 -0.4966187 5.600335 2.624611 5.990261 -6.142922 -0.3973345 -0.3549682 0.3803468
26 27.05626 2.022906 -0.5058682 5.101122 2.443001 5.909145 -5.489159 -0.8375401 -0.3227536 0.3368093
27 26.78314 1.999893 -0.5116674 5.319304 2.115655 6.700536 -5.427674 -0.9353764 -0.3324132 0.3439215
28 26.54247 1.959688 -0.515563 5.217425 2.517705 5.579773 -5.492246 -0.7278661 -0.3732216 0.3783419
29 26.81421 1.950775 -0.5016926 5.659241 2.236825 5.964751 -5.232575 -0.6456886 -0.2377456 0.2752393
30 27.14265 2.003983 -0.4933428 5.227734 2.838612 6.539706 -6.32959 -0.6396476 -0.3907775 0.4173433
31 27.23765 2.03817 -0.4959646 5.03756 2.001679 5.772661 -6.199709 -0.8558068 -0.3408301 0.3837341
32 26.56654 1.993543 -0.5069561 5.096058 2.392995 6.502509 -5.852747 -1.14463 -0.3144862 0.3565473
33 26.90311 1.947598 -0.5076401 5.296158 1.948538 4.966082 -5.027014 -0.5174543 -0.2867941 0.2879611
34 26.76255 1.987655 -0.5202527 5.152761 2.242536 5.473461 -6.089136 -0.3143485 -0.3354074 0.3713925
35 26.85443 1.974105 -0.5076292 5.034106 2.152283 6.281198 -5.723248 -0.4720229 -0.339605 0.352198
36 26.84434 1.929078 -0.4939334 5.212199 2.305507 5.223009 -5.521879 -0.6016858 -0.3311472 0.3445287
37 26.91555 2.017445 -0.5036913 5.139166 2.12724 5.335005 -5.737308 -0.874736 -0.3267346 0.3622913
38 26.53525 1.910039 -0.502237 4.86321 2.417324 5.921594 -6.36362 -0.5926767 -0.370604 0.4059732
39 27.09367 1.941984 -0.479819 5.534062 2.319817 5.80022 -5.988176 -0.7419935 -0.3676381 0.3896554
40 27.38208 2.020866 -0.4970649 5.17336 2.114746 5.321247 -5.359986 -1.236415 -0.3337988 0.3548157
41 26.7497 2.019857 -0.5157533 5.28161 2.226364 5.982714 -5.477881 -0.6887221 -0.3347435 0.3408665
42 26.79742 2.010733 -0.5109624 5.099362 2.29628 5.495285 -5.800572 -0.7823798 -0.2853163 0.3260643
43 26.74784 2.033068 -0.5119994 5.402526 2.586122 6.501751 -6.039968 -1.165389 -0.3941164 0.406946
44 26.73989 1.986225 -0.5070851 5.317143 1.740331 6.488793 -6.325279 -0.391868 -0.3492191 0.384081
45 26.49353 2.002245 -0.5218846 4.972454 2.578382 5.176908 -5.753685 -0.7636413 -0.3279591 0.3462421
46 26.68168 2.019775 -0.5188302 5.298469 2.710352 6.068544 -5.995318 -0.7384107 -0.3257328 0.3654936
47 27.2561 1.952537 -0.4968169 5.295918 2.616833 6.225618 -5.665578 -0.7595754 -0.3139736 0.3378329
48 27.08165 1.970736 -0.4954653 5.574322 2.05317 6.234742 -6.225881 -0.7866452 -0.3802198 0.4132245
49 26.95985 2.046428 -0.5184411 5.081392 2.52388 5.631144 -5.977318 -0.4367557 -0.343182 0.3620391
50 26.99352 2.027009 -0.5096427 5.157021 2.221951 6.453335 -5.411284 -0.4921094 -0.3037131 0.3176967
51 26.88117 1.936125 -0.4952327 5.341397 2.314089 6.184681 -5.768618 -0.8516832 -0.2949899 0.3299176
52 26.92401 1.976831 -0.5043146 5.612927 1.984717 6.082493 -5.788922 -0.669773 -0.332947 0.3518211
53 27.0481 1.890046 -0.4917734 5.196618 1.613682 5.932484 -5.957991 -0.6166543 -0.3262708 0.3595083
54 27.22948 2.089247 -0.5028965 5.447355 2.474499 6.398183 -5.764295 -0.7680165 -0.3532464 0.369451
55 26.77504 1.958161 -0.5052867 5.132298 1.948343 6.441159 -5.504313 -0.9536367 -0.3352286 0.3508491
56 26.98296 1.998582 -0.505398 5.486406 2.503662 6.370427 -6.166385 -0.6256593 -0.3573578 0.390441
57 27.11034 1.955121 -0.492706 5.183517 2.572846 6.89771 -5.101938 -0.6898995 -0.3037145 0.298043
58 26.6094 2.03465 -0.5166915 5.513546 2.318659 6.316917 -5.448935 -0.8224732 -0.3364309 0.3527571
59 26.83815 1.961544 -0.5041906 5.865731 2.021322 7.565167 -5.302726 -1.062622 -0.2975347 0.3212832
60 26.53714 1.926896 -0.4998695 5.25792 1.733716 5.400759 -5.81388 -1.01831 -0.3447235 0.3660832
61 26.63609 1.986713 -0.5220452 5.529181 2.746694 6.679447 -5.430786 -1.053508 -0.3424131 0.370654
62 26.66531 2.00841 -0.5198742 5.601294 2.211034 6.032401 -5.370397 -1.020737 -0.316482 0.3382146
63 26.73312 1.999209 -0.5104742 5.184056 2.257258 6.247059 -5.774494 -1.079922 -0.3273181 0.3629105
64 26.92178 1.987715 -0.5196428 4.97912 2.210104 5.639853 -5.524258 -0.7807039 -0.3223546 0.3455024
65 26.79834 1.986488 -0.5090677 5.100687 2.420352 5.041934 -5.278254 -0.7437709 -0.3322695 0.338863
66 26.7133 1.974276 -0.5120388 5.012665 2.146578 5.817755 -5.178775 -0.8860065 -0.2727012 0.2977781
67 26.94431 2.015761 -0.5084602 5.303073 2.492734 6.070468 -5.64474 -1.082303 -0.2823685 0.3168465
68 26.77092 1.993571 -0.509845 4.897913 2.681645 5.943944 -5.968726 -0.7303018 -0.3193132 0.3469298
69 27.1986 1.997887 -0.4937224 5.300676 1.733993 6.713771 -4.508667 -1.029923 -0.2581354 0.2680245
70 26.93543 1.980368 -0.5014728 4.922821 2.210277 5.872202 -6.126155 -0.4646878 -0.3711073 0.39332
71 26.95305 1.99389 -0.5011827 5.330502 2.42099 6.040013 -6.314533 -0.5340054 -0.3629689 0.4010177
72 26.9922 1.956491 -0.4937893 5.079984 2.555212 6.041258 -4.936926 -0.5423813 -0.2847981 0.2774646
73 27.05395 1.970688 -0.4917818 5.233414 2.012176 5.777379 -5.420568 -0.2057197 -0.268317 0.3008275
74 27.09361 1.999103 -0.4905509 5.163583 2.021413 6.166593 -6.136348 -0.5272309 -0.364059 0.3924441
75 26.96401 2.03987 -0.5084597 4.974683 2.218285 6.751506 -5.520521 -0.5500113 -0.2985513 0.3121057
76 26.66162 1.970962 -0.5112039 5.045181 1.803217 5.591334 -5.110071 -0.6666898 -0.3314678 0.3248321
77 26.90158 2.028241 -0.5054555 5.97211 1.973452 5.74015 -6.187518 -1.074767 -0.3320201 0.3790902
78 26.94438 2.012615 -0.5028996 4.798892 2.200182 5.915344 -4.984885 -0.6323304 -0.2674046 0.2763349
79 26.72961 1.954769 -0.4997992 5.351792 2.626153 5.547099 -5.513438 -0.2922818 -0.3112819 0.3311282
80 26.89655 1.978057 -0.5047103 5.317644 1.981564 6.294349 -6.467585 -0.9196362 -0.4142189 0.4574619
81 26.81785 1.97612 -0.5041296 5.246884 1.966983 5.451551 -5.274622 -0.7823229 -0.3426076 0.3391285
82 26.87618 1.957219 -0.4959482 5.588645 2.178484 7.008305 -5.744722 -1.152761 -0.3361776 0.369622
83 27.03507 1.958251 -0.4989162 5.02055 1.8216 6.15365 -6.248472 -0.5905868 -0.3237725 0.3730129
84 26.69907 1.90105 -0.4955783 5.218146 2.555782 4.961301 -5.339546 -0.931471 -0.3084111 0.327177
85 26.68196 1.970959 -0.5007043 5.591518 2.152604 5.471908 -5.774255 -0.9473601 -0.3561264 0.378099
86 27.23795 1.973072 -0.4811008 5.169395 2.300691 5.422561 -5.397707 -1.218856 -0.3204272 0.3348328
87 26.90976 1.94836 -0.4955618 4.895325 1.690005 4.552643 -5.366484 -0.4789324 -0.3340785 0.3321376
88 26.8246 1.99334 -0.504643 5.236119 2.323863 5.583376 -5.968521 -0.7176355 -0.3570332 0.3849765
89 26.96239 1.96298 -0.5001225 5.365253 2.122888 5.664908 -6.051101 -0.4018197 -0.35713 0.3766312
90 26.86901 1.98489 -0.4973312 5.424921 2.513688 5.817594 -5.558753 -0.32764 -0.3063539 0.3177346
91 26.8583 1.981606 -0.497928 5.599168 2.2618 5.133908 -5.940703 -0.9439965 -0.3578872 0.3916473
92 26.82205 1.995816 -0.50784 5.212772 2.292754 5.760721 -5.726208 -0.8306755 -0.3251492 0.3479179
93 27.1908 2.02497 -0.4936303 5.686497 2.408999 7.562764 -5.432918 -0.8544938 -0.3355835 0.3441739
94 27.20873 2.022308 -0.4998115 5.289354 2.315316 6.413142 -6.212884 -0.4578518 -0.3568285 0.38925
95 26.95418 1.951795 -0.5065922 5.27562 1.981532 7.384128 -6.038903 -0.6832466 -0.3423898 0.3772552
96 26.99457 1.978172 -0.4995598 5.408359 2.307186 6.681699 -5.8448 -0.9791805 -0.3486461 0.3815467
97 26.93743 2.011517 -0.5006535 5.26874 2.523166 5.720058 -5.228487 -0.7905067 -0.29859 0.3228939
98 27.00975 1.991429 -0.4972267 5.339644 2.057236 6.004754 -5.541219 -0.7997297 -0.3502652 0.3456453
99 26.6363 1.941761 -0.5116204 5.196137 2.468362 5.898886 -5.66386 -0.5950911 -0.3221714 0.346559
100 27.03656 1.963662 -0.4928434 4.851881 2.260962 4.862124 -4.973209 -0.9511384 -0.2462417 0.2676213
