1 0.1713206 0.03241603 0.01027434 0.3363894 0.2290692 NaN 0.224174 NaN NaN
2 0.1652925 0.03324497 0.01005196 0.3367299 0.2153764 NaN 0.2254765 NaN NaN
3 0.1529936 0.03147853 0.009896204 0.2753233 0.1994242 NaN 0.2197323 NaN NaN
4 0.1734966 0.03202314 0.01013608 0.418961 0.2135096 NaN NaN NaN NaN
5 0.1601155 0.03227574 0.009874744 0.3125474 0.2020475 NaN 0.2174365 NaN NaN
6 0.1641391 0.03372064 0.01026192 0.3044585 0.1722205 NaN NaN NaN NaN
7 0.1765427 0.03443577 0.01061108 0.4202203 0.239746 NaN 0.2125759 NaN NaN
8 0.1657816 0.03307339 0.01038767 0.3150302 0.2264895 NaN 0.1859258 NaN NaN
9 0.1679986 0.03343016 0.009940215 0.3662621 0.2087318 0.5623886 0.2420832 0.04218525 0.04865281
10 0.1751259 0.03265419 0.009883922 0.4013369 0.2141263 1.185961 0.2623932 0.09263694 0.1068845
11 0.1806958 0.03341138 0.01059558 0.3528659 0.2460325 NaN 0.1971786 NaN NaN
12 0.1590749 0.03144705 0.009648331 0.3139766 0.1946712 0.5570134 0.2159003 0.04264996 0.04938928
13 0.1631319 0.03247268 0.009793017 0.3005295 0.2045437 NaN 0.1928386 NaN NaN
14 0.1620047 0.03221923 0.0102998 0.3324722 0.2133119 NaN 0.1980779 NaN NaN
15 0.1715392 0.03266519 0.01049308 0.3150112 0.2322008 NaN 0.1564957 NaN NaN
16 0.1664888 0.03281395 0.01046028 0.3161779 0.2287113 NaN 0.2224478 NaN NaN
17 0.1562463 0.03378841 0.01032382 0.2554337 0.2157363 NaN NaN NaN NaN
18 0.1763105 0.03453397 0.01050991 0.3890664 0.2375671 NaN 0.1868814 NaN NaN
19 0.1833391 0.03160722 0.01011889 0.4566378 0.2261422 NaN 0.2151655 NaN NaN
20 0.1587228 0.03282376 0.01026329 0.3221796 0.2072498 0.7281862 0.3054789 0.06135705 0.06801099
21 0.1836515 0.0346508 0.01028905 0.4567802 0.2285464 0.9021957 0.2697006 0.05682584 0.07103036
22 0.1579641 0.03285461 0.01014008 0.2937285 0.2070214 0.8341807 0.2541307 0.07776887 0.07991759
23 0.1665858 0.03416476 0.01031521 0.2771883 0.2317563 0.7532469 0.2800601 0.05065211 0.06338621
24 0.1799514 0.0311093 0.009775858 0.4238575 0.2155696 NaN 0.2186429 NaN NaN
25 0.1724422 0.03291568 0.01030416 0.3862987 0.2267717 NaN 0.2284702 NaN NaN
26 0.1662153 0.0331709 0.009792685 0.339684 0.2057175 NaN 0.1807137 NaN NaN
27 0.1608616 0.03277986 0.009912228 0.3170586 0.2070275 NaN 0.1793983 NaN NaN
28 0.1702626 0.03409938 0.01031841 0.4296659 0.2194666 NaN 0.2105831 NaN NaN
29 0.171604 0.03292586 0.01060751 0.3331519 0.2331958 0.4966276 0.2166181 0.03111999 0.03897903
30 0.1718195 0.03128774 0.009377877 0.3969361 0.1974574 NaN 0.2363518 NaN NaN
31 0.1663255 0.03127041 0.009529859 0.3040251 0.2027429 NaN 0.1933599 NaN NaN
32 0.1639092 0.03234074 0.009930201 0.342859 0.203009 NaN 0.1548955 NaN NaN
33 0.1628136 0.03517687 0.01050243 0.299322 0.2309829 0.8259594 0.2459511 0.06655336 0.0737741
34 0.1642843 0.03403962 0.01022766 0.3805921 0.2196831 1.464339 0.2304946 0.1002464 0.1224733
35 0.1601782 0.03199957 0.009753097 0.3137257 0.1980611 NaN 0.2128986 NaN NaN
36 0.1764566 0.03155555 0.01028637 0.3800183 0.2249422 NaN 0.1929904 NaN NaN
37 0.1716418 0.03210778 0.01009724 0.3418044 0.2231659 1.354113 0.3107906 0.09944246 0.1201366
38 0.1580612 0.03091773 0.009607034 0.3417154 0.1877897 NaN 0.2290204 NaN NaN
39 0.1830051 0.03164424 0.0101707 0.3545659 0.2326181 NaN 0.2366705 NaN NaN
40 0.1845706 0.03356386 0.00994392 0.4305233 0.2268376 NaN 0.1266815 NaN NaN
41 0.1649423 0.03438291 0.01051894 0.3173625 0.229856 NaN 0.2337328 NaN NaN
42 0.1625223 0.03334877 0.009917523 0.3282759 0.2046329 0.6713648 0.2376709 0.04331348 0.05327677
43 0.1617634 0.0325146 0.00995424 0.3349901 0.2067841 NaN 0.2440442 NaN NaN
44 0.1572949 0.03233144 0.009828839 0.2956762 0.2023753 1.682629 0.2397595 0.1142788 0.1375456
45 0.163354 0.03353546 0.01028434 0.3621666 0.2110055 NaN 0.2405926 NaN NaN
46 0.1629065 0.03365817 0.01032121 0.3369234 0.2200687 NaN 0.1840388 NaN NaN
47 0.1731337 0.03150177 0.009846771 0.4178429 0.2122952 1.136708 0.2668385 0.08397562 0.09905614
48 0.172906 0.03177837 0.01010356 0.3496963 0.2245946 NaN 0.225905 NaN NaN
49 0.1615724 0.03271517 0.009695799 0.3537793 0.1989587 NaN 0.2417682 NaN NaN
50 0.1615771 0.03400327 0.009830816 0.3229308 0.2055108 0.9174195 0.2369615 0.06999455 0.08028215
51 0.1653067 0.03202015 0.00985444 0.3137729 0.2066475 0.7435434 0.2512404 0.04838391 0.05987696
52 0.1653847 0.0328424 0.01026743 0.3063278 0.2250727 NaN 0.2114083 NaN NaN
53 0.1599611 0.03016203 0.009740413 0.2684893 0.2025602 0.9108145 0.2484577 0.06598737 0.07802734
54 0.1722356 0.03319379 0.009693281 0.3725595 0.2104783 NaN 0.2081284 NaN NaN
55 0.1593702 0.03193745 0.009998321 0.2877614 0.2065744 NaN 0.1846642 NaN NaN
56 0.1696623 0.03192548 0.009869556 0.3758976 0.206267 NaN 0.1847524 NaN NaN
57 0.1667844 0.03016011 0.009401304 0.3602694 0.1882749 0.632023 0.2496311 0.05818463 0.06053939
58 0.1671975 0.03430318 0.01024158 0.3629114 0.2177636 NaN 0.09437365 NaN NaN
59 0.1641411 0.03361837 0.01026443 0.3074189 0.2225406 0.6587529 0.2486549 0.04740345 0.05577918
60 0.1586108 0.03175489 0.01030598 0.2733972 0.2147314 NaN 0.2315658 NaN NaN
61 0.1764183 0.03336527 0.01047217 0.4294878 0.2232735 NaN NaN NaN NaN
62 0.1641222 0.03361275 0.01071785 0.3291294 0.2294064 NaN NaN NaN NaN
63 0.1668672 0.03188085 0.01002271 0.3538031 0.2102736 NaN 0.1974324 NaN NaN
64 0.1597925 0.03320078 0.01015391 0.3300357 0.2141615 0.9523341 0.2615682 0.0711651 0.08391468
65 0.3435173 0.08230336 0.01286539 1.554301 2.165735 57.19787 7.546208 5.104332 5.525387
66 0.160584 0.03130836 0.009964185 0.3300527 0.1991437 0.5733482 0.2371796 0.04083718 0.04918816
67 0.1644448 0.03319363 0.009850648 0.349426 0.2051443 0.7921134 0.2991964 0.05048463 0.06346153
68 0.1589588 0.03074036 0.009510914 0.337567 0.1859392 NaN 0.1910227 NaN NaN
69 0.1705529 0.03193563 0.009713596 0.3110273 0.2136584 0.5345618 0.2423363 0.04367226 0.05014385
70 0.1613762 0.03148881 0.009652631 0.3286716 0.1987721 NaN 0.2244383 NaN NaN
71 0.1777571 0.0311072 0.009869359 0.4073863 0.2123961 NaN 0.2302903 NaN NaN
72 0.1668243 0.03136046 0.009629646 0.3486886 0.1965202 0.587745 0.2523951 0.05633629 0.05804685
73 0.1758598 0.03202484 0.01007372 0.3379687 0.2269325 0.6002678 0.2058445 0.04040226 0.04859646
74 0.1700747 0.03141657 0.009617298 0.3417572 0.2071615 NaN 0.2220275 NaN NaN
75 0.1549092 0.03217446 0.009393254 0.2874073 0.1865665 0.5838967 0.2473457 0.04346462 0.0500212
76 0.159447 0.03215008 0.01033676 0.2843487 0.2200165 NaN 0.21317 NaN NaN
77 0.1723363 0.0352852 0.01063215 0.3361943 0.2447379 NaN 0.205788 NaN NaN
78 0.1596732 0.03098214 0.009554677 0.2974535 0.1933517 0.4792848 0.2299015 0.03700843 0.04200297
79 0.1776943 0.03207222 0.01064279 0.362223 0.2396586 NaN 0.2109703 NaN NaN
80 0.1632293 0.03228137 0.00987007 0.313465 0.217795 NaN 0.221685 NaN NaN
81 0.1739178 0.03366868 0.01037304 0.389804 0.2236916 NaN 0.2249947 NaN NaN
82 0.1668287 0.03262331 0.0101101 0.2997398 0.2226265 NaN 0.2092835 NaN NaN
83 0.159338 0.03145297 0.009654815 0.2843304 0.2019789 NaN 0.1742581 NaN NaN
84 0.1754385 0.03221777 0.01052444 0.413419 0.2261742 1.456519 0.3366247 0.1144815 0.133426
85 0.1718087 0.0338515 0.01057815 0.3195734 0.2410973 NaN 0.223746 NaN NaN
86 0.175469 0.03175271 0.009667126 0.3400609 0.2099134 NaN 0.04062501 NaN NaN
87 0.1661272 0.03345765 0.01015887 0.2974892 0.2205218 NaN 0.223833 NaN NaN
88 0.1691475 0.03279318 0.01023153 0.3474286 0.2174065 NaN 0.1610383 NaN NaN
89 0.1678772 0.03328781 0.01024893 0.3338088 0.2250669 NaN 0.2339369 NaN NaN
90 0.1720251 0.03283782 0.01020865 0.3437862 0.2205639 0.6197456 0.2312064 0.04988954 0.0546794
91 0.181641 0.03357623 0.01080857 0.3617686 0.2653025 NaN 0.2250794 NaN NaN
92 0.1685755 0.03233276 0.01001852 0.3795962 0.2076037 NaN 0.1473476 NaN NaN
93 0.1715323 0.03231654 0.009803223 0.3379822 0.2158152 NaN 0.2048587 NaN NaN
94 0.170511 0.03210202 0.009607686 0.355528 0.209234 NaN 0.2269672 NaN NaN
95 0.1534895 0.03179119 0.009624545 0.2730591 0.1925959 NaN 0.02659017 NaN NaN
96 0.1696992 0.03272852 0.009743405 0.3514729 0.2093037 NaN NaN NaN NaN
97 0.1791841 0.03294401 0.01009282 0.3875287 0.2277472 1.267864 0.2918198 0.1010313 0.116931
98 0.166498 0.0317905 0.009727919 0.343439 0.2047483 NaN 0.2581499 NaN NaN
99 0.1640347 0.03205765 0.01024498 0.3423081 0.211758 0.7509094 0.2325529 0.05682668 0.06514891
100 0.1733294 0.03268351 0.009936355 0.3703798 0.214913 0.5011643 0.2453836 0.03525779 0.0418702
