1 0.1534445 0.02822704 0.009076066 0.2736076 0.2566801 0.632009 NaN 0.161253 NaN NaN
2 0.1485901 0.029301 0.008806419 0.2850282 0.2446383 0.6448724 NaN NaN NaN NaN
3 0.1414539 0.02825939 0.008917055 0.2450066 0.2267209 0.8100797 NaN 0.1925162 NaN NaN
4 0.1504364 0.02711838 0.008713995 0.3048583 0.236761 0.5493458 0.5812965 0.2553897 0.04347381 0.05100141
5 0.144071 0.02818848 0.008846232 0.2538303 0.2294785 0.7289124 1.478701 0.3729001 0.1247708 0.1402512
6 0.1501367 0.02839899 0.008860899 0.280218 0.2479399 0.5888755 0.6211874 0.2781321 0.05834329 0.06226799
7 0.1571023 0.03069625 0.009369897 0.34773 0.2675542 0.6618198 NaN 0.1151379 NaN NaN
8 0.1497116 0.02804851 0.008933658 0.2600541 0.2510893 0.5750851 0.9692042 0.357961 0.1023957 0.1036393
9 0.1493856 0.0297726 0.008746405 0.3090953 0.2373763 0.59311 0.4686611 0.2436045 0.03556573 0.04040083
10 0.1550227 0.02813834 0.008650333 0.3085919 0.2359883 0.6498932 0.5762135 0.2312 0.04652831 0.05202629
11 0.1548747 0.02930076 0.00902265 0.2757869 0.2671841 0.5358457 0.9477418 0.3297795 0.06913545 0.08385647
12 0.1480583 0.02932782 0.008903327 0.2724124 0.2296615 1.154448 0.4667885 0.2143137 0.03639498 0.04135981
13 0.1465357 0.02938257 0.008811394 0.2529399 0.2332498 0.7366396 0.784912 0.3071433 0.068021 0.0749439
14 0.1435812 0.02896595 0.009126206 0.261117 0.2399294 0.7235377 NaN 0.08307808 NaN NaN
15 0.154332 0.02956232 0.009134569 0.2726955 0.2560946 0.6867842 0.6699576 0.2638524 0.06329782 0.06625065
16 0.1490298 0.02841045 0.009098373 0.2700879 0.2467578 0.5680235 NaN NaN NaN NaN
17 0.1378641 0.03005871 0.008802696 0.2256496 0.2366569 0.5717262 0.4989805 0.2312906 0.03693258 0.04220065
18 0.15086 0.02996111 0.009002259 0.2954876 0.2567938 0.5663712 0.5771403 0.2527185 0.04401302 0.05133407
19 0.1604096 0.02804204 0.00885966 0.348662 0.2392714 0.6794879 1.284169 0.2912641 0.1197487 0.1292592
20 0.1441857 0.02943608 0.009026025 0.2837562 0.2325753 0.680018 0.4181031 0.2550591 0.03407132 0.03726212
21 0.1581482 0.03010436 0.008665304 0.3617432 0.2477931 0.5297864 0.4499845 0.2376933 0.02907034 0.03484145
22 0.1420161 0.02943798 0.008943728 0.261846 0.2403733 0.7009404 0.4913144 0.2381323 0.04414584 0.04539737
23 0.1481317 0.02959047 0.008857681 0.2364178 0.254601 0.5785698 0.4715986 0.2483205 0.03264343 0.03938059
24 0.1598729 0.02835963 0.008795398 0.3206644 0.243226 0.7315163 NaN 0.2018526 NaN NaN
25 0.1555637 0.02848114 0.009076854 0.3364077 0.2563025 0.6570604 2.909469 0.2282857 0.2244469 0.2511942
26 0.1494461 0.02880231 0.008587163 0.2891666 0.235344 0.6487465 0.6096176 0.2742895 0.05192483 0.05800712
27 0.1455694 0.0294162 0.008917855 0.2658815 0.2368987 0.7733968 0.636834 0.2705379 0.05444414 0.05979284
28 0.1488259 0.02934687 0.009126954 0.3272948 0.249229 0.6202255 2.337674 0.4042545 0.2218297 0.2361381
29 0.1546263 0.02951623 0.009228456 0.2828696 0.2583574 0.6503935 0.4345866 0.2145005 0.0274519 0.03389235
30 0.1563787 0.02846615 0.008454565 0.3372646 0.2269961 0.7510824 NaN 0.2269876 NaN NaN
31 0.1461942 0.0285249 0.008329563 0.2523903 0.2308343 0.6262696 0.6429082 0.251113 0.04407977 0.05318173
32 0.147726 0.02866313 0.00872591 0.2879407 0.2249807 0.7258607 0.5664564 0.2597824 0.04000007 0.04791127
33 0.1441275 0.02858471 0.008894195 0.2551713 0.2540329 0.5094145 0.43165 0.2260483 0.03328492 0.03683661
34 0.1442328 0.02896393 0.008912218 0.2839546 0.2378676 0.5881612 0.6073775 0.2148557 0.04238494 0.05036447
35 0.1443741 0.02789401 0.00866399 0.2662204 0.2235729 0.7027581 0.5349605 0.2289678 0.0459622 0.04836325
36 0.150989 0.02790709 0.00879047 0.2926678 0.2427399 0.5416388 0.5816599 0.2338391 0.04761121 0.05295608
37 0.1483758 0.02916484 0.008746396 0.2773366 0.2436332 0.564709 0.6227542 0.2442848 0.04703819 0.05523435
38 0.1442803 0.026944 0.008563177 0.2925033 0.2156486 0.6588756 1.370391 0.2560951 0.103228 0.1188217
39 0.1590776 0.02830496 0.008797951 0.2916389 0.2539706 0.6250327 NaN 0.1820664 NaN NaN
40 0.152942 0.02865842 0.008664225 0.2874608 0.251049 0.5651395 0.708987 0.3315666 0.06433484 0.0712051
41 0.14733 0.02969535 0.008945559 0.2730258 0.2405248 0.6343765 0.5983558 0.2470342 0.0541565 0.05659024
42 0.1434784 0.0289233 0.008627669 0.2744819 0.2328518 0.5816584 0.4892674 0.2336611 0.0317534 0.03819621
43 0.1481827 0.02987138 0.008834719 0.304942 0.238056 0.7476017 NaN 0.1899883 NaN NaN
44 0.1409672 0.02891016 0.008889779 0.237047 0.2331166 0.7565906 0.6451954 0.2286909 0.04451892 0.05192927
45 0.1442986 0.02896623 0.008794505 0.2996684 0.2344871 0.5350471 0.6259104 0.2604099 0.0507719 0.0554603
46 0.1510458 0.02987693 0.00895975 0.3151656 0.2431456 0.6855403 0.5521517 0.2329109 0.0406418 0.04749259
47 0.1527121 0.02774862 0.008588103 0.3146619 0.2352195 0.6985129 0.5504368 0.2386172 0.04127497 0.04741659
48 0.1538912 0.02913617 0.008990395 0.2704675 0.2491356 0.7125322 NaN 0.1649689 NaN NaN
49 0.1449804 0.02939654 0.008576935 0.3018293 0.2355794 0.6382573 0.9403914 0.2399971 0.07622814 0.08329859
50 0.1474215 0.02929923 0.00876203 0.273857 0.2304601 0.7168577 0.4874647 0.2235598 0.03801085 0.04239528
51 0.1514474 0.02794757 0.008876964 0.2808834 0.2409993 0.685004 0.53246 0.2444574 0.03580197 0.0430033
52 0.149008 0.02956701 0.009054851 0.2579476 0.2532252 0.6719975 0.6555117 0.2527368 0.05424747 0.05948494
53 0.1418861 0.02675207 0.008624756 0.2221849 0.237262 0.6791663 0.6131511 0.2367481 0.04529247 0.05252718
54 0.15529 0.03074409 0.00872859 0.3082518 0.2403984 0.7234323 0.6889474 0.2708447 0.06014238 0.06493719
55 0.1440601 0.0281281 0.008779196 0.2467858 0.2299852 0.7302904 0.6309531 0.2649547 0.05536783 0.06020097
56 0.1518813 0.02979572 0.00893987 0.3108771 0.24535 0.7639027 1.385356 0.3073056 0.107781 0.1247047
57 0.1523586 0.0275702 0.008539242 0.3007116 0.2247578 0.8028258 0.5194547 0.2484231 0.04940651 0.05012753
58 0.1509025 0.0310208 0.009212278 0.2976491 0.2515695 0.72569 0.5815507 0.2442078 0.04793216 0.05345205
59 0.1523386 0.0300365 0.009366874 0.2685355 0.2553086 0.9303746 0.4826263 0.2409387 0.03639013 0.04160421
60 0.1410994 0.02796685 0.008855525 0.2271578 0.2425646 0.5737123 NaN 0.1744835 NaN NaN
61 0.1579682 0.03061526 0.009587857 0.3520449 0.2568854 0.8048683 0.9284518 0.3020667 0.07676427 0.08898314
62 0.1486749 0.03075061 0.009327962 0.2855279 0.2590028 0.6588877 0.5368217 0.2471906 0.0437556 0.04919787
63 0.147322 0.02902016 0.008866127 0.2798769 0.2342429 0.695641 0.5594006 0.2589471 0.04324974 0.05022335
64 0.1438988 0.02868968 0.008790711 0.2773375 0.2317259 0.6015252 0.515116 0.236585 0.04070961 0.04622981
65 0.1498219 0.02879212 0.008794284 0.300696 0.2434957 0.5087877 0.5731064 0.2409092 0.05308901 0.05530503
66 0.1424433 0.02828133 0.008740044 0.2698353 0.2331088 0.6454818 0.4853445 0.2340384 0.03583189 0.04201282
67 0.1499812 0.02931414 0.008764623 0.2972164 0.2387831 0.6698487 0.4847334 0.2589746 0.03131817 0.03821243
68 0.1443787 0.02791284 0.008421448 0.3000421 0.2213024 0.6620034 0.6436008 0.2676741 0.04860957 0.05542172
69 0.1516141 0.02894742 0.008763278 0.240318 0.2453433 0.7823594 0.3918291 0.2290806 0.03294902 0.03698041
70 0.144167 0.02766563 0.00845054 0.2732481 0.2234169 0.6370069 1.015909 0.2480427 0.08594069 0.09431037
71 0.1518479 0.02877627 0.008717803 0.2991699 0.2408708 0.684673 NaN 0.2151621 NaN NaN
72 0.1508759 0.02786092 0.008586983 0.3028385 0.2325867 0.6646882 0.4110202 0.2391085 0.03785889 0.03920576
73 0.1527144 0.02867117 0.008792605 0.2649627 0.2418203 0.612497 0.4643363 0.2037018 0.03181175 0.03766134
74 0.1500648 0.02855333 0.008564933 0.2637159 0.2302198 0.673671 1.091154 0.2534798 0.09177318 0.1019571
75 0.1429188 0.02887793 0.008384541 0.2628508 0.2143617 0.7500536 0.4911394 0.2436395 0.03806178 0.042669
76 0.1415303 0.0284293 0.008873736 0.2380538 0.2390298 0.5866814 0.6677036 0.2551977 0.06675792 0.06889459
77 0.1536839 0.03139316 0.009284094 0.2648561 0.2718545 0.6144259 0.74471 0.26893 0.04922634 0.06013182
78 0.1448068 0.02785703 0.008321078 0.2656337 0.2169593 0.6440697 0.4357552 0.2298703 0.03530082 0.03901324
79 0.1573806 0.02898886 0.009068284 0.3196545 0.257516 0.6012774 0.5592424 0.2092726 0.04393555 0.04945224
80 0.1474845 0.02872294 0.008890969 0.2617804 0.2384037 0.7313904 NaN 0.1781521 NaN NaN
81 0.1455624 0.02898837 0.00888505 0.26801 0.2562247 0.5757546 1.408176 0.4141387 0.1534888 0.1504054
82 0.1552755 0.02914381 0.009078421 0.2783379 0.2454305 0.8297599 0.5829108 0.2608532 0.04548434 0.05242086
83 0.1407535 0.0273436 0.008466743 0.2326384 0.2219582 0.6755814 0.5607917 0.2269645 0.03612093 0.04480995
84 0.1536125 0.02782765 0.008968199 0.3190704 0.2479464 0.5071358 0.5985876 0.2592402 0.04898852 0.05526019
85 0.1522221 0.02975794 0.00918453 0.2795709 0.2617949 0.5857023 1.007458 0.2925714 0.08673288 0.09474301
86 0.1546011 0.02734296 0.008434396 0.2876413 0.2370756 0.5689311 0.8733186 0.4234489 0.08537095 0.08996311
87 0.1415015 0.02746632 0.008487207 0.2319404 0.2523733 0.4581909 0.9013347 0.242839 0.08931066 0.08888239
88 0.150721 0.02905278 0.008824466 0.2951724 0.241792 0.606749 0.9758601 0.2667821 0.07811995 0.08861314
89 0.1496199 0.02864452 0.008952786 0.2710611 0.2451626 0.5934078 1.330444 0.2580428 0.1170731 0.1249726
90 0.1561305 0.0291823 0.008990326 0.3017931 0.2501047 0.6334386 0.4810534 0.228459 0.04042413 0.0428486
91 0.1574698 0.02976493 0.009091422 0.2871713 0.2640035 0.537587 NaN NaN NaN NaN
92 0.1470995 0.02900368 0.008797203 0.2875952 0.235973 0.6216531 0.632168 0.2712577 0.0480775 0.05568535
93 0.1586866 0.02987791 0.008931868 0.2960831 0.2439445 0.916282 0.9154435 0.3097351 0.09264205 0.09536673
94 0.1506043 0.02883023 0.008602049 0.2885046 0.2347659 0.7192415 0.8861831 0.2313647 0.07353414 0.08136837
95 0.1432027 0.02828049 0.008827027 0.2511025 0.227746 0.9352632 0.6125319 0.2410047 0.04592686 0.05363099
96 0.1523901 0.02911932 0.00886665 0.2871085 0.2407819 0.781152 0.7433443 0.2882441 0.06372582 0.0716274
97 0.1565224 0.02950121 0.008904556 0.3187026 0.252191 0.6373312 0.4817598 0.2253242 0.03931039 0.04397302
98 0.1454573 0.02852103 0.008627338 0.2609295 0.234847 0.6510676 NaN 0.2302617 NaN NaN
99 0.147895 0.02841165 0.008926519 0.3046898 0.2394866 0.6504495 0.5058363 0.2225957 0.03951293 0.04396736
100 0.1495313 0.0271465 0.00845818 0.2800911 0.2359652 0.4842515 0.3955837 0.2385684 0.02872303 0.03324497
