1 444.2628 440.8883 430.5065 452.3312 442.4325 433.0283
2 518.0806 495.8741 463.2727 526.0265 497.5211 462.5368
3 510.0415 531.2187 473.0168 511.2324 530.903 468.8508
4 523.9039 482.5356 465.5428 520.0403 487.5404 464.6453
5 504.9193 527.8609 528.0175 511.5406 529.1914 530.989
6 409.9271 400.5677 374.2476 410.0047 399.3673 378.1506
7 437.2197 405.1642 408.0564 436.1538 404.4199 409.8966
8 450.7992 425.0504 436.0223 454.5112 428.2239 433.7107
9 492.6646 439.6392 473.6593 494.4734 437.8089 470.7514
10 513.8786 455.2626 458.1351 527.6927 452.5883 455.211
11 458.9009 420.6875 417.2302 462.4083 422.4579 415.8227
12 500.7523 512.009 435.4999 499.0867 514.0855 439.2146
13 482.0861 441.0097 429.9734 488.3326 443.5521 428.1639
14 446.9707 448.1838 435.6886 446.2302 441.926 440.6939
15 470.3425 426.62 453.7253 464.0251 425.9914 446.2106
16 431.2668 446.7933 454.8315 436.9423 449.4196 451.0027
17 499.5659 442.1248 437.0013 492.755 435.0567 434.2224
18 496.3378 446.2545 475.0106 492.9805 451.3373 472.3262
19 424.9661 395.7067 436.6347 435.6262 393.4347 437.2542
20 531.2507 541.9907 561.1161 533.5712 542.2057 554.245
21 556.1194 533.3015 538.2035 558.6595 534.7315 540.1811
22 538.8611 507.1475 556.062 537.9546 512.3121 545.4039
23 459.6152 438.6211 433.5804 462.8417 437.8752 439.6731
24 443.6862 411.5198 430.2702 448.8352 410.0231 429.693
25 491.1091 480.2537 477.9034 500.1497 477.0419 479.5827
26 561.6982 525.8327 482.5514 568.754 529.7649 483.3818
27 512.944 462.0779 481.7158 528.4797 468.2505 476.526
28 412.307 448.0254 410.0232 420.0005 449.3771 411.5905
29 451.0078 414.2579 459.0436 439.3538 413.4035 456.3788
30 570.4776 535.9736 506.5828 574.2223 535.8685 502.2043
31 550.0279 519.9301 460.7361 541.1056 513.6131 466.3997
32 522.8428 538.2481 502.9802 528.2628 540.249 492.5434
33 515.1502 506.1184 507.7235 517.4967 504.709 504.4663
34 450.3694 452.9915 428.4197 450.545 453.9482 425.1812
35 534.7528 507.9476 514.1155 531.9591 512.0493 511.519
36 473.9545 442.9889 458.6095 472.0821 442.2451 450.9672
37 451.348 445.6287 461.596 446.4812 438.2238 451.5363
38 510.9355 516.1759 530.0768 518.595 523.2837 526.3538
39 515.2438 507.6706 449.258 512.8313 503.8112 446.0833
40 462.162 415.1592 429.6474 457.821 413.1864 433.4042
41 510.1046 516.9816 454.369 516.1562 520.9153 455.0886
42 545.6351 527.1596 514.5991 556.8992 528.4103 509.0212
43 620.7487 575.6709 567.2404 604.7042 572.4013 560.4704
44 506.4261 466.4288 516.158 507.8469 464.6706 513.2743
45 567.6244 599.0572 599.1396 578.412 597.4858 596.119
46 481.2261 475.8089 498.363 481.3644 474.5601 494.4404
47 565.5116 573.1252 547.1924 572.4319 565.7136 550.9384
48 474.3734 470.9589 477.0309 470.9004 464.9122 474.6997
49 583.5896 573.7573 574.3106 580.5876 564.255 559.8308
50 525.2558 521.3802 507.7794 527.8569 518.9181 513.5204
51 559.8553 542.2223 573.6046 577.7489 548.8991 573.6613
52 541.3538 551.2205 480.5752 541.9158 547.5723 476.0452
53 512.8782 468.0094 525.9914 515.4719 466.2113 525.1189
54 541.6355 478.497 478.9581 538.8185 477.91 482.4551
55 498.1819 456.4902 514.2784 500.6231 456.8632 512.2077
56 508.3435 506.9506 495.8357 496.9086 507.9453 498.6293
57 608.9083 574.007 554.4967 613.6685 566.9158 553.3387
58 436.7036 397.2342 394.8218 439.7203 394.5344 392.5694
59 475.8207 440.675 455.795 485.846 435.4146 452.1728
60 566.4064 543.9987 580.749 567.3777 543.3968 572.8519
61 350.9613 335.9738 343.4175 354.3757 333.0255 337.7031
62 453.7141 440.7268 450.1533 449.4414 435.1194 449.6857
63 496.5061 502.3249 486.6759 487.3459 501.17 490.6522
64 464.1526 435.1344 428.3876 470.5531 438.3865 424.0254
65 461.0137 409.7563 472.6066 453.39 414.5717 469.7258
66 485.5473 436.1566 477.0871 481.1727 441.6897 479.4466
67 608.2536 570.1472 538.9552 626.8061 568.8648 529.1884
68 671.3411 687.4049 615.9662 661.0963 667.3018 611.5876
69 451.0851 386.426 431.463 450.4608 384.4129 426.1367
70 521.8288 469.8307 472.9996 524.5408 469.1448 472.7178
71 504.8149 470.5473 471.5572 506.924 466.452 473.8131
72 607.8609 555.4998 530.5389 609.8787 558.3801 524.8767
73 434.1758 391.7827 400.0722 436.1906 387.6071 401.1865
74 526.375 461.7439 439.8068 522.4916 459.3813 443.1177
75 642.0695 542.7249 554.6577 643.6168 538.7615 564.7849
76 489.2448 498.3976 509.4486 485.5911 499.7266 508.925
77 517.8565 479.2055 454.934 520.2463 478.4506 457.527
78 539.5077 530.2432 531.2967 538.1715 529.168 531.7397
79 427.5916 389.259 428.7582 427.6829 383.8424 420.4362
80 401.7574 368.6029 381.0404 409.4107 371.1542 373.5443
81 500.7501 497.3446 462.6532 495.5694 489.8239 459.827
82 481.9671 452.1916 458.7769 495.7716 450.6834 456.925
83 514.355 455.139 470.065 511.8354 451.1037 468.0133
84 475.2697 500.7572 452.0017 478.1619 503.2531 446.2643
85 476.3338 446.6209 443.129 471.4056 449.0541 442.3727
86 602.8124 568.4542 521.3701 606.4741 556.0338 524.2257
87 508.4954 488.6735 474.4917 516.4727 487.2183 467.7906
88 463.5611 408.896 453.1862 453.9092 409.5862 447.9778
89 524.4858 464.9794 483.4539 530.3083 466.2709 487.3819
90 559.9035 510.3457 539.4545 560.8506 506.9706 537.9309
91 419.8567 378.9672 374.4067 416.383 377.5586 374.6211
92 537.2771 495.7006 514.4594 535.1424 492.9219 518.3769
93 559.7267 522.5868 472.9997 559.8645 521.6448 469.8234
94 522.4726 506.2033 505.5517 530.4705 496.6221 504.9675
95 494.2653 465.4997 487.8726 509.1539 462.1111 494.3534
96 479.3435 410.5886 451.0634 479.5493 406.8703 454.5969
97 431.096 405.203 408.9057 429.418 404.1522 400.9027
98 682.5303 579.5738 632.0534 669.8403 570.3048 629.3221
99 459.4529 462.1078 467.939 454.4342 454.0688 465.7268
100 538.3364 536.4079 504.4643 545.1353 536.4503 493.1245
