4 11491.96 11352.38
5 11745.94 11440.98
6 11630.61 11442.92
7 11730.85 11454.51
8 11527.92 11335
9 11945.35 11695.16
11 11714.01 11506.5
12 11578.52 11363.86
13 12034.09 11723.74
15 11666.26 11449.37
18 11867.77 11579.36
19 11509.77 11243.47
20 11247.61 11078.02
25 11699.72 11406.28
26 12289.41 11932.29
27 11905.69 11713.68
29 11599.32 11346.21
31 11782.07 11475.12
32 11950.5 11707.79
33 11604.13 11370.95
34 12369.31 12154.3
35 11641.3 11355.77
36 12168.3 11840.19
38 11588.75 11363.44
40 12069.16 11749.28
44 11288.26 11115.88
45 12134.72 11846.99
46 12039.45 11692.53
48 12073.85 11803.26
50 11241.4 10963.89
51 12328.67 12035.61
52 12297.34 11922.57
53 12050.95 11781.9
54 11233.76 11045.6
55 11762.22 11502.04
56 11877.07 11601.14
57 11374.82 11134.68
58 12135.39 11793.02
59 12147.47 11943.9
60 12403.62 12137.04
64 12181.1 11828.46
65 11809.69 11524.79
66 11456.53 11291.56
67 12076.21 11709.39
68 12455.93 12080.48
69 12448.94 12167.33
70 11911.03 11687.24
71 12642.56 12322.78
72 11363.46 11245.76
73 11975.1 11678.45
74 12205.52 11926.3
75 12251.43 12034.99
76 12297.42 11936.9
78 12368.61 11990.78
79 11779.78 11536.51
80 11483.06 11286.83
81 11429.82 11111.92
84 11863.04 11630.22
85 12024.87 11715.89
87 11879.3 11630.56
88 12099.93 11917.76
89 11845.04 11590.36
90 11959.13 11696.53
91 11777.65 11551.37
92 11784.03 11492.99
95 11858.18 11592.32
96 12292.56 11989.99
97 12229.05 11930.53
98 11399.29 11178.39
99 11703.89 11487.52
101 12333.7 12018.84
103 12381.82 12088.44
104 12358.86 12089.15
105 10931.21 10741.13
109 12098.81 11841.32
111 12532.98 12188.93
112 11966.81 11691.87
113 11939.57 11693.26
114 11753.3 11396.12
115 12345.71 12013.89
116 12131.37 11819.91
118 11593.57 11288.67
124 12448.45 12019.98
127 11659.39 11432.48
130 12015.64 11631.66
131 12355.76 11980.4
132 12681.28 12280.55
133 11835.54 11564.92
138 11638.75 11441.91
139 11831.72 11521.68
140 11586.05 11298.97
146 12436.27 12128.74
147 12339.38 11980.89
149 11709.5 11415.95
150 12341.12 12138.14
153 11789.69 11430.75
154 12283.51 11943.32
160 11734.4 11541.57
163 11868.26 11642
164 11628.69 11343.53
