4 11531.87 11392.29
5 11785.86 11480.89
6 11670.53 11482.83
7 11770.76 11494.42
8 11567.83 11374.91
9 11985.26 11735.07
11 11753.93 11546.41
12 11618.44 11403.77
13 12074 11763.65
15 11706.18 11489.29
18 11907.69 11619.28
19 11549.68 11283.38
20 11287.53 11117.93
25 11739.63 11446.19
26 12329.33 11972.21
27 11945.61 11753.6
29 11639.23 11386.12
31 11821.98 11515.04
32 11990.41 11747.7
33 11644.04 11410.86
34 12409.23 12194.22
35 11681.21 11395.69
36 12208.21 11880.11
38 11628.66 11403.36
40 12109.08 11789.19
44 11328.18 11155.8
45 12174.63 11886.9
46 12079.36 11732.44
48 12113.76 11843.18
50 11281.32 11003.8
51 12368.59 12075.53
52 12337.25 11962.48
53 12090.86 11821.81
54 11273.68 11085.52
55 11802.13 11541.96
56 11916.98 11641.06
57 11414.73 11174.59
58 12175.31 11832.93
59 12187.38 11983.82
60 12443.54 12176.96
64 12221.02 11868.37
65 11849.61 11564.7
66 11496.45 11331.48
67 12116.12 11749.3
68 12495.85 12120.39
69 12488.86 12207.24
70 11950.95 11727.15
71 12682.47 12362.7
72 11403.37 11285.67
73 12015.01 11718.37
74 12245.43 11966.22
75 12291.34 12074.9
76 12337.33 11976.82
78 12408.53 12030.69
79 11819.7 11576.42
80 11522.98 11326.74
81 11469.74 11151.84
84 11902.95 11670.14
85 12064.78 11755.8
87 11919.22 11670.47
88 12139.85 11957.67
89 11884.96 11630.28
90 11999.05 11736.45
91 11817.56 11591.29
92 11823.94 11532.91
95 11898.09 11632.23
96 12332.47 12029.9
97 12268.97 11970.45
98 11439.21 11218.3
99 11743.8 11527.44
101 12373.61 12058.75
103 12421.73 12128.35
104 12398.78 12129.06
105 10971.13 10781.05
109 12138.72 11881.24
111 12572.9 12228.85
112 12006.73 11731.79
113 11979.49 11733.17
114 11793.21 11436.04
115 12385.62 12053.81
116 12171.28 11859.82
118 11633.48 11328.58
124 12488.36 12059.9
127 11699.31 11472.4
130 12055.55 11671.58
131 12395.68 12020.32
132 12721.19 12320.46
133 11875.45 11604.84
138 11678.67 11481.82
139 11871.63 11561.59
140 11625.97 11338.89
146 12476.19 12168.65
147 12379.29 12020.81
149 11749.41 11455.87
150 12381.04 12178.06
153 11829.61 11470.67
154 12323.43 11983.23
160 11774.31 11581.49
163 11908.17 11681.92
164 11668.6 11383.44
