4 0.74
5 0.745
6 0.7275
7 0.7275
8 0.735
9 0.7375
11 0.7325
12 0.7425
13 0.7275
15 0.725
18 0.73
19 0.755
20 0.765
25 0.7325
26 0.7175
27 0.735
29 0.7325
31 0.7375
32 0.715
33 0.745
34 0.7025
35 0.75
36 0.74
38 0.7325
40 0.72
44 0.75
45 0.7125
46 0.725
48 0.7025
50 0.745
51 0.7075
52 0.705
53 0.735
54 0.775
55 0.7425
56 0.7525
57 0.7475
58 0.7175
59 0.7225
60 0.69
64 0.7025
65 0.7375
66 0.76
67 0.7225
68 0.7025
69 0.69
70 0.7375
71 0.69
72 0.7775
73 0.7225
74 0.6975
75 0.685
76 0.7025
78 0.685
79 0.72
80 0.7325
81 0.7525
84 0.7425
85 0.7325
87 0.715
88 0.7125
89 0.735
90 0.715
91 0.74
92 0.7375
95 0.72
96 0.69
97 0.6825
98 0.7525
99 0.75
101 0.695
103 0.7025
104 0.685
105 0.7725
109 0.7275
111 0.695
112 0.725
113 0.715
114 0.7425
115 0.7025
116 0.7325
118 0.7475
124 0.73
127 0.75
130 0.7325
131 0.71
132 0.675
133 0.72
138 0.73
139 0.73
140 0.75
146 0.6975
147 0.7075
149 0.745
150 0.7025
153 0.7475
154 0.715
160 0.72
163 0.735
164 0.7575
