4 1000 1000
5 1000 1000
6 1000 1000
7 1000 1000
8 1000 1000
9 1000 1000
11 1000 1000
12 1000 1000
13 1000 1000
15 1000 1000
18 1000 1000
19 1000 1000
20 1000 1000
25 1000 1000
26 1000 1000
27 1000 1000
29 1000 1000
31 1000 1000
32 1000 1000
33 1000 1000
34 1000 1000
35 1000 1000
36 1000 1000
38 1000 1000
40 1000 1000
44 1000 1000
45 1000 1000
46 1000 1000
48 1000 1000
50 1000 1000
51 1000 1000
52 1000 1000
53 1000 1000
54 1000 1000
55 1000 1000
56 1000 1000
57 1000 1000
58 1000 1000
59 1000 1000
60 1000 1000
64 1000 1000
65 1000 1000
66 1000 1000
67 1000 1000
68 1000 1000
69 1000 1000
70 1000 1000
71 1000 1000
72 1000 1000
73 1000 1000
74 1000 1000
75 1000 1000
76 1000 1000
78 1000 1000
79 1000 1000
80 1000 1000
81 1000 1000
84 1000 1000
85 1000 1000
87 1000 1000
88 1000 1000
89 1000 1000
90 1000 1000
91 1000 1000
92 1000 1000
95 1000 1000
96 1000 1000
97 1000 1000
98 1000 1000
99 1000 1000
101 1000 1000
103 1000 1000
104 1000 1000
105 1000 1000
109 1000 1000
111 1000 1000
112 1000 1000
113 1000 1000
114 1000 1000
115 1000 1000
116 1000 1000
118 1000 1000
124 1000 1000
127 1000 1000
130 1000 1000
131 1000 1000
132 1000 1000
133 1000 1000
138 1000 1000
139 1000 1000
140 1000 1000
146 1000 1000
147 1000 1000
149 1000 1000
150 1000 1000
153 1000 1000
154 1000 1000
160 1000 1000
163 1000 1000
164 1000 1000
