4 -5735.979 -5666.19
5 -5862.972 -5710.49
6 -5805.306 -5711.459
7 -5855.425 -5717.255
8 -5753.958 -5657.498
9 -5962.675 -5837.579
11 -5847.006 -5743.249
12 -5779.262 -5671.928
13 -6007.044 -5851.869
15 -5823.132 -5714.686
18 -5923.886 -5779.682
19 -5744.884 -5611.735
20 -5613.807 -5529.008
25 -5839.859 -5693.138
26 -6134.707 -5956.146
27 -5942.845 -5846.842
29 -5789.659 -5663.105
31 -5881.034 -5727.561
32 -5965.248 -5843.893
33 -5792.064 -5675.473
34 -6174.657 -6067.152
35 -5810.648 -5667.885
36 -6074.15 -5910.097
38 -5784.374 -5671.721
40 -6024.581 -5864.639
44 -5634.131 -5547.941
45 -6057.358 -5913.495
46 -6009.724 -5836.263
48 -6026.925 -5891.63
50 -5610.702 -5471.944
51 -6154.337 -6007.807
52 -6138.668 -5951.283
53 -6015.473 -5880.948
54 -5606.881 -5512.802
55 -5871.108 -5741.021
56 -5928.535 -5790.572
57 -5677.41 -5557.34
58 -6057.696 -5886.508
59 -6063.735 -5961.951
60 -6191.811 -6058.521
64 -6080.551 -5904.229
65 -5894.846 -5752.393
66 -5718.267 -5635.782
67 -6028.103 -5844.694
68 -6217.967 -6030.239
69 -6214.472 -6073.664
70 -5945.517 -5833.62
71 -6311.279 -6151.392
72 -5671.728 -5612.878
73 -5977.548 -5829.227
74 -6092.758 -5953.151
75 -6115.715 -6007.494
76 -6138.709 -5958.452
78 -6174.307 -5985.388
79 -5879.891 -5758.255
80 -5731.531 -5633.415
81 -5704.912 -5545.961
84 -5921.518 -5805.11
85 -6002.435 -5847.943
87 -5929.65 -5805.28
88 -6039.965 -5948.879
89 -5912.522 -5785.18
90 -5969.565 -5838.267
91 -5878.824 -5765.685
92 -5882.014 -5736.496
95 -5919.088 -5786.16
96 -6136.28 -5984.995
97 -6104.525 -5955.266
98 -5689.646 -5579.194
99 -5841.944 -5733.762
101 -6156.85 -5999.42
103 -6180.909 -6034.219
104 -6169.43 -6034.573
105 -5455.605 -5360.566
109 -6039.405 -5910.661
111 -6256.492 -6084.467
112 -5973.407 -5835.937
113 -5959.786 -5836.63
114 -5866.649 -5688.062
115 -6162.853 -5996.945
116 -6055.685 -5899.955
118 -5786.785 -5634.333
124 -6214.223 -5999.992
127 -5819.697 -5706.241
130 -5997.819 -5805.832
131 -6167.882 -5980.202
132 -6330.64 -6130.274
133 -5907.768 -5772.46
138 -5809.377 -5710.955
139 -5905.858 -5750.839
140 -5783.026 -5639.487
146 -6208.136 -6054.368
147 -6159.688 -5980.447
149 -5844.749 -5697.975
150 -6160.561 -6059.07
153 -5884.847 -5705.377
154 -6131.756 -5961.66
160 -5857.199 -5760.787
163 -5924.13 -5811.002
164 -5804.344 -5661.764
