4 8.166543 8.118227
5 8.169033 8.046267
6 8.031788 8.05263
7 7.890958 7.820577
8 8.061519 7.950621
9 8.309377 8.328815
11 8.226161 8.261327
12 8.278878 8.351604
13 8.526631 8.637152
15 8.13768 8.150433
18 8.282511 8.11325
19 7.918584 7.940273
20 7.897596 7.850876
25 8.222378 8.00263
26 8.375491 8.330262
27 8.594461 8.383011
29 8.27369 8.26551
31 8.302101 7.962783
32 8.798223 8.740327
33 8.281866 8.201579
34 8.658271 8.553634
35 8.101169 8.130551
36 8.392332 8.435753
38 7.679315 7.607473
40 8.401579 8.27467
44 8.306081 8.169097
45 8.431316 8.286277
46 8.445112 8.187644
48 8.671973 8.712886
50 7.830117 7.857798
51 8.647565 8.602798
52 8.840736 8.840997
53 8.700452 8.394632
54 7.61464 7.638035
55 8.082726 8.005792
56 8.105524 8.078122
57 8.11432 8.12661
58 8.409191 8.293881
59 8.111048 8.173707
60 8.902673 8.821076
64 8.975187 8.917457
65 7.709952 7.728933
66 8.276011 8.321117
67 8.02751 7.902293
68 9.03391 9.012366
69 9.026301 9.017769
70 8.331434 8.307108
71 9.078481 9.018006
72 8.198449 8.181274
73 8.237363 8.337031
74 8.513939 8.597846
75 8.798719 8.764242
76 8.647973 8.724069
78 9.009321 8.981904
79 7.992017 7.912017
80 8.181288 8.2016
81 7.958587 7.802624
84 8.410751 8.243417
85 8.117157 8.079895
87 9.011872 9.030752
88 8.62058 8.580209
89 8.22849 8.218819
90 8.471208 8.509716
91 8.588462 8.321104
92 8.521663 8.333788
95 8.42423 8.41377
96 9.026406 8.851423
97 8.702486 8.665116
98 8.318012 8.185866
99 8.389815 8.15442
101 8.614262 8.464169
103 8.81493 8.68334
104 8.300319 8.174916
105 7.861614 7.735972
109 8.782627 8.831937
111 8.899842 8.891973
112 8.191588 8.120786
113 8.543977 8.571215
114 8.052926 7.926265
115 8.85093 8.75821
116 7.952425 7.9233
118 7.995825 7.952646
124 8.463275 8.470773
127 8.220564 8.171339
130 8.094394 8.001688
131 8.41745 8.321359
132 8.608702 8.591697
133 8.724238 8.78831
138 8.660107 8.719229
139 8.299568 8.214307
140 7.935684 7.908657
146 8.860871 8.610902
147 8.460676 8.483774
149 8.022523 7.686315
150 8.977843 8.915258
153 8.043487 8.068911
154 8.363815 8.129765
160 8.656869 8.696547
163 8.390253 8.200862
164 8.0403 7.877227
