4 0.4783115 0.4757841
5 0.4831074 0.4763913
6 0.4736595 0.474651
7 0.4671474 0.4630096
8 0.470421 0.4662483
9 0.4891798 0.4907212
11 0.4874422 0.4890537
12 0.4878737 0.4903503
13 0.4986467 0.5039415
15 0.4714023 0.4732707
18 0.4866038 0.4791198
19 0.4654887 0.4660341
20 0.4638595 0.4617082
25 0.4817959 0.4719202
26 0.491433 0.4889063
27 0.4950397 0.4862061
29 0.4845997 0.4845731
31 0.4847142 0.4694446
32 0.5097762 0.5072571
33 0.4812688 0.4794787
34 0.5056048 0.5016987
35 0.4779233 0.4781995
36 0.4894133 0.491413
38 0.4563898 0.4534735
40 0.491724 0.486414
44 0.4769935 0.470893
45 0.4953235 0.4886575
46 0.4904167 0.4780583
48 0.5072786 0.5076705
50 0.4607138 0.4619201
51 0.5058311 0.5028253
52 0.5130478 0.5138392
53 0.5086945 0.4951665
54 0.4504854 0.4521223
55 0.4691188 0.4659211
56 0.4749854 0.4728604
57 0.4834994 0.4845856
58 0.4915617 0.4862733
59 0.4831185 0.4863754
60 0.5260144 0.5229235
64 0.5176721 0.5142684
65 0.458596 0.4588947
66 0.4811114 0.482873
67 0.4792402 0.4738661
68 0.5260215 0.5253672
69 0.5306098 0.5287493
70 0.4885793 0.4874462
71 0.5316369 0.5288253
72 0.4793452 0.4788498
73 0.4840212 0.4888332
74 0.5029757 0.5094628
75 0.5124823 0.5110496
76 0.5043334 0.5076485
78 0.5247136 0.5232361
79 0.4721376 0.4686578
80 0.4780544 0.478364
81 0.4658214 0.4584496
84 0.4932982 0.4854624
85 0.4840672 0.4828298
87 0.5151778 0.515054
88 0.511452 0.5095134
89 0.4839861 0.4823469
90 0.4940394 0.4966005
91 0.4973872 0.4852387
92 0.4978497 0.4888577
95 0.4896701 0.4887358
96 0.5237819 0.5159532
97 0.5043772 0.5028963
98 0.48055 0.4743195
99 0.4893935 0.4784663
101 0.5100456 0.5041166
103 0.5082052 0.5037939
104 0.4953658 0.489309
105 0.4566773 0.4501625
109 0.5079542 0.5100557
111 0.5206203 0.52142
112 0.4818422 0.4792977
113 0.4965591 0.4985833
114 0.4759949 0.4707243
115 0.5123419 0.5079373
116 0.4719778 0.4706748
118 0.4704412 0.4685949
124 0.4960347 0.4973004
127 0.5127272 0.5096783
130 0.4806395 0.4767893
131 0.4980859 0.4933945
132 0.5049827 0.5044796
133 0.5061371 0.5098613
138 0.4977324 0.5002808
139 0.4893969 0.485162
140 0.4736033 0.4743388
146 0.5230079 0.5117876
147 0.4974981 0.4989558
149 0.4687046 0.4537404
150 0.5183683 0.5164042
153 0.4746484 0.4755665
154 0.4920976 0.4817905
160 0.4963903 0.4980211
163 0.4882639 0.4802172
164 0.4666716 0.4600292
