4 26.78723 2.156471 -0.4965801 3.25249 5.437221 -3.411714 -0.8717879 -0.09581366 0.2597678
5 27.0745 2.126876 -0.5041368 3.324568 3.850928 -3.686453 -0.8850683 -0.109309 0.282101
6 26.76953 2.14366 -0.5011325 2.924524 4.379742 -3.694297 -0.6716863 -0.1187508 0.2846416
7 26.96394 2.163445 -0.5082048 3.086082 3.411982 -3.161474 -1.226719 -0.08368589 0.2455429
8 27.18105 2.179322 -0.5080442 3.105376 3.653973 -3.250275 -1.098423 -0.09131396 0.2532031
9 27.48429 2.18654 -0.4917971 3.287249 3.27103 -3.501795 -0.7357616 -0.09736938 0.2570182
11 27.0563 2.178014 -0.5187425 3.017132 3.574722 -3.574658 -1.025928 -0.1037798 0.2732858
12 27.14599 2.205243 -0.5081417 3.114648 4.266567 -3.807193 -1.189707 -0.1072131 0.288895
13 26.91418 2.164477 -0.4999298 3.025548 4.821303 -4.21292 -1.07014 -0.1083031 0.2984501
15 27.17832 2.154216 -0.5100442 3.160086 4.404973 -3.263473 -1.131236 -0.09776595 0.2576815
18 26.94555 2.166292 -0.5101474 3.122275 3.924452 -3.860185 -0.7552824 -0.1032092 0.2778459
19 27.05252 2.156699 -0.5051305 3.29189 4.106435 -3.428605 -1.032866 -0.09690826 0.265609
20 27.02802 2.139362 -0.5061886 3.054881 3.556741 -3.274743 -1.44295 -0.09095068 0.2637733
25 27.13285 2.212142 -0.5226712 3.266383 3.258783 -3.334304 -1.165195 -0.09662979 0.2630724
26 27.31042 2.124486 -0.50528 3.312645 2.975703 -3.436332 -0.9190135 -0.09644701 0.2545618
27 26.06663 2.117077 -0.4876949 3.295501 10.32157 -3.575203 -1.218574 -0.1152839 0.2854534
29 27.52744 2.160799 -0.5183071 3.145986 2.546418 -3.760252 -1.278247 -0.1133298 0.2939774
31 26.94866 2.147698 -0.5042838 3.09769 3.64631 -3.403578 -0.9335474 -0.09268857 0.2558999
32 27.19424 2.170897 -0.4974402 3.067715 4.83142 -3.900827 -1.255799 -0.1129388 0.2927901
33 27.58291 2.1869 -0.5001065 3.240213 2.555345 -3.481769 -0.995507 -0.1088912 0.2739178
34 27.14427 2.123109 -0.5038396 3.228724 3.396626 -3.545321 -0.7655198 -0.08806276 0.2459549
35 26.97428 2.18518 -0.5198167 3.050406 4.246072 -3.654489 -1.176023 -0.09338977 0.2711396
36 26.99096 2.116074 -0.4987597 3.19905 4.464704 -3.919276 -0.9094099 -0.09907423 0.275887
38 27.09911 2.146439 -0.512917 3.097064 2.277926 -3.277177 -1.184483 -0.09263796 0.2579028
40 27.45685 2.211866 -0.5179306 3.240343 2.26215 -3.799419 -0.8344313 -0.09868524 0.270053
44 26.81061 2.153099 -0.507436 2.879867 6.280826 -3.513592 -1.020095 -0.1124724 0.2811625
45 27.12971 2.169829 -0.5101163 3.343507 3.631589 -3.686345 -0.8361952 -0.1021339 0.2696647
46 27.11547 2.115967 -0.50493 3.104229 3.303052 -3.648746 -1.020149 -0.09571532 0.2667761
48 27.3132 2.132118 -0.4867285 3.184384 3.887679 -3.523522 -1.158448 -0.109142 0.272934
50 26.87505 2.189896 -0.5036162 3.040813 4.718404 -3.161204 -1.080742 -0.1118781 0.271627
51 27.37492 2.232945 -0.5188053 3.295275 3.276122 -3.982338 -0.7802941 -0.09148601 0.266375
52 27.70882 2.216707 -0.5239307 3.116657 3.042826 -3.918271 -0.7430737 -0.09455089 0.2642457
53 27.44503 2.103801 -0.494427 3.343231 2.75068 -3.837987 -1.201955 -0.1062259 0.285292
54 27.0883 2.193215 -0.510694 3.04598 3.046008 -3.494751 -0.6710303 -0.09575418 0.2631356
55 27.03393 2.125038 -0.4893516 3.316401 4.778713 -3.65845 -0.7946978 -0.1102791 0.2781453
56 26.77099 2.138588 -0.4991247 3.389725 5.352829 -3.476316 -1.028423 -0.1026756 0.2695148
57 27.51765 2.21668 -0.5172998 3.083465 3.078298 -3.440202 -1.114174 -0.1026413 0.2706354
58 27.36381 2.180501 -0.5229039 3.116025 2.669479 -3.417398 -1.041506 -0.09186974 0.2530401
59 26.88427 2.18189 -0.5248365 3.20683 3.859202 -3.480183 -0.7356505 -0.0791905 0.2394278
60 27.1192 2.132954 -0.4906317 3.256105 4.504551 -3.967848 -1.148076 -0.1143956 0.2924534
64 27.57849 2.154389 -0.5012124 3.154674 3.981067 -3.827302 -1.249177 -0.1103957 0.2852948
65 26.84143 2.134295 -0.5126964 3.190241 3.127674 -3.295126 -0.8906776 -0.07596134 0.2375512
66 26.93062 2.140959 -0.4918853 3.028004 5.206037 -3.816114 -0.8315656 -0.1066131 0.282325
67 27.00642 2.190344 -0.5234003 3.282339 2.420836 -3.268572 -0.9777913 -0.08282171 0.2422667
68 27.24235 2.182332 -0.4925206 3.273988 5.053039 -3.735563 -1.005911 -0.1125983 0.2781301
69 27.6145 2.221149 -0.5071394 3.166726 2.934735 -3.881046 -0.8177765 -0.1035294 0.2700516
70 27.03708 2.129211 -0.4952609 3.122242 4.117283 -3.512312 -1.149318 -0.09474036 0.2632956
71 27.38494 2.150859 -0.5085991 3.276893 3.344532 -3.578705 -1.034908 -0.08886154 0.2493125
72 26.4795 2.135942 -0.4763113 3.287465 7.835243 -3.701893 -0.8646774 -0.1200924 0.2925798
73 27.13711 2.141114 -0.5059576 3.165422 3.30189 -3.528814 -1.124696 -0.091174 0.2604625
74 27.38058 2.198508 -0.5249242 3.142572 2.523471 -3.5039 -1.423916 -0.08651636 0.2566526
75 27.6657 2.238386 -0.5175774 3.266355 2.616686 -3.39191 -0.8951374 -0.0935199 0.246792
76 27.47245 2.157293 -0.5121051 3.217777 2.741903 -3.618817 -1.507 -0.0987168 0.2726098
78 27.43301 2.174445 -0.5146165 3.294439 3.554446 -3.592072 -1.267763 -0.1073996 0.2740048
79 26.89878 2.162487 -0.5231496 2.992492 3.053206 -3.247603 -1.319149 -0.08671254 0.2510916
80 27.21179 2.187345 -0.5169408 2.885805 4.049573 -3.617453 -0.9798582 -0.1090779 0.279156
81 26.98341 2.07552 -0.4977618 2.919881 3.174711 -3.510635 -1.249284 -0.09910366 0.2756121
84 27.34092 2.194601 -0.5102817 3.147039 3.142573 -3.513844 -0.6135851 -0.09251099 0.2513613
85 27.13393 2.177658 -0.5200331 3.199456 3.262332 -3.714215 -0.5957031 -0.09911353 0.2633669
87 27.47834 2.181511 -0.4853885 3.179915 5.062651 -3.849212 -0.9658098 -0.1199752 0.2914815
88 27.44354 2.28702 -0.511412 3.346218 3.444573 -3.370361 -0.9410343 -0.09611299 0.2520777
89 26.6056 2.113925 -0.4914091 3.188054 5.414836 -3.43671 -1.095185 -0.09887478 0.2647471
90 26.98777 2.167466 -0.4957625 3.088842 4.436027 -3.62775 -0.8716668 -0.1064671 0.2712666
91 27.51493 2.171171 -0.5145973 3.143683 2.680394 -3.448576 -0.8084111 -0.08168083 0.2426725
92 26.97891 2.150318 -0.49377 3.062406 4.415898 -3.56951 -0.9527132 -0.1068543 0.2740422
95 27.04317 2.159455 -0.4939287 3.111113 4.787633 -3.437331 -0.9964415 -0.1028784 0.2643855
96 27.09435 2.166646 -0.50232 3.109689 4.367289 -3.518386 -1.008431 -0.09766931 0.2578541
97 27.46332 2.118439 -0.5113015 3.181076 3.25105 -3.463736 -1.241585 -0.0974239 0.2600905
98 27.00235 2.12 -0.497303 3.023519 4.280084 -3.526851 -0.7500203 -0.107799 0.2724245
99 27.30796 2.175266 -0.5258341 3.131353 2.636061 -3.741197 -1.071307 -0.0892223 0.2671035
101 27.32185 2.205214 -0.5120757 3.277676 2.385336 -3.239732 -1.289445 -0.08269629 0.2410881
103 26.73293 2.095601 -0.4803259 3.157745 6.059694 -3.626778 -0.9932478 -0.1101707 0.2737883
104 27.12474 2.149935 -0.5034998 3.219289 2.43456 -3.426544 -0.6529168 -0.09808649 0.2500943
105 27.2149 2.149658 -0.5005713 3.044557 4.148746 -3.347407 -1.268406 -0.1020254 0.2758215
109 27.5352 2.20652 -0.4965505 3.128518 3.708563 -3.807512 -0.5997658 -0.1014121 0.2656995
111 27.60648 2.225832 -0.5159564 3.341127 2.814323 -3.713765 -1.003239 -0.09676584 0.2631253
112 26.99844 2.182543 -0.5051151 3.245373 3.945951 -3.573784 -0.8288398 -0.1045661 0.2688949
113 27.27075 2.228147 -0.4999993 3.205526 4.309776 -3.267892 -1.090303 -0.09557096 0.2524947
114 27.3394 2.194633 -0.521865 3.101075 1.939329 -3.163426 -1.000023 -0.0825688 0.2397469
115 27.48303 2.21493 -0.5022715 3.22765 3.516518 -3.152643 -1.070911 -0.09168398 0.2403783
116 27.07463 2.106649 -0.509775 3.147547 2.463103 -3.789291 -0.6674595 -0.08554887 0.2564947
118 27.26373 2.172118 -0.5055635 3.054531 3.040644 -3.530538 -0.9681533 -0.0983853 0.2680843
124 27.41407 2.22904 -0.5248407 3.362168 2.607883 -3.271718 -0.9252379 -0.0694741 0.2242574
127 27.19178 2.151978 -0.4938276 3.322929 3.650415 -3.430312 -0.8704184 -0.09045843 0.2557881
130 27.19363 2.232077 -0.5372909 3.166431 2.065972 -3.421651 -0.9611071 -0.07767998 0.2432213
131 27.29479 2.199452 -0.5313976 3.132228 2.318126 -3.540206 -0.8546291 -0.08275862 0.2442979
132 27.51898 2.169511 -0.5105882 3.387965 2.346981 -3.250119 -1.163157 -0.09160022 0.2433777
133 27.78975 2.212488 -0.5012297 2.977616 3.008007 -3.5853 -1.02038 -0.09813135 0.2638044
138 27.38142 2.200932 -0.4948226 3.052831 4.850884 -3.426217 -0.9784549 -0.113616 0.2723973
139 27.57959 2.23495 -0.5167947 3.21822 2.125644 -3.193971 -1.252142 -0.08845324 0.2487607
140 27.19994 2.215581 -0.5250305 3.071033 3.101237 -3.794165 -0.8534549 -0.1063512 0.2834798
146 27.4495 2.222662 -0.5226663 3.433356 3.045887 -3.28566 -0.9959408 -0.08224083 0.2353894
147 27.29664 2.127105 -0.5029027 3.221168 3.108129 -3.542361 -1.147856 -0.08969981 0.2563362
149 27.16906 2.144108 -0.5141612 3.268128 2.728863 -3.349149 -0.7252965 -0.09875261 0.2573031
150 27.62102 2.170772 -0.4940337 3.156003 3.394747 -3.759679 -0.7631734 -0.1056117 0.2674682
153 27.32412 2.169443 -0.4992373 3.305903 2.876353 -3.31804 -1.353618 -0.08847603 0.258546
154 27.19557 2.20869 -0.5172903 3.288931 2.845607 -3.218385 -0.7386853 -0.08853739 0.2377462
160 27.33898 2.174056 -0.4992966 3.138135 4.560869 -3.599601 -1.217243 -0.110934 0.280946
163 26.96381 2.147176 -0.498929 3.018399 4.075276 -3.517824 -0.6344715 -0.09457435 0.2544904
164 26.35691 2.054521 -0.4757598 3.160266 6.7249 -3.832257 -0.7799855 -0.1228188 0.299801
