4 1.067192 0.01917396 0.006309238 4.378272 0.1642877 0.1786649 0.08014587 0.01225016 0.01648851
5 0.1388125 0.01741059 0.00661449 0.5261467 NaN 0.1848188 0.07998628 0.01225431 0.01679731
6 0.1748428 0.01538343 0.005954471 0.6625589 NaN 0.1847304 0.07722482 0.01243613 0.016914
7 0.314017 0.01519557 0.006167525 0.9171107 0.3170306 0.1691523 0.08048657 0.01201862 0.01599404
8 0.118268 0.01764325 0.006410179 0.4369755 NaN 0.1732033 0.080327 0.0119189 0.01601145
9 0.09575447 0.01694945 0.006317588 0.3946849 NaN 0.1764871 0.07757049 0.0121409 0.01619881
11 0.3980977 0.0154915 0.006094231 1.179917 0.3975907 0.1825686 0.07916001 0.01219192 0.01664724
12 0.1132226 0.01758287 0.006140052 0.4536589 NaN 0.1890281 0.08275255 0.01223603 0.01683408
13 0.1499254 0.01610516 0.006016794 0.5887347 NaN 0.2063266 0.08155948 0.01291337 0.01795981
15 NaN 0.01733196 0.0062717 NaN NaN 0.1686603 0.07964373 0.01162786 0.01555409
18 0.1369907 0.01750069 0.006352933 0.5089272 NaN 0.1899755 0.07879914 0.01238456 0.01696844
19 0.2262709 0.01794301 0.00660263 0.8311964 NaN 0.1809776 0.08132855 0.01234374 0.01674902
20 0.1323687 0.01716229 0.006441405 0.4785491 NaN 0.1779506 0.08456943 0.01253773 0.01689708
25 NaN 0.01775845 0.00599903 NaN NaN 0.1702725 0.08092954 0.01144284 0.01547203
26 NaN 0.01672987 0.006208123 NaN NaN 0.1721825 0.07680807 0.01175262 0.0156921
27 NaN 0.01331811 0.00600143 NaN NaN 0.1902984 0.08292896 0.0129314 0.01769746
29 NaN 0.0170986 0.006030761 NaN NaN 0.1906109 0.08227817 0.01216464 0.016862
31 0.1333518 0.01716284 0.006308872 0.4931977 NaN 0.1791601 0.07889257 0.01206545 0.01637424
32 0.2051975 0.01696549 0.006299517 0.7800046 NaN 0.1951848 0.08189877 0.01273058 0.01745503
33 0.10484 0.01859696 0.006759997 0.3716224 NaN 0.1783975 0.0795783 0.01230652 0.01654447
34 1.654652 0.0159923 0.01288153 4.635302 1.671079 0.1771479 0.07629067 0.01164393 0.01572473
35 NaN 0.01529428 0.004271605 NaN NaN 0.1836307 0.08186898 0.01164209 0.01606807
36 0.09377926 0.01604082 0.006249857 0.4314795 NaN 0.1916298 0.07922473 0.01229208 0.01689376
38 NaN 0.01676556 0.006123065 0.1488097 NaN 0.1744948 0.08012012 0.01204883 0.01626524
40 NaN 0.01709296 0.005979392 0.1662527 NaN 0.1866331 0.07804263 0.01157616 0.01601823
44 0.4467708 0.01606742 0.005886149 1.839047 NaN 0.1843454 0.08118593 0.01260532 0.01714482
45 NaN 0.01704694 0.0062079 NaN NaN 0.1815761 0.07804955 0.01175975 0.01606787
46 NaN 0.01527705 0.006001998 NaN NaN 0.182566 0.07925271 0.01185291 0.01621524
48 0.2420974 0.01690535 0.006586676 0.8935933 NaN 0.1870903 0.07966573 0.01308272 0.01754487
50 0.374026 0.01816251 0.006489441 1.40723 NaN 0.1716973 0.08090462 0.01247722 0.01667633
51 0.8144555 0.01793139 0.008682379 2.173884 0.8740829 0.189469 0.07806492 0.01183496 0.01617668
52 0.3188342 0.01498076 0.006495291 0.8181213 0.3143948 0.1886308 0.07708924 0.01165899 0.01606208
53 0.0325058 0.01581046 0.00632329 0.2660159 NaN 0.1889012 0.0810118 0.01242183 0.01701381
54 0.08603346 0.0179009 0.00633165 0.3373244 NaN 0.1754574 0.0789976 0.01211534 0.01628546
55 NaN 0.01330432 0.005714885 NaN NaN 0.177448 0.07919709 0.01167887 0.01586757
56 0.4003995 0.01503281 0.00611853 1.642823 NaN 0.1745927 0.08040638 0.01195487 0.01612005
57 0.03678673 0.01680513 0.005949933 0.2677249 NaN 0.1826414 0.08129361 0.01215058 0.01658174
58 0.2639492 0.01535579 0.00676239 0.658668 0.3073057 0.1750311 0.07801344 0.01162987 0.01574768
59 0.1956609 0.01558622 0.00589738 0.6312236 0.1684001 0.173308 0.07650551 0.01130218 0.01529887
60 0.1201634 0.01677736 0.006441602 0.5033077 NaN 0.1924414 0.08019728 0.0124608 0.01710708
64 NaN 0.01507737 0.005946053 0.07608041 NaN 0.1913053 0.08090103 0.01236892 0.01694414
65 NaN 0.01695815 0.006255615 0.1702689 NaN 0.1693063 0.07807108 0.01159441 0.01551471
66 NaN 0.01511151 0.006145705 NaN NaN 0.1918197 0.08076138 0.01258055 0.01722212
67 NaN 0.01722014 0.005478637 NaN NaN 0.1695885 0.07773645 0.01135935 0.01534028
68 0.1837438 0.01647115 0.006187471 0.7456834 NaN 0.1825296 0.07838207 0.01221319 0.01645192
69 NaN 0.01690837 0.005953145 NaN NaN 0.1889393 0.07672364 0.01179775 0.01623387
70 0.1387267 0.01602607 0.006207906 0.5360027 NaN 0.1789866 0.08035114 0.01230043 0.01653845
71 0.2057212 0.01404117 0.006000394 0.6189314 0.1958173 0.1786854 0.0772244 0.01150809 0.01562138
72 NaN 0.01219319 0.005996729 NaN NaN 0.2206193 0.08180377 0.01460173 0.0204536
73 NaN 0.01594447 0.006078693 0.1825177 NaN 0.1800619 0.07997458 0.01191148 0.01619424
74 0.1524774 0.01378408 0.006187219 0.4221305 0.1739771 0.1807795 0.08087946 0.01172909 0.01598826
75 0.2636499 0.01662943 0.007097873 0.63655 0.2840358 0.1712167 0.07643795 0.0113452 0.01528578
76 0.3176165 0.01548686 0.007079191 0.8117448 0.3271129 0.1848354 0.08189393 0.01196819 0.01636843
78 0.4312108 0.01699427 0.006494939 1.282211 0.4314488 0.1818719 0.07979774 0.0120906 0.01643398
79 NaN 0.01637537 0.005290199 NaN NaN 0.1696517 0.08036015 0.01150799 0.01547242
80 NaN 0.01636766 0.005720084 NaN NaN 0.1828119 0.07957376 0.01215516 0.01652984
81 0.1337369 0.01473726 0.006044593 0.4766464 NaN 0.182874 0.08227566 0.01271477 0.01716704
84 0.06244315 0.01806977 0.006406588 0.2780604 NaN 0.1743947 0.07657371 0.01162565 0.01568006
85 0.05910772 0.01799328 0.006337925 0.3209162 NaN 0.1849826 0.07651406 0.01170968 0.01618306
87 1.300828 0.02059909 0.007076703 5.202594 0.1375916 0.2289012 0.08050661 0.01540407 0.02123693
88 NaN 0.01895603 0.006286922 NaN NaN 0.1703938 0.07764597 0.01140944 0.01529803
89 NaN 0.01342335 0.006230906 NaN NaN 0.1716688 0.08013886 0.01173088 0.01573025
90 0.2462324 0.01662776 0.006093936 0.9297393 NaN 0.1854088 0.07812263 0.01249427 0.01689259
91 NaN 0.01626238 0.005897661 0.1732425 NaN 0.1760995 0.0778951 0.01159381 0.01569754
92 0.4099779 0.01741311 0.006554163 1.526916 NaN 0.1869292 0.07979896 0.01287312 0.01744641
95 0.2753235 0.01591153 0.006151116 1.066857 NaN 0.177153 0.07912652 0.01231731 0.01645913
96 0.09072265 0.01660761 0.006150332 0.400671 NaN 0.1777805 0.07784722 0.01185353 0.01599698
97 NaN 0.01493215 0.004758596 NaN NaN 0.1755605 0.07882571 0.01122595 0.01524735
98 0.5556677 0.01703564 0.006358001 2.0469 NaN 0.1856263 0.07889716 0.013083 0.0175637
99 NaN 0.01607383 0.00534203 NaN NaN 0.190934 0.08039534 0.0118322 0.01648316
101 NaN 0.01426454 NaN NaN NaN 0.1599709 0.07870222 0.01078065 0.01409591
103 0.5976755 0.01394632 0.006007239 2.538819 NaN 0.1845632 0.07844608 0.01278957 0.01717213
104 NaN 0.01678579 0.00602928 NaN NaN 0.1681749 0.07440136 0.01149286 0.01536849
105 0.30619 0.01620599 0.006084495 1.134644 NaN 0.1851618 0.08621409 0.01284701 0.01740603
109 0.1176914 0.01650638 0.006078343 0.4613619 NaN 0.1867171 0.07708285 0.01216093 0.01649456
111 0.2147697 0.01597197 0.006562776 0.5737119 0.1916529 0.1859179 0.07822185 0.01153467 0.0159548
112 NaN 0.01736438 0.006274229 NaN NaN 0.1757176 0.07788018 0.01179894 0.01592578
113 0.137404 0.01813591 0.00640192 0.5372792 NaN 0.1697628 0.07936658 0.01183658 0.01572941
114 0.3583594 0.01982647 0.01004268 0.8425014 0.5569795 0.1738237 0.07820905 0.01208252 0.01632826
115 NaN 0.01787225 0.006370191 0.2286989 NaN 0.1621463 0.07714374 0.01141442 0.01503293
116 NaN 0.01506301 0.005677697 NaN NaN 0.1851107 0.07709478 0.01175041 0.01614492
118 0.07515934 0.01642128 0.006196907 0.3138541 NaN 0.1837293 0.08013945 0.01231888 0.01675381
124 0.1525821 0.01587461 0.006483955 0.4395413 0.2048664 0.166832 0.07703944 0.01101249 0.01476392
127 0.1465936 0.01691637 0.006388168 0.5638457 NaN 0.1739525 0.07945808 0.01196845 0.01600913
130 0.03420476 0.0120276 0.005906978 0.2696284 0.1378988 0.1755416 0.07827892 0.01124921 0.01540196
131 0.04067013 0.009032811 0.005627254 0.3042991 0.1256665 0.1753555 0.07642662 0.01127849 0.01532188
132 0.317887 0.01739568 0.007951815 0.7685139 0.3557006 0.1725583 0.07737236 0.01169954 0.01579855
133 0.08658229 0.01767485 0.006314825 0.3187593 NaN 0.1899817 0.07964327 0.01250516 0.01704037
138 0.3671431 0.01784376 0.006359058 1.41212 NaN 0.1831567 0.07926826 0.01276856 0.0171484
139 NaN 0.01764682 0.005644118 NaN NaN 0.1657443 0.08006433 0.01136674 0.01513499
140 0.6134454 0.01635887 0.006955234 1.61306 0.6045259 0.2121265 0.08080115 0.01351306 0.01927506
146 0.2790702 0.01601984 0.006776715 0.7527209 0.3090499 0.1688651 0.07684744 0.01115375 0.01505189
147 NaN 0.01491171 0.004899619 NaN NaN 0.1792333 0.07917192 0.01173632 0.01591299
149 NaN 0.01735077 0.006437958 0.1952412 NaN 0.1667222 0.07720511 0.01143746 0.01530915
150 NaN 0.01667602 0.006151959 0.1897236 NaN 0.1813302 0.0766254 0.01205026 0.01625619
153 0.01784279 0.01701479 0.006395131 0.2481018 NaN 0.1799849 0.08378398 0.01240814 0.01676176
154 0.1975923 0.01615627 0.00640737 0.5423639 0.1858441 0.1615923 0.07525489 0.01110039 0.01475343
160 0.2287641 0.01669701 0.006137971 0.8658238 NaN 0.1942095 0.08216806 0.01256849 0.01733444
163 0.1261567 0.01633436 0.006215124 0.4840035 NaN 0.1728838 0.07654886 0.01201815 0.01602554
164 NaN 0.009850184 0.005714702 NaN NaN 0.1973381 0.08053369 0.01351753 0.01841923
