4 26.65647 2.335945 -0.5111447 1.711536 3.75087 2.659344 -3.472356 -0.8820078 -0.09872521 0.2645556
5 27.16255 2.432391 -0.5350535 1.24827 1.597165 2 -3.708008 -0.8620942 -0.1071443 0.2800013
6 26.72274 2.29173 -0.5133496 1.45439 2.806942 2.593101 -3.757636 -0.6608383 -0.1223447 0.2900415
7 26.91287 2.39706 -0.5318221 1.193355 1.651846 2 -3.135524 -1.218338 -0.07975011 0.2406465
8 27.21732 2.358523 -0.5232397 1.471815 2.242681 2.31005 -3.325344 -1.106212 -0.09513604 0.2589756
9 27.12458 2.324736 -0.5037725 1.444805 2.386856 2.201783 -3.570681 -0.7540333 -0.09847856 0.2613529
11 27.05515 2.342486 -0.5350984 1.264877 1.693994 2.001211 -3.565445 -1.018254 -0.1026212 0.2718126
12 27.07009 2.343454 -0.5167076 1.461253 2.451325 2.365921 -3.615178 -1.193806 -0.1003974 0.2760078
13 26.73496 2.240359 -0.5030058 1.220292 2.628028 2.077646 -4.182913 -1.086801 -0.1078982 0.297891
15 27.05728 2.296216 -0.5214076 1.392906 2.457225 2.126494 -3.279571 -1.108315 -0.09901473 0.2589631
18 27.09102 2.409658 -0.5294228 1.25391 1.95566 2 -3.830661 -0.7571898 -0.1020952 0.2750374
19 27.00576 2.359479 -0.5273406 1.339922 1.993105 2 -3.350384 -1.023845 -0.09008869 0.256333
20 26.82121 2.227843 -0.5157377 1.574402 2.746124 2.649799 -3.542553 -1.492457 -0.1049603 0.2876105
25 27.05932 2.422437 -0.5348402 1.308457 2.028998 2 -3.471764 -1.166884 -0.1055514 0.2756152
26 27.3979 2.390538 -0.5292589 1.254692 1.273233 2 -3.285935 -0.9318924 -0.08706306 0.2403906
27 26.11433 2.297149 -0.4987871 1.771185 7.146226 2.974764 -3.668623 -1.190485 -0.1205956 0.2924691
29 27.55859 2.282244 -0.5274124 1.284162 1.306278 2 -3.786343 -1.317269 -0.1148952 0.2970574
31 27.22589 2.417523 -0.5296097 1.194067 1.600294 2 -3.604731 -0.9147171 -0.101714 0.2703005
32 27.10897 2.32887 -0.5125525 1.477478 2.856768 2.531468 -3.913664 -1.264679 -0.1132538 0.2935185
33 27.6598 2.286258 -0.5034612 1.606081 1.811582 2.628621 -3.523161 -0.9909851 -0.1125815 0.2783643
34 27.06127 2.297909 -0.5201927 1.479393 2.183145 2.349549 -3.703619 -0.7903598 -0.09372309 0.2572328
35 27.14279 2.412814 -0.542981 1.219592 1.65716 2 -3.512913 -1.16842 -0.08268018 0.2560899
36 26.8141 2.325544 -0.5182004 1.356763 2.524344 2.093751 -3.77311 -0.909351 -0.09162581 0.2638614
38 26.97043 2.306088 -0.5304518 1.274327 1.371791 2 -3.42159 -1.215582 -0.09978703 0.270335
40 27.44574 2.415368 -0.5301795 1.242804 1.232061 2 -3.851624 -0.8225158 -0.1024557 0.2746669
44 26.92381 2.420555 -0.5269431 1.40051 3.584851 2.371679 -3.485513 -0.9838774 -0.1115882 0.2781188
45 27.12456 2.410547 -0.5315816 1.392975 1.903893 2.05957 -3.716319 -0.844667 -0.1028061 0.2708734
46 27.26188 2.416786 -0.5319787 1.226686 1.708622 2 -3.650996 -1.018911 -0.09505986 0.2653257
48 27.38099 2.315199 -0.5085468 1.435182 1.739468 2.295975 -3.425 -1.169967 -0.1024418 0.2636887
50 27.12747 2.452378 -0.5253958 1.30391 1.832023 2 -3.011654 -1.057626 -0.1040574 0.2582318
51 27.48575 2.437184 -0.5381645 1.198821 1.296969 2 -4.042671 -0.7915894 -0.09216983 0.269144
52 27.63034 2.392483 -0.5383697 1.08312 1.543575 2 -3.937901 -0.7492304 -0.09634671 0.2668904
53 27.53106 2.388655 -0.5178185 1.365561 1.630533 2.09677 -3.877651 -1.187696 -0.1072503 0.2862624
54 26.86708 2.28572 -0.5169451 1.317118 2.0555 2 -3.585862 -0.6647502 -0.1019012 0.271941
55 27.18879 2.314339 -0.5062718 1.390101 2.434448 2.060585 -3.659464 -0.769275 -0.1093344 0.2766915
56 26.95473 2.30121 -0.5194624 1.297072 2.15901 2 -3.497456 -1.009644 -0.09961243 0.2672708
57 27.62078 2.384043 -0.5311907 1.279457 1.374664 2 -3.461965 -1.097466 -0.1027237 0.2712237
58 27.30844 2.367499 -0.5412636 1.196 1.516652 2 -3.486365 -1.032562 -0.09147708 0.2546609
59 26.71483 2.383645 -0.5410682 1.377459 2.019298 2.128639 -3.400069 -0.7486803 -0.07579193 0.2335759
60 27.14442 2.254257 -0.4985394 1.464809 2.972466 2.405377 -4.064516 -1.1497 -0.1203421 0.3012433
64 27.55315 2.385821 -0.5224619 1.318586 2.095915 2.159837 -3.775704 -1.217815 -0.1060769 0.2784748
65 26.60509 2.361832 -0.5325248 1.265669 1.74467 2 -3.202947 -0.9046578 -0.07110592 0.2300353
66 27.15497 2.31877 -0.5049703 1.467234 2.496247 2.473138 -3.653192 -0.8069263 -0.09667482 0.2668793
67 26.97823 2.479399 -0.5481028 1.191487 1.253675 2 -3.267556 -0.980903 -0.08175883 0.2408781
68 27.17508 2.340742 -0.5061758 1.276188 2.824602 2 -3.757958 -1.021294 -0.1137455 0.2802634
69 27.65263 2.389694 -0.5258809 1.379746 1.578007 2.279486 -3.913789 -0.8262417 -0.1020199 0.2701943
70 27.13649 2.27811 -0.5084406 1.317997 2.043111 2.107537 -3.618803 -1.166602 -0.1004766 0.2727385
71 27.26978 2.368465 -0.5254469 1.41038 1.948856 2.181549 -3.600708 -1.032082 -0.09172076 0.2525298
72 26.86684 2.267281 -0.4877367 1.780675 4.205427 2.928142 -3.701186 -0.8668177 -0.1190799 0.291511
73 27.11494 2.283342 -0.5147047 1.182339 1.612303 2 -3.471634 -1.13963 -0.09068102 0.2584444
74 27.29908 2.321882 -0.5327493 1.288842 1.460562 2.082697 -3.47066 -1.439721 -0.08722433 0.2566612
75 27.53965 2.382702 -0.5316098 1.578063 1.909018 2.544475 -3.430804 -0.8877397 -0.09332255 0.2478148
76 27.38495 2.399843 -0.5395275 1.214096 1.331108 2 -3.524522 -1.507074 -0.09178371 0.2632668
78 27.40351 2.388802 -0.5335238 1.271824 1.699624 2 -3.531293 -1.260277 -0.1051123 0.2694666
79 27.00984 2.338533 -0.5384629 1.393581 1.670049 2.286827 -3.232133 -1.323197 -0.08629112 0.250175
80 27.25032 2.351122 -0.5332562 1.347027 1.805722 2.155601 -3.460143 -0.9900812 -0.1002444 0.2654954
81 26.98006 2.280117 -0.5157665 1.156261 1.73822 2 -3.614279 -1.257085 -0.1053245 0.2846488
84 27.40883 2.371457 -0.5251237 1.322993 1.770065 2.025332 -3.600065 -0.6089643 -0.09678466 0.2578507
85 27.29642 2.425014 -0.5413076 1.202634 1.345567 2 -3.592326 -0.5848576 -0.09195423 0.2519371
87 27.06245 2.346912 -0.502871 1.63753 4.143085 2.826669 -3.826475 -0.9585619 -0.1172992 0.2882186
88 27.34264 2.378648 -0.5180557 1.627565 2.337699 2.415596 -3.395592 -0.9579866 -0.09716298 0.2542338
89 26.88372 2.336599 -0.5118548 1.387634 2.32507 2.197908 -3.360676 -1.057661 -0.0941073 0.2568515
90 26.76625 2.311244 -0.5084037 1.516422 3.068493 2.61354 -3.61264 -0.8585381 -0.1059339 0.2701638
91 27.64019 2.346229 -0.5274284 1.34724 1.795407 2.131785 -3.634512 -0.8073951 -0.09328028 0.2590381
92 27.21188 2.367393 -0.5122121 1.265865 2.182566 2.04458 -3.588213 -0.9648894 -0.1069276 0.2746049
95 27.05039 2.384823 -0.5162316 1.37806 2.620354 2.325842 -3.367913 -1.007647 -0.09781821 0.2573303
96 27.32331 2.412492 -0.5193506 1.282649 1.982263 2.059201 -3.547739 -1.000846 -0.09990325 0.260175
97 27.46261 2.29626 -0.5300684 1.252896 1.513304 2 -3.41887 -1.232078 -0.09357687 0.2545801
98 27.312 2.373257 -0.5160662 1.409195 2.17438 2.304671 -3.416342 -0.7528849 -0.1025981 0.2628441
99 27.34419 2.414758 -0.5469609 1.308432 1.450864 2.01663 -3.842926 -1.098467 -0.09504574 0.2758324
101 27.42369 2.401306 -0.5256806 1.200775 1.347263 2 -3.341662 -1.296305 -0.08937062 0.2505313
103 26.57297 2.256089 -0.4910018 1.511007 4.259955 2.395915 -3.826894 -0.9866647 -0.120303 0.2896956
104 27.10675 2.34696 -0.5168797 1.374885 1.502894 2.113047 -3.383174 -0.630515 -0.09649698 0.2461732
105 27.19138 2.33034 -0.5200298 1.435922 2.570351 2.119569 -3.443367 -1.289153 -0.1057062 0.2826618
109 27.27658 2.347941 -0.5099853 1.43938 2.617262 2.43963 -3.878248 -0.6298146 -0.1046504 0.2719368
111 27.38895 2.351843 -0.5252851 1.292237 1.680136 2 -3.816714 -1.006267 -0.1015948 0.2715197
112 26.95521 2.390503 -0.5216026 1.425719 2.114175 2.13528 -3.658654 -0.8365345 -0.1076135 0.2748956
113 27.09387 2.394302 -0.5116346 1.403433 2.563845 2.209142 -3.281199 -1.092963 -0.09599878 0.2533102
114 27.34807 2.436045 -0.5465368 1.172657 0.9570653 2 -3.258425 -0.9946106 -0.08393801 0.2441617
115 27.5018 2.422861 -0.5197422 1.284461 1.842804 2 -3.242128 -1.10762 -0.09583477 0.247912
116 26.97423 2.289012 -0.5286537 1.185128 1.302233 2 -3.826396 -0.6416242 -0.0867019 0.2581733
118 27.25121 2.377023 -0.5246918 1.213072 1.479356 2 -3.522505 -0.9841629 -0.09750299 0.2671197
124 27.35396 2.433308 -0.5432442 1.099191 1.213697 2 -3.314678 -0.9142065 -0.07078854 0.2270523
127 27.00062 2.282941 -0.5058879 1.435516 2.533787 2.144116 -3.469697 -0.8943157 -0.09274737 0.2596782
130 27.16459 2.522538 -0.5670489 1.058142 0.95256 2 -3.476935 -0.9599616 -0.07799928 0.2454083
131 27.18296 2.434984 -0.5554159 1.105643 1.206648 2 -3.494218 -0.8520338 -0.07750962 0.2375142
132 27.55498 2.407642 -0.5321478 1.217939 1.028679 2 -3.232466 -1.127913 -0.08927616 0.2398489
133 27.46323 2.317674 -0.5067931 1.409816 2.298898 2.445521 -3.586568 -1.036126 -0.1000408 0.2661223
138 27.31273 2.321205 -0.508443 1.680355 3.289768 3.025862 -3.437304 -0.9629364 -0.110589 0.2698334
139 27.58123 2.446425 -0.5328915 1.204766 1.304294 2 -3.290227 -1.261659 -0.09441619 0.2576758
140 27.16364 2.423635 -0.5429261 1.179048 1.462563 2 -3.788094 -0.8610906 -0.1054298 0.2825666
146 27.49014 2.469857 -0.541427 1.290149 1.735745 2 -3.44151 -0.9839042 -0.09129878 0.2483777
147 27.21159 2.312492 -0.5185819 1.15733 1.481903 2 -3.535741 -1.118279 -0.08916793 0.2550546
149 27.31946 2.464682 -0.5397738 1.359774 1.463298 2 -3.438703 -0.7232735 -0.1041991 0.2644173
150 27.41832 2.368863 -0.5096744 1.356791 2.138708 2.192828 -3.775058 -0.7529259 -0.1064025 0.2682828
153 27.11348 2.37503 -0.5164117 1.202151 1.488879 2 -3.265164 -1.334141 -0.08315462 0.2514903
154 27.13277 2.474056 -0.5416288 1.192448 1.564947 2 -3.370831 -0.7424081 -0.09397268 0.2478919
160 27.56463 2.31811 -0.5120029 1.45647 2.266796 2.373209 -3.514688 -1.195046 -0.1070825 0.2739432
163 27.03418 2.347004 -0.5172593 1.30542 2.320569 2.144167 -3.668903 -0.6215089 -0.1016481 0.2655362
164 25.95839 2.246676 -0.4909662 1.431918 4.950776 2.259787 -3.921973 -0.7765508 -0.1258774 0.3054826
