4 NaN 0.008907503 0.005334632 NaN 0.05367444 0.1585519 0.1857984 0.08051309 0.01216373 0.01671409
5 0.2371224 0.01059271 0.00806742 0.4453205 0.05253487 0.1691035 0.1846178 0.07974775 0.01229815 0.0168064
6 0.50027 0.009709792 0.007766694 1.222371 0.04179548 0.1999432 0.1914597 0.07746855 0.01298813 0.01771228
7 0.1216345 0.003006762 0.00568487 0.2427937 0.03227177 0.1111814 0.1668204 0.08043571 0.0116332 0.01550956
8 0.1929477 0.01283315 0.006523165 0.4100704 0.04473499 0.1458657 0.1765705 0.08070306 0.01211169 0.01632669
9 0.3644174 0.01038347 0.007864579 0.805718 0.04300185 0.1771393 0.1827762 0.07824646 0.01255069 0.01690881
11 0.07776559 NaN 0.005815688 0.2354127 0.03622337 0.1061277 0.1817189 0.07907092 0.01204864 0.01644604
12 0.2195856 0.01165059 0.006249159 0.5073854 0.0448549 0.1497518 0.1827336 0.08234153 0.01217128 0.01660166
13 0.5905747 0.01085652 0.008899692 1.225812 0.03696354 0.1931042 0.215828 0.08172226 0.013683 0.01917389
15 0.1617871 NaN 0.006064065 0.4002537 0.04096566 0.1189335 0.1709901 0.07944765 0.01186315 0.01587027
18 0.1625367 0.006931798 0.006112497 0.3341819 0.03545508 0.1096446 0.1865669 0.07864507 0.01206999 0.01656177
19 0.2275252 0.01169254 0.00737198 0.4661991 0.03925906 0.1172371 0.1777428 0.0811255 0.01212469 0.01642466
20 NaN 0.009447158 NaN NaN 0.04693282 NaN 0.1695535 0.08588659 0.01154204 0.01543881
25 0.1942249 0.01110873 0.006825543 0.4011138 0.04020894 0.113469 0.1739988 0.08155421 0.01166409 0.01581334
26 0.04002977 NaN 0.005783627 0.1674699 0.03090963 0.1101343 0.169955 0.07670565 0.01137209 0.0152766
27 NaN 0.008643906 0.005827691 NaN 0.05865945 0.2042181 0.1972771 0.08291727 0.01325712 0.01820193
29 0.08689496 0.01028981 0.006241047 0.1776657 0.03750002 0.1096498 0.1913788 0.08266683 0.01237895 0.01713348
31 0.1436848 0.006979709 0.006418558 0.2907058 0.0328883 0.1140491 0.182071 0.0794133 0.01210372 0.01645208
32 0.3568382 0.01062696 0.007202895 0.7931543 0.04798879 0.2085844 0.1979488 0.0820078 0.01277301 0.01763364
33 0.1322668 0.01161101 0.006432971 0.3356848 0.05024325 0.1967045 0.1792042 0.07973232 0.01225408 0.01654912
34 0.169806 0.005115736 0.006151416 0.3866406 0.04066371 0.1374394 0.1816306 0.07670409 0.01173061 0.01594068
35 0.06279819 NaN 0.005751912 0.2342538 0.03348354 0.1053198 0.1785378 0.08154761 0.01158321 0.01582448
36 0.3071909 0.00733625 0.006753721 0.669632 0.04070387 0.1369031 0.1871628 0.07881977 0.01217079 0.01665152
38 0.09762058 0.008147521 0.006345193 0.2131845 0.03823816 0.1118412 0.1812164 0.08088774 0.0123565 0.0168176
40 0.08946333 0.01173659 0.006402801 0.1752306 0.03487176 0.1156036 0.1900334 0.07809541 0.01180633 0.01638304
44 0.5329105 0.01054496 0.007409094 1.328124 0.04580069 0.1554409 0.1822363 0.08074372 0.01254044 0.01698975
45 0.144164 0.004382856 0.006401005 0.3141851 0.04327593 0.1174114 0.1831308 0.07827647 0.01175895 0.01613489
46 0.1149108 NaN 0.006324421 0.2486038 0.03673374 0.1081135 0.181165 0.07954232 0.01173964 0.01601915
48 0.1547256 0.01324256 0.006970132 0.3047224 0.04686574 0.1541291 0.1786291 0.07916767 0.01232538 0.01655301
50 0.1874637 0.01537334 0.007931349 0.3838618 0.04340691 0.1301337 0.159986 0.07975624 0.01199548 0.01573153
51 0.108604 NaN 0.005873014 0.2016616 0.02841862 0.1200708 0.1932359 0.07819596 0.01153526 0.01609954
52 0.0898741 NaN 0.005605871 0.2065406 0.0292712 0.135281 0.1888413 0.07727282 0.01170296 0.01615776
53 0.1098494 0.007484698 0.00617982 0.248114 0.03792956 0.1191515 0.1906961 0.0811309 0.01238516 0.01699203
54 0.2220494 0.01265964 0.007020922 0.4517375 0.0415855 0.1209736 0.1806348 0.07918848 0.01259953 0.01694317
55 0.2836377 0.01138675 0.007266321 0.6163994 0.04432713 0.127065 0.1802802 0.07898817 0.01226865 0.01654221
56 0.2964829 0.008578195 0.007097713 0.6058992 0.04065742 0.1227084 0.1800551 0.08041376 0.01203247 0.01644108
57 0.0833028 0.01092093 0.006111834 0.1836656 0.03902681 0.1134622 0.18279 0.08116603 0.01219636 0.01661481
58 0.03903097 NaN 0.005571019 0.1904697 0.02996786 0.1052262 0.1775735 0.07814951 0.01146915 0.01566226
59 0.08929811 NaN 0.005866315 0.2636708 0.03864838 0.1134145 0.1714902 0.07639014 0.01135538 0.01531233
60 0.2039508 0.005920355 0.006154202 0.565041 0.03944833 0.1574041 0.1947696 0.08064691 0.01260278 0.01732426
64 0.1723177 0.009680629 0.006226532 0.3605563 0.0383108 0.1367815 0.1895738 0.08039702 0.01229378 0.01679531
65 0.1458313 0.007231948 0.006556922 0.3140216 0.03617719 0.1163501 0.1664979 0.07833556 0.01148486 0.01534251
66 NaN 0.01219959 NaN NaN 0.04511462 NaN 0.1796706 0.07978398 0.01199491 0.01608923
67 0.08680016 NaN 0.006257931 0.1794046 0.03085678 0.1439491 0.1685142 0.0779255 0.01136799 0.01530748
68 0.4336933 0.01043382 0.007640399 0.9306887 0.03815709 0.1332213 0.1870782 0.07877895 0.01239381 0.01684785
69 0.07671388 0.00773263 0.005979126 0.205463 0.03808087 0.1315687 0.1880476 0.07700713 0.01178331 0.01620218
70 0.1743435 0.007691845 0.006282606 0.4009032 0.03888273 0.1302522 0.1821437 0.08063374 0.01247603 0.0168364
71 0.09849108 NaN 0.006118641 0.2788707 0.0408594 0.1256182 0.1792155 0.07744625 0.01163523 0.01575587
72 NaN 0.01117222 0.00564682 NaN 0.05646777 0.2049794 0.2095166 0.08177153 0.0140072 0.01945113
73 0.1056834 NaN 0.005978342 0.2729914 0.03177606 0.1179164 0.1777952 0.0800234 0.01204881 0.0162712
74 0.03832387 NaN 0.005619096 0.2202276 0.03748452 0.1195733 0.180746 0.08124252 0.01177472 0.01606982
75 0.06237879 NaN 0.00581972 0.2579411 0.04316863 0.1432567 0.1722264 0.07650246 0.01128106 0.01521838
76 NaN NaN 0.005534372 0.1658488 0.02919782 0.1074958 0.1813328 0.08193223 0.0118198 0.01611056
78 0.09704101 0.004807731 0.006149126 0.2186557 0.03515053 0.1122926 0.1777898 0.07961782 0.0115814 0.01575868
79 0.05707575 NaN 0.005741677 0.2292038 0.04005751 0.1258705 0.1692279 0.08061188 0.01152649 0.01552406
80 0.1005131 NaN 0.005682696 0.2664568 0.04068203 0.1185354 0.1834113 0.0794684 0.01213761 0.01662548
81 0.1925254 0.009063202 0.00681599 0.3542267 0.03730872 0.125545 0.1880278 0.08278384 0.01294281 0.01757429
84 0.1210569 0.009801323 0.006025963 0.2594406 0.03914212 0.114769 0.1773039 0.07697391 0.01170166 0.01586293
85 0.06874338 NaN 0.006023156 0.1923181 0.02968303 0.1116646 0.1770383 0.07634167 0.011506 0.01568933
87 NaN 0.0114468 0.005483064 NaN 0.05014579 0.1854481 0.1948259 0.08008451 0.01268689 0.01735567
88 0.1591683 0.01527668 0.006600148 0.3829396 0.04738693 0.1552206 0.1748549 0.07813967 0.01156429 0.01563483
89 0.8202983 0.01244472 0.01402768 1.756856 0.04226949 0.2769273 0.1828239 0.07951943 0.01284566 0.01730812
90 2.933452 0.01482362 0.03235483 7.354533 0.05431549 0.9623318 0.2911828 0.07852899 0.02040577 0.02904771
91 0.1060772 0.007271601 0.005857422 0.2737112 0.03877746 0.1216233 0.18264 0.07838104 0.01179641 0.01606934
92 0.2280296 0.01126591 0.006884777 0.4380905 0.03897187 0.1316148 0.179351 0.07989019 0.01231991 0.01659047
95 0.2917343 0.01090992 0.007102645 0.6736837 0.04103437 0.1624571 0.1755889 0.07917172 0.01221404 0.01632922
96 0.1611089 0.01022545 0.006132276 0.3251185 0.03754101 0.1204867 0.1773799 0.07791899 0.01190534 0.01601023
97 0.06592204 NaN 0.005667199 0.182496 0.03744203 0.1052086 0.1757309 0.078829 0.01160982 0.01566778
98 0.1814805 0.01081066 0.006447531 0.4169949 0.04440676 0.1455071 0.1710827 0.0785058 0.01204095 0.01600643
99 0.05741872 NaN 0.005673677 0.198725 0.03932752 0.1099392 0.1914375 0.08099943 0.01192747 0.01654721
101 0.05215767 NaN 0.005823578 0.1830571 0.02858821 0.1088589 0.1751176 0.07971612 0.01172481 0.01579847
103 NaN NaN 0.004962018 NaN 0.04910586 0.1343146 0.1934312 0.07921511 0.01290403 0.01758812
104 0.08276282 0.008754644 0.006280967 0.1977683 0.03768795 0.1184313 0.1669257 0.07437053 0.01148661 0.01530599
105 0.4566686 0.01249513 0.007739438 1.06066 0.0484407 0.1446948 0.2006177 0.08718083 0.01370622 0.01895084
109 0.2735508 0.01095615 0.007091719 0.6324158 0.04450984 0.1791031 0.1921662 0.0774788 0.0123221 0.01691815
111 0.118148 NaN 0.006207378 0.2478684 0.03672064 0.1082702 0.1903979 0.07861846 0.01182349 0.01637911
112 0.1654109 0.01151383 0.006515695 0.3428606 0.04375424 0.1271983 0.1834232 0.07870404 0.01209846 0.0165761
113 NaN 0.01284404 NaN NaN NaN NaN 0.1002884 0.07902975 0.001000918 NaN
114 NaN NaN 0.005840276 0.1232927 0.03073354 0.1193822 0.1699386 0.07840477 0.01144357 0.01538132
115 0.1285139 0.008876102 0.006495736 0.2808544 0.0380096 0.1150511 0.1656031 0.07811147 0.01155751 0.01530397
116 0.06816767 NaN 0.006089382 0.2112516 0.03127141 0.1133868 0.1874818 0.07717396 0.01190932 0.01637417
118 0.1130782 0.01036118 0.006118218 0.2182735 0.03548751 0.1108387 0.1789306 0.08005259 0.01213493 0.0164163
124 NaN NaN 0.006114999 0.172899 0.04834272 0.2945828 0.1673137 0.07697938 0.01107393 0.0148208
127 1.12259 0.01179198 0.01824822 2.381758 0.0458222 0.2715599 0.1959116 0.0803363 0.01351549 0.01851787
130 NaN 0.02619567 0.006119171 0.07777616 0.02728092 0.1528809 0.1775903 0.07852117 0.0112983 0.01551636
131 NaN NaN 0.004365201 0.1187467 0.02575957 0.1325596 0.1756411 0.07657252 0.0111369 0.01518578
132 NaN NaN 0.006242706 0.129231 0.0310049 0.1350337 0.1648919 0.0767716 0.01120731 0.01490669
133 0.2075829 0.01185426 0.006853922 0.4378505 0.04707497 0.1923525 0.1874733 0.07975142 0.01266145 0.017139
138 NaN 0.01170941 NaN NaN 0.05372076 NaN 0.1752973 0.07891046 0.0117839 0.01587073
139 0.06457297 NaN 0.006045332 0.1836658 0.0365408 0.1341531 0.1719994 0.08076744 0.01179567 0.01578386
140 0.09081229 NaN 0.006140914 0.2081051 0.03323565 0.1409285 0.1911016 0.08047369 0.01240392 0.01714447
146 0.05332146 NaN 0.006184025 0.2476133 0.03266763 0.1109116 0.1720768 0.07739733 0.01117328 0.0151054
147 0.0927949 NaN 0.006092426 0.2044301 0.03411215 0.1552929 0.1828333 0.07904092 0.01200629 0.01635301
149 0.09385094 NaN 0.006411586 0.221747 0.04040978 0.1026923 0.167752 0.07756875 0.0113761 0.01527092
150 0.1759014 0.009680085 0.006619193 0.371395 0.03919685 0.1276779 0.1844599 0.07668869 0.01227799 0.016571
153 0.1604969 0.01097604 0.006672516 0.3009445 0.04726457 0.1681532 0.1745543 0.08308151 0.01219153 0.01629945
154 0.06142184 NaN 0.00592579 0.2403587 0.03655055 0.1650584 0.1664852 0.07587354 0.01119863 0.01500312
160 0.1515797 0.01123734 0.005848617 0.3543433 0.04143341 0.1414042 0.1900809 0.08184958 0.01255839 0.01720333
163 0.2074566 0.005308198 0.006301436 0.4493049 0.03884748 0.123207 0.1774484 0.07697414 0.01216255 0.01627082
164 NaN NaN 0.005487448 NaN 0.04499136 0.141145 0.2022907 0.08083265 0.013537 0.01861957
