4 50.0859 49.4305
5 49.99507 48.33687
6 47.02106 46.8339
7 45.60307 44.77896
8 48.54357 47.20621
9 49.76575 49.68099
11 49.44064 50.10106
12 50.2685 50.98317
13 50.59042 51.96252
15 48.76385 49.1679
18 49.64353 47.87926
19 47.89021 48.24726
20 47.17618 46.42339
25 50.90899 48.39198
26 48.68619 48.36897
27 53.49624 50.75912
29 49.88091 49.78664
31 50.10466 46.29998
32 54.32406 53.72919
33 49.88646 49.19366
34 51.67426 50.09398
35 48.62184 49.10611
36 49.71418 50.12903
38 43.83438 42.80609
40 50.00714 48.70682
44 52.49409 50.94586
45 50.88476 49.14827
46 51.30751 47.79052
48 51.67066 52.20243
50 46.73108 47.20347
51 51.97917 51.44626
52 54.86227 54.68733
53 52.96825 49.41088
54 44.13189 44.64339
55 48.01196 47.07777
56 48.86009 48.55838
57 49.59406 49.71732
58 50.29327 48.80547
59 47.91669 47.93701
60 53.84042 52.36166
64 56.38731 55.40822
65 44.13014 43.98862
66 50.4351 51.28348
67 47.56086 45.94549
68 55.08364 54.75728
69 54.51708 54.22799
70 49.30215 49.35059
71 54.98796 54.08934
72 49.70758 49.77381
73 48.33466 49.30328
74 49.86738 50.98526
75 54.10945 53.21827
76 51.02904 51.64387
78 56.65785 56.68067
79 46.36246 45.40922
80 49.55017 50.15621
81 47.12342 45.30848
84 50.98709 49.19796
85 47.50572 47.13074
87 57.07613 57.03599
88 52.82067 51.81775
89 49.04554 49.22573
90 50.82342 51.23225
91 53.8656 50.34298
92 52.57998 49.9903
95 51.31534 51.12085
96 55.64559 53.8641
97 52.00835 51.9424
98 51.38445 49.81841
99 51.55039 48.96121
101 51.56765 49.68206
103 52.85252 51.29349
104 47.40205 45.85914
105 48.58109 46.91087
109 54.4406 54.72734
111 54.17257 53.86455
112 48.39608 47.65077
113 51.83364 52.37075
114 48.18683 46.18908
115 54.15977 52.87711
116 44.82191 44.40956
118 47.69198 46.97832
124 50.66576 50.56217
127 50.1571 49.53245
130 48.28706 46.69475
131 49.67585 48.49127
132 50.01692 49.6516
133 54.16561 54.76315
138 54.20803 54.55705
139 50.1029 48.94652
140 47.56172 47.28568
146 54.77603 51.74883
147 49.38125 49.52465
149 48.19833 44.53597
150 54.23021 53.53809
153 47.40751 47.20831
154 50.08544 47.43302
160 53.57209 54.32871
163 50.60077 48.6586
164 48.47353 46.77076
