4 300400004
5 300400005
6 300400006
7 300400007
8 300400008
9 300400009
11 300400011
12 300400012
13 300400013
15 300400015
18 300400018
19 300400019
20 300400020
25 300400025
26 300400026
27 300400027
29 300400029
31 300400031
32 300400032
33 300400033
34 300400034
35 300400035
36 300400036
38 300400038
40 300400040
44 300400044
45 300400045
46 300400046
48 300400048
50 300400050
51 300400051
52 300400052
53 300400053
54 300400054
55 300400055
56 300400056
57 300400057
58 300400058
59 300400059
60 300400060
64 300400064
65 300400065
66 300400066
67 300400067
68 300400068
69 300400069
70 300400070
71 300400071
72 300400072
73 300400073
74 300400074
75 300400075
76 300400076
78 300400078
79 300400079
80 300400080
81 300400081
84 300400084
85 300400085
87 300400087
88 300400088
89 300400089
90 300400090
91 300400091
92 300400092
95 300400095
96 300400096
97 300400097
98 300400098
99 300400099
101 300400101
103 300400103
104 300400104
105 300400105
109 300400109
111 300400111
112 300400112
113 300400113
114 300400114
115 300400115
116 300400116
118 300400118
124 300400124
127 300400127
130 300400130
131 300400131
132 300400132
133 300400133
138 300400138
139 300400139
140 300400140
146 300400146
147 300400147
149 300400149
150 300400150
153 300400153
154 300400154
160 300400160
163 300400163
164 300400164
