1 2216.835 2217.883 2205.388 2244.234 2247.754 2241.508
2 2257.044 2282.942 2268.668 2375.26 2379.092 2366.599
3 2184.321 2204.256 2192.464 2237.764 2245.087 2235.12
4 2033.685 2053.829 2049.735 2130.358 2149.923 2149.901
5 2196.39 2214.007 2205.371 2233.157 2254.653 2238.765
6 2394.936 2388.847 2382.299 2469.004 2467.869 2470.028
7 1879.235 1895.31 1916.077 1928.82 1947.493 1961.076
8 1985.764 2003.51 2011.567 2027.691 2046.376 2052.619
9 2232.22 2243.978 2231.053 2276.14 2277.352 2270.92
10 2206.386 2222.661 2203.737 2242.592 2270.122 2260.155
11 2038.736 2050.742 2060.051 2107.643 2117.382 2118.838
12 2067.705 2079.474 2073.392 2082.583 2090.586 2086.392
13 2112.921 2128.607 2125.269 2163.481 2175.48 2182.929
14 2326.059 2332.743 2334.349 2418.893 2424.411 2420.269
15 2222.243 2240.456 2226.23 2249.116 2251.492 2246.958
16 2125.972 2139.798 2125.721 2129.836 2147.92 2134.244
17 2127.616 2154.262 2138.698 2231.635 2255.65 2245.941
18 1990.393 2009.111 2007.19 2011.069 2029.749 2023.348
19 2048.118 2058.461 2051.136 2097.575 2106.111 2094.856
20 2181.967 2214.084 2189.367 2214.091 2238.301 2219.705
21 2185.906 2201.138 2203.689 2227.102 2245.548 2244.194
22 1996.084 2035.367 2029.186 2107.224 2129.848 2128.284
23 2012.415 2030.825 2014.564 2064.281 2080.759 2075.992
24 2086.579 2111.414 2100.832 2127.689 2132.935 2116.163
25 2147.777 2139.352 2145.045 2173.919 2170.498 2165.34
26 1973.704 1994.392 2003.084 2028.813 2048.659 2057.489
27 1997.619 2014.889 2012.208 2053.513 2065.519 2061.924
28 2014.183 2031.741 2029.261 2054.06 2058.298 2062.962
29 2088.354 2100.47 2088.683 2110.465 2127.48 2115.548
30 2079.09 2102.303 2095.547 2092.63 2109.828 2097.246
31 2031.054 2050.072 2057.694 2059.395 2064.132 2065.28
32 2143.592 2166.148 2167.391 2213.682 2240.057 2237.871
33 2006.902 1978.24 1976.198 2120.613 2097.238 2097.25
34 2204.461 2196.55 2203.734 2211.371 2222.811 2226.58
35 2133.85 2160.807 2146.338 2155.363 2175.091 2164.356
36 2159.937 2171.438 2176.603 2186.581 2192.212 2197.939
37 2100.405 2115.101 2108.88 2150.317 2160.751 2158.127
38 1847.389 1885.173 1904.993 1881.946 1910.708 1926.255
39 2152.134 2158.588 2147.857 2170.592 2188.351 2178.128
40 2087.826 2116.571 2107.067 2156.158 2178.189 2168.155
41 2241.259 2269.795 2249.138 2334.932 2344.193 2334.5
42 2249.354 2264.345 2263.251 2269.796 2280.813 2280.593
43 2350.67 2361.506 2353.232 2393.295 2395.911 2398.534
44 2211.911 2220.714 2211.295 2245.894 2261.743 2248.947
45 2142.971 2160.145 2162.597 2164.009 2177.952 2176.312
46 2103.053 2111.201 2106.521 2173.262 2181.746 2171.432
47 1942.247 1955.024 1954.231 2004.811 2022.792 2020.102
48 2217.728 2219.398 2229.876 2247.558 2254.485 2261.44
49 2111.161 2133.806 2146.929 2171.155 2186.961 2196.866
50 2074.211 2090.723 2083.666 2096.954 2109.829 2101.396
51 2136.517 2157.254 2154.384 2206.467 2210.827 2202.915
52 2097.87 2109.862 2109.308 2153.986 2162.279 2155.513
53 2252.273 2300.558 2285.357 2324.979 2346.041 2326.066
54 2229.87 2246.908 2243.456 2296.951 2303.326 2303.908
55 2195.016 2192.168 2194.588 2227.913 2228.931 2224.774
56 2015.506 2037.072 2028.067 2045.984 2065.705 2057.299
57 2165.952 2180.141 2173.368 2179.212 2189.253 2180.477
58 1969.443 1991.929 1988.33 1997.017 2019.732 2017.383
59 2231.199 2251.417 2243.749 2278.91 2294.433 2294.606
60 2203.612 2210.174 2210.389 2215.797 2218.331 2222.962
61 1949.758 1974.552 1973.498 1971.332 1999.175 1988.716
62 2038.05 2083.235 2074.533 2072.379 2107.175 2095.549
63 2131.691 2151.961 2148.071 2185.17 2202.399 2196.187
64 1942.333 1958.994 1954.214 1990.647 2010.749 2001.116
65 2103.66 2133.637 2114.399 2125.075 2145.345 2134.819
66 2144.735 2165.903 2164.98 2214.704 2232.293 2221.56
67 2029.36 2054.7 2061.728 2076.448 2098.449 2104.193
68 2311.969 2317.558 2303.182 2341.749 2350.05 2335.987
69 2149.262 2163.484 2156.374 2186.396 2199.298 2191.4
70 2143.27 2150.421 2146.794 2161.452 2164.478 2162.517
71 2152.864 2161.697 2165.576 2211.459 2222.254 2233.377
72 2249.275 2272.049 2250.28 2260.471 2285.503 2267.095
73 2063.305 2075.951 2078.198 2084.829 2098.205 2094.035
74 2142.16 2152.402 2156.362 2157.756 2170.741 2176.547
75 2035.433 2056.479 2040.43 2078.452 2089.721 2083.701
76 2119.483 2137.901 2134.988 2173.74 2188.293 2179.106
77 2157.757 2187.263 2173.449 2246.355 2271.385 2263.267
78 2170.762 2187.402 2195.269 2212.241 2229.726 2228.531
79 2133.108 2164.729 2138.599 2155.268 2184.598 2168.811
80 2174.987 2198.261 2180.291 2203.547 2215.526 2199.149
81 2156.956 2166.026 2184.139 2172.877 2185.524 2193.019
82 2115.983 2135.342 2125.658 2142.155 2167.644 2161.793
83 2094.236 2107.873 2105.362 2154.376 2154.019 2153.991
84 2131.87 2151.467 2149.893 2184.289 2198.246 2206.827
85 2078.857 2107.236 2092.797 2112.081 2137.784 2123.965
86 2161.737 2180.246 2164.929 2195.047 2211.149 2205.996
87 1962.063 2008.661 2009.521 2031.432 2045.253 2049.478
88 1981.883 2014.902 2017.086 2044.687 2058.428 2053.207
89 2269.066 2271.818 2273.925 2301.78 2302.034 2301.479
90 2099.863 2124.595 2126.194 2181.677 2179.351 2186.141
91 2095.928 2124.683 2113.291 2136.543 2158.246 2150.786
92 2118.017 2144.442 2135.19 2149.706 2156.93 2155.726
93 2175.421 2196.665 2193.677 2227.294 2240.065 2236.088
94 2214.707 2236.381 2232.926 2301.049 2311.258 2312.947
95 2244.211 2242.903 2243.792 2264.943 2263.758 2262.428
96 2235.123 2257.926 2251.675 2280.472 2295.885 2291.277
97 2088.239 2099.071 2088.399 2127.942 2147.492 2148.232
98 2149.081 2173.118 2164.102 2213.151 2229.266 2213.662
99 2129.136 2152.316 2145.287 2153.213 2155.312 2142.831
100 2165.492 2183.351 2166.066 2228.55 2247.332 2235.166
