1 2235.956 2235.092 2218.772 2263.354 2264.963 2254.892
2 2276.164 2300.151 2282.052 2394.38 2396.3 2379.984
3 2203.441 2221.464 2205.848 2256.884 2262.295 2248.504
4 2052.805 2071.038 2063.119 2149.478 2167.131 2163.285
5 2215.51 2231.215 2218.755 2252.277 2271.861 2252.149
6 2414.056 2406.055 2395.683 2488.125 2485.078 2483.412
7 1898.356 1912.518 1929.461 1947.94 1964.701 1974.46
8 2004.884 2020.718 2024.951 2046.811 2063.584 2066.003
9 2251.34 2261.186 2244.437 2295.261 2294.56 2284.304
10 2225.506 2239.87 2217.121 2261.712 2287.33 2273.539
11 2057.857 2067.951 2073.435 2126.763 2134.59 2132.223
12 2086.826 2096.682 2086.776 2101.703 2107.795 2099.776
13 2132.041 2145.816 2138.653 2182.601 2192.688 2196.313
14 2345.179 2349.952 2347.734 2438.013 2441.619 2433.654
15 2241.363 2257.664 2239.614 2268.236 2268.701 2260.342
16 2145.092 2157.006 2139.105 2148.957 2165.128 2147.628
17 2146.736 2171.47 2152.082 2250.755 2272.858 2259.325
18 2009.514 2026.32 2020.574 2030.189 2046.957 2036.732
19 2067.238 2075.669 2064.52 2116.695 2123.319 2108.24
20 2201.087 2231.292 2202.751 2233.211 2255.509 2233.09
21 2205.026 2218.346 2217.073 2246.223 2262.756 2257.579
22 2015.205 2052.576 2042.57 2126.344 2147.057 2141.669
23 2031.535 2048.033 2027.949 2083.401 2097.967 2089.376
24 2105.699 2128.623 2114.216 2146.809 2150.143 2129.547
25 2166.897 2156.56 2158.43 2193.039 2187.706 2178.725
26 1992.825 2011.6 2016.468 2047.933 2065.867 2070.873
27 2016.739 2032.097 2025.592 2072.633 2082.727 2075.308
28 2033.303 2048.949 2042.645 2073.18 2075.506 2076.346
29 2107.474 2117.678 2102.067 2129.586 2144.689 2128.932
30 2098.21 2119.511 2108.932 2111.751 2127.036 2110.63
31 2050.174 2067.28 2071.078 2078.516 2081.341 2078.665
32 2162.713 2183.356 2180.775 2232.802 2257.265 2251.255
33 2026.023 1995.449 1989.582 2139.733 2114.447 2110.634
34 2223.581 2213.758 2217.118 2230.491 2240.02 2239.965
35 2152.97 2178.015 2159.722 2174.484 2192.299 2177.74
36 2179.057 2188.646 2189.987 2205.701 2209.42 2211.323
37 2119.526 2132.309 2122.264 2169.437 2177.959 2171.512
38 1866.509 1902.381 1918.377 1901.066 1927.916 1939.639
39 2171.255 2175.796 2161.241 2189.712 2205.559 2191.512
40 2106.946 2133.779 2120.451 2175.279 2195.398 2181.539
41 2260.379 2287.003 2262.522 2354.053 2361.402 2347.884
42 2268.474 2281.553 2276.635 2288.916 2298.021 2293.977
43 2369.791 2378.714 2366.616 2412.415 2413.119 2411.918
44 2231.031 2237.922 2224.679 2265.014 2278.952 2262.331
45 2162.092 2177.353 2175.981 2183.13 2195.161 2189.696
46 2122.173 2128.41 2119.905 2192.382 2198.955 2184.816
47 1961.367 1972.233 1967.615 2023.931 2040 2033.486
48 2236.848 2236.606 2243.261 2266.678 2271.693 2274.824
49 2130.282 2151.014 2160.313 2190.275 2204.169 2210.25
50 2093.332 2107.931 2097.05 2116.074 2127.037 2114.78
51 2155.637 2174.462 2167.768 2225.587 2228.035 2216.299
52 2116.99 2127.07 2122.692 2173.107 2179.487 2168.897
53 2271.394 2317.767 2298.741 2344.1 2363.25 2339.451
54 2248.99 2264.116 2256.84 2316.071 2320.535 2317.292
55 2214.136 2209.376 2207.973 2247.033 2246.139 2238.158
56 2034.626 2054.28 2041.451 2065.104 2082.913 2070.684
57 2185.072 2197.349 2186.752 2198.332 2206.461 2193.861
58 1988.563 2009.137 2001.714 2016.138 2036.94 2030.767
59 2250.319 2268.625 2257.133 2298.03 2311.641 2307.99
60 2222.732 2227.382 2223.774 2234.917 2235.539 2236.346
61 1968.879 1991.76 1986.882 1990.452 2016.383 2002.1
62 2057.17 2100.444 2087.917 2091.499 2124.383 2108.933
63 2150.811 2169.169 2161.455 2204.291 2219.607 2209.572
64 1961.453 1976.202 1967.598 2009.767 2027.957 2014.5
65 2122.781 2150.845 2127.783 2144.196 2162.553 2148.203
66 2163.855 2183.111 2178.364 2233.824 2249.501 2234.944
67 2048.48 2071.908 2075.112 2095.568 2115.658 2117.577
68 2331.09 2334.766 2316.567 2360.869 2367.258 2349.371
69 2168.382 2180.692 2169.758 2205.516 2216.506 2204.784
70 2162.391 2167.629 2160.178 2180.572 2181.686 2175.901
71 2171.984 2178.905 2178.961 2230.579 2239.462 2246.761
72 2268.395 2289.257 2263.664 2279.592 2302.712 2280.48
73 2082.425 2093.159 2091.582 2103.949 2115.413 2107.419
74 2161.281 2169.61 2169.747 2176.876 2187.949 2189.931
75 2054.554 2073.688 2053.815 2097.572 2106.929 2097.085
76 2138.603 2155.109 2148.372 2192.86 2205.502 2192.49
77 2176.877 2204.472 2186.833 2265.475 2288.593 2276.651
78 2189.882 2204.61 2208.653 2231.361 2246.934 2241.915
79 2152.228 2181.937 2151.983 2174.388 2201.806 2182.196
80 2194.107 2215.469 2193.675 2222.667 2232.734 2212.533
81 2176.076 2183.234 2197.523 2191.997 2202.732 2206.403
82 2135.103 2152.55 2139.042 2161.275 2184.852 2175.177
83 2113.356 2125.081 2118.746 2173.497 2171.228 2167.375
84 2150.99 2168.676 2163.277 2203.409 2215.454 2220.212
85 2097.977 2124.444 2106.181 2131.201 2154.992 2137.349
86 2180.858 2197.455 2178.313 2214.167 2228.357 2219.38
87 1981.183 2025.869 2022.905 2050.552 2062.461 2062.862
88 2001.004 2032.11 2030.47 2063.807 2075.636 2066.591
89 2288.187 2289.026 2287.309 2320.9 2319.242 2314.863
90 2118.984 2141.803 2139.578 2200.797 2196.559 2199.525
91 2115.048 2141.891 2126.675 2155.663 2175.454 2164.171
92 2137.137 2161.65 2148.574 2168.826 2174.138 2169.111
93 2194.541 2213.873 2207.061 2246.414 2257.273 2249.472
94 2233.828 2253.59 2246.31 2320.169 2328.466 2326.332
95 2263.331 2260.111 2257.176 2284.063 2280.966 2275.812
96 2254.243 2275.134 2265.06 2299.593 2313.093 2304.661
97 2107.359 2116.279 2101.783 2147.062 2164.701 2161.616
98 2168.201 2190.326 2177.486 2232.272 2246.474 2227.046
99 2148.257 2169.524 2158.671 2172.333 2172.52 2156.215
100 2184.613 2200.559 2179.451 2247.67 2264.54 2248.55
