1 0.2
2 0.2
3 0.16
4 0.36
5 0.2
6 0.08
7 0.38
8 0.24
9 0.2
10 0.3
11 0.24
12 0.18
13 0.2
14 0.12
15 0.12
16 0.28
17 0.28
18 0.24
19 0.34
20 0.26
21 0.24
22 0.34
23 0.24
24 0.3
25 0.2
26 0.28
27 0.26
28 0.26
29 0.28
30 0.22
31 0.26
32 0.24
33 0.32
34 0.24
35 0.28
36 0.24
37 0.22
38 0.32
39 0.3
40 0.2
41 0.14
42 0.2
43 0.1
44 0.24
45 0.2
46 0.28
47 0.36
48 0.14
49 0.2
50 0.28
51 0.24
52 0.34
53 0.24
54 0.2
55 0.18
56 0.3
57 0.26
58 0.3
59 0.24
60 0.22
61 0.32
62 0.32
63 0.26
64 0.36
65 0.28
66 0.28
67 0.24
68 0.12
69 0.22
70 0.26
71 0.22
72 0.22
73 0.3
74 0.24
75 0.3
76 0.28
77 0.26
78 0.2
79 0.24
80 0.24
81 0.22
82 0.26
83 0.3
84 0.22
85 0.26
86 0.22
87 0.36
88 0.36
89 0.16
90 0.26
91 0.3
92 0.3
93 0.2
94 0.18
95 0.14
96 0.18
97 0.22
98 0.3
99 0.22
100 0.24
