1 1000 1000 1000 1000 1000 1000
2 1000 1000 654 1000 1000 1000
3 1000 550 969 1000 1000 1000
4 1000 1000 989 1000 1000 382
5 1000 1000 1000 1000 1000 1000
6 1000 1000 1000 1000 1000 1000
7 1000 1000 1000 1000 1000 1000
8 1000 1000 599 1000 1000 1000
9 1000 1000 1000 1000 1000 1000
10 1000 1000 959 1000 1000 513
11 1000 1000 1000 1000 1000 1000
12 1000 1000 1000 1000 1000 829
13 1000 1000 743 1000 1000 386
14 1000 1000 1000 1000 1000 1000
15 1000 1000 482 1000 1000 665
16 1000 1000 1000 1000 1000 1000
17 1000 1000 1000 1000 1000 1000
18 1000 1000 1000 1000 1000 484
19 1000 1000 468 1000 1000 307
20 1000 1000 242 1000 1000 946
21 1000 1000 1000 1000 1000 687
22 1000 1000 107 1000 1000 1000
23 1000 1000 1000 1000 1000 599
24 1000 1000 315 1000 1000 491
25 1000 1000 1000 1000 1000 1000
26 1000 1000 1000 1000 1000 445
27 1000 1000 560 1000 1000 747
28 1000 1000 465 17 1000 951
29 1000 1000 633 1000 1000 868
30 1000 1000 1000 1000 1000 842
31 1000 1000 783 1000 1000 463
32 1000 1000 1000 1000 1000 632
33 1000 1000 961 1000 1000 1000
34 1000 1000 332 1000 1000 888
35 1000 1000 442 1000 1000 293
36 1000 1000 1000 1000 1000 729
37 1000 1000 1000 1000 1000 1000
38 1000 1000 1000 1000 1000 583
39 1000 1000 276 1000 1000 817
40 1000 1000 753 1000 1000 915
41 1000 1000 1000 1000 1000 573
42 1000 1000 1000 1000 1000 610
43 1000 1000 1000 1000 1000 1000
44 1000 1000 1000 1000 1000 188
45 1000 1000 753 1000 1000 1000
46 1000 1000 753 1000 1000 1000
47 1000 1000 818 1000 1000 1000
48 1000 703 1000 1000 1000 1000
49 1000 1000 1000 1000 1000 1000
50 1000 1000 524 1000 1000 605
51 1000 1000 513 1000 1000 785
52 1000 1000 946 1000 1000 1000
53 1000 1000 1000 1000 1000 1000
54 1000 1000 751 1000 1000 362
55 1000 1000 1000 1000 1000 1000
56 1000 1000 810 1000 1000 913
57 1000 1000 448 1000 1000 1000
58 1000 1000 1000 1000 1000 299
59 1000 1000 1000 1000 1000 1000
60 1000 1000 677 1000 1000 686
61 1000 1000 1000 1000 1000 413
62 1000 1000 237 1000 1000 723
63 1000 1000 1000 1000 1000 1000
64 1000 1000 398 1000 1000 731
65 1000 1000 353 1000 1000 1000
66 1000 1000 406 1000 1000 1000
67 1000 1000 320 1000 1000 863
68 1000 1000 1000 1000 1000 1000
69 1000 1000 1000 1000 1000 1000
70 1000 1000 1000 1000 1000 391
71 1000 1000 1000 1000 1000 546
72 1000 1000 576 1000 1000 953
73 1000 1000 801 1000 1000 927
74 1000 1000 378 1000 1000 1000
75 1000 1000 659 1000 1000 1000
76 1000 1000 1000 1000 1000 505
77 1000 1000 564 1000 1000 679
78 1000 1000 907 1000 1000 1000
79 1000 1000 1000 1000 1000 1000
80 1000 1000 1000 1000 1000 1000
81 1000 1000 1000 1000 1000 1000
82 1000 1000 1000 1000 1000 468
83 1000 1000 1000 1000 1000 751
84 1000 1000 250 1000 1000 161
85 1000 1000 689 1000 1000 476
86 1000 1000 1000 1000 1000 983
87 1000 1000 269 1000 1000 624
88 1000 1000 654 1000 1000 1000
89 1000 1000 1000 1000 1000 816
90 1000 1000 460 1000 1000 358
91 1000 1000 530 1000 1000 1000
92 1000 1000 298 1000 1000 805
93 1000 1000 621 1000 1000 634
94 1000 1000 1000 1000 1000 1000
95 1000 1000 724 1000 1000 1000
96 1000 1000 1000 1000 1000 1000
97 1000 1000 1000 1000 1000 1000
98 1000 1000 951 1000 1000 610
99 1000 1000 1000 1000 1000 840
100 1000 1000 781 1000 1000 178
