1 -1098.418 -1099.942 -1095.694 -1112.117 -1114.877 -1113.754
2 -1118.522 -1132.471 -1127.334 -1177.63 -1180.546 -1176.3
3 -1082.16 -1093.128 -1089.232 -1108.882 -1113.543 -1110.56
4 -1006.842 -1017.915 -1017.868 -1055.179 -1065.962 -1067.95
5 -1088.195 -1098.003 -1095.686 -1106.578 -1118.326 -1112.382
6 -1187.468 -1185.423 -1184.149 -1224.502 -1224.935 -1228.014
7 -929.6177 -938.655 -951.0385 -954.4101 -964.7463 -973.5378
8 -982.882 -992.7548 -998.7836 -1003.846 -1014.188 -1019.309
9 -1106.11 -1112.989 -1108.526 -1128.07 -1129.676 -1128.46
10 -1093.193 -1102.331 -1094.869 -1111.296 -1126.061 -1123.078
11 -1009.368 -1016.371 -1023.026 -1043.821 -1049.691 -1052.419
12 -1023.853 -1030.737 -1029.696 -1031.291 -1036.293 -1036.196
13 -1046.46 -1055.304 -1055.634 -1071.741 -1078.74 -1084.464
14 -1153.029 -1157.372 -1160.175 -1199.446 -1203.205 -1203.135
15 -1101.122 -1111.228 -1106.115 -1114.558 -1116.746 -1116.479
16 -1052.986 -1060.899 -1055.861 -1054.918 -1064.96 -1060.122
17 -1053.808 -1068.131 -1062.349 -1105.818 -1118.825 -1115.97
18 -985.1967 -995.5557 -996.595 -995.5344 -1005.874 -1004.674
19 -1014.059 -1020.23 -1018.568 -1038.788 -1044.055 -1040.428
20 -1080.984 -1098.042 -1087.683 -1097.046 -1110.15 -1102.853
21 -1082.953 -1091.569 -1094.845 -1103.551 -1113.774 -1115.097
22 -988.0422 -1008.684 -1007.593 -1043.612 -1055.924 -1057.142
23 -996.2073 -1006.412 -1000.282 -1022.141 -1031.379 -1030.996
24 -1033.289 -1046.707 -1043.416 -1053.845 -1057.468 -1051.082
25 -1063.889 -1060.676 -1065.523 -1076.959 -1076.249 -1075.67
26 -976.8522 -988.196 -994.5421 -1004.406 -1015.33 -1021.744
27 -988.8093 -998.4446 -999.1041 -1016.757 -1023.759 -1023.962
28 -997.0914 -1006.87 -1007.63 -1017.03 -1020.149 -1024.481
29 -1034.177 -1041.235 -1037.341 -1045.233 -1054.74 -1050.774
30 -1029.545 -1042.152 -1040.774 -1036.315 -1045.914 -1041.623
31 -1005.527 -1016.036 -1021.847 -1019.698 -1023.066 -1025.64
32 -1061.796 -1074.074 -1076.695 -1096.841 -1111.028 -1111.936
33 -993.4512 -980.1202 -981.0991 -1050.306 -1039.619 -1041.625
34 -1092.23 -1089.275 -1094.867 -1095.685 -1102.406 -1106.29
35 -1056.925 -1071.403 -1066.169 -1067.682 -1078.546 -1075.178
36 -1069.969 -1076.719 -1081.302 -1083.29 -1087.106 -1091.969
37 -1040.203 -1048.55 -1047.44 -1065.159 -1071.376 -1072.064
38 -913.6946 -933.5865 -945.4964 -930.973 -946.3538 -956.1274
39 -1066.067 -1070.294 -1066.928 -1075.296 -1085.175 -1082.064
40 -1033.913 -1049.285 -1046.533 -1068.079 -1080.095 -1077.077
41 -1110.629 -1125.898 -1117.569 -1157.466 -1163.097 -1160.25
42 -1114.677 -1123.172 -1124.625 -1124.898 -1131.406 -1133.297
43 -1165.335 -1171.753 -1169.616 -1186.648 -1188.956 -1192.267
44 -1095.956 -1101.357 -1098.647 -1112.947 -1121.872 -1117.474
45 -1061.486 -1071.072 -1074.298 -1072.005 -1079.976 -1081.156
46 -1041.526 -1046.601 -1046.26 -1076.631 -1081.873 -1078.716
47 -961.1235 -968.5122 -970.1153 -992.4055 -1002.396 -1003.051
48 -1098.864 -1100.699 -1107.938 -1113.779 -1118.242 -1123.72
49 -1045.581 -1057.903 -1066.465 -1075.577 -1084.48 -1091.433
50 -1027.106 -1036.361 -1034.833 -1038.477 -1045.914 -1043.698
51 -1058.258 -1069.627 -1070.192 -1093.234 -1096.414 -1094.458
52 -1038.935 -1045.931 -1047.654 -1066.993 -1072.139 -1070.756
53 -1116.137 -1141.279 -1135.679 -1152.49 -1164.021 -1156.033
54 -1104.935 -1114.454 -1114.728 -1138.475 -1142.663 -1144.954
55 -1087.508 -1087.084 -1090.294 -1103.956 -1105.465 -1105.387
56 -997.753 -1009.536 -1007.033 -1012.992 -1023.852 -1021.65
57 -1072.976 -1081.07 -1079.684 -1079.606 -1085.627 -1083.239
58 -974.7215 -986.9646 -987.1649 -988.5087 -1000.866 -1001.692
59 -1105.599 -1116.708 -1114.874 -1129.455 -1138.217 -1140.303
60 -1091.806 -1096.087 -1098.195 -1097.899 -1100.166 -1104.481
61 -964.8792 -978.276 -979.7488 -975.6661 -990.5874 -987.3582
62 -1009.025 -1032.618 -1030.266 -1026.189 -1044.588 -1040.774
63 -1055.845 -1066.98 -1067.035 -1082.585 -1092.199 -1091.094
64 -961.1665 -970.4968 -970.107 -985.3235 -996.3745 -993.5581
65 -1041.83 -1057.819 -1050.2 -1052.538 -1063.672 -1060.409
66 -1062.367 -1073.951 -1075.49 -1097.352 -1107.147 -1103.78
67 -1004.68 -1018.35 -1023.864 -1028.224 -1040.225 -1045.096
68 -1145.985 -1149.779 -1144.591 -1160.875 -1166.025 -1160.993
69 -1064.631 -1072.742 -1071.187 -1083.198 -1090.649 -1088.7
70 -1061.635 -1066.21 -1066.397 -1070.726 -1073.239 -1074.259
71 -1066.432 -1071.848 -1075.788 -1095.729 -1102.127 -1109.688
72 -1114.637 -1127.024 -1118.14 -1120.236 -1133.752 -1126.548
73 -1021.653 -1028.975 -1032.099 -1032.415 -1040.103 -1040.018
74 -1061.08 -1067.201 -1071.181 -1068.878 -1076.371 -1081.274
75 -1007.717 -1019.24 -1013.215 -1029.226 -1035.861 -1034.85
76 -1049.741 -1059.95 -1060.494 -1076.87 -1085.147 -1082.553
77 -1068.878 -1084.632 -1079.725 -1113.177 -1126.693 -1124.634
78 -1075.381 -1084.701 -1090.635 -1096.121 -1105.863 -1107.266
79 -1056.554 -1073.364 -1062.3 -1067.634 -1083.299 -1077.406
80 -1077.494 -1090.131 -1083.146 -1091.773 -1098.763 -1092.575
81 -1068.478 -1074.013 -1085.069 -1076.438 -1083.762 -1089.51
82 -1047.991 -1058.671 -1055.829 -1061.078 -1074.822 -1073.896
83 -1037.118 -1044.937 -1045.681 -1067.188 -1068.01 -1069.995
84 -1055.935 -1066.734 -1067.946 -1082.145 -1090.123 -1096.414
85 -1029.429 -1044.618 -1039.399 -1046.04 -1059.892 -1054.983
86 -1070.869 -1081.123 -1075.465 -1087.524 -1096.574 -1095.998
87 -971.0316 -995.3305 -997.7605 -1005.716 -1013.626 -1017.739
88 -980.9417 -998.4509 -1001.543 -1012.343 -1020.214 -1019.603
89 -1124.533 -1126.909 -1129.963 -1140.89 -1142.017 -1143.739
90 -1039.932 -1053.297 -1056.097 -1080.838 -1080.675 -1086.07
91 -1037.964 -1053.342 -1049.646 -1058.271 -1070.123 -1068.393
92 -1049.008 -1063.221 -1060.595 -1064.853 -1069.465 -1070.863
93 -1077.711 -1089.332 -1089.838 -1103.647 -1111.033 -1111.044
94 -1097.354 -1109.191 -1109.463 -1140.525 -1146.629 -1149.474
95 -1112.105 -1112.451 -1114.896 -1122.471 -1122.879 -1124.214
96 -1107.562 -1119.963 -1118.838 -1130.236 -1138.942 -1138.638
97 -1034.119 -1040.536 -1037.199 -1053.971 -1064.746 -1067.116
98 -1064.54 -1077.559 -1075.051 -1096.576 -1105.633 -1099.831
99 -1054.568 -1067.158 -1065.644 -1066.606 -1068.656 -1064.416
100 -1072.746 -1082.676 -1076.033 -1104.275 -1114.666 -1110.583
