1 158.5084 153.7318 151.3143 160.7658 154.2998 148.2433
2 152.2938 144.9127 151.5099 151.3084 144.8856 155.8033
3 200.2903 196.8682 193.6689 196.7193 195.3969 196.4627
4 79.08035 75.86156 74.86747 78.54831 77.1178 74.43235
5 158.5746 145.3253 152.6918 162.0319 146.6539 149.2376
6 411.4292 393.9014 386.8019 410.8311 395.729 381.7331
7 69.76123 68.79361 66.53637 67.78915 69.94465 66.11918
8 126.6011 121.0676 114.1443 126.8496 119.2426 113.8061
9 153.3913 150.4928 141.1906 150.5661 150.5909 142.3678
10 99.23957 99.04547 101.4369 101.097 98.28473 100.0837
11 123.5218 124.1771 110.7869 124.6346 123.8977 115.3062
12 162.2188 168.701 168.2899 166.8962 168.3115 169.3167
13 143.1703 150.6304 146.3948 144.8222 149.2647 145.3955
14 271.0097 249.6186 248.7912 263.5182 251.3608 246.3607
15 270.8349 251.2846 255.2077 273.6144 254.4938 253.8235
16 108.4006 106.1208 104.5549 107.3687 105.5357 104.2602
17 106.9791 106.2198 106.9189 107.6613 103.0086 106.2651
18 127.5173 117.3641 119.6719 125.1755 117.4052 119.9573
19 81.46136 78.91687 77.54615 80.46652 79.46004 77.83475
20 112.8154 105.2882 113.159 109.3284 105.5957 114.9055
21 128.4295 120.8098 125.7829 128.2982 122.3222 126.2012
22 84.32933 79.48846 84.16651 83.72849 79.42755 82.41081
23 118.5344 120.5017 125.6908 118.5621 118.7918 122.4636
24 98.49326 95.15061 89.52476 96.05391 96.37797 88.5123
25 161.8588 151.9076 145.6825 157.5264 156.3267 145.064
26 99.86503 96.84733 97.24561 101.1238 98.69417 98.09999
27 114.9511 101.1053 102.1361 116.2148 103.1833 101.5813
28 111.5897 101.681 111.8229 112.1201 102.8487 109.5652
29 107.3326 101.0333 96.39889 106.6272 102.1763 96.51073
30 137.6892 130.0417 126.5663 140.0848 131.0127 125.8782
31 108.8297 101.2874 99.43716 109.7155 99.81082 101.97
32 121.4346 124.4724 120.9235 118.9989 125.4748 122.6544
33 75.86301 82.20024 86.11703 81.17594 83.48089 87.31174
34 124.2657 127.1218 121.1674 123.2593 128.5029 120.3917
35 106.0944 99.70666 102.1287 105.9657 99.25559 102.4424
36 121.8452 118.4194 120.0804 123.7136 117.633 120.3112
37 133.1957 128.4317 135.0744 130.8116 129.5613 131.952
38 88.47064 82.46016 79.10109 89.81298 83.75444 79.78646
39 94.39 98.48493 96.67267 96.09096 98.20406 98.76995
40 159.7165 140.6281 141.802 157.6748 138.3435 140.8399
41 219.846 208.8498 223.799 220.3137 214.0269 218.4347
42 159.2329 141.3277 144.0548 155.8183 142.7441 142.454
43 317.1405 315.5538 292.8617 321.2122 322.4008 297.6218
44 120.6474 127.2912 120.9891 118.7594 129.0285 123.5815
45 154.2081 140.8147 141.2012 151.4253 143.0071 141.7206
46 99.98635 94.70217 93.78253 99.46833 95.56822 93.85533
47 73.81978 71.61272 73.89493 72.70572 73.71486 72.9842
48 214.9172 221.5073 227.4013 213.2123 220.9141 225.5374
49 150.7474 138.0732 142.6933 149.3894 139.125 141.8254
50 100.7103 98.90105 101.4984 104.0791 99.24749 101.8952
51 120.9899 122.6043 128.7578 119.5808 126.8301 128.2823
52 89.55446 80.45768 82.3189 89.44864 81.39878 83.84494
53 123.4096 115.5938 121.25 123.3021 116.6758 120.291
54 143.1825 146.1379 145.5811 148.2682 145.7472 146.3288
55 172.1634 169.8157 158.5053 169.5742 168.9655 156.97
56 94.25095 88.9312 90.51966 96.38486 88.04581 90.19779
57 115.7179 115.6736 106.9172 111.888 116.1624 107.502
58 96.67528 88.97306 94.4503 95.93495 89.04101 93.35436
59 127.2368 121.6473 120.0129 127.4248 122.5507 119.2245
60 138.64 135.2555 129.2729 138.5232 136.4868 127.4252
61 87.62622 85.87627 86.85729 88.61394 85.99948 87.41764
62 81.26833 80.4736 82.03726 80.26291 79.7551 80.92375
63 109.9261 112.9964 106.7543 112.3938 113.9588 106.2068
64 68.76764 70.9843 73.96368 70.35617 70.42412 74.79498
65 103.9147 102.3086 104.2758 101.7338 103.3315 105.3874
66 98.76325 96.92246 106.7415 98.03317 95.59859 105.729
67 120.8255 118.9573 120.1853 119.2652 119.042 121.0128
68 256.6398 261.176 257.6412 259.804 266.6898 258.8322
69 147.8473 133.138 137.3001 146.1382 133.7988 137.2155
70 106.5788 105.9937 113.3147 109.4608 105.0513 112.3665
71 137.7533 134.377 129.5789 141.7939 134.0055 130.3716
72 131.9513 126.056 134.6793 133.7781 125.0941 136.7207
73 93.14907 89.04796 87.64079 91.69492 87.77285 86.59928
74 113.6055 122.1143 112.6521 116.1514 121.6112 112.8361
75 91.51343 86.63683 90.24478 91.89108 86.25553 90.0208
76 97.70619 100.8288 97.19955 99.56438 101.977 99.93587
77 105.3722 105.5336 104.9946 105.3208 106.0729 105.6884
78 154.4948 140.4313 144.9967 153.1161 141.3892 144.7688
79 123.9962 116.621 118.3536 126.0425 115.5469 117.0775
80 125.9359 118.8561 127.3546 125.7382 121.2634 126.1817
81 148.9117 135.2978 129.5546 149.6684 136.6609 128.514
82 111.2576 107.7922 105.5434 114.2053 106.7023 104.7311
83 103.944 95.44403 95.0922 107.3841 94.25198 95.15143
84 136.1284 132.1762 135.8501 137.8532 131.9755 135.9103
85 103.6168 107.1684 102.9449 105.47 106.078 103.63
86 135.1904 131.9186 130.7089 137.8294 130.9274 131.9717
87 74.79502 71.48699 73.00941 77.55132 70.89798 73.56281
88 79.73107 70.77142 72.77397 79.94773 70.10291 71.9331
89 193.2868 196.7345 183.389 192.0025 193.774 185.5955
90 115.5462 106.1286 106.9708 118.4106 107.2833 106.4552
91 103.5517 92.32462 96.74831 105.0685 94.24943 96.91768
92 99.59956 93.43497 95.18023 99.38795 95.00253 92.63872
93 158.7653 150.051 154.8514 161.219 145.6422 155.9143
94 167.8845 166.1364 170.004 162.0993 166.5228 171.7427
95 231.7559 224.8875 229.6681 225.7924 223.3243 227.2541
96 173.7837 164.3166 167.0468 175.1611 164.0613 165.4196
97 128.8004 130.5534 131.4771 132.4743 130.9116 132.8356
98 98.75258 94.84589 95.10555 98.1463 95.91189 96.44386
99 150.6566 133.9867 132.5165 150.8359 133.5612 130.7323
100 129.4479 120.9997 123.3738 129.1198 119.102 124.3562
