1 10.53224 10.22357 10.16531 10.65597 10.29705 10.00382
2 9.872203 9.805202 9.912607 9.850619 9.790005 10.20256
3 12.91139 12.77654 12.6712 12.80446 12.70023 12.82345
4 5.230665 5.094828 5.098489 5.200693 5.154887 5.065803
5 15.26707 15.11952 15.85317 15.91031 15.56531 15.61078
6 26.41448 25.6042 25.7376 26.27972 25.76987 25.34981
7 5.630293 5.446598 5.490196 5.374011 5.539906 5.362665
8 7.854496 7.561537 7.289431 7.885268 7.458738 7.271641
9 10.17722 10.1733 9.809442 9.957332 10.15882 9.903171
10 6.965359 7.053184 7.167967 7.077532 6.994606 7.045315
11 8.362793 8.447849 7.883843 8.458656 8.435499 8.172146
12 10.52311 10.87816 10.8635 10.8121 10.84854 10.92014
13 9.806035 10.34531 10.23152 9.927195 10.25384 10.19748
14 17.91612 17.33868 17.2715 17.55881 17.49194 17.16092
15 16.6744 15.91863 16.01973 16.85163 16.08459 15.94206
16 6.780662 6.60073 6.553959 6.714118 6.580323 6.544814
17 7.133385 7.268012 7.260682 7.157079 7.077604 7.254483
18 8.730433 8.410977 8.45659 8.586149 8.442948 8.499171
19 7.205401 7.696944 7.2546 6.967127 7.356011 7.237605
20 10.11822 9.7998 9.827729 9.757498 9.832621 10.00312
21 8.102508 7.64186 7.814648 8.048291 7.705135 7.848296
22 6.481587 6.148269 6.375705 6.297093 6.069451 6.22091
23 7.692195 7.842517 8.066187 7.6934 7.753079 7.876944
24 6.812637 6.570559 6.371997 6.567632 6.656211 6.3284
25 10.29232 9.740843 9.582977 9.983181 9.999504 9.522992
26 7.149547 7.202746 7.281309 7.315986 7.380038 7.293315
27 7.350605 6.810507 6.836008 7.424756 6.970454 6.802959
28 8.060099 7.798795 8.133812 8.129334 7.871884 7.99166
29 6.88604 6.604559 6.431563 6.825917 6.666092 6.427057
30 8.898922 8.657711 8.569175 9.049125 8.715141 8.479489
31 7.376001 7.294295 7.193522 7.497169 7.191277 7.335684
32 7.808916 7.94628 7.781802 7.682971 7.98556 7.900319
33 5.13203 5.594011 5.763295 5.450473 5.70835 5.848325
34 8.180852 8.321659 8.174917 8.110782 8.415836 8.133461
35 7.191515 7.038753 7.154953 7.144947 7.022712 7.176476
36 8.099485 8.15311 8.145045 8.220678 8.115383 8.176511
37 8.770849 8.670673 8.897423 8.641921 8.72738 8.716888
38 6.831329 6.388373 6.199298 6.889525 6.515837 6.330028
39 6.896789 7.235791 7.14007 6.962451 7.218063 7.279509
40 9.881865 9.083804 9.135161 9.794792 8.942459 9.066265
41 13.6831 13.43965 13.95017 13.73105 13.68182 13.63406
42 10.48221 9.76368 9.947184 10.31537 9.829533 9.842888
43 20.26324 20.39579 19.79583 20.5234 20.85376 20.03021
44 8.076528 8.385725 8.165427 7.920333 8.51171 8.342
45 9.817115 9.389982 9.414498 9.644554 9.541582 9.482598
46 8.373506 8.37216 8.187141 8.450794 8.26308 8.200652
47 5.322783 5.301018 5.39803 5.224636 5.433712 5.364532
48 15.34794 15.66989 16.00199 15.1423 15.55233 15.86196
49 10.13882 9.743939 9.971682 10.09604 9.762084 9.875703
50 6.787888 6.799834 6.870391 7.000887 6.837501 6.892268
51 9.488159 9.720894 10.00786 9.517751 10.11189 10.12691
52 6.033817 5.682453 5.776461 6.007808 5.745994 5.872385
53 8.699244 8.553511 8.880782 8.761503 8.641389 8.758837
54 10.1193 10.37724 10.38105 10.43303 10.42049 10.42874
55 11.31669 11.25659 10.76773 11.1423 11.13669 10.65976
56 8.876602 8.706035 8.55589 8.956337 8.642557 8.99676
57 7.639061 7.6434 7.313094 7.352781 7.683019 7.376463
58 6.508234 6.274438 6.430728 6.465274 6.28756 6.345349
59 8.356594 8.211867 8.149459 8.345279 8.255144 8.112135
60 9.104069 8.957388 8.892071 9.113173 9.056973 8.814513
61 5.891193 5.894894 5.95883 5.977577 5.919736 5.986612
62 5.936442 6.038301 6.08948 5.872668 5.947623 5.986747
63 14.38134 14.69911 13.96495 14.48146 15.28312 15.07134
64 4.860996 5.111905 5.209283 4.979014 5.086511 5.239521
65 6.959445 6.829911 6.91921 6.799913 6.903782 6.981828
66 7.221333 7.390121 7.740757 7.184503 7.274595 7.665074
67 8.158993 8.043763 8.116684 8.023915 8.016196 8.153115
68 16.41875 16.65046 16.60763 16.61079 17.00162 16.68102
69 9.537735 8.892628 9.026922 9.402789 8.900366 8.996261
70 6.974501 7.087083 7.376953 7.131687 7.003621 7.308701
71 9.024435 8.814324 8.649789 9.290769 8.770344 8.715765
72 8.862456 8.720283 8.960888 8.947647 8.697496 9.134707
73 6.20557 6.114468 6.046967 6.103575 6.021783 5.962627
74 13.36886 14.11322 13.96046 14.10494 13.77484 13.86967
75 6.428488 6.393419 6.52249 6.473986 6.373045 6.548661
76 7.05449 7.220013 7.086236 7.097412 7.310069 7.24958
77 9.87807 10.30546 10.1098 9.941722 10.25946 10.25017
78 9.901144 9.304371 9.528709 9.788949 9.400991 9.550808
79 8.163982 8.033506 8.095511 8.306289 7.967777 8.011356
80 8.424641 8.346026 8.597546 8.453197 8.440672 8.480981
81 9.367638 8.609262 8.494123 9.434565 8.710557 8.419942
82 7.507598 7.43581 7.336638 7.637012 7.344749 7.287346
83 8.307832 8.121754 8.170605 8.51168 7.880452 8.127463
84 9.898076 9.986407 9.938559 10.01606 9.987026 10.12004
85 6.685572 6.990062 6.780124 6.774397 6.911532 6.826513
86 31.73765 36.60495 34.67602 34.41973 33.69904 36.96592
87 7.995107 8.067464 8.404619 8.365037 8.137279 8.698864
88 5.345446 4.990946 5.060613 5.347915 4.935748 5.017641
89 21.7767 22.76004 21.93205 22.48735 22.07128 21.89573
90 8.225096 8.105359 8.235395 8.589863 8.16134 8.105873
91 8.204837 7.676117 7.930527 8.342308 7.770496 7.835771
92 6.571968 6.22362 6.377069 6.545882 6.335902 6.245962
93 10.12293 9.875039 9.973011 10.25349 9.546812 10.0293
94 166.7404 160.2411 152.1906 156.5398 156.0124 156.052
95 14.50269 14.23785 14.33127 14.15279 14.13326 14.19149
96 11.58197 11.277 11.35973 11.66173 11.27748 11.26526
97 8.258437 8.451576 8.463517 8.450331 8.468963 8.57408
98 6.759952 6.721801 6.714043 6.700976 6.808702 6.805334
99 9.348007 8.642948 8.579392 9.373447 8.610163 8.467703
100 9.812502 9.593725 9.377363 9.5902 9.281579 9.433803
