1 26.59172 1.900013 -0.4958278 6.727088 4.189911 -5.009112 2.072433 -0.02879501
2 25.62083 1.929974 -0.5488481 8.149849 3.621718 -3.85561 0.1669832 -0.06958923
3 26.73758 2.087022 -0.5165318 5.777739 3.980218 -2.033428 -2.553941 -0.08231707
4 26.29303 1.894529 -0.5138103 9.218298 3.312685 -2.230844 0.2094427 -0.05733211
5 25.74796 2.20591 -0.5464539 6.72268 3.273504 -3.311968 0.2409973 -0.1073231
6 26.58482 1.89724 -0.5153874 9.002458 1.001777 -3.491533 -0.3125967 -0.07824294
7 25.52525 2.077539 -0.5280137 6.662606 19.78538 -1.898484 -0.221925 -0.08725632
8 27.09562 1.782595 -0.4870502 6.107623 1.780714 -2.386514 -0.4164393 -0.08946023
9 26.06691 2.092666 -0.5341671 6.947519 2.855428 -2.744336 -1.410854 -0.06526833
10 26.01433 2.13303 -0.5113555 8.876136 3.018656 -2.749149 -2.399816 -0.03930519
11 26.97071 2.048814 -0.496951 6.55335 3.793072 -2.313272 -0.3937575 -0.05198439
12 26.88473 1.971089 -0.5081733 5.256649 2.62946 -2.698106 -0.0650612 -0.1737895
13 26.20671 2.170884 -0.5318756 7.491517 1.761402 -1.765772 -1.465998 -0.2001221
14 25.89133 2.003695 -0.5455887 8.905858 2.330976 -2.676662 -1.852128 -0.1541762
15 27.14907 1.949409 -0.5323963 6.104785 1.697121 -3.228953 -0.3658342 -0.16294
16 26.75309 1.81762 -0.4904139 6.185523 2.215703 -1.484076 -2.677181 -0.08128178
17 26.14967 2.219101 -0.5468744 8.214675 2.489292 -2.895922 -1.989311 -0.03436293
18 26.12506 2.002935 -0.5334194 5.578975 1.522863 -2.650747 0.3998923 -0.04361629
19 26.39459 2.310234 -0.5502415 8.740298 3.006163 -2.403734 0.5145741 -0.04091421
20 25.69164 1.891154 -0.5546222 7.392286 4.084753 -2.40093 -2.348318 -0.06671864
21 27.01936 1.751914 -0.5048212 8.228315 4.613619 -2.37746 -0.4975912 -0.03489316
22 25.83539 1.86749 -0.5251629 8.508998 2.253476 -2.353351 -0.2284772 -0.09214321
23 26.32499 1.949553 -0.5342107 5.871445 1.990825 -3.221041 0.8440446 -0.1002494
24 26.11595 1.836009 -0.4975882 6.704762 3.127175 -1.525708 -2.04628 -0.06475482
25 26.75856 2.030766 -0.496746 6.345081 2.04426 -2.929192 -0.3572128 -0.06185676
26 26.26642 2.240362 -0.5785238 6.685211 3.204076 -1.731335 -0.5946327 -0.07553155
27 25.94156 1.773486 -0.5206355 6.131793 4.151303 -2.394815 -0.3686527 -0.03740907
28 26.15796 1.931347 -0.5503058 6.322401 1.744694 -1.963652 -1.955887 -0.05422608
29 26.34198 1.823095 -0.4986249 6.756103 2.961399 -1.961155 -2.838806 -0.06124816
30 26.44581 1.904079 -0.5291024 5.542078 1.322503 -3.724926 0.4178191 0.005842285
31 25.61071 2.063041 -0.5612208 6.421887 4.425165 -2.258094 -0.8315346 -0.05205189
32 26.85653 1.887548 -0.5068297 7.788139 1.919798 -2.263996 0.02615676 -0.06343502
33 25.59221 1.838549 -0.5583009 5.983859 37.74802 -2.5695 -0.1484955 -0.04928119
34 26.81599 2.024877 -0.5179434 6.557627 2.77772 -2.957263 -0.41131 -0.008569543
35 25.56424 2.125212 -0.5564149 7.190078 1.104336 -2.444287 -2.082581 -0.05657614
36 26.33596 1.96815 -0.5332536 8.121514 1.38132 -2.373756 -0.5576237 -0.03284522
37 26.11874 2.043262 -0.5539581 6.649489 3.703466 -2.320445 -0.002474822 -0.06173889
38 26.34279 1.85376 -0.5037885 5.905975 1.430785 -1.946943 -0.569337 -0.04935151
39 25.77988 2.294095 -0.5545933 6.871287 3.069546 -2.468581 -2.730485 -0.04161839
40 26.3403 1.741221 -0.5247012 6.400804 1.394046 -3.493096 -0.02528137 0.004375751
41 26.19101 1.872311 -0.5562237 7.179538 2.180692 -4.46359 1.121901 0.0001880907
42 25.90807 1.866922 -0.5198398 8.302629 3.298885 -1.27828 -2.426362 -0.1220791
43 26.49619 2.173198 -0.5160917 8.1528 1.904149 -3.857754 0.4873006 -0.09791244
44 26.25634 2.128233 -0.5341516 7.628404 1.256567 -2.732612 -0.1003709 -0.1169833
45 26.28659 1.94016 -0.5575676 5.780327 2.752242 -3.713448 -2.036346 0.0328625
46 25.99955 1.823511 -0.5342342 8.316301 2.840606 -1.78585 -2.36485 -0.08511391
47 25.59559 2.129955 -0.5505104 7.896562 2.016684 -2.196894 0.630122 -0.1180353
48 26.49241 2.088073 -0.5204801 7.052743 2.677405 -2.397852 -2.45219 -0.08770351
49 26.10711 1.946675 -0.5502976 7.333477 3.013109 -1.841629 -1.428478 -0.2026
50 26.26228 1.945075 -0.5234485 7.106189 2.762397 -1.660775 -2.312638 -0.06642342
51 25.69127 2.12912 -0.5501981 6.250174 6.592824 -3.191868 -2.284232 -0.008051265
52 26.05325 1.978949 -0.5367523 7.663061 1.95673 -2.390407 -0.6269924 -0.009658189
53 25.59509 1.861109 -0.5484366 9.337506 2.335451 -2.482836 -1.436267 -0.103092
54 26.11687 1.982474 -0.548181 8.707854 3.715356 -2.572313 -1.850373 -0.09678229
55 26.69442 1.915113 -0.5225904 6.637061 2.315959 -2.790995 -1.771728 -0.06647658
56 26.14763 2.05229 -0.5393097 7.086165 3.184015 -2.407626 -0.2775178 -0.1215259
57 26.24397 2.138881 -0.5254315 6.436573 2.349417 -3.241368 -2.485188 -0.001104864
58 25.93995 1.901611 -0.5422307 5.878522 1.991802 -2.195932 -1.857303 -0.08025855
59 26.23851 1.919345 -0.5469989 7.660032 2.38753 -4.464936 -0.1748489 0.03531422
60 26.35291 2.064096 -0.5134501 6.691668 4.371784 -2.742799 -4.667879 0.01117504
61 26.82509 2.101046 -0.5314109 5.812642 4.096609 -2.24204 -1.01283 -0.1152534
62 25.48215 2.083442 -0.5900434 8.957729 1.827105 -2.646906 0.24351 -0.130054
63 26.14903 2.145817 -0.5353003 7.818417 1.696462 -1.630921 -1.561036 -0.123052
64 25.52648 2.072945 -0.5769755 6.786382 4.75609 -2.58823 -0.233949 -0.03140711
65 26.77028 2.010915 -0.5452535 6.427228 2.045425 -2.297436 -3.051963 -0.04104296
66 25.65166 1.905414 -0.5598535 8.663838 3.711202 -2.394321 -2.254836 -0.05212056
67 26.61097 1.947624 -0.5144203 7.067561 0.9641687 -2.349381 -0.4601378 -0.06741617
68 26.61101 2.089403 -0.5211412 7.551636 2.592612 -3.528706 -0.2127679 -0.1464122
69 26.70593 1.994072 -0.5046964 7.287806 2.388793 -2.726093 0.3554483 -0.05373814
70 25.87844 1.800324 -0.547231 6.5747 3.003638 -1.950004 -1.714666 -0.07407972
71 26.66263 1.825291 -0.4787499 8.554887 5.674024 -1.915481 -0.556382 -0.2129749
72 25.97538 1.88915 -0.5554385 7.941094 2.616179 -3.624058 1.190887 -0.1121437
73 26.01417 1.90837 -0.5371541 7.665379 1.835364 -3.074929 0.7215056 -0.03664333
74 26.46597 2.060216 -0.5300505 7.052073 5.203536 -2.436155 -0.6333522 -0.07962004
75 25.00432 1.94763 -0.5433361 7.555132 4.741088 -2.762276 0.3981764 -0.1341198
76 26.03054 1.984311 -0.5254503 8.221022 3.500882 -1.799766 -2.200606 -0.09693372
77 25.38987 2.224071 -0.5889881 10.90151 1.010337 -1.937503 -0.5293116 -0.1454924
78 26.51906 1.96413 -0.5437432 7.815204 1.66724 -2.689401 -0.4653063 -0.05211765
79 25.78863 2.007179 -0.5586219 6.402022 2.913804 -2.569898 -1.753171 -0.08258831
80 26.13145 2.025145 -0.5458472 6.350678 3.44575 -5.874525 1.915656 0.02348158
81 27.04401 1.805098 -0.4761206 6.830691 1.781347 -2.450596 -2.47642 -0.01166447
82 25.9791 1.897391 -0.5179292 7.832154 2.0744 -2.306946 -0.7223415 -0.01349594
83 26.43915 2.042538 -0.5181206 7.845217 3.463662 -2.551137 -0.7189388 -0.01741647
84 26.19121 2.10269 -0.5392469 7.598378 3.441491 -2.366662 -0.1335852 -0.08428019
85 25.77756 1.823075 -0.5447968 6.434379 2.29221 -5.58953 2.616009 -0.01769805
86 25.7458 1.956389 -0.5385739 7.133577 2.423048 -3.692173 0.3402689 0.004974968
87 25.82142 2.404749 -0.5574604 9.543123 2.29806 -1.365723 -1.572525 -0.1415965
88 25.95851 1.774783 -0.5255848 7.619543 1.316604 -2.650695 -0.08304424 -0.02294869
89 26.56797 2.017831 -0.5185199 6.315968 3.762025 -3.719846 -2.557088 0.03563495
90 26.32574 1.901121 -0.5281155 8.034415 2.861586 -2.362609 -0.931642 -0.03416782
91 26.57606 2.054104 -0.5147464 7.537362 3.718516 -2.28793 -1.077629 -0.06430575
92 26.46347 1.866786 -0.5067372 7.492003 2.318949 -2.405688 -0.3374137 -0.05681854
93 26.31288 1.863949 -0.5092068 7.08504 1.502028 -3.23925 0.1662494 -0.01294547
94 26.45411 1.911414 -0.5275788 8.241335 1.446667 -2.525753 -2.04277 -0.09542013
95 26.77592 1.886564 -0.5178037 6.02437 2.946572 -4.015494 -2.95957 -0.00417617
96 26.02031 2.028835 -0.5435241 7.664025 2.491231 -2.290046 -2.7584 -0.11214
97 26.15538 1.894114 -0.537877 6.159168 2.106359 -3.015254 -0.204546 -0.08368779
98 25.74371 2.02451 -0.531138 8.233712 3.338462 -2.231786 -2.196547 -0.07565694
99 26.79954 1.934495 -0.5058949 5.618982 4.667726 -2.706663 -2.499098 -0.03379154
100 26.31455 1.988487 -0.5396278 7.157658 3.370534 -4.37745 -0.3021663 0.04444618
