1 0.4494732 0.07594996 0.02488199 1.043925 0.5770964 2.489262 0.2723888 NaN 0.01448708
2 0.3972154 0.08362569 0.02581671 0.8753332 0.581996 1.24816 0.7240237 0.7105121 0.02284511
3 0.3935606 0.07345652 0.02060712 0.8768421 0.4841809 1.750867 0.9219198 NaN 0.02262724
4 0.4293229 0.07655015 0.02580677 0.9005612 0.7021566 0.8272256 1.369506 0.5996447 0.04081734
5 0.3916454 0.0900444 0.02560249 0.8079694 0.5554447 2.650017 0.6994965 0.6850291 0.0224923
6 0.3499222 0.07452156 0.02462287 0.5011415 0.6624938 1.218335 0.7254703 1.090763 0.02165857
7 0.4906343 0.09584383 0.02594828 1.68779 0.7024282 1.084211 0.4482796 0.4911684 0.01273242
8 0.3584492 0.06601305 0.02252943 0.5227755 0.5341622 1.573963 0.5860856 0.8301778 0.02044363
9 0.3797151 0.08938225 0.02486328 0.6091834 0.6049843 2.056068 0.6110787 NaN 0.01355372
10 0.4375394 0.09938065 0.0271708 0.7331524 0.7829238 1.192041 NaN NaN NaN
11 0.4062932 0.07230752 0.02116004 0.7962522 0.5336493 1.124532 0.5217865 0.6834179 0.01240301
12 0.3874332 0.0750705 0.02217929 0.7775062 0.4730162 4.151857 0.6095966 0.7794745 0.01571819
13 0.3810005 0.09374777 0.02545318 0.6124891 0.618614 2.002537 0.5217378 0.7070606 0.00800973
14 0.3476767 0.07949233 0.02575291 0.600861 0.6514796 0.9290805 0.6568359 0.8880667 0.01735921
15 0.3566092 0.07276753 0.02382048 0.596872 0.5247811 4.427027 0.7611318 0.8465479 0.01242113
16 0.4264522 0.07285774 0.02459773 0.7622226 0.5748097 5.684836 NaN NaN NaN
17 0.3905842 0.09192167 0.02531523 0.7842463 0.6118738 1.265861 0.5236731 NaN 0.01109101
18 0.3561817 0.0760724 0.02368193 0.5965138 0.5015338 2.812372 0.64187 0.6245889 0.0187535
19 0.4596356 0.09088862 0.02582564 1.048393 0.7416788 1.286353 0.4768152 0.1727952 NaN
20 0.4055411 0.08261671 0.02866366 0.8743076 0.6761533 2.353693 0.5488271 NaN NaN
21 0.4931151 0.07210953 0.02661599 1.320811 0.7093003 1.429982 0.6249068 0.7973415 0.02525342
22 0.3981332 0.07807465 0.0251041 0.7691153 0.6478389 0.8117894 NaN NaN NaN
23 0.342708 0.07127485 0.02334074 0.5182445 0.4888488 1.691561 0.9095096 0.7790848 0.04027844
24 0.4265944 0.07774941 0.0273991 0.787905 0.6092138 2.729406 NaN NaN NaN
25 0.3955504 0.07748172 0.02244454 0.6667351 0.5610719 2.017873 0.643813 0.7786579 0.02507004
26 0.3562595 0.08882749 0.02562479 0.7207903 0.6056773 1.378632 0.4526032 NaN NaN
27 0.3770389 0.06621127 0.02392497 0.8530882 0.5747743 0.9173242 NaN NaN NaN
28 0.3527545 0.07789806 0.02549693 0.5637809 0.5840303 2.31504 0.2604996 NaN NaN
29 0.4155341 0.0762359 0.02542158 0.7294649 0.6046495 2.656289 0.6761001 NaN 0.01170813
30 0.3404608 0.07397913 0.02480625 0.4534911 0.5000267 5.889462 NaN NaN NaN
31 0.4319246 0.09800587 0.02791607 1.154496 0.5907226 4.462424 0.50468 0.7926066 0.016916
32 0.3588436 0.07718357 0.02348077 0.5006281 0.6364082 1.43762 0.5310376 NaN NaN
33 0.4303051 0.07348837 0.02622238 1.034903 0.5448819 1.506222 0.494666 0.598284 0.01744408
34 0.3976815 0.08158663 0.02475474 0.6780045 0.5834807 3.047877 NaN NaN NaN
35 0.3601549 0.09307998 0.02617992 0.5490247 0.7260795 1.980612 0.677785 0.3222595 0.01396239
36 0.3850536 0.09227024 0.02910256 0.5227161 0.7542797 2.863916 0.5704301 0.7596808 0.02390093
37 0.3922597 0.08450921 0.02486367 0.8425946 0.5588563 1.778884 0.3890257 NaN NaN
38 0.3872642 0.06949103 0.02568555 0.5312868 0.5394057 2.663717 0.5305657 0.3422722 NaN
39 0.4028632 0.09402042 0.02496477 0.8852838 0.6210935 1.860258 NaN NaN NaN
40 0.3268134 0.06736303 0.02389204 0.4614158 0.5128989 1.489134 0.8213766 1.03963 0.03323829
41 0.3339926 0.07268763 0.02428854 0.602524 0.5541259 1.230463 0.7420162 NaN 0.01366005
42 0.4537561 0.09014346 0.03083477 0.9437371 0.7620908 3.017786 NaN 1.282255 NaN
43 0.3808777 0.09129689 0.02505863 0.6393028 0.7065339 1.440291 0.832687 0.9040048 NaN
44 0.3602605 0.08958365 0.02570181 0.4434936 0.6742224 2.086725 0.6558306 0.6165435 0.02002915
45 0.3573514 0.07456654 0.02462574 0.6649027 0.5262088 3.186853 NaN NaN NaN
46 0.4095926 0.07972012 0.0271748 0.8740532 0.644578 1.488558 NaN NaN NaN
47 0.3774914 0.08444097 0.02571128 0.7123282 0.6550534 0.9909834 1.473098 0.5465241 0.05246895
48 0.3917755 0.08366706 0.02399085 0.7282553 0.6006858 1.874948 0.6582122 1.18738 0.07054453
49 0.3639272 0.08357786 0.02623327 0.7411857 0.6314956 1.390806 0.5137046 0.6947331 NaN
50 0.4478487 0.08299815 0.02689539 0.9295745 0.6682365 3.617841 NaN NaN NaN
51 0.4295809 0.07572215 0.02413375 1.180393 0.5284261 1.686732 0.8374796 0.4323285 0.01270742
52 0.4051284 0.07787361 0.02467781 0.7087878 0.6384833 1.234301 0.9206947 0.4060779 0.02174755
53 0.4037546 0.08637401 0.03073521 0.7031578 0.7983343 1.823905 0.5896462 0.724753 0.0241051
54 0.3856708 0.08381332 0.02673998 0.7006921 0.7516672 1.083871 1.113089 0.5022192 0.01937041
55 0.3763172 0.07451372 0.0251367 0.6523799 0.5691022 2.500043 1.008531 NaN 0.02662184
56 0.4346894 0.08825446 0.02653832 0.9894074 0.6383739 2.324112 0.7558327 0.6250694 0.02528718
57 0.4027353 0.0947458 0.02510098 0.7814887 0.5858848 5.750332 NaN NaN NaN
58 0.3588093 0.07556481 0.02594382 0.6346633 0.5401555 1.897652 1.28579 NaN 0.04302233
59 0.3783941 0.08492747 0.02627763 0.6746716 0.6457844 1.490671 NaN NaN NaN
60 0.4709181 0.08630858 0.02627909 1.179098 0.5946351 6.918556 1.691716 NaN 0.04763507
61 0.4223343 0.07994529 0.02317391 1.125 0.5558643 2.160526 1.599325 1.147919 0.03318125
62 0.4208203 0.1073368 0.03287437 0.770867 0.8334531 2.773805 0.7888249 0.5798422 0.02312307
63 0.3726998 0.09245557 0.0257209 0.5370925 0.670732 1.743443 1.766139 1.33592 0.04538551
64 0.4445281 0.08327923 0.02596964 1.118325 0.5919001 1.643043 0.4872282 0.5131051 0.01732263
65 0.3781491 0.08177514 0.02592719 0.6097068 0.6107308 4.041151 0.6317331 0.2391372 0.008996093
66 0.3835595 0.08728252 0.02759605 0.8155118 0.7396744 0.9675335 0.5603227 0.1844047 0.006322714
67 0.3451437 0.07844201 0.02468743 0.4295972 0.6322415 1.344361 0.5001871 1.025135 0.03551141
68 0.4062623 0.08056114 0.02447237 0.7548875 0.6524509 2.079748 0.8223793 0.8492849 0.0212559
69 0.4227237 0.07721915 0.02525459 0.7911513 0.6036513 2.444957 0.5473349 NaN NaN
70 0.3901113 0.08289461 0.02734031 0.8363293 0.6308973 2.635471 NaN NaN NaN
71 0.4449939 0.0851625 0.02569086 0.8228501 0.7219555 1.555897 0.5616836 0.6637485 NaN
72 0.4237791 0.08819534 0.03050051 0.951499 0.713369 4.340067 0.8440958 0.9863408 0.02189079
73 0.4009158 0.0859409 0.02872764 0.6425995 0.7101137 2.808234 NaN NaN NaN
74 0.4600902 0.08902867 0.02674863 1.087605 0.6448335 3.210187 0.9859583 0.6848057 0.0294937
75 0.4121442 0.09260646 0.02983062 0.8796322 0.7244134 1.682373 0.8111801 0.5971829 0.02520019
76 0.4184596 0.08379493 0.02638323 0.6554396 0.7178578 1.463838 NaN NaN 0.03044977
77 0.3666361 0.1048865 0.03050658 0.533523 0.8203232 1.069623 0.6789948 0.5875521 0.0245966
78 0.3596561 0.08638067 0.02591469 0.5884368 0.6778572 1.680951 0.5813962 1.068669 0.0331766
79 0.3622734 0.08584198 0.02596258 0.7318857 0.5923511 2.253222 0.5745652 0.8466093 0.02121419
80 0.3687564 0.08453998 0.02592205 0.7074549 0.5880143 2.140008 0.3331073 1.000171 0.03586647
81 0.4141352 0.07222693 0.02483773 0.5430428 0.609593 3.658787 NaN NaN NaN
82 0.3868705 0.08317004 0.02762888 0.6299126 0.7206531 1.707028 0.9017657 NaN 0.03231449
83 0.4105298 0.08398855 0.02520204 0.7461525 0.69741 1.135263 0.4675558 0.9945694 0.02388134
84 0.4065354 0.08264652 0.02431029 1.030772 0.6633432 1.114921 0.4856251 1.02851 0.01948236
85 0.3535786 0.07983723 0.02518177 0.6293657 0.5795057 1.627205 0.1947216 NaN 0.01261009
86 0.3904804 0.08178873 0.02622548 0.8196928 0.6166218 2.31154 1.375728 NaN 0.03728052
87 0.4507663 0.1099624 0.03091077 0.7386476 0.8854431 1.488159 0.44365 0.5656354 0.01315246
88 0.3649376 0.08224858 0.02838386 0.5726952 0.6790729 1.690458 0.48737 0.536871 0.01790627
89 0.4049643 0.08012805 0.02372683 0.8593393 0.5260131 2.537882 NaN NaN NaN
90 0.3951923 0.07853189 0.02703149 0.7049153 0.7068772 1.125364 0.5078345 0.7404311 0.02449512
91 0.4713483 0.08417845 0.02532966 1.223217 0.6814232 1.413051 0.5368167 0.7814886 0.02186098
92 0.430127 0.08656508 0.02782741 0.8175426 0.6905238 3.37155 0.5479289 0.5738866 0.01821334
93 0.3646895 0.07915073 0.02472001 0.4793457 0.5886432 1.799615 NaN NaN NaN
94 0.3591247 0.07722044 0.02425807 0.5759558 0.6382095 1.204131 0.8016313 NaN 0.01576165
95 0.3671962 0.07537256 0.02337745 0.6815501 0.5431577 2.534788 0.9133263 NaN 0.02501096
96 0.3532825 0.08784435 0.02671921 0.5853569 0.6847549 1.560889 0.6026183 NaN NaN
97 0.363894 0.0799533 0.02447558 0.6612748 0.5092794 1.941995 0.626076 0.630222 0.02277555
98 0.4116519 0.08972743 0.02772416 0.8153534 0.6756356 1.57182 2.337596 0.6472775 0.05110748
99 0.4608108 0.07645307 0.02391078 1.239534 0.527022 11.28535 0.6271598 NaN 0.0102401
100 0.3866445 0.07388224 0.02364791 0.7001578 0.5744818 1.292504 NaN NaN NaN
