1 26.41332 1.91116 -0.5005611 4.942893 3.49109 7.560846 -4.821429 1.911149 -0.03513094
2 25.50161 1.963586 -0.5484262 4.574036 2.831787 4.86522 -3.854302 0.1805591 -0.0710758
3 26.97518 2.053486 -0.507921 3.833441 2.974577 5.845142 -3.376811 -3.972565 0.02725014
4 26.6659 1.892569 -0.5197466 4.531816 2.533423 3.303424 -2.222917 0.2028302 -0.05746236
5 25.97838 2.096881 -0.5442681 5.021076 2.382207 8.094743 -3.327254 0.207971 -0.1070834
6 26.45053 1.866326 -0.5147828 5.167304 1.265516 4.703221 -3.51304 -0.2782577 -0.07625097
7 26.25137 2.155505 -0.5259183 4.719049 4.456862 3.87379 -1.883139 -0.2249641 -0.08728154
8 27.30673 1.834459 -0.4955046 4.102728 1.293653 5.323349 -2.378252 -0.4083782 -0.09510619
9 26.25637 2.144874 -0.5349986 4.879296 1.798311 6.526159 -2.745333 -1.413961 -0.0642649
10 26.30509 2.21575 -0.5147518 5.389427 1.879162 4.242438 -2.761834 -2.402595 -0.03815397
11 26.89491 2.001122 -0.4826692 3.864818 2.545695 4.234662 -2.333037 -0.393901 -0.03942037
12 26.79418 2.00847 -0.5143481 4.275452 2.505634 10.36166 -2.722949 -0.03763798 -0.1689773
13 26.11991 2.185168 -0.5283925 5.104455 1.661447 6.542334 -1.792579 -1.436236 -0.2002831
14 25.83815 1.942445 -0.5441192 4.64607 1.690637 3.765633 -2.709871 -1.872711 -0.152561
15 27.03809 1.884836 -0.52159 4.979996 1.895075 11.50577 -3.204219 -0.3431344 -0.1647298
16 26.78515 1.829426 -0.4914591 5.119182 2.435307 12.17802 -1.486162 -2.685293 -0.08134968
17 26.3238 2.163926 -0.5439712 4.668666 2.377364 4.773595 -2.890089 -2.053141 -0.03359056
18 26.20423 1.979795 -0.5304764 4.294493 1.672539 7.847397 -2.662018 0.397614 -0.03982611
19 26.79901 2.07404 -0.5238246 5.285138 3.043373 4.568687 -2.411924 0.5143431 -0.04013474
20 26.03873 1.830405 -0.5489167 5.856362 2.644777 7.230813 -2.345371 -2.296022 -0.07271817
21 27.06661 1.741683 -0.4943363 5.476062 4.073739 5.03646 -2.38012 -0.4899942 -0.03395028
22 26.0364 1.928882 -0.5332812 4.273649 2.191467 3.316031 -2.353575 -0.2298755 -0.0930132
23 26.49918 1.949325 -0.5277648 3.872501 1.400942 5.780706 -3.159634 0.7659467 -0.09711478
24 26.20092 1.804543 -0.5021537 5.197135 2.003176 7.785657 -1.521063 -2.007925 -0.06840788
25 26.66694 2.041428 -0.4955027 4.503082 1.89956 6.405876 -2.949432 -0.336309 -0.06092808
26 26.31812 2.092882 -0.5675349 4.656211 1.917165 4.766351 -1.753036 -0.5436486 -0.07236333
27 26.21076 1.836687 -0.538532 3.532854 2.534414 3.343072 -2.340672 -0.3318554 -0.04417886
28 26.16681 1.952959 -0.5482805 4.427634 1.581567 6.721086 -1.988852 -1.900465 -0.05423001
29 26.38854 1.861003 -0.5040981 4.971389 2.19723 7.829173 -2.01892 -2.845462 -0.05717892
30 26.34611 1.880986 -0.5288719 4.744574 1.177273 12.71941 -3.739416 0.3984648 0.007709013
31 25.73939 2.130517 -0.5716777 5.358582 3.480732 10.67888 -2.244157 -0.8469126 -0.05505019
32 26.92982 1.914341 -0.5040164 4.809096 1.177025 4.991439 -2.274823 0.04288934 -0.06298976
33 26.08197 1.822835 -0.5505609 4.117356 3.249722 5.379823 -2.559243 -0.1409649 -0.04317743
34 26.69671 2.012733 -0.5151887 5.058256 2.031413 8.327295 -2.928371 -0.4106976 -0.009489004
35 25.4349 2.133248 -0.5591047 5.058372 1.319479 5.395614 -2.451068 -2.055441 -0.05670534
36 26.186 1.990476 -0.5410182 6.119836 1.142618 7.705127 -2.395838 -0.5183311 -0.03060782
37 26.3211 2.05673 -0.5529363 4.433855 2.637535 6.026255 -2.327553 0.01339431 -0.06158953
38 26.3491 1.749541 -0.4951418 4.535742 1.18551 7.768354 -1.926018 -0.5581641 -0.05171821
39 26.04835 2.202452 -0.5468473 4.882811 2.581557 5.92109 -2.463304 -2.726734 -0.04231475
40 26.35727 1.84369 -0.5397918 4.009972 1.316137 5.31646 -3.484986 -0.04087593 0.004910364
41 26.28476 1.853522 -0.5514122 4.350378 1.761232 4.734264 -4.488174 1.171231 -0.002312892
42 25.77087 1.901519 -0.5313668 6.431704 2.931316 8.284611 -1.276029 -2.453153 -0.1219167
43 26.63687 2.121968 -0.517701 5.420436 1.860954 4.994173 -3.853925 0.4552573 -0.09397466
44 26.2243 2.115163 -0.5253291 5.199315 0.9600965 6.262099 -2.727846 -0.08649873 -0.1159345
45 26.37884 1.908382 -0.5534901 4.565235 2.154655 8.467828 -3.610576 -2.052162 0.02698096
46 26.06306 1.861856 -0.5344412 4.963294 2.36303 5.34912 -1.838671 -2.36528 -0.0838054
47 25.73287 2.017937 -0.5379552 4.408263 1.750833 3.761749 -2.174777 0.6083482 -0.1141818
48 26.51572 2.057154 -0.5124412 4.893416 2.281643 6.136757 -2.27485 -0.4353855 -0.09317467
49 26.16505 1.922771 -0.543983 5.060651 1.908958 5.002567 -1.86842 -1.395381 -0.2026107
50 26.34648 1.924743 -0.5201254 5.267999 2.899405 9.120089 -1.662273 -2.315736 -0.06591669
51 26.11111 1.956368 -0.5316454 4.394442 3.982833 5.948085 -3.124159 -2.250924 -0.01313382
52 26.08204 1.965906 -0.5363717 4.279348 2.157933 4.367071 -2.404853 -0.6184538 -0.009542465
53 25.84218 1.821233 -0.5380454 6.564923 1.773845 6.136974 -2.485413 -1.435076 -0.1032523
54 26.35899 1.914681 -0.5369865 5.206039 1.914386 4.034471 -2.581949 -1.836379 -0.09712353
55 26.55564 1.88152 -0.5191223 4.780024 1.969153 7.531723 -2.874188 -1.741174 -0.06080299
56 26.26839 2.038173 -0.5441619 5.060142 2.966863 7.025664 -2.410752 -0.2714387 -0.1194659
57 26.2431 2.191456 -0.5280469 5.386956 2.293229 12.38993 -3.400286 -2.48353 0.007079381
58 26.15792 1.935484 -0.5531907 4.332179 1.663016 6.048296 -2.19189 -1.848643 -0.07965405
59 26.21333 1.996664 -0.5567662 4.953177 2.047725 5.133147 -4.427837 -0.2369678 0.03533663
60 26.40673 2.00239 -0.5084734 5.782825 4.012328 14.50249 -2.803958 -4.673646 0.01315796
61 26.92444 2.043764 -0.5285325 4.343477 3.389666 6.298431 -2.25451 -1.004353 -0.1148004
62 25.6019 2.082153 -0.5842216 6.684922 1.810658 7.624846 -2.645584 0.2557153 -0.1310628
63 26.34 2.170098 -0.5376084 5.234697 1.306968 5.753244 -1.627841 -1.542771 -0.1228726
64 25.81229 2.019003 -0.5694016 4.189165 3.438122 5.488761 -2.619778 -0.1813397 -0.02649153
65 26.71266 1.966257 -0.5372601 5.09598 1.77095 9.768401 -2.303527 -3.03562 -0.04115336
66 25.86401 1.951581 -0.5612332 5.121646 2.199404 3.732546 -2.384234 -2.257867 -0.05278907
67 26.66548 1.968291 -0.516018 4.737698 0.852046 4.704375 -2.332379 -0.5410276 -0.07207969
68 26.61574 1.981868 -0.5103487 5.178463 2.362254 6.517708 -3.541479 -0.1882099 -0.1448282
69 26.67392 1.906644 -0.4944708 5.22192 2.248618 7.735379 -2.715367 0.3509278 -0.0540945
70 25.97582 1.894175 -0.5525807 5.146974 2.446588 7.275689 -2.015425 -1.66288 -0.0726555
71 27.16903 2.004648 -0.4910951 5.615691 2.189222 5.58879 -1.919544 -0.5824364 -0.2150691
72 26.05634 1.860671 -0.547635 6.413013 2.765448 10.54997 -3.593318 1.154292 -0.1130515
73 26.12945 1.893479 -0.5312406 5.74446 1.472178 7.914557 -3.058897 0.6979684 -0.03713334
74 26.6477 2.030053 -0.5235899 5.790216 3.519694 8.701473 -2.442909 -0.6112194 -0.07600271
75 25.35647 1.98422 -0.5537473 5.449301 2.2261 5.498981 -2.77648 0.4161378 -0.1331693
76 26.50185 1.955423 -0.5129589 5.351401 1.725233 5.05765 -1.810665 -2.17405 -0.09777834
77 25.64234 2.152348 -0.572736 5.827959 1.010832 4.100371 -1.95369 -0.5396168 -0.1460409
78 26.51799 2.020261 -0.5462616 5.140384 1.508001 5.459811 -2.707873 -0.4480151 -0.04959429
79 25.94552 2.042544 -0.565319 4.793818 2.004606 6.683711 -2.570058 -1.649584 -0.08781081
80 26.2274 2.017668 -0.5505048 4.915928 2.041191 6.574938 -5.869343 1.923669 0.02227124
81 27.16799 1.833414 -0.4784876 5.41953 1.380828 9.529071 -2.49702 -2.496839 -0.005481314
82 25.92433 1.89828 -0.5199635 5.486953 1.454034 5.460276 -2.324788 -0.7434529 -0.009648928
83 26.77999 2.032227 -0.5231219 5.008692 2.142439 4.206522 -2.548496 -0.7192772 -0.01696307
84 26.4259 2.021339 -0.5326766 4.711822 2.932166 4.065385 -2.394218 -0.119328 -0.07736385
85 25.72227 1.953914 -0.558126 4.254751 1.853984 5.340939 -5.600008 2.668553 -0.01870901
86 25.80236 1.905062 -0.532844 5.142675 2.296113 7.227132 -3.683905 0.3433313 0.004506725
87 26.17089 2.171981 -0.53984 6.640585 1.523578 5.118146 -1.408492 -1.527303 -0.1420719
88 25.91492 1.848863 -0.5423375 5.397385 0.9598689 5.622169 -2.653563 -0.07352777 -0.02279373
89 26.65596 2.063519 -0.5200421 4.768265 2.894626 8.031426 -3.65008 -2.577743 0.03276785
90 26.48182 1.864349 -0.5210255 4.93338 1.837418 4.0862 -2.383605 -0.8838298 -0.0320128
91 26.70521 1.973625 -0.5074916 5.060833 3.820167 4.803256 -2.301724 -1.059083 -0.06284107
92 26.5348 1.878808 -0.5115608 6.130201 2.261363 8.800988 -2.402948 -0.3445446 -0.05621596
93 26.361 1.982012 -0.5237321 4.805655 1.285596 6.133219 -3.292103 0.1331117 -0.007723484
94 26.65356 1.936207 -0.5258847 4.961963 1.664695 4.658973 -2.560487 -1.989556 -0.09333066
95 26.72572 1.939893 -0.5224372 4.590397 2.107031 7.328291 -4.01395 -2.967794 -0.004430816
96 26.14806 1.986013 -0.543829 5.542622 1.455686 5.379474 -2.279888 -2.739519 -0.1130152
97 26.18292 2.057078 -0.5520539 4.116235 2.080162 6.403252 -3.029465 -0.2038231 -0.08157142
98 25.96662 2.013663 -0.5310797 5.400448 2.242438 5.568409 -2.227023 -2.195334 -0.07605795
99 26.81915 1.941476 -0.5075353 5.025356 4.362571 17.81499 -2.707851 -2.444715 -0.03556882
100 26.44748 1.917751 -0.5297178 4.255781 2.130672 4.733677 -4.363448 -0.2963333 0.04381193
