1 0.4829324 0.0834112 0.02680376 1.153756 0.4845922 0.2908613 NaN 0.01486314
2 0.4494497 0.09862444 0.03186032 1.051261 0.5792411 0.720512 0.7066948 0.02282187
3 0.435692 0.08498203 0.02410378 1.047009 0.4070172 3.804764 1.494074 0.1182789
4 0.5344893 0.1014079 0.03396229 1.317493 0.7216065 1.312015 0.5793782 0.03853366
5 0.4302431 0.1035378 0.02784433 0.9844954 0.4831407 0.6942878 0.6886786 0.0220615
6 0.4019096 0.09523928 0.03052846 0.5440008 0.6148122 0.7236419 1.106603 0.02206839
7 0.7764187 0.1073562 0.03082536 6.094488 0.5827904 0.447864 0.4893905 0.01278833
8 0.4189897 0.07311115 0.02600384 0.6935172 0.4578567 0.5736321 0.8257367 0.0204345
9 0.4233912 0.09695466 0.02794252 0.8604295 0.4956351 0.6099827 NaN 0.01372297
10 0.5146672 0.1118346 0.03145188 1.053128 0.6594481 NaN NaN NaN
11 0.4803307 0.08862478 0.02607021 1.122387 0.4863992 0.5141988 0.6871785 0.01207403
12 0.3966149 0.0764266 0.02347105 0.7605546 0.379516 0.6200309 0.7703234 0.01655807
13 0.4135815 0.1055378 0.02887762 0.6685799 0.5460665 0.5306687 0.7210833 0.009729067
14 0.4202373 0.1055094 0.03205493 0.8014793 0.6208804 0.6533676 0.8842703 0.01698
15 0.3576141 0.08045275 0.02521353 0.5616969 0.4258319 0.765932 0.8456943 0.01283139
16 0.4312368 0.07566471 0.02621412 0.7164937 0.4543342 NaN NaN NaN
17 0.4474007 0.1139084 0.030734 0.9898738 0.6139966 0.5269279 NaN 0.01131604
18 0.3661978 0.08400971 0.02586785 0.565261 0.4133422 0.6446934 0.6231579 0.0186666
19 0.4997468 0.124859 0.03229166 1.157136 0.6841245 0.4759398 0.1504359 NaN
20 0.4589202 0.09343098 0.03116218 1.3902 0.5567846 0.5465792 NaN NaN
21 0.5140817 0.08427028 0.03061493 1.42777 0.610699 0.6346936 0.8095903 0.02536017
22 0.4729455 0.09757114 0.0335535 0.9364371 0.6565614 NaN NaN NaN
23 0.383087 0.08311431 0.02651853 0.6803869 0.4341389 0.8262432 0.786431 0.03613823
24 0.472477 0.08285126 0.0283578 0.9825061 0.5041983 NaN NaN NaN
25 0.4252756 0.08613602 0.02551894 0.7443576 0.4622293 0.642285 0.7901171 0.02504214
26 0.43018 0.1079702 0.02915034 1.4829 0.5390594 0.4571283 2.327325 0.09157486
27 0.4596802 0.0782227 0.02819172 1.264321 0.4627736 0.1968127 NaN NaN
28 0.3785771 0.08671345 0.02860637 0.6194637 0.4710877 0.3991242 NaN NaN
29 0.464196 0.08180838 0.02826801 0.9108088 0.5041365 0.7135382 NaN 0.014184
30 0.3513641 0.07728875 0.02542755 0.4953023 0.4005987 NaN NaN NaN
31 0.4592662 0.09816356 0.02931904 1.302775 0.4864115 0.5035368 0.8013667 0.01695101
32 0.4385825 0.08838162 0.02909256 0.7609747 0.570306 0.532321 NaN NaN
33 0.9047143 0.08822631 0.03017908 8.920987 0.5137699 0.507926 0.6012195 0.01796361
34 0.4273034 0.08782964 0.02633296 0.8589798 0.4735475 NaN NaN NaN
35 0.377377 0.1040097 0.0300638 0.5504869 0.5262523 0.6660911 0.3140028 0.01329368
36 0.4146365 0.09854741 0.03097781 0.6226076 0.5962107 0.578119 0.766737 0.02384915
37 0.4344684 0.09499633 0.02845445 1.069186 0.488603 0.3721178 NaN NaN
38 0.4105961 0.0787798 0.02724991 0.6561802 0.4616883 0.5384652 0.3523514 NaN
39 0.4399724 0.1107139 0.02842793 1.022024 0.5143815 NaN NaN NaN
40 0.3687308 0.07565175 0.02797922 0.5414328 0.4600727 0.8283427 1.066757 0.0334359
41 0.379086 0.08757726 0.02935964 0.7510728 0.5052139 0.7331586 NaN 0.005249971
42 0.4707215 0.09475588 0.03151205 1.061643 0.6023784 NaN 1.281898 NaN
43 0.4244301 0.1053492 0.02822782 0.7057146 0.5657905 0.8304319 0.897716 NaN
44 0.398501 0.102964 0.02912864 0.5612252 0.5494197 0.6476535 0.6135659 0.01967291
45 0.381014 0.08222648 0.02655716 0.7853765 0.4143194 NaN NaN NaN
46 0.4627525 0.09355265 0.03313563 1.010899 0.6272885 NaN NaN NaN
47 0.4523791 0.1122021 0.03263723 0.8521815 0.6198837 1.253807 0.5470033 0.04316268
48 0.4231956 0.09536306 0.02712068 0.8351601 0.500727 0.6444763 NaN 0.06353146
49 0.4249491 0.09413455 0.03017373 1.012019 0.5412429 0.5184989 0.6938289 NaN
50 0.4495492 0.09172406 0.02932125 0.8795681 0.5316043 NaN NaN NaN
51 0.4989459 0.09755943 0.02745498 1.875016 0.4627387 0.8249557 0.4543088 0.01142306
52 0.435293 0.0974937 0.03103502 0.7422372 0.5762521 0.9901291 0.445932 0.02337818
53 0.4468905 0.1023261 0.03491512 1.006418 0.6892844 0.5891518 0.7244608 0.02413433
54 0.4676103 0.1038338 0.03244145 1.219912 0.6365081 1.04524 0.444367 0.01651531
55 0.4043456 0.08365074 0.02700665 0.7443942 0.4746217 1.006435 NaN 0.02685871
56 0.4614259 0.0986334 0.02989928 1.071842 0.5443107 0.805446 0.6204511 0.02700592
57 0.4195271 0.09517994 0.02662352 0.7748481 0.4691869 NaN NaN NaN
58 0.3890639 0.08323851 0.02779747 0.737991 0.4486266 1.910907 NaN 0.0646537
59 0.4182525 0.09271369 0.03047299 0.7859241 0.5507329 NaN NaN NaN
60 0.4744142 0.09265277 0.02679737 1.223667 0.4851266 1.77129 NaN 0.05080668
61 0.4695164 0.09009338 0.02583151 1.272181 0.4532186 1.342189 1.01589 0.02890474
62 0.4288279 0.1181488 0.03636326 0.8457188 0.6926998 0.8171821 0.5790516 0.02430661
63 0.4242902 0.1065279 0.02990994 0.730845 0.5780642 1.553358 1.213777 0.04056097
64 0.4879998 0.1038464 0.031507 1.655427 0.5412724 0.4879596 0.5148948 0.01748388
65 0.3911092 0.08856999 0.02735299 0.6844725 0.4736726 0.6332091 0.2399361 0.009036423
66 0.4755772 0.1028161 0.03446205 1.464731 0.6675186 0.5586873 0.1774827 0.006283868
67 0.3969393 0.08864946 0.02831548 0.5155185 0.5228693 0.4987269 1.064039 0.03997048
68 0.4264527 0.09743197 0.02769511 0.8036869 0.527215 0.8187327 0.8463698 0.02027324
69 0.4498251 0.0913017 0.02794068 0.800239 0.5312892 0.5504969 NaN NaN
70 0.4178034 0.0825711 0.02964744 0.9398974 0.4853303 NaN NaN NaN
71 0.5730848 0.09007549 0.03051 1.596862 0.6324449 0.5759314 0.6752923 NaN
72 0.4195695 0.0947152 0.03186295 0.8998818 0.5777906 0.8817394 1.046681 0.02234602
73 0.430924 0.09447204 0.03158349 0.7782336 0.5864988 NaN NaN NaN
74 0.4988 0.0963431 0.02827536 1.426226 0.5214755 0.9992202 0.6967487 0.03038323
75 0.5032064 0.1019785 0.0328094 1.834484 0.6019556 0.7703265 0.5883042 0.02282069
76 0.4897309 0.1016097 0.03155065 1.118016 0.6176624 NaN NaN 0.03199707
77 0.4230109 0.1393256 0.03843065 0.7441858 0.8033057 0.7110466 0.5869555 0.02541479
78 0.4011116 0.0953568 0.03024777 0.6724443 0.5667898 0.5766059 1.051402 0.03308878
79 0.4053613 0.09225703 0.02857697 0.9505431 0.4724662 0.5872923 0.9579901 0.0223237
80 0.4238643 0.09051682 0.02738208 1.059544 0.4646314 0.3240786 0.9957807 0.03548166
81 0.4437485 0.07732384 0.0266553 0.6475043 0.4936375 NaN NaN NaN
82 0.446933 0.09379648 0.03086344 0.85212 0.5881312 1.005309 NaN 0.03709188
83 0.4984308 0.1003991 0.02997482 1.204063 0.5971147 0.473266 1.110914 0.02689555
84 0.4574704 0.103535 0.02953213 1.095308 0.5606749 0.4877155 1.022793 0.01937965
85 0.3975021 0.08324417 0.02922158 0.7454747 0.4761199 0.215073 NaN 0.0125838
86 0.4163724 0.09358956 0.02966455 0.8385942 0.5219131 1.433909 NaN 0.0391396
87 0.5020611 0.140739 0.0349354 1.154723 0.7643581 0.455533 0.5689046 0.01324411
88 0.4399083 0.08752607 0.03219203 0.8312956 0.5999651 0.4864806 0.5357601 0.01792178
89 0.4342944 0.08589699 0.02566085 1.008938 0.4425266 NaN NaN NaN
90 0.4623488 0.09478748 0.03114329 0.9695257 0.5992708 0.5132215 0.7497414 0.02497427
91 0.5000388 0.09830195 0.02903733 1.231894 0.5722206 0.5399516 0.7841259 0.02187767
92 0.458319 0.08773706 0.02964398 0.8819345 0.5643381 0.5469838 0.5722441 0.01815798
93 0.4050024 0.0843606 0.02826201 0.578386 0.5061221 NaN NaN NaN
94 0.4099527 0.09399891 0.0304147 0.6318415 0.5871938 0.8111969 NaN 0.01515165
95 0.4033371 0.07760337 0.0253365 0.8411275 0.4229052 0.9134798 NaN 0.02498557
96 0.4206668 0.09952239 0.02978686 0.9545459 0.5574964 0.5929705 NaN NaN
97 0.3842506 0.082432 0.02746063 0.6892847 0.4480495 0.6239515 0.6303274 0.02260641
98 0.4846714 0.104559 0.03179438 1.082484 0.6151432 2.211765 0.6220834 0.04725147
99 0.4661003 0.07762476 0.02450099 1.23426 0.409152 0.6270884 NaN 0.010714
100 0.4458077 0.09320728 0.0287763 1.013758 0.5208753 NaN NaN NaN
