1 26.37578 1.825651 -0.4978724 6.763666 4.175944 -3.691341
2 26.24759 2.031159 -0.5165239 8.240897 3.636335 -3.730321
3 26.66533 2.12154 -0.5250577 5.751729 3.960308 -4.191224
4 25.98733 1.848094 -0.5291374 9.343385 3.0418 -3.093918
5 25.98264 2.211657 -0.5312899 6.713 3.2579 -3.698889
6 26.24494 1.871183 -0.5349 9.017969 1.077796 -4.815374
7 25.18248 2.034488 -0.5524932 6.790647 15.74946 -2.935107
8 26.60764 1.741467 -0.511543 6.077737 1.784968 -3.52096
9 25.5624 2.04169 -0.5657194 6.998031 2.656751 -3.71437
10 26.20136 2.164224 -0.5042543 8.893882 2.883065 -3.376732
11 26.20804 1.974509 -0.5388648 6.555385 3.361689 -3.523094
12 26.90174 1.983455 -0.5101218 5.232587 2.584359 -4.001365
13 25.87 2.165481 -0.5573268 7.555632 1.628463 -3.722316
14 25.83383 1.96084 -0.5432622 8.915228 2.294899 -4.251811
15 27.20234 1.934525 -0.5261737 6.104553 1.848809 -4.333342
16 26.55645 1.80876 -0.5016461 6.108932 2.316974 -3.457033
17 26.41124 2.26647 -0.5353515 8.27253 2.318954 -3.45487
18 26.32034 2.03152 -0.523446 5.485052 1.562377 -3.50816
19 26.2139 2.269145 -0.561636 8.631692 3.272112 -3.0726
20 26.49107 1.979221 -0.5088555 7.374142 3.859674 -3.46403
21 27.36019 1.787026 -0.4866311 8.188052 4.751713 -3.606738
22 26.30939 1.905189 -0.4969857 8.450499 2.579083 -3.097417
23 26.6225 1.987199 -0.5168023 5.849147 2.142869 -3.629941
24 25.37834 1.720655 -0.528676 6.613515 2.976496 -3.359084
25 26.18128 1.903631 -0.515824 6.320599 1.918821 -3.673081
26 26.3812 2.195857 -0.5640969 6.683118 2.971871 -3.368018
27 25.96375 1.731185 -0.5081369 6.002727 4.256876 -3.370789
28 26.70865 2.004839 -0.5177521 6.335886 1.970831 -3.455429
29 25.83845 1.751113 -0.5182371 6.713 3.102958 -3.365855
30 26.18014 1.853111 -0.540217 5.48536 1.313879 -3.645055
31 25.66803 2.112726 -0.5661674 6.385316 4.297364 -3.435846
32 26.56104 1.872307 -0.5244665 7.765369 1.872036 -3.661501
33 25.95165 1.889189 -0.5286315 6.09143 33.00279 -3.172027
34 26.2284 1.953425 -0.5527667 6.665704 2.593072 -3.497517
35 25.76715 2.184311 -0.549625 7.1901 1.15266 -3.360371
36 26.61499 1.988301 -0.5161269 8.247622 1.354876 -3.552136
37 26.49829 2.016102 -0.518352 6.652732 3.598708 -3.552834
38 25.9001 1.805373 -0.5259119 6.069706 1.232276 -3.119454
39 25.76392 2.317111 -0.5585768 6.829741 3.16458 -3.309065
40 26.43044 1.765746 -0.5225265 6.362306 1.304335 -3.763493
41 26.601 1.849963 -0.5208186 7.122718 2.411863 -4.186093
42 25.83213 1.871386 -0.5237321 8.226161 3.18645 -3.750437
43 25.77563 2.079636 -0.5562502 8.1199 2.067055 -4.271116
44 25.8365 2.079677 -0.5603793 7.677997 1.285679 -3.618391
45 26.24871 1.923208 -0.5573348 5.780905 2.824161 -3.698889
46 25.8854 1.798001 -0.5396169 8.252241 2.966568 -3.414104
47 25.6436 2.093113 -0.5411659 7.854236 1.928213 -3.005673
48 26.54436 2.138142 -0.5240338 7.025872 2.657486 -4.297212
49 26.2959 1.959861 -0.5384228 7.411972 2.94607 -3.642652
50 26.6138 1.971406 -0.5018926 6.992466 2.778257 -3.371409
51 25.91605 2.113996 -0.5272797 6.237223 6.826296 -3.546546
52 26.19173 2.033103 -0.5358964 7.650716 1.856482 -3.141194
53 25.92386 1.882529 -0.5252382 9.190862 2.327154 -3.531264
54 26.2179 1.974434 -0.5391097 8.722829 3.802142 -3.808822
55 26.20187 1.812035 -0.5418367 6.650867 2.047861 -3.915628
56 26.30981 2.088039 -0.5322289 7.069382 3.289784 -3.302136
57 25.5543 2.035379 -0.5634427 6.410677 2.32513 -3.511422
58 26.57464 1.935719 -0.5035486 5.878604 2.115883 -3.212054
59 26.08156 1.880285 -0.5512592 7.735156 2.436002 -3.535042
60 25.71026 1.98766 -0.5525387 6.718077 4.213649 -3.773803
61 26.96812 2.124734 -0.5256012 5.786984 4.035677 -3.22526
62 25.64607 2.082916 -0.5762851 8.913252 1.694157 -3.167976
63 25.60574 2.049639 -0.5625922 7.793239 1.883241 -3.500793
64 26.08619 2.118159 -0.5351913 6.676226 4.50114 -3.066957
65 26.95273 2.035994 -0.5343069 6.473203 2.159253 -3.448111
66 26.44478 2.069669 -0.5240889 8.653798 3.885251 -3.428093
67 26.62165 1.993827 -0.520182 7.080325 0.854844 -3.444686
68 26.35978 2.050145 -0.5339668 7.438574 2.59471 -4.254011
69 27.06506 2.013633 -0.4848422 7.218104 2.403793 -3.556547
70 26.36293 1.89376 -0.5268903 6.550316 3.041977 -3.38159
71 26.27182 1.795462 -0.4973555 8.68339 5.556583 -3.626041
72 26.72825 1.981078 -0.5166142 7.911435 2.700847 -3.566621
73 25.91823 1.889846 -0.540175 7.614159 1.77799 -3.315828
74 25.83058 2.006902 -0.5754871 7.190813 4.798829 -3.524097
75 25.33803 2.010226 -0.5291294 7.610173 4.613391 -3.264024
76 25.74615 1.973536 -0.5462598 8.247896 3.325697 -3.42578
77 25.41338 2.202509 -0.5852528 10.93567 1.056708 -3.432324
78 26.6789 1.99937 -0.5366678 7.777602 1.565286 -3.662574
79 25.93923 2.011534 -0.5492063 6.434198 2.688894 -3.529311
80 26.63132 2.050285 -0.5135428 6.252279 3.505643 -3.532814
81 26.44954 1.741361 -0.5027983 6.958836 1.637802 -3.563469
82 25.75173 1.878562 -0.5290828 7.74231 2.181894 -3.452803
83 26.5579 2.064331 -0.5140753 7.915625 3.295452 -3.245781
84 26.47889 2.144919 -0.5253016 7.685128 3.383951 -3.555113
85 25.58434 1.800855 -0.5563892 6.434345 2.328989 -3.47
86 25.83231 1.960351 -0.5324935 7.171447 2.472647 -3.556619
87 26.19958 2.469317 -0.5349993 9.547949 2.423636 -3.004855
88 26.1118 1.8197 -0.5220157 7.532153 1.34348 -3.028582
89 26.08192 1.988573 -0.5513779 6.393197 3.639754 -4.066842
90 26.2199 1.899897 -0.5349218 8.055084 3.030408 -3.357988
91 26.98243 2.094332 -0.4939798 7.501324 3.571064 -3.325192
92 26.28749 1.827775 -0.5123254 7.552904 2.14604 -3.289414
93 26.815 1.970612 -0.4929096 7.137131 1.475628 -3.78933
94 26.65499 1.967752 -0.5212453 8.307321 1.562587 -3.92051
95 27.07477 1.892666 -0.4979531 6.109562 3.093254 -4.302986
96 26.18955 2.022315 -0.530633 7.658778 2.436325 -3.92051
97 26.24474 1.917405 -0.535591 6.273374 2.04608 -3.560587
98 25.78249 2.033542 -0.528286 8.086056 3.291091 -3.295371
99 26.65596 1.891523 -0.5047861 5.588403 4.562232 -3.647249
100 26.74322 2.046486 -0.5179591 7.047235 3.376341 -3.585932
