1 0.4249139 0.07648918 0.02515935 0.9057548 0.57843 2.33636 0.3432128
2 0.4196323 0.08135058 0.02419107 0.8720815 0.587369 1.24223 0.346511
3 0.387926 0.07124615 0.02077241 0.8476411 0.4805058 1.627389 0.3999884
4 0.403607 0.0788546 0.02637917 0.8098336 0.7100344 0.831733 0.2430358
5 0.3973108 0.0948146 0.025216 0.8061526 0.5694997 2.552638 0.3435825
6 0.3265243 0.07670879 0.0250928 0.4600056 0.6573328 1.158393 0.7243272
7 0.4673081 0.09901379 0.02771274 1.615231 0.713566 1.051787 0.2361917
8 0.3341047 0.0653763 0.02369575 0.4749142 0.5389823 1.506817 0.3072288
9 0.3605969 0.08703525 0.02616745 0.6176872 0.5935936 2.023884 0.3443352
10 0.4369101 0.09690886 0.02625653 0.7060251 0.7681975 1.148997 0.2687053
11 0.3836823 0.06783675 0.02312017 0.82328 0.5477406 1.032836 0.3031684
12 0.3797169 0.07474518 0.02217367 0.7354454 0.4723866 3.765638 0.3673982
13 0.3499932 0.09453238 0.02592537 0.5406909 0.6111011 1.801265 0.3441728
14 0.3490786 0.08364365 0.02662523 0.6178188 0.6578552 0.9897783 0.4840894
15 0.3591924 0.07227667 0.02317093 0.6233259 0.5129319 4.13592 0.5462358
16 0.4133547 0.07392426 0.02497064 0.7398636 0.5695822 5.642197 0.278968
17 0.3919874 0.0861623 0.02412963 0.7305202 0.6142199 1.138264 0.2789362
18 0.3660512 0.07666353 0.02338737 0.6003818 0.4930074 3.389504 0.3030714
19 0.4586998 0.09272134 0.02667961 1.114572 0.746136 1.38406 0.2518445
20 0.4293588 0.07963994 0.02564797 0.8129234 0.6668416 2.130726 0.3042316
21 0.5176429 0.07434823 0.02580559 1.450544 0.7072197 1.546621 0.303771
22 0.4135052 0.07824953 0.02359846 0.7714166 0.6450379 0.8085596 0.2541698
23 0.3455702 0.07337727 0.02185945 0.4846408 0.4704932 1.703257 0.3034629
24 0.3955472 0.07822859 0.02954307 0.7697243 0.6096744 2.790075 0.2724978
25 0.3740669 0.07909384 0.02386023 0.6613058 0.5748939 1.908457 0.3423211
26 0.3572418 0.08880954 0.02551973 0.6775627 0.6064135 1.368451 0.278261
27 0.3763729 0.06302559 0.02243084 0.8475133 0.5695957 0.8196785 0.293184
28 0.3676423 0.07875792 0.02359491 0.54674 0.5909819 2.128745 0.2924462
29 0.3964801 0.07482811 0.02646305 0.7054143 0.6069353 2.504227 0.2812254
30 0.3304264 0.07387329 0.02544375 0.4563357 0.5051237 5.086045 0.3219807
31 0.4393582 0.0953297 0.02775505 1.20747 0.599488 3.793906 0.2909536
32 0.348015 0.07755429 0.02445498 0.5001623 0.6378626 1.458587 0.3046426
33 0.4348133 0.07340388 0.02462502 0.9488735 0.5485122 1.44263 0.2589549
34 0.3754667 0.08543632 0.02704168 0.6827817 0.5862813 3.565257 0.3198252
35 0.3652402 0.09253936 0.02560123 0.5485144 0.7279182 1.939351 0.2813598
36 0.4024967 0.09080743 0.0285603 0.5217215 0.7632939 2.892968 0.3034631
37 0.4062148 0.08368423 0.0233318 0.825809 0.5552994 1.763423 0.320757
38 0.3673764 0.07075244 0.02716179 0.5279362 0.5675151 2.421367 0.2584106
39 0.398237 0.09153125 0.02497046 0.8393907 0.6245018 1.800271 0.2749755
40 0.3278682 0.06768485 0.02390848 0.4426428 0.509236 1.592452 0.345693
41 0.3540222 0.07110393 0.02248378 0.6511991 0.5331287 1.251294 0.4327649
42 0.4375469 0.09026428 0.03038509 0.8740272 0.7529107 2.529174 0.3421468
43 0.3439731 0.08936004 0.02666473 0.5741981 0.6915186 1.343858 0.5692015
44 0.3435634 0.09082114 0.02770085 0.4501992 0.6719807 2.273459 0.3052198
45 0.3616082 0.0753704 0.02494474 0.6937498 0.5200622 3.502176 0.3462181
46 0.4111014 0.08078752 0.02772982 0.9301108 0.6516411 1.465155 0.2792495
47 0.3746254 0.08480244 0.02503005 0.6879792 0.653178 0.9234188 0.2433691
48 0.3991287 0.08793434 0.02406474 0.7996507 0.6023846 2.008642 0.4297215
49 0.3727882 0.0856743 0.02600239 0.7468569 0.6392779 1.422008 0.3407948
50 0.4594972 0.08192263 0.0256954 0.8851829 0.6545986 3.521306 0.2809708
51 0.4423493 0.0776772 0.02333777 1.226345 0.5370085 1.61524 0.3090141
52 0.4113071 0.08000568 0.02497393 0.7232277 0.6400395 1.341744 0.2511862
53 0.4200133 0.08766164 0.02947622 0.7105909 0.7933887 1.938082 0.3049866
54 0.3869591 0.08304737 0.02629545 0.6852463 0.7464542 1.067905 0.3452128
55 0.3647846 0.07432968 0.02643026 0.6971455 0.5785794 2.489432 0.3697832
56 0.434345 0.08865829 0.02618911 0.9425746 0.6421161 2.351292 0.2673696
57 0.3840004 0.09404732 0.02730784 0.8096194 0.5809223 5.989374 0.2957959
58 0.3874455 0.0750592 0.0239924 0.662996 0.5363599 1.913325 0.2683605
59 0.3722374 0.08254249 0.02629806 0.6658615 0.6412327 1.438909 0.3058178
60 0.4456045 0.08926803 0.02795366 1.221282 0.5916336 6.253792 0.3259314
61 0.4255318 0.08006974 0.02298303 1.106167 0.5731515 1.93329 0.2587521
62 0.4304314 0.1067148 0.03193369 0.7850246 0.8341847 2.645175 0.2624083
63 0.3505296 0.0939081 0.02802796 0.5249525 0.6720967 1.911795 0.2899771
64 0.4624148 0.08059038 0.02414995 1.103557 0.5883807 1.585384 0.2440327
65 0.3852123 0.07980963 0.02491025 0.6205873 0.6038082 3.305521 0.2842277
66 0.4251977 0.09344141 0.02564993 0.9306742 0.7527497 1.008988 0.2814504
67 0.3417706 0.07966596 0.02415762 0.4554072 0.6296447 1.272635 0.315395
68 0.3871858 0.07968224 0.02479918 0.7102228 0.6495179 1.931864 0.4829185
69 0.4394855 0.07693811 0.0242514 0.7658508 0.6013865 2.533267 0.3211629
70 0.4058944 0.08386838 0.02588487 0.8467576 0.6156212 2.771337 0.2902048
71 0.4214776 0.08397583 0.02623632 0.7972397 0.7217166 1.467511 0.319687
72 0.4559439 0.0850459 0.0278313 0.9595364 0.7014113 4.093916 0.3250815
73 0.4038537 0.08415786 0.02907514 0.6913271 0.716156 2.692496 0.2675898
74 0.4318124 0.08962193 0.02907439 1.056382 0.658835 2.926734 0.3126376
75 0.4118508 0.09173123 0.0284076 0.8079627 0.7185631 1.627313 0.2685109
76 0.4063779 0.08646387 0.02817163 0.6471693 0.727105 1.634589 0.2784944
77 0.3655486 0.1036366 0.03039872 0.5175465 0.8193943 1.066265 0.2933701
78 0.3680117 0.08787283 0.02574909 0.60986 0.6893264 1.689086 0.3444128
79 0.3631087 0.0847098 0.02513173 0.7119706 0.5772414 2.189931 0.30453
80 0.3904406 0.0851159 0.02388175 0.7595052 0.5720354 2.165611 0.3053382
81 0.3880096 0.07554453 0.02702797 0.5266639 0.6404288 3.912881 0.3218437
82 0.3753709 0.08224143 0.02778593 0.6304714 0.712217 1.643371 0.2896274
83 0.4228994 0.08455253 0.02518677 0.8015275 0.6892349 1.229289 0.2684737
84 0.4186412 0.08387195 0.02369496 1.041264 0.6484891 1.223174 0.3377942
85 0.3495096 0.07648646 0.02568246 0.6306546 0.5805194 1.571973 0.2939717
86 0.3862397 0.0781957 0.02556355 0.7547084 0.6129427 2.186216 0.3215703
87 0.48406 0.1062839 0.02932832 0.7664395 0.879788 1.459844 0.2439413
88 0.3711625 0.08424359 0.02797884 0.5730178 0.6865468 1.654601 0.2431227
89 0.3871782 0.08031241 0.02542232 0.8452055 0.5351809 2.52854 0.4017263
90 0.3870517 0.08120771 0.02691355 0.6854808 0.7089181 1.113535 0.292994
91 0.4812378 0.08392653 0.02370359 1.199818 0.6750332 1.305035 0.2707695
92 0.4121372 0.08794998 0.02782956 0.7793129 0.6794922 3.13645 0.2729851
93 0.3908326 0.07988608 0.02370835 0.5030941 0.5871359 1.840007 0.3459173
94 0.3641789 0.07921984 0.02378039 0.5774328 0.6385767 1.228135 0.3700188
95 0.3909068 0.07537422 0.02291924 0.7598585 0.5525445 2.72577 0.4521272
96 0.3620052 0.08581422 0.02605824 0.5955672 0.6816296 1.564512 0.3700194
97 0.3612071 0.07881254 0.024191 0.6295658 0.506192 1.912515 0.3215703
98 0.4142843 0.08765718 0.02709176 0.8195598 0.670536 1.464443 0.2685737
99 0.4602968 0.07579597 0.02422395 1.248931 0.5216466 11.42585 0.3219854
100 0.4041994 0.07038728 0.02225864 0.7252108 0.5540068 1.309628 0.3090377
