1 26.26716 1.909777 -0.510866 4.891337 2.928677 7.213495 -3.691341
2 26.01152 1.99546 -0.5100829 4.599263 2.796102 4.838223 -3.822023
3 26.87432 2.003274 -0.5086122 3.80455 2.878859 5.606138 -4.195751
4 26.46029 1.926969 -0.5455432 4.499601 2.23382 3.289305 -3.027695
5 26.26346 2.213935 -0.5406578 5.094602 2.388097 7.82107 -3.698889
6 26.16492 1.889944 -0.5392073 5.069079 1.105274 4.533051 -4.815374
7 25.86914 2.137149 -0.5533264 4.862821 4.107573 3.819608 -2.935107
8 26.84291 1.76858 -0.5170608 4.115288 1.136575 5.166605 -3.612192
9 25.75915 2.059238 -0.5628491 4.793834 1.860005 6.493155 -3.71437
10 26.46807 2.253408 -0.5081814 5.165386 1.780545 4.098289 -3.368224
11 26.03587 1.802027 -0.5090339 3.865047 2.632426 3.934427 -3.523094
12 26.76452 2.019561 -0.5164677 4.216 2.337919 9.696434 -3.866413
13 25.77848 2.182782 -0.5543206 4.923357 1.355835 6.062229 -3.855568
14 25.8043 1.983991 -0.5518696 4.82639 1.722412 4.006767 -4.251811
15 27.12366 1.918044 -0.5203118 4.83317 2.021872 11.03351 -4.61053
16 26.57186 1.834012 -0.5038168 5.076515 2.365699 12.14829 -3.457033
17 26.52852 2.127938 -0.5243476 4.495706 2.174409 4.345943 -3.45487
18 26.39843 2.007646 -0.5205741 4.362011 1.711522 9.057299 -3.522579
19 26.56314 2.061855 -0.5364913 5.360203 3.266609 4.787612 -3.126801
20 26.80227 1.911398 -0.5036476 5.636448 2.430983 6.721734 -3.570376
21 27.38697 1.811896 -0.4817826 5.537245 4.47133 5.345268 -3.526021
22 26.58863 2.012724 -0.5094755 4.205923 2.184856 3.287648 -3.099561
23 26.86881 2.063066 -0.518142 3.788039 1.241138 5.951665 -3.524587
24 25.57086 1.737866 -0.5410222 5.211762 1.92576 7.85201 -3.227921
25 26.21372 2.002423 -0.5236143 4.547601 1.868576 6.125834 -3.673081
26 26.41594 2.105312 -0.5580682 4.706204 1.779214 4.791684 -3.392643
27 26.31047 1.842394 -0.5338063 3.24977 2.497468 2.99807 -3.510893
28 26.78264 2.080231 -0.5214832 4.290942 1.517723 6.186158 -3.444334
29 25.98722 1.791162 -0.5240665 4.924196 2.112614 7.492593 -3.363805
30 26.08177 1.850143 -0.5425637 4.695649 1.173154 11.58224 -3.564968
31 25.72859 2.085335 -0.5663893 5.315183 3.692088 9.570238 -3.35147
32 26.66195 1.881247 -0.5192934 4.86736 1.221419 5.0551 -3.52979
33 26.43769 1.879977 -0.5220459 4.112088 2.970253 5.202663 -3.192005
34 26.14593 1.974381 -0.5535377 5.260067 2.075384 9.358807 -3.580167
35 25.63709 2.169637 -0.5491358 4.981813 1.269549 5.284722 -3.392932
36 26.4784 1.985086 -0.520875 6.245992 1.105848 7.782596 -3.524587
37 26.76426 2.110373 -0.5256935 4.35153 2.562912 5.931855 -3.552834
38 25.91278 1.711566 -0.518038 4.612607 1.153359 7.037182 -3.13306
39 25.99199 2.148226 -0.5433558 4.844759 2.377001 5.772547 -3.293453
40 26.40108 1.843727 -0.5339052 4.064587 1.215543 5.599199 -3.888155
41 26.77252 1.900811 -0.5246802 4.231507 2.013252 4.818575 -4.303668
42 25.7605 1.922886 -0.5373449 6.249256 2.643011 7.410074 -3.66954
43 25.95931 2.020781 -0.5563825 5.244806 1.62267 4.775712 -4.271116
44 25.7708 2.035912 -0.548229 5.41136 0.9527208 6.794891 -3.532287
45 26.38385 1.908083 -0.5555933 4.643507 2.279049 9.242796 -3.900567
46 25.95644 1.86498 -0.5423527 4.978294 2.510893 5.269487 -3.293582
47 25.91125 2.071208 -0.5371232 4.331499 1.658556 3.567586 -3.039407
48 26.55981 2.128889 -0.5184897 4.979995 2.562724 6.47242 -4.297212
49 26.36749 1.962777 -0.5357271 5.147191 1.914391 5.110683 -3.642652
50 26.65421 1.949939 -0.4986623 5.23179 2.742094 9.132481 -3.421955
51 26.43354 2.040617 -0.5189835 4.390936 4.070172 5.730577 -3.563416
52 26.27514 1.982612 -0.5309378 4.491574 2.164312 4.736385 -3.166819
53 26.20916 1.875963 -0.5208178 6.598119 1.816836 6.427529 -3.531264
54 26.47488 1.916927 -0.5289687 5.183381 1.811865 4.006835 -3.87752
55 26.10981 1.815563 -0.5434082 4.799571 2.141737 7.351733 -3.915628
56 26.37386 2.059819 -0.5359904 5.073469 2.800748 7.03414 -3.271042
57 25.59765 2.083553 -0.565363 5.40402 2.396477 12.88191 -3.442995
58 26.76987 1.999239 -0.5167562 4.318361 1.795367 6.114846 -3.30283
59 26.09445 1.964207 -0.5621472 4.844248 2.031054 4.984742 -3.535042
60 25.81023 1.98389 -0.553937 5.659605 4.198529 13.54533 -3.772769
61 27.02856 2.050027 -0.5207213 4.365871 3.277807 5.803179 -3.168396
62 25.78886 2.104976 -0.5734441 6.629529 1.881752 7.393885 -3.156141
63 25.84745 2.096578 -0.567713 5.412044 1.205367 6.191933 -3.500793
64 26.20481 2.037246 -0.5252031 4.135406 3.403064 5.337221 -3.072407
65 26.88352 1.989477 -0.5260786 4.895929 1.815558 8.566148 -3.30657
66 26.65372 2.136808 -0.5261103 5.241478 2.594422 3.85395 -3.335499
67 26.68193 2.017687 -0.5224562 4.635389 0.9391294 4.511602 -3.513444
68 26.41833 1.970393 -0.52538 5.032077 2.151855 6.131044 -4.254011
69 27.0574 1.938798 -0.4763129 5.240508 2.141095 7.939257 -3.556547
70 26.41113 1.978065 -0.5315479 5.146533 2.51782 7.653997 -3.505101
71 26.81513 1.960627 -0.5082597 5.495208 2.121236 5.314451 -3.544416
72 26.73753 1.906108 -0.5050238 6.301206 2.84754 10.27796 -3.681314
73 26.02601 1.85349 -0.5322589 5.701042 1.628989 7.658828 -3.272037
74 26.04583 1.957209 -0.5660524 5.79901 3.360962 8.1263 -3.444067
75 25.63057 2.04086 -0.5388087 5.282105 1.970149 5.32747 -3.196115
76 26.1688 1.918707 -0.52982 5.590412 1.65199 5.527567 -3.416992
77 25.63105 2.147433 -0.571042 5.771218 0.9272898 4.086116 -3.516376
78 26.69138 2.057794 -0.5401515 5.228981 1.582496 5.443561 -3.749557
79 26.03861 2.059672 -0.5576008 4.679079 1.936913 6.578902 -3.529311
80 26.7491 2.13121 -0.5259306 4.800426 2.242936 6.631995 -3.532814
81 26.60606 1.79407 -0.5081475 5.72755 1.313541 9.869224 -3.563469
82 25.71259 1.881313 -0.5309313 5.332477 1.451328 5.284405 -3.49184
83 26.85444 2.028123 -0.5149875 5.110022 2.310112 4.52361 -3.314116
84 26.6888 2.072813 -0.5199005 4.757196 3.000098 4.409171 -3.770351
85 25.49283 1.860666 -0.5618697 4.220158 1.830977 5.186545 -3.458232
86 25.90782 1.87335 -0.522732 5.019566 2.076942 6.88703 -3.560587
87 26.5898 2.17155 -0.5111302 6.554038 1.661306 5.054152 -2.974394
88 26.12099 1.90926 -0.5408669 5.399851 1.051614 5.532705 -3.056089
89 26.14951 1.981694 -0.5472631 4.821274 2.838711 7.980231 -4.20669
90 26.4311 1.907655 -0.5324616 4.892954 1.794235 4.04759 -3.441966
91 27.13112 2.056392 -0.491182 4.889795 3.732181 4.49855 -3.337394
92 26.4473 1.915905 -0.5272688 6.000833 2.113672 8.447019 -3.236842
93 26.80046 2.023926 -0.4992145 4.871958 1.365053 6.317322 -3.769357
94 26.83775 1.99261 -0.519775 4.999558 1.625991 4.724875 -3.92051
95 27.02513 1.954363 -0.5037517 4.696013 2.409647 7.629338 -3.97396
96 26.31714 1.988695 -0.5316618 5.482365 1.480279 5.365641 -3.92051
97 26.22999 2.060185 -0.5474445 4.069519 1.967341 6.325729 -3.560587
98 26.04233 2.00027 -0.5258436 5.278213 2.323265 5.309154 -3.360266
99 26.74211 1.908365 -0.5078938 5.082841 4.377092 18.22144 -3.564968
100 26.8031 1.919533 -0.5024468 4.137013 2.234394 4.789651 -3.558787
