1 0.4787894 0.08104377 0.0274873 1.145145 0.4869103 0.3432136
2 0.480974 0.1003229 0.02976685 1.065901 0.5851323 0.3451043
3 0.4300245 0.08705773 0.02421365 1.04213 0.4052213 0.4008993
4 0.513268 0.1015916 0.03544037 1.201871 0.7329822 0.2439696
5 0.4408726 0.1019635 0.02713195 0.9828348 0.4827866 0.343582
6 0.3843584 0.09636367 0.0317403 0.552157 0.6159941 0.7243372
7 0.710067 0.1086342 0.0325125 5.030464 0.5908467 0.2361916
8 0.3954388 0.07355325 0.02726946 0.6913718 0.4547959 0.3027927
9 0.3961964 0.09833829 0.02978143 0.8110177 0.4982902 0.3443332
10 0.5244186 0.1129191 0.03099657 1.030529 0.6636665 0.2711215
11 0.434806 0.08985716 0.02828382 1.01066 0.4859366 0.3031681
12 0.3938444 0.07677824 0.02341526 0.7519648 0.3781496 0.3680709
13 0.3908906 0.1088069 0.03020312 0.6459171 0.5492597 0.357442
14 0.4199383 0.1032621 0.03227267 0.7930658 0.6214321 0.4840915
15 0.365888 0.07927258 0.02504619 0.5923639 0.4257512 0.5281915
16 0.4203474 0.07579367 0.02656063 0.7344702 0.4485084 0.2789678
17 0.4558871 0.1150011 0.03002095 0.9451264 0.6164482 0.2789362
18 0.3743197 0.08363777 0.02510305 0.57399 0.4070475 0.3075383
19 0.495033 0.123642 0.03285637 1.232598 0.6747422 0.2516598
20 0.4901771 0.09271199 0.02838391 1.374779 0.5573397 0.2906216
21 0.53425 0.08379683 0.02943382 1.475455 0.6086132 0.3090936
22 0.5107155 0.09613545 0.03172056 1.011785 0.6527336 0.2505304
23 0.4014941 0.08297385 0.02556088 0.719321 0.4325134 0.307715
24 0.4380586 0.08075086 0.03054479 0.9496963 0.4980667 0.2704802
25 0.3980153 0.08292694 0.02703289 0.7119781 0.4603087 0.3423203
26 0.4285896 0.1041974 0.02870678 1.313573 0.5352469 0.2796454
27 0.4688863 0.07508998 0.02773717 1.300792 0.4528047 0.2917861
28 0.4125328 0.0868615 0.02678393 0.6784189 0.4720118 0.2894067
29 0.4490676 0.08074916 0.02967592 0.9324564 0.5006579 0.2782252
30 0.3412102 0.07597401 0.02610714 0.4929206 0.3970422 0.3252471
31 0.4543284 0.1004493 0.02912776 1.275991 0.4832021 0.2919829
32 0.4207035 0.08947304 0.02997751 0.7554782 0.5683026 0.3092802
33 0.848912 0.08847685 0.02874812 8.138911 0.543817 0.2587946
34 0.3971269 0.08897375 0.02848227 0.8034854 0.4811297 0.3074025
35 0.3875289 0.1062426 0.02940548 0.5692872 0.5268994 0.2867142
36 0.4337473 0.09834656 0.03025106 0.627478 0.6058339 0.3081677
37 0.455023 0.09031794 0.02709635 1.0662 0.4885441 0.3207573
38 0.3868655 0.07975393 0.02894487 0.6265083 0.4741687 0.2592765
39 0.440113 0.112056 0.02841964 1.05226 0.5110144 0.2685981
40 0.3689754 0.07634495 0.02761826 0.5260908 0.4569639 0.3451687
41 0.4079546 0.08298458 0.02781108 0.8011232 0.5012103 0.4741181
42 0.465822 0.09538663 0.03157811 1.038081 0.5969692 0.3449006
43 0.3914498 0.1057682 0.03059818 0.7293297 0.563584 0.5691811
44 0.3801901 0.1042825 0.03078821 0.5825069 0.5526595 0.3188015
45 0.3825728 0.0815664 0.0266561 0.801625 0.4143611 0.3435813
46 0.4599337 0.09266542 0.03348279 1.033513 0.6227016 0.2784658
47 0.4552749 0.1090242 0.03233156 0.8246508 0.6165718 0.2428214
48 0.4209162 0.09769493 0.02692392 0.8314982 0.4988696 0.4297193
49 0.4326366 0.09388284 0.02966513 0.9992396 0.5466474 0.3407942
50 0.4682686 0.09002442 0.0280057 0.8813889 0.5237573 0.2811837
51 0.514533 0.0945007 0.02656106 1.921458 0.4624952 0.308661
52 0.434822 0.09978764 0.03057242 0.7174668 0.5754676 0.2509502
53 0.4650056 0.1002413 0.03323113 0.9926524 0.6791621 0.3049897
54 0.4763563 0.1025631 0.03209081 1.24434 0.6374954 0.3629915
55 0.3806743 0.08151259 0.02863681 0.6835199 0.4754905 0.3697825
56 0.470823 0.09945945 0.02931399 1.098795 0.5434458 0.267844
57 0.3888624 0.09459649 0.02883725 0.7588921 0.467687 0.2906553
58 0.4233962 0.08111787 0.0259248 0.7603104 0.447403 0.2720813
59 0.4169449 0.09199853 0.03116764 0.7995911 0.5569181 0.3058182
60 0.443704 0.09369172 0.02902471 1.168269 0.487177 0.3261571
61 0.4729518 0.09013304 0.02539716 1.284521 0.4504768 0.2596837
62 0.4332404 0.116132 0.03550564 0.8207105 0.6894485 0.2583515
63 0.4045294 0.1050492 0.03182222 0.7623769 0.5765366 0.2899771
64 0.5033622 0.1008232 0.02900993 1.497697 0.5317161 0.2431761
65 0.4042628 0.08892113 0.02684951 0.7153171 0.4780428 0.2788438
66 0.5125916 0.1069249 0.03142831 1.468004 0.6682479 0.27861
67 0.3899725 0.09122763 0.02827312 0.502915 0.5225237 0.3050484
68 0.4126137 0.09640087 0.02828273 0.794668 0.5190046 0.4829176
69 0.4706382 0.08946195 0.02684734 0.8069264 0.5264433 0.3211626
70 0.4355756 0.08450519 0.02797245 0.9516855 0.4837554 0.2971946
71 0.5543547 0.09134063 0.03191884 1.5893 0.6420074 0.3230492
72 0.4544401 0.0944164 0.02925827 0.9212432 0.5756393 0.3228844
73 0.4259448 0.09372333 0.03173279 0.7710441 0.5808451 0.2680392
74 0.4639871 0.09947506 0.03103574 1.323142 0.5316917 0.3033633
75 0.512134 0.1035571 0.03171595 1.801378 0.608937 0.2679705
76 0.47003 0.1036751 0.03274636 1.086984 0.6199107 0.2807222
77 0.4271498 0.1375998 0.03839835 0.7521978 0.8047398 0.293181
78 0.4041936 0.09588921 0.02958914 0.6554749 0.5633884 0.3418009
79 0.4052013 0.09156305 0.02817053 0.9021835 0.4743405 0.3045296
80 0.4469454 0.0875385 0.02569359 1.074288 0.4570511 0.3053399
81 0.4109999 0.07799985 0.0285264 0.6196495 0.5028734 0.3218439
82 0.4400092 0.09397791 0.03142453 0.8942404 0.5822568 0.2928059
83 0.4996968 0.10119 0.02975263 1.147352 0.6019476 0.2683186
84 0.470191 0.1044706 0.02879613 1.089503 0.5664725 0.3434254
85 0.3912498 0.0833183 0.02993301 0.7555335 0.4755866 0.293287
86 0.4229638 0.09335733 0.02943416 0.8579839 0.5253886 0.3218575
87 0.5306612 0.1412488 0.03345908 1.16209 0.7662355 0.2429189
88 0.4425299 0.08854779 0.03143405 0.82258 0.5926726 0.2429987
89 0.4111149 0.08849394 0.02733791 0.9786943 0.4477853 0.3997903
90 0.4630066 0.09597335 0.0315653 1.010432 0.6019278 0.2967742
91 0.5180792 0.09737547 0.02784125 1.198574 0.5688649 0.2685846
92 0.4484496 0.08704923 0.03032569 0.8595823 0.5703609 0.2681404
93 0.4284952 0.08737406 0.02694343 0.5801764 0.5099382 0.3453674
94 0.4221161 0.09618471 0.02985443 0.6547138 0.5928627 0.3700187
95 0.4247288 0.0765717 0.0247164 0.8795465 0.4291351 0.4320526
96 0.4279824 0.09772224 0.02921901 0.934901 0.5577318 0.3700192
97 0.3874078 0.08394043 0.02745077 0.6779644 0.456461 0.3215704
98 0.4838456 0.1038801 0.03132147 1.078852 0.6040765 0.2706297
99 0.4634066 0.0760707 0.02468784 1.206244 0.4063729 0.3253031
100 0.4625524 0.09264867 0.02725027 1.012262 0.5131157 0.3195937
