1 27.13333 1.968686 -0.4681214 6.887406 4.780238 -6.482992 0.5875722 -0.2680216 0.3128637
2 26.35406 1.943774 -0.5016249 8.586309 3.650157 -6.420229 -0.3548061 -0.2580502 0.3169726
3 26.72082 2.068537 -0.5303801 5.940995 3.979778 -8.499391 -1.670067 -0.4408919 0.5394872
4 26.93746 1.907459 -0.4855492 9.810688 3.060586 -6.625474 -0.8625004 -0.3706343 0.4351575
5 26.69995 2.262003 -0.5156665 6.970475 3.308242 -7.634519 -0.3931029 -0.3886386 0.4610095
6 26.96778 1.944483 -0.492601 9.037318 1.001753 -4.877751 -1.178201 -0.2553341 0.2151266
7 25.19524 1.969543 -0.5020849 7.244079 16.82416 -14.18103 -2.132366 -1.231405 1.295055
8 27.68842 1.877184 -0.4641273 6.175833 1.757917 -6.688622 -0.8178822 -0.6267499 0.5657318
9 26.37777 2.021237 -0.5169048 7.155239 3.079315 -6.862278 -0.4797023 -0.3232888 0.3904704
10 26.57412 2.124933 -0.4962566 9.309767 2.567785 -7.135816 -1.225521 -0.3385163 0.4303597
11 27.23096 2.013069 -0.4933202 6.836714 3.344891 -5.336941 -0.5871743 -0.395249 0.3692548
12 26.81851 1.972005 -0.5141366 5.241993 2.693895 -4.128744 -0.3669142 -0.248736 0.1971154
13 26.19643 2.022048 -0.5328157 7.566249 1.484344 -5.998907 -1.485978 -0.5232184 0.4734053
14 26.64729 1.982545 -0.4983404 9.096037 2.479456 -6.199161 -1.491167 -0.4678543 0.4034757
15 27.63034 2.035727 -0.5194276 6.123905 1.86783 -4.358078 -0.03407114 -0.1711334 0.1282056
16 27.03618 1.872455 -0.4730838 6.24499 2.339614 -5.097133 -1.192957 -0.2765964 0.3095166
17 26.69016 2.157329 -0.5369511 8.531337 2.338617 -7.876068 -0.3497127 -0.3288221 0.4404623
18 26.93123 2.023392 -0.4953088 5.614329 1.624654 -6.040851 0.07591441 -0.4157842 0.4086895
19 26.74578 2.190017 -0.5492093 9.080425 3.118396 -4.757103 -0.5316401 -0.2450434 0.2672126
20 26.57477 1.895261 -0.5022739 7.757633 3.390549 -8.167549 -0.4591027 -0.3981276 0.494297
21 27.7245 1.834758 -0.4727794 8.706852 4.669892 -13.77299 -3.065601 -0.9677138 1.054948
22 26.86795 1.879544 -0.4680669 8.950663 2.347126 -6.74831 -0.3359834 -0.4440052 0.4753714
23 26.46107 1.92156 -0.525421 5.922337 1.934536 -5.933788 0.604814 -0.3282449 0.3365824
24 26.67731 1.807254 -0.4557504 7.128168 3.482549 -11.07163 -1.095518 -0.5385519 0.7382057
25 27.04269 1.983015 -0.47495 6.430187 2.055554 -4.234287 -0.4475777 -0.192661 0.1805661
26 26.71107 2.12871 -0.5623656 6.99628 2.830478 -10.75643 -1.135699 -0.7548207 0.8214833
27 27.40396 1.889777 -0.4541392 6.317086 4.424825 -5.826653 -1.399081 -0.4523843 0.4566745
28 26.94638 2.015748 -0.5109284 6.408358 1.910696 -3.575007 -0.7997834 -0.2051783 0.1815925
29 27.15055 1.869446 -0.4547193 7.100188 3.252057 -6.404393 -0.8306475 -0.4470392 0.4736102
30 27.18427 1.958983 -0.489675 5.604499 1.369992 -5.677145 -1.036 -0.3545587 0.3753663
31 26.43578 2.098091 -0.5248793 6.672194 4.394035 -7.046574 -0.7840486 -0.5626386 0.5564506
32 26.80377 1.803581 -0.4962706 8.025644 1.663666 -7.036436 -1.523462 -0.4876075 0.5065468
33 25.06842 1.729615 -0.5039291 6.013698 68.04394 -3.197875 -0.23883 -0.1609592 0.1298611
34 26.81318 1.930575 -0.5138226 6.780636 2.450251 -6.045471 -1.231887 -0.2941528 0.3539192
35 26.43678 2.117882 -0.5160513 7.316287 1.01356 -5.947294 -0.7960749 -0.2831287 0.3383695
36 27.05332 1.96311 -0.4972748 8.524229 1.356051 -6.899633 -1.009726 -0.4572302 0.4788055
37 26.51635 1.944781 -0.521704 7.031638 3.538018 -8.052744 -2.15776 -0.6168152 0.6470097
38 27.28338 1.891852 -0.4565872 6.266241 1.276176 -18.73144 -5.589392 -1.554947 1.758683
39 25.81926 2.143125 -0.5608338 7.082458 2.778703 -6.35807 -1.267434 -0.2903382 0.3726124
40 27.55212 1.907253 -0.4706598 6.567123 1.403213 -7.117485 0.5152848 -0.4539231 0.4606433
41 26.873 1.896105 -0.5053485 7.285451 2.157852 -6.62389 -0.4801025 -0.250615 0.3090436
42 26.98941 1.944106 -0.4646557 8.441772 3.397846 -4.887663 -2.562087 -0.3443168 0.329123
43 26.60782 2.073771 -0.5115771 8.338732 2.132311 -11.99179 0.1178917 -0.942669 0.8525631
44 25.96897 1.925747 -0.5357234 7.703175 1.326262 -5.302487 -0.1802611 -0.2376231 0.2629763
45 27.0443 1.958574 -0.5153664 5.867086 2.839438 -8.890048 -2.394796 -0.4743653 0.586995
46 26.68985 1.857878 -0.4886273 8.558525 3.174643 -4.827411 -0.9769595 -0.2479299 0.273205
47 26.10559 1.979598 -0.5127107 8.193777 1.886379 -5.269217 -0.1724336 -0.3889154 0.3740501
48 26.2492 1.998367 -0.5403993 7.07372 2.621647 -6.894632 -1.66416 -0.4896879 0.4705718
49 26.91684 1.965593 -0.5075531 7.575793 2.846534 -6.357523 -1.024311 -0.4808408 0.4466853
50 26.82113 2.002489 -0.4976713 7.133756 2.972614 -4.138291 -1.233774 -0.2516377 0.2489629
51 25.72046 1.95166 -0.523113 6.785759 5.066672 -10.34957 -1.59207 -0.6334996 0.7663812
52 27.07885 2.048964 -0.4898167 7.660493 2.094071 -4.209153 -0.4539611 -0.147411 0.1737064
53 26.56868 1.8779 -0.4841367 9.842497 2.122455 -21.95791 -1.847717 -1.228998 1.508623
54 26.44542 1.977541 -0.5338249 9.196588 3.961014 -12.90524 -3.759643 -0.7966966 0.9457711
55 26.98107 1.917428 -0.5008271 6.765812 2.01621 -4.235719 -1.342511 -0.1736537 0.1769652
56 27.03477 2.107704 -0.51498 7.281333 3.545652 -5.866878 -0.4762641 -0.3804128 0.3949214
57 26.2406 1.981524 -0.5173054 6.478633 2.427931 -4.928305 -1.098713 -0.1912795 0.238562
58 26.96031 1.955908 -0.4891306 6.061664 1.941507 -6.124543 -1.202824 -0.3908798 0.4348561
59 26.90739 1.939319 -0.5092917 8.008796 2.669473 -10.82958 -2.029737 -0.4027873 0.607599
60 26.5209 2.051166 -0.5103845 6.868613 4.106276 -4.066611 -2.450462 -0.2242046 0.2251448
61 27.29625 2.074698 -0.5257503 6.17274 3.220081 -6.806543 -0.7150836 -0.4560107 0.4951509
62 25.83663 1.998546 -0.577991 9.510817 1.742798 -20.15424 -0.01795324 -1.277532 1.452082
63 26.3144 2.022485 -0.527061 8.094249 1.690852 -10.96921 -1.050351 -0.6181047 0.751669
64 25.83738 2.002709 -0.5594776 7.009955 4.886556 -6.907216 -0.9018826 -0.4349298 0.5005521
65 26.80334 1.928103 -0.5472181 6.635407 1.913306 -7.277332 -1.011297 -0.383577 0.4716538
66 26.30596 1.908996 -0.5230147 9.027383 3.739599 -6.623197 -0.550512 -0.3250184 0.3904713
67 26.74724 1.929495 -0.5088642 7.138915 0.7614408 -5.879092 -0.911777 -0.4483968 0.428469
68 26.499 2.01482 -0.5259109 7.608388 2.658295 -5.231978 0.009947041 -0.246535 0.227271
69 27.59675 2.052359 -0.4705463 7.396729 2.319337 -4.706661 -1.460893 -0.293638 0.2875537
70 26.58004 1.848102 -0.5049349 6.881897 3.222852 -5.8716 -1.867797 -0.292061 0.3571142
71 27.26481 1.910188 -0.4587971 9.050038 5.372715 -7.594097 -0.4612437 -0.7488742 0.6101525
72 26.77993 1.938338 -0.5113252 8.056471 2.614608 -6.595246 -0.2969296 -0.2838148 0.3424116
73 26.75398 1.966331 -0.5038947 7.999632 1.731811 -6.369673 -0.0391041 -0.3716305 0.4004754
74 26.26997 1.97632 -0.5506141 7.347 4.673333 -7.131098 -0.2724124 -0.4479825 0.4772869
75 26.02384 1.976549 -0.4844809 7.927263 4.651484 -5.326839 0.4042519 -0.3684818 0.339653
76 26.29943 1.914351 -0.5025048 8.363624 3.221562 -4.432455 -0.7135908 -0.2423937 0.2428905
77 25.7048 2.061255 -0.5697472 11.2119 0.7787069 -5.621661 -0.4164612 -0.3228911 0.3321938
78 27.31878 2.031933 -0.5154792 8.097762 1.53866 -17.39092 -1.894479 -1.13513 1.248773
79 26.71879 2.056882 -0.5175591 6.616116 2.953631 -8.037969 -0.762926 -0.4841825 0.5519451
80 26.84537 2.001831 -0.5094127 6.732357 3.279772 -14.27915 1.501337 -0.5856485 0.8189346
81 27.90292 1.929607 -0.4422248 7.038473 1.626567 -8.209587 -1.868888 -0.5883357 0.6294554
82 26.76514 1.98333 -0.4836277 8.060835 1.982903 -5.905234 -1.848631 -0.3969089 0.4182479
83 27.68778 2.210439 -0.4873502 8.273589 3.105935 -5.294323 -0.4608775 -0.2605184 0.2937045
84 26.73528 2.081271 -0.5203123 7.971491 3.345302 -11.31613 0.2539328 -0.8011563 0.8145058
85 26.29549 1.815293 -0.5013937 6.704213 2.364475 -7.247723 0.5361214 -0.3938238 0.4451472
86 26.53414 1.997997 -0.49448 7.219559 2.449308 -5.148535 -1.238151 -0.2946633 0.3098848
87 26.67129 2.350016 -0.5501154 10.28564 2.212967 -18.7748 -0.7602564 -1.296286 1.409522
88 27.41653 1.927178 -0.4678941 8.211892 1.003744 -15.30065 -2.027671 -0.8545666 1.100069
89 26.63239 1.973124 -0.5131432 6.519107 3.951293 -7.316923 -1.155305 -0.2623808 0.3640779
90 27.45849 2.020147 -0.4884569 8.497979 2.933711 -12.4382 -0.9287787 -0.8906796 0.9452195
91 27.69108 2.133135 -0.4837513 7.953827 3.237931 -7.132007 -0.04892068 -0.42255 0.4662399
92 27.17505 1.911687 -0.4763962 8.183116 1.73769 -15.90098 -2.21589 -1.158813 1.299888
93 27.2564 1.991494 -0.4739573 7.371439 1.45915 -17.80474 -1.420112 -0.9757296 1.233435
94 26.70317 1.863983 -0.5051767 8.545923 1.298981 -8.840199 -1.372909 -0.4137673 0.5188599
95 27.13083 1.892115 -0.4905891 6.156127 3.191695 -4.922043 -1.025392 -0.2172516 0.2218797
96 26.84776 2.089284 -0.5110175 8.033576 2.222547 -9.179783 -1.825527 -0.5373952 0.6016441
97 26.5946 1.881594 -0.507665 6.459797 2.168675 -11.31453 -0.5495035 -0.6848904 0.8066725
98 26.61575 1.976221 -0.4832081 8.624015 3.384975 -10.99083 -1.944548 -0.5145834 0.70781
99 27.90821 2.106841 -0.4770398 5.928808 5.415831 -10.1683 -0.5105399 -0.569268 0.6806848
100 27.10861 2.060137 -0.5165371 7.659237 3.391635 -18.92305 -4.40771 -1.01034 1.3319
