1 0.5322066 0.08445033 0.02569182 1.314314 0.5012945 1.534528 0.6711446 0.09663558 0.1195971
2 0.499 0.096212 0.03021533 1.090531 0.6173395 1.21515 0.7035176 0.08225587 0.09157609
3 0.4291829 0.0860077 0.02482347 1.050825 0.4240927 2.255678 0.968599 0.1400345 0.1722
4 0.5767791 0.1008557 0.03318685 1.235999 0.7835725 1.439965 0.6099589 0.0836087 0.1041815
5 0.4621431 0.1022608 0.02626947 1.015659 0.5071843 1.722212 0.7857052 0.1157859 0.1367373
6 0.4296399 0.09520971 0.02923156 0.5403568 0.6195809 1.45503 1.201046 0.1268347 0.136811
7 0.8134291 0.09792835 0.03035995 6.107762 0.614379 NaN 0.6122053 NaN NaN
8 0.4505845 0.07493499 0.02458579 0.6844743 0.4719385 2.242063 0.7765904 0.2387138 0.2172665
9 0.4452953 0.09247862 0.0277787 0.915574 0.5180811 1.775225 0.6856308 0.1105759 0.1376562
10 0.5307986 0.1099984 0.03109371 0.9757743 0.7058329 1.684036 0.694076 0.09085216 0.1160069
11 0.478808 0.08750718 0.02638017 1.02303 0.5124471 1.276973 0.7060527 0.1217319 0.1179837
12 0.3943529 0.07692243 0.02362566 0.7779102 0.380161 1.078292 0.7041633 0.1071794 0.1158519
13 0.400788 0.09838854 0.02957002 0.6024841 0.5586446 2.041964 0.9525837 0.1739018 0.1886412
14 0.4715795 0.09936403 0.03003897 0.8409411 0.6388208 1.510482 1.0853 0.1651656 0.1426804
15 0.3755797 0.08228287 0.02415175 0.6022303 0.4275743 1.150511 0.8363297 0.1067172 0.1151643
16 0.4580915 0.07680441 0.02539127 0.749851 0.464163 1.126123 0.618882 0.08804804 0.1023497
17 0.4548338 0.1090628 0.03054959 0.9433765 0.6492426 2.023481 0.6366996 0.08534131 0.1251228
18 0.4026834 0.0806891 0.02415656 0.5848022 0.4212977 1.514984 0.673529 0.1223561 0.1333027
19 0.5065139 0.118008 0.03301302 1.199646 0.724077 0.9571831 0.5590004 0.06655731 0.07297701
20 0.4887606 0.08917796 0.02911869 1.192102 0.5985107 2.438322 0.6673489 0.1128085 0.1607413
21 0.5601446 0.08618629 0.02912159 1.427621 0.6392683 NaN NaN NaN NaN
22 0.5553785 0.09370002 0.0312424 0.9632614 0.7000512 1.581806 0.6365161 0.1045553 0.1194666
23 0.3886749 0.08129837 0.02636376 0.6727385 0.4432582 1.288802 0.6286298 0.09102042 0.1057935
24 0.5414865 0.08057593 0.0276153 1.100785 0.5507935 3.067215 0.6813139 0.1446132 0.2128138
25 0.4497276 0.08261027 0.02508487 0.7604229 0.4700813 1.04264 0.6580394 0.09883844 0.1095986
26 0.428783 0.1003863 0.02896071 1.342572 0.5659175 4.00668 0.8982753 0.270529 0.3204683
27 0.5349409 0.07805293 0.02498264 1.331126 0.4846028 1.663363 0.7918877 0.1408826 0.159706
28 0.4340371 0.08895081 0.02669406 0.6762467 0.4821071 0.7792613 0.5898345 0.06721671 0.07481285
29 0.5354438 0.08177385 0.02681417 1.002311 0.5406653 1.670007 0.638838 0.1394107 0.1511098
30 0.3909055 0.07590291 0.02367997 0.5146306 0.4102898 1.492108 0.7140264 0.1234372 0.1377513
31 0.4841489 0.09596122 0.02759172 1.303038 0.5137148 2.220587 0.7210309 0.1915875 0.2036446
32 0.4429328 0.08480731 0.02962044 0.6916594 0.5936684 1.913845 0.9367837 0.13293 0.144516
33 1.260032 0.07959421 0.02871082 17.18461 0.491694 0.9189197 0.521801 0.09784784 0.1120017
34 0.4242276 0.08448055 0.02705099 0.7690434 0.4966752 1.475956 0.7010005 0.09088481 0.1142999
35 0.4131585 0.09860137 0.02818459 0.5160059 0.5476191 1.302749 0.5996731 0.07362367 0.09357521
36 0.4596726 0.0957723 0.0296996 0.6341511 0.6396484 2.006618 0.7391409 0.1467712 0.1645247
37 0.4559277 0.0890535 0.02805694 1.047634 0.5281183 2.327351 0.9865708 0.1968817 0.2177749
38 0.4723193 0.07736124 0.02547631 0.6210208 0.4849547 NaN NaN NaN NaN
39 0.4279646 0.1038232 0.02952216 0.9167915 0.541321 1.477073 0.6363683 0.07853284 0.1057762
40 0.4345897 0.07790979 0.0249478 0.559296 0.4779599 1.842139 0.7851348 0.1548123 0.1549496
41 0.4203065 0.08437263 0.02723686 0.7484448 0.5164953 1.454364 0.8159652 0.08875076 0.1008712
42 0.5399074 0.09227575 0.02855954 1.096468 0.6183275 1.444494 1.168587 0.1112368 0.1228583
43 0.4339744 0.1003719 0.02860033 0.7508985 0.5802626 3.540984 1.09164 0.3379379 0.2995369
44 0.3936964 0.09396928 0.0305599 0.5537873 0.5601938 1.113243 0.6147513 0.07687029 0.09063297
45 0.4125366 0.0790255 0.02472745 0.799801 0.4256931 2.279388 1.062309 0.1312951 0.1687128
46 0.5255988 0.09219364 0.03120917 1.144317 0.6557562 1.126767 0.631942 0.08030438 0.09384795
47 0.4826232 0.1008589 0.03199106 0.8079997 0.6512076 0.9857757 0.5760351 0.08010435 0.08494267
48 0.4040873 0.09287489 0.02829595 0.8143374 0.50587 2.229805 1.261367 0.154632 0.1802487
49 0.4584629 0.09085976 0.02829353 0.9749648 0.5618133 1.90215 0.8989006 0.1424195 0.1536629
50 0.4837213 0.09154797 0.02783221 0.9430423 0.5393713 0.907623 0.6330917 0.07557933 0.08297515
51 0.4897302 0.08929404 0.02815687 1.55806 0.5279943 3.1144 0.8654351 0.19377 0.2486668
52 0.4934159 0.09486477 0.02827409 0.7764965 0.5813869 0.8346225 0.5110837 0.0576172 0.0673343
53 0.5143427 0.09749293 0.03198792 0.9320031 0.7279357 8.241686 1.12664 0.4826016 0.5960325
54 0.4920951 0.1033409 0.03230778 1.268589 0.6793806 4.026195 1.580335 0.2656641 0.323914
55 0.4182987 0.08247413 0.02638038 0.6963642 0.4860121 1.169104 0.8162588 0.09942129 0.1181168
56 0.5017182 0.09854233 0.02841088 1.19648 0.5675729 1.268478 0.6029582 0.09130305 0.1053102
57 0.425274 0.08759362 0.0271134 0.7934442 0.4764321 1.125892 0.6228446 0.07462239 0.0920215
58 0.4390987 0.08108231 0.02551161 0.7399578 0.4684539 1.448537 0.6733798 0.09790474 0.1197117
59 0.4686779 0.09138792 0.02909635 0.8789954 0.5842944 2.609131 0.9035958 0.1085098 0.1587645
60 0.4745381 0.09216205 0.02690188 1.159755 0.5010092 1.015215 1.069404 0.09245536 0.09922856
61 0.4582933 0.08822022 0.02599332 1.062744 0.4860122 1.769448 0.6411585 0.121994 0.1447845
62 0.4380309 0.1126201 0.03657691 0.7848134 0.7280048 NaN 0.8754656 NaN NaN
63 0.4305685 0.1001126 0.03029234 0.7138817 0.6158833 3.376315 0.778191 0.1849575 0.2442922
64 0.5008314 0.0986533 0.03114881 1.584483 0.5683431 1.596162 0.6326702 0.1072298 0.1306858
65 0.3880574 0.08570422 0.02805862 0.6547404 0.5025386 2.1026 0.6598584 0.1140228 0.1569923
66 0.5134905 0.1000708 0.03299089 1.454426 0.7058923 1.696053 0.6228437 0.09400412 0.1201756
67 0.3970999 0.08730556 0.02816975 0.4624858 0.534308 1.569032 0.7712407 0.1408195 0.1397828
68 0.4228675 0.09467912 0.02837002 0.8190216 0.5340416 1.463912 0.8436747 0.1093697 0.1171916
69 0.4944627 0.08981624 0.02618462 0.8002433 0.5443656 1.080612 0.7485179 0.08184063 0.09282841
70 0.4650173 0.0826363 0.02800107 1.023098 0.5159845 1.559207 0.8119979 0.09382033 0.1204035
71 0.6066349 0.09387458 0.02968625 1.534356 0.6802956 3.080717 0.8000993 0.3291632 0.2836842
72 0.4595536 0.0925321 0.02956282 0.9007178 0.5939156 1.479549 0.6972728 0.07679451 0.1027273
73 0.4691465 0.09455392 0.0301391 0.7652048 0.6219809 1.229302 0.6309551 0.08630356 0.09877113
74 0.4761275 0.09509683 0.03003013 1.276236 0.5543286 1.964066 0.6761983 0.1339938 0.1542656
75 0.5609665 0.0981507 0.03032843 1.897397 0.645962 1.102494 0.5882455 0.08677485 0.08984317
76 0.5067045 0.09630074 0.0311982 1.090074 0.637253 1.054343 0.5894828 0.07209938 0.08612267
77 0.4309737 0.126628 0.0385236 0.6042612 0.8451398 1.157793 0.6386986 0.07556711 0.08624431
78 0.4297362 0.09524897 0.02850064 0.6456757 0.58373 NaN 0.7111948 NaN NaN
79 0.4406753 0.09018972 0.02654851 0.9383506 0.4956907 2.028196 0.7221689 0.1490929 0.1714918
80 0.4519216 0.08686378 0.02637007 1.015523 0.4995745 3.756863 0.8454171 0.1518057 0.2268799
81 0.5004601 0.07955135 0.02489838 0.623201 0.5186561 2.324442 0.9114065 0.1920571 0.2075959
82 0.491209 0.0943311 0.02898594 0.8230479 0.6108759 1.499759 0.9225495 0.1107573 0.1238451
83 0.5423609 0.1049802 0.02795516 1.129724 0.6386878 1.137226 0.5696214 0.06985542 0.08872398
84 0.4761169 0.1006591 0.02899061 1.064343 0.6007495 5.273876 0.9813564 0.3848781 0.4023399
85 0.4392771 0.08058232 0.02798415 0.7738939 0.5044713 1.708633 0.6354324 0.1121418 0.1300878
86 0.459632 0.09079245 0.02754235 0.8736276 0.5360886 1.237787 0.7351925 0.09035352 0.1056858
87 0.516326 0.1352462 0.03465283 1.101713 0.8184412 NaN 0.8930028 NaN NaN
88 0.5144713 0.08958534 0.02898633 0.7020087 0.7008775 8.174724 1.605801 0.4461805 0.6028771
89 0.4455845 0.08456592 0.02600184 1.052349 0.4613803 1.940542 0.8463784 0.1043801 0.1370835
90 0.5188047 0.09691592 0.02879923 0.987993 0.6935932 7.92708 0.8463358 0.6109764 0.653049
91 0.5351524 0.09822296 0.02749255 1.083757 0.6124982 1.853558 0.6608668 0.1179027 0.1357305
92 0.4930274 0.08872765 0.02877145 0.7887056 0.6036489 NaN 0.345549 NaN NaN
93 0.4569914 0.08653635 0.02625176 0.593961 0.5345937 4.948833 0.8903491 0.2828064 0.3637165
94 0.4305445 0.09071694 0.03014464 0.5969042 0.6148247 2.463163 0.9431455 0.1143288 0.158315
95 0.4349436 0.07627914 0.02458675 0.9088499 0.433868 1.349303 0.8492041 0.1024394 0.1190427
96 0.4484203 0.09915424 0.0282885 0.8470486 0.5859588 2.462494 0.999187 0.1467476 0.1724297
97 0.4149858 0.0806916 0.02673977 0.7070802 0.4834057 3.738319 0.7858332 0.2287242 0.2878211
98 0.5405983 0.09737687 0.03011653 1.106179 0.654928 3.085919 0.8440407 0.1358706 0.2052569
99 0.5216452 0.08228787 0.02294344 1.427934 0.4391298 2.737056 0.7296204 0.1628495 0.1997226
100 0.4762943 0.09509492 0.02776417 1.015724 0.5600447 4.956889 1.50397 0.2710401 0.3583656
