1 0.4825223 0.07571719 0.02404395 1.054167 0.6017293 2.53102 1.368743 0.6626257 0.09436715 0.1153215
2 0.4241253 0.07966274 0.02350733 0.9128282 0.5752699 1.238475 1.044506 0.6768395 0.07055896 0.07764474
3 0.3831992 0.07287237 0.02141756 0.852315 0.4888803 1.835533 1.572898 0.8712015 0.1066571 0.125627
4 0.4548992 0.08080475 0.02487262 0.9363555 0.7799163 0.887101 1.014107 0.5845688 0.06428436 0.07534947
5 0.4226015 0.08795967 0.0245559 0.8613773 0.5935086 2.767087 1.500678 0.7412363 0.0979612 0.1158507
6 0.3682891 0.07663049 0.02386879 0.4782419 0.6790824 1.23775 1.378823 1.187416 0.120947 0.1312956
7 0.5734112 0.09823896 0.02665454 2.444027 0.8106901 1.253272 NaN 0.2899667 NaN NaN
8 0.3903613 0.06762115 0.02174394 0.5270276 0.557165 1.655419 1.655895 0.7491237 0.1907884 0.1662484
9 0.3943319 0.08542586 0.02416079 0.6568196 0.60572 2.041811 1.296935 0.6641685 0.09001532 0.1083946
10 0.4593127 0.0991211 0.02713919 0.7647368 0.8485577 1.26288 1.226967 0.6463272 0.06794104 0.08357137
11 0.4116185 0.07282011 0.02146939 0.808446 0.5699021 1.183314 1.048491 0.6745174 0.1027746 0.09879428
12 0.3855522 0.07207599 0.02234872 0.7805126 0.4736593 4.139368 1.089627 0.7079868 0.1068919 0.1158043
13 0.3734656 0.08412125 0.02637626 0.562357 0.6293853 2.057928 1.373639 0.844514 0.1284985 0.1347522
14 0.3803875 0.08002032 0.0243222 0.6157228 0.6657393 1.003743 1.101233 0.9500555 0.1147693 0.1031339
15 0.3635152 0.07304305 0.02245278 0.583472 0.5114364 4.300059 1.148268 0.8348621 0.1078504 0.1164722
16 0.4481314 0.07504486 0.0241969 0.73158 0.59195 7.173866 1.044742 0.6174268 0.08235423 0.094949
17 0.3858775 0.0838942 0.02507273 0.6853911 0.6562394 1.28343 1.446269 0.6109557 0.07128292 0.09627428
18 0.3857363 0.07601175 0.02229909 0.6023202 0.5260535 3.088589 1.419448 0.665065 0.1145629 0.1247458
19 0.4643519 0.09323565 0.02697082 1.093792 0.8037498 1.507119 0.8644729 0.5453292 0.06266585 0.06823874
20 0.4411541 0.08364202 0.02678387 0.8793121 0.7196122 2.686547 1.98923 0.658254 0.09186079 0.1291151
21 0.5312794 0.07918068 0.02558955 1.341798 0.7703954 1.684079 NaN NaN NaN NaN
22 0.4370604 0.07517781 0.02311268 0.7648154 0.690989 0.8384302 1.095351 0.6126676 0.07790196 0.08388536
23 0.3398982 0.06903812 0.02262919 0.4913332 0.4894985 1.664297 1.138427 0.6209241 0.08396609 0.09605345
24 0.4780269 0.07850775 0.02603442 0.8431974 0.6372579 3.013605 1.651368 0.5998623 0.08578759 0.1208874
25 0.4157113 0.08386612 0.02219766 0.7411257 0.5853921 2.104794 1.125278 0.6609224 0.1044039 0.1152147
26 0.3759955 0.08525635 0.02586096 0.8059339 0.6451493 1.578261 2.401727 0.8238974 0.1658293 0.1942799
27 0.4272249 0.06408318 0.02024165 0.9429114 0.5981132 0.8436319 1.114455 0.7578773 0.09653621 0.107819
28 0.379304 0.07656202 0.02333132 0.5570036 0.5788538 2.339573 0.8823629 0.6340973 0.07417563 0.08008748
29 0.4748095 0.07967176 0.02434472 0.8046184 0.6343429 2.961506 1.074669 0.6101716 0.09547538 0.1015508
30 0.3709823 0.07091333 0.0226836 0.4401004 0.5214962 4.273576 1.320349 0.7041076 0.1110667 0.1232782
31 0.4652844 0.09388644 0.0262513 1.303503 0.6176627 6.048959 3.048833 0.7712532 0.2776952 0.2873079
32 0.3720299 0.07615525 0.02427113 0.5185774 0.6656785 1.622824 1.220944 0.819022 0.0906421 0.09499229
33 0.4955008 0.06507657 0.02709091 1.297979 0.6177914 1.279358 1.192367 0.5745689 0.08476637 0.1027076
34 0.4024541 0.0841762 0.02587554 0.6606524 0.6180598 3.950948 1.268247 0.6912229 0.08286405 0.1019838
35 0.3884044 0.0893837 0.0246984 0.5171967 0.7478034 2.448472 1.117903 0.5919845 0.06638625 0.08236429
36 0.4255387 0.08647482 0.02761142 0.5416491 0.7806045 2.912908 1.292017 0.6697489 0.09960944 0.1117721
37 0.4012045 0.08149449 0.02415825 0.8126464 0.5769436 1.822012 1.207787 0.7411543 0.1090295 0.1197665
38 0.4506442 0.06852543 0.02420994 0.5417128 0.5635051 3.124708 NaN NaN NaN NaN
39 0.3973592 0.0922775 0.02730409 0.8328045 0.6751809 2.5788 1.328737 0.6346432 0.0681194 0.09239317
40 0.3755594 0.0677415 0.02064812 0.4958793 0.5224838 1.399526 1.303763 0.7258026 0.1110158 0.1099255
41 0.3614688 0.06962344 0.02205408 0.5955122 0.5580747 1.281436 1.50539 0.830601 0.0915562 0.1026756
42 0.5032972 0.089348 0.02735611 0.8932283 0.7703254 2.892324 1.015349 1.098863 0.08695403 0.09067157
43 0.374407 0.0890255 0.02532041 0.5904649 0.7438074 1.360062 2.794344 1.115138 0.2968469 0.2436875
44 0.3579603 0.08871217 0.02749152 0.4647602 0.6833865 2.511661 1.033656 0.6068818 0.07348302 0.08582226
45 0.3911916 0.07617878 0.02285969 0.7611115 0.5337747 3.71305 1.880892 0.9342692 0.1092922 0.1397619
46 0.4533892 0.08061274 0.02573043 0.9320855 0.6626365 1.579778 0.8892574 0.6156908 0.0686523 0.07886661
47 0.4011374 0.08340929 0.02548039 0.6924653 0.6954165 1.06069 0.7777695 0.5511896 0.06410772 0.06676098
48 0.3805466 0.08530439 0.02547702 0.7492806 0.6117204 2.05626 1.6034 1.189292 0.1148096 0.1339914
49 0.3922282 0.08223389 0.02457338 0.7100364 0.6430067 1.491666 1.488555 0.8739276 0.1152837 0.1206673
50 0.4710623 0.07833611 0.02557866 0.9149969 0.6584923 3.642701 0.8096113 0.6246481 0.07139699 0.0776897
51 0.4402742 0.07465181 0.02529812 1.159491 0.8162792 2.061409 14.51441 3.987351 1.010935 1.227865
52 0.4389436 0.07498944 0.02193257 0.7411063 0.631558 1.116212 0.7839669 0.508738 0.05587999 0.06472622
53 0.4688665 0.08422251 0.02823277 0.7106328 0.8688268 1.924509 5.163138 0.9924815 0.3185349 0.3859906
54 0.4020813 0.08522042 0.02683527 0.7144032 0.7903805 1.178471 1.811095 1.001317 0.1278355 0.1512845
55 0.3955119 0.07551378 0.02466654 0.6722909 0.5799391 2.651187 1.09317 0.8191919 0.0949928 0.111674
56 0.4699329 0.08577862 0.02521583 1.112344 0.6542404 2.35905 1.0899 0.5948546 0.08178761 0.09241207
57 0.3957481 0.09040858 0.02513815 0.7445884 0.58984 5.357566 1.040212 0.6184711 0.07130259 0.08683311
58 0.4001566 0.07488946 0.02369265 0.6126661 0.5680753 1.981701 1.242188 0.6639356 0.08399453 0.1017935
59 0.4079841 0.08420117 0.02509843 0.7132664 0.6843265 1.57599 1.751344 0.7687974 0.07715989 0.1073286
60 0.4730845 0.08843611 0.02622943 1.17698 0.6017399 8.544999 0.9739729 1.06537 0.09118794 0.09765673
61 0.4290409 0.08089444 0.02397099 1.064224 0.6193596 2.684579 1.674867 0.6603126 0.1214617 0.1407473
62 0.428587 0.1066202 0.03343189 0.7367772 0.8465885 3.455119 NaN 0.779727 NaN NaN
63 0.3819258 0.08815877 0.02691666 0.5352111 0.7035314 1.951761 1.536161 0.661068 0.09166929 0.1156893
64 0.4625035 0.07718493 0.02619653 1.208773 0.5986783 1.815781 0.9660219 0.5359564 0.07159598 0.08345585
65 0.3623944 0.08093803 0.02588431 0.558401 0.6295669 3.359727 1.340192 0.6006994 0.08365607 0.1084653
66 0.415958 0.08611418 0.02702074 0.9190513 0.8184936 1.107867 1.356647 0.6300813 0.07714825 0.09462746
67 0.3465512 0.0772531 0.0238014 0.4236159 0.6396361 1.337448 1.268414 0.7439254 0.1129484 0.1118025
68 0.3969449 0.07756745 0.02509496 0.7287386 0.657459 1.878004 1.255754 0.8306159 0.100963 0.1076997
69 0.4615157 0.07851802 0.02362479 0.7819533 0.6105849 2.722758 0.9529006 0.7324318 0.07582773 0.0843673
70 0.4311936 0.08148239 0.02585926 0.9167222 0.6602259 2.858748 1.354132 0.8140515 0.0837963 0.105241
71 0.4857048 0.08478009 0.0247164 0.9245057 0.745696 1.547922 1.143785 0.7062139 0.12143 0.106266
72 0.460148 0.08683452 0.02864117 0.9117191 0.7284195 5.381221 1.28465 0.6752847 0.06991929 0.09066007
73 0.4416003 0.08686638 0.02767776 0.6308852 0.7533861 3.410346 1.065627 0.6031837 0.07783658 0.08652211
74 0.4459239 0.08515381 0.02896624 1.011338 0.6931813 3.739712 1.706837 0.6633898 0.1161114 0.1344973
75 0.4557563 0.08673661 0.02751336 0.8086064 0.7743656 1.676672 0.949793 0.5811291 0.07424827 0.07617155
76 0.4308578 0.079999 0.0265683 0.600577 0.745593 1.506843 0.9487172 0.5913022 0.06468997 0.07579553
77 0.3671069 0.09639355 0.03006901 0.4435858 0.8439103 1.064242 0.9373091 0.6145467 0.06510105 0.07179114
78 0.3863162 0.09181451 0.02535235 0.5699524 0.7555456 1.886859 10.67838 1.689552 0.7738799 0.8494128
79 0.3973492 0.08144592 0.0241744 0.7837901 0.6043753 2.447156 1.396496 0.6469196 0.1037442 0.1195407
80 0.4015495 0.08517747 0.02505678 0.7678304 0.6217822 2.878213 2.529416 0.7359545 0.1061508 0.1560701
81 0.4788266 0.07611503 0.02355425 0.5936693 0.6458189 4.134158 1.850571 0.8735961 0.158574 0.1684775
82 0.4355531 0.08126263 0.02650768 0.6603462 0.7626027 1.843261 1.167551 0.85934 0.08814361 0.09759787
83 0.4621679 0.08215833 0.02343415 0.8631663 0.7381755 1.204874 1.12102 0.5780442 0.06863366 0.08463744
84 0.4251447 0.08456788 0.02429122 1.069879 0.7111081 1.338456 2.30898 0.844128 0.17212 0.1774153
85 0.3798986 0.07481107 0.02420587 0.6275063 0.6102425 1.668629 1.310108 0.6155157 0.09440968 0.1049592
86 0.4249338 0.07731937 0.02452124 0.7929466 0.63943 2.317329 1.113163 0.7415038 0.08430545 0.09660009
87 0.4738041 0.09900099 0.03038729 0.7704099 0.9443523 1.462295 2.522291 0.75297 0.1799839 0.2005007
88 0.4380515 0.08424242 0.02582433 0.546341 0.7903339 1.730371 2.680396 0.8251382 0.1522464 0.2016936
89 0.4180034 0.07673601 0.02421987 0.9089356 0.5444764 2.891016 1.765194 0.8414791 0.1000081 0.1281533
90 0.4497015 0.07972208 0.02502885 0.7766736 0.7562568 1.351656 2.212678 0.7404698 0.1867623 0.1927374
91 0.4847259 0.08641538 0.02394948 0.9865991 0.7438774 1.627779 1.321912 0.6130594 0.0829667 0.0963629
92 0.4611333 0.08782435 0.02718326 0.7673481 0.7707114 3.525868 NaN 0.346882 NaN NaN
93 0.416757 0.07754126 0.02279985 0.5537634 0.6167082 1.750679 2.626132 0.7826127 0.1538917 0.1963621
94 0.3667696 0.07932099 0.02399671 0.5290514 0.6890314 1.292612 2.135517 0.985969 0.1059342 0.1370182
95 0.3984455 0.07384089 0.02231071 0.7950719 0.5688586 2.322539 1.327453 0.8498093 0.0999575 0.1155515
96 0.3877042 0.0868145 0.02563104 0.5849043 0.7467859 1.672466 2.839397 1.266329 0.1807106 0.2034211
97 0.3927708 0.07878692 0.02440773 0.7181384 0.5329128 2.287213 1.73179 0.6921297 0.1198887 0.1432892
98 0.4692623 0.08733485 0.02643131 0.9663471 0.7415063 1.698717 1.82469 0.7239973 0.08942462 0.1254301
99 0.5048615 0.0785824 0.02210707 1.359957 0.5317601 8.968573 2.413056 0.7117729 0.144145 0.1779001
100 0.4063642 0.0768016 0.02312223 0.7501574 0.6346351 1.339438 2.037953 0.8544919 0.1065337 0.1429314
