1 26.88782 1.929161 -0.4672946 5.138137 3.392249 7.549881 -5.694683 0.5789271 -0.2073953 0.2363479
2 26.06745 2.023862 -0.5055619 4.500817 3.053006 4.857178 -5.46431 -0.2216038 -0.1816994 0.2205723
3 26.88774 1.996995 -0.5174869 3.993029 2.85763 6.103791 -6.559904 -1.369379 -0.3057541 0.3681487
4 27.22729 2.014951 -0.4996327 4.972148 2.601907 3.425762 -5.073742 -0.7725174 -0.276676 0.309849
5 26.78638 2.095912 -0.508308 5.333577 2.567496 8.087985 -7.156354 -0.2760206 -0.3508818 0.4148805
6 26.82649 1.933123 -0.4938373 5.315215 1.117951 4.756346 -4.28488 -1.045385 -0.1989304 0.1444804
7 26.1667 2.123978 -0.5080596 6.033776 6.022931 4.288568 -12.39789 -2.730662 -1.092643 1.13428
8 27.86622 1.897306 -0.4672382 4.400564 1.275527 5.53402 -6.305869 -0.7631746 -0.5840094 0.5260147
9 26.55467 2.105447 -0.5209064 4.913428 2.002148 6.518164 -5.433746 -0.5140472 -0.2373628 0.270124
10 26.74079 2.19203 -0.4994644 6.039035 1.870057 4.452994 -6.399404 -1.189573 -0.2898954 0.3676093
11 27.08188 1.991624 -0.4805717 4.152682 2.573993 4.357177 -4.719158 -0.5894266 -0.3627761 0.3216924
12 26.63627 1.942707 -0.5135071 4.239877 2.525196 10.23087 -4.198953 -0.4273654 -0.2600518 0.2100403
13 26.02865 1.979212 -0.5225763 5.2232 1.484068 6.640135 -4.62862 -1.170105 -0.4073104 0.3397487
14 26.62011 2.024993 -0.5061503 4.830619 1.694562 3.994226 -4.975401 -1.016777 -0.3201665 0.2723323
15 27.5461 1.973085 -0.5090023 4.855996 1.827911 11.31331 -4.284444 -0.03308338 -0.1638861 0.1191387
16 27.09726 1.884019 -0.4736669 5.393013 2.248259 13.94366 -4.681878 -1.161235 -0.2378096 0.2635665
17 26.65729 2.031013 -0.5251615 4.968477 1.985881 4.760417 -6.713199 -0.3424949 -0.2796296 0.3610853
18 26.99274 2.050638 -0.4965856 4.48314 1.693686 8.039082 -5.962412 0.07664355 -0.3987223 0.3925979
19 27.02648 2.052046 -0.5286867 5.860237 3.10239 5.026721 -4.418592 -0.5724641 -0.2231676 0.2382133
20 26.85628 1.927794 -0.5073985 6.317562 2.633781 7.756364 -7.198933 -0.4169203 -0.3391478 0.416223
21 27.7914 1.87375 -0.469098 6.39224 4.223179 5.591389 -11.06297 -2.623499 -0.7787593 0.8393885
22 26.95324 1.95971 -0.4765535 4.6614 2.096677 3.401294 -5.888945 -0.3104974 -0.3924319 0.4035363
23 26.60289 1.917788 -0.5181042 3.885389 1.219146 5.707162 -5.363738 0.5674538 -0.2842618 0.2819203
24 26.69679 1.860819 -0.4664412 5.555397 2.117828 8.285282 -6.890214 -0.8662591 -0.3358909 0.4331309
25 27.07333 2.171775 -0.4893272 4.705575 2.104461 6.495517 -4.408555 -0.424745 -0.2098994 0.1999394
26 26.72359 2.021891 -0.5534677 5.109458 2.307248 5.227387 -7.347264 -1.026229 -0.5449906 0.5576738
27 27.3594 1.955719 -0.470423 3.456395 2.761696 3.063504 -4.790533 -1.626315 -0.3658989 0.3508325
28 26.99001 2.032241 -0.5094705 4.394496 1.570118 6.787887 -3.912144 -0.8804541 -0.2503163 0.2229468
29 27.11631 1.947791 -0.4631251 5.416601 2.404873 8.502047 -5.327725 -0.876625 -0.3618065 0.37045
30 27.03313 1.916278 -0.4873636 4.649826 1.113012 10.04045 -5.28868 -1.083369 -0.3302082 0.3428642
31 26.40301 2.137421 -0.5310077 5.714782 4.159044 12.44146 -8.456456 -0.9454418 -0.7044884 0.7020333
32 26.90799 1.868263 -0.4971534 5.171108 1.247868 5.425844 -5.613552 -1.30225 -0.3677013 0.3728233
33 25.92801 1.580392 -0.4813238 4.652796 3.901255 4.839927 -4.739927 -0.0168382 -0.2680621 0.2746344
34 26.72892 1.972488 -0.5164143 5.566475 1.967852 9.777837 -5.486931 -1.360879 -0.2630945 0.3103952
35 26.26215 2.141981 -0.5182936 5.311676 1.228623 6.188925 -5.280442 -0.7843912 -0.2394276 0.2808451
36 26.80069 1.946753 -0.4999359 6.401108 1.178004 7.79715 -5.177595 -0.9083136 -0.3371092 0.3340402
37 26.64999 2.039662 -0.5281196 4.568762 2.52175 6.011336 -4.799992 -1.371652 -0.3290195 0.3205137
38 27.26712 1.793021 -0.4474054 5.09848 1.162147 8.305393 -15.05396 -4.665046 -1.290924 1.434414
39 25.92823 2.051693 -0.5522116 5.578301 2.406221 7.244838 -6.151974 -1.270587 -0.2667432 0.3475668
40 27.52369 2.01689 -0.4823607 4.0154 1.375803 5.017998 -6.176092 0.4447781 -0.3771222 0.3728306
41 26.94357 1.883589 -0.5020196 4.413685 1.764869 4.818027 -6.810679 -0.4569165 -0.2565647 0.3172196
42 26.85561 2.02174 -0.4772344 6.501757 2.678222 8.086194 -4.305609 -2.243311 -0.2728578 0.2558209
43 26.73686 2.068382 -0.5168306 5.583763 1.63746 4.722965 -10.22755 0.328523 -0.8346203 0.7175035
44 25.94752 1.999911 -0.5354416 5.571943 1.069727 7.261578 -4.992235 -0.1481917 -0.2136819 0.2324505
45 27.17826 2.023545 -0.5213958 4.750842 2.546022 9.369952 -7.353852 -1.889476 -0.3817489 0.4638833
46 26.67987 1.934293 -0.4911934 5.182554 2.516575 5.589101 -3.876001 -0.9908195 -0.1670782 0.1740539
47 26.24528 1.998845 -0.5113368 4.811178 1.731948 3.974423 -4.425248 -0.04906101 -0.2897628 0.2732997
48 26.24749 2.00886 -0.5352229 5.129226 2.358267 6.630922 -5.010331 -1.562953 -0.3546477 0.3052847
49 26.94901 1.984629 -0.5052037 5.269784 1.797618 5.307655 -5.374644 -0.9144091 -0.4053307 0.3599457
50 26.79214 1.902539 -0.4864611 5.26814 2.801822 9.280865 -3.701877 -1.171808 -0.2049868 0.1961205
51 26.06238 1.873066 -0.5154029 5.227893 3.779652 6.472239 -15.5716 -3.423132 -1.0104 1.215645
52 27.07845 2.041982 -0.4897754 4.143576 2.260239 4.035987 -3.923769 -0.4480038 -0.1255636 0.1462198
53 26.81014 1.86073 -0.478858 7.297181 1.788314 6.384494 -15.35562 -1.584966 -0.8902158 1.067834
54 26.63397 1.910728 -0.5197025 5.766414 1.901481 4.353915 -7.055744 -2.070447 -0.4212437 0.4762565
55 26.82936 1.923311 -0.5011807 4.936332 2.000768 7.811095 -4.021188 -1.454639 -0.1658557 0.1617377
56 26.88482 2.028528 -0.5106502 5.28685 3.471848 7.095459 -5.489456 -0.4702648 -0.3611647 0.3663363
57 26.24289 2.115851 -0.5282049 5.363335 2.155072 11.82051 -4.599212 -1.064985 -0.1649578 0.2040461
58 27.11715 1.998818 -0.4995202 4.619416 1.586856 6.241114 -6.01596 -1.277399 -0.3789068 0.4195587
59 26.8185 2.036676 -0.520236 5.280491 2.093557 5.293301 -7.892019 -1.546981 -0.2816963 0.4151024
60 26.49682 2.040008 -0.5102912 5.938585 4.018025 16.49432 -3.895328 -2.489258 -0.2062541 0.2046985
61 27.26056 2.002922 -0.5209555 5.023362 3.224871 7.118846 -6.630484 -0.7831477 -0.4517457 0.4866918
62 25.9448 2.028504 -0.5747987 7.662971 1.717938 9.259181 -14.97751 -0.2764774 -0.9991621 1.114633
63 26.46351 2.015871 -0.5247097 5.76888 1.220323 6.319301 -6.473355 -0.792853 -0.3667022 0.4121075
64 25.86499 1.888669 -0.5429259 4.448698 3.852254 5.958376 -5.053224 -0.583043 -0.3031394 0.3328741
65 26.75766 1.973058 -0.5477585 5.045681 1.563565 8.436212 -5.795104 -0.8741972 -0.2976222 0.3486334
66 26.41702 1.934015 -0.5208069 5.838503 2.359766 4.078469 -6.768596 -0.55061 -0.3279003 0.3924156
67 26.83575 1.995404 -0.5134541 4.76217 0.8934562 4.658289 -5.259914 -0.8171116 -0.3772541 0.3557297
68 26.52445 1.912926 -0.5142442 5.160356 2.221161 6.085483 -4.825127 -0.00569157 -0.2066671 0.1803095
69 27.56977 2.000175 -0.4638277 5.392313 2.152107 8.310558 -4.224725 -1.46426 -0.2611052 0.2421545
70 26.54044 1.901743 -0.5060426 5.469164 2.644455 7.597537 -5.778666 -1.988539 -0.288558 0.352514
71 27.49455 2.029557 -0.4645437 5.82668 2.450395 5.558784 -4.779462 -0.4251959 -0.4165261 0.3275067
72 26.75884 1.897236 -0.5021426 6.787311 2.600876 12.05814 -6.082663 -0.1766339 -0.263968 0.3071097
73 26.89997 1.94836 -0.4965435 6.269117 1.351662 8.826976 -5.902739 0.1282799 -0.3437314 0.3596862
74 26.39135 1.885934 -0.5378907 6.235029 3.301933 9.234109 -6.345961 -0.3483526 -0.382253 0.407176
75 26.14851 1.980237 -0.4903388 5.632832 2.069049 5.323014 -4.843753 0.3979063 -0.3159886 0.2857307
76 26.70846 1.878625 -0.4894331 5.592621 1.379742 5.093028 -4.212064 -0.6282116 -0.2148814 0.2151214
77 25.92155 2.034911 -0.5542125 5.991945 0.8042394 4.084121 -4.919479 -0.3625329 -0.2695511 0.2680202
78 27.35166 2.1296 -0.5208173 5.887192 1.325023 5.924687 -14.23751 -2.123517 -0.9543095 1.047652
79 26.70654 2.034478 -0.5180203 4.980278 2.213314 6.985854 -6.318387 -0.4954171 -0.3486002 0.3918485
80 26.91353 2.072552 -0.5207097 5.421291 2.267581 7.861898 -9.976632 1.090803 -0.4086639 0.5465504
81 28.0057 1.969964 -0.4450931 5.832494 1.529707 10.18112 -6.686402 -1.626226 -0.4695709 0.4922547
82 26.6089 1.901418 -0.4764174 5.907681 1.50496 5.700102 -5.152829 -1.789552 -0.3330731 0.347258
83 27.86913 2.07971 -0.4800506 5.399603 2.444269 4.359291 -5.39939 -0.4215008 -0.2681839 0.3023155
84 26.82158 2.031826 -0.515953 5.331863 3.063156 4.621879 -7.502816 -0.02174025 -0.5310309 0.5202061
85 26.13339 1.898474 -0.5087945 4.546812 1.803731 5.418439 -6.809372 0.5294448 -0.3772859 0.4142227
86 26.51611 1.891236 -0.4821547 5.329778 2.126622 7.131336 -4.975731 -1.287056 -0.2902275 0.2994028
87 26.89612 2.010638 -0.5174437 7.255882 1.610592 5.120914 -8.047101 -1.135231 -0.588307 0.62054
88 27.31393 1.972885 -0.4780197 6.275898 0.8696091 5.568843 -9.698296 -1.30032 -0.5579693 0.6922421
89 26.70668 1.945861 -0.5070094 5.027024 3.055012 8.6661 -6.829785 -1.166366 -0.2372505 0.3261202
90 27.48764 1.961438 -0.4806493 5.592121 2.031167 4.695615 -7.316305 -0.7681091 -0.5405004 0.5452373
91 27.73312 2.074888 -0.4781455 5.570315 2.919821 5.124965 -6.568852 -0.113601 -0.381167 0.4183161
92 27.18641 1.927031 -0.4815936 7.103577 1.864873 8.6596 -14.12211 -1.916395 -1.0202 1.141141
93 27.20573 2.029102 -0.4775691 5.021205 1.533419 6.032102 -9.043851 -1.002777 -0.4966138 0.5975959
94 26.94237 1.969726 -0.5106451 5.435508 1.37709 4.853219 -7.768692 -1.262234 -0.3639474 0.4413541
95 27.09019 1.962235 -0.4967481 4.594827 2.523358 6.650271 -4.880717 -1.032628 -0.2118689 0.2163924
96 26.90263 2.015485 -0.5070809 6.103047 1.417938 5.567156 -10.06021 -2.491951 -0.6065638 0.6740004
97 26.46193 2.005815 -0.5180948 4.568188 2.278691 7.320432 -6.644859 -0.4526367 -0.4009203 0.4404218
98 26.72435 2.018204 -0.4877605 5.989866 2.772186 5.823807 -7.007619 -1.450035 -0.3568772 0.4461421
99 27.92789 2.090555 -0.4759585 5.22442 4.80262 16.30051 -8.751034 -0.4228013 -0.4795326 0.5703527
100 27.15931 2.019747 -0.5097082 4.718739 2.210188 4.797091 -8.477702 -2.039446 -0.3843228 0.5234124
