1 677.5403 658.2579 635.5487 698.7863 658.2202 608.419
2 638.3873 578.1485 621.2612 625.043 577.6486 657.1142
3 856.0974 835.315 807.1927 826.0062 821.1575 829.4735
4 352.0924 322.6452 315.4446 343.8629 331.8546 310.8688
5 700.7845 586.9961 642.1106 730.5642 596.3286 611.5817
6 1725.858 1593.9 1565.436 1717.807 1607.767 1520.25
7 315.4131 306.3337 289.7895 299.6308 317.9129 289.1906
8 550.2854 517.6151 467.5724 551.8195 502.7089 464.6076
9 642.2606 619.6518 561.5521 617.1471 619.4664 569.7374
10 437.1321 447.6588 471.5225 454.1336 442.0355 456.6589
11 529.5261 544.0514 447.323 541.05 542.7399 482.065
12 666.6525 717.8813 714.0933 704.1644 713.3592 721.9205
13 583.657 653.4384 619.5332 594.7071 638.5555 610.522
14 1154.246 1002.762 997.8491 1096.965 1015.053 978.3148
15 1159.747 1009.693 1037.657 1181.011 1033.712 1024.758
16 462.6388 450.8257 436.5182 453.6355 445.0037 433.1104
17 457.5089 458.5829 462.7266 463.9564 430.8542 456.702
18 580.8653 498.9892 516.08 558.3262 499.0659 517.0141
19 351.0957 334.6084 325.3472 343.9038 339.1376 326.2711
20 476.8722 421.3919 476.4849 449.9986 423.1586 490.9189
21 573.4525 525.6507 565.8788 568.2307 538.2855 570.7181
22 359.9115 330.1201 367.7033 354.0521 328.9492 351.5798
23 496.4141 515.3083 558.9807 494.369 499.1728 531.3808
24 424.2836 402.5473 364.4541 404.046 411.7094 354.9313
25 721.6081 657.9631 608.043 685.8475 694.4876 602.9789
26 433.3934 411.2208 412.9564 441.1068 425.284 418.0041
27 492.4051 406.4185 411.8335 502.8288 421.3258 405.9583
28 476.063 405.4342 477.9824 479.0632 412.6609 459.2981
29 460.0504 421.8868 389.0868 453.4028 430.3999 390.6385
30 579.8439 527.7898 506.9906 598.8938 534.2245 502.0261
31 465.7616 412.5193 399.2387 472.1343 400.7362 417.5092
32 506.1073 527.0812 499.1716 486.7318 535.0663 511.7996
33 313.73 338.9511 366.7804 377.2969 365.2288 386.7206
34 515.1202 535.9475 493.9292 505.396 547.2894 486.8733
35 446.4616 407.2824 422.2807 444.0932 402.0987 424.4087
36 518.7644 494.8281 503.5466 533.8234 486.3909 505.3254
37 561.751 529.4994 577.9676 539.717 536.7628 551.7275
38 379.3231 347.7139 326.98 388.5592 358.0651 332.4962
39 383.4789 420.1383 405.6251 397.5252 418.1055 423.05
40 692.7204 564.2487 572.0115 675.7237 546.4811 562.5232
41 902.9081 840.2113 930.6589 907.3868 867.6699 884.4743
42 699.5419 584.6506 604.4523 666.7009 590.9092 590.4183
43 1308.417 1303.576 1155.094 1334.477 1359.639 1187.475
44 486.6128 541.5806 493.941 470.873 557.0212 514.9964
45 660.5362 561.821 566.7265 634.7721 579.7347 569.8837
46 418.6352 381.0205 376.2775 413.174 386.5463 375.3806
47 312.6365 297.9694 316.4238 303.3148 315.0455 308.5355
48 888.316 950.5622 999.8393 874.6048 943.9485 982.6711
49 657.0979 578.0895 607.9232 648.7925 586.3425 600.8995
50 424.4949 412.7788 434.9472 450.4004 414.9884 436.7693
51 525.1917 508.866 560.6138 494.0151 543.3121 556.8821
52 403.4042 338.3146 351.322 401.4451 345.0397 362.8892
53 508.1698 461.7165 499.0644 512.7866 468.9599 490.5752
54 586.8868 602.5291 596.4768 634.7887 599.1515 602.8384
55 748.0457 726.2023 649.8419 726.0374 718.7744 635.5542
56 407.526 368.9225 380.9325 424.6201 362.2117 377.6846
57 487.4114 487.0885 426.8458 453.5792 491.3171 429.153
58 417.6044 366.3936 404.4232 409.9282 366.408 394.7577
59 544.9213 499.4379 489.0143 547.3955 504.8454 481.4379
60 592.1735 564.8029 530.3238 594.3303 575.5564 514.2992
61 376.605 361.7013 369.3608 382.3212 362.2397 374.0558
62 331.5408 333.6937 342.8666 324.6667 326.8354 332.4495
63 451.534 483.5482 438.2307 475.4195 489.7818 434.414
64 270.6828 290.6499 313.3215 284.4316 286.1526 319.3217
65 439.8007 425.8366 441.6031 422.3137 433.3187 451.1698
66 410.277 397.2378 478.0756 399.7367 386.4927 465.5582
67 516.1298 499.2752 510.5816 500.5242 499.0759 515.0179
68 1049.283 1088.756 1058.645 1071.574 1132.092 1067.24
69 661.4741 554.0083 588.8266 645.2696 558.7619 586.985
70 431.9633 429.2587 480.998 450.5226 420.898 472.936
71 592.6521 586.7082 545.8623 623.6705 581.8796 552.6334
72 543.1806 503.3606 561.0242 555.5298 496.0155 578.0008
73 400.786 368.1274 357.5285 389.512 357.2959 349.5198
74 456.6509 524.445 455.2577 474.0957 518.8715 455.9492
75 387.6243 359.3279 383.1992 388.6667 356.3881 382.1768
76 405.8608 432.2719 407.4832 424.6528 443.846 429.9683
77 432.9991 449.4472 444.4222 431.2175 454.1155 450.1983
78 672.8265 568.8765 600.3013 661.8733 575.6771 597.936
79 519.9393 478.0191 486.2789 534.6997 468.1858 475.4085
80 533.8604 481.4493 545.0471 528.6738 497.0507 533.8725
81 661.7404 567.9844 529.6295 664.8429 578.9003 520.5597
82 475.2547 452.2533 436.8469 496.6311 442.559 429.5908
83 483.7662 435.6481 431.1616 523.4283 423.1483 429.8421
84 594.5458 570.8907 597.0793 605.6264 568.5043 600.2498
85 417.5864 443.8705 414.8281 427.571 433.6136 419.4095
86 563.5193 548.5099 534.098 583.5096 538.2005 544.6489
87 321.8532 300.3376 311.4565 347.124 294.3178 315.7539
88 341.89 283.6689 298.2064 342.1921 277.2818 291.0247
89 794.5833 825.0357 726.6251 782.2725 799.0026 742.6044
90 502.8035 445.0187 452.2222 527.7031 451.4545 447.8193
91 467.9555 384.5084 421.799 479.7892 400.1668 423.2456
92 435.7258 389.1312 404.596 435.2808 401.4217 383.034
93 678.2728 624.5759 659.9939 702.0549 587.334 669.1521
94 703.8245 683.6237 714.5758 654.9812 686.9441 729.0226
95 1007.232 948.9985 990.6317 954.0931 936.3866 968.2007
96 753.3159 685.444 701.305 764.4746 682.946 689.1375
97 524.5976 533.9993 540.3165 551.5809 535.765 549.6309
98 423.9763 395.446 396.5956 419.3981 403.7953 407.2435
99 683.1971 559.2661 547.5601 685.912 554.7384 533.5811
100 570.0496 495.8078 512.0848 568.196 479.6614 519.2214
